540.000000 0.000000 0.000000 162.000000 2.500000 1040.000000 676.000000 28.000000 79.986111
540.000000 0.000000 0.000000 162.000000 2.500000 1055.000000 676.000000 28.000000 61.887366
332.500000 142.500000 0.000000 228.000000 0.000000 932.000000 594.000000 270.000000 40.269535
332.500000 142.500000 0.000000 228.000000 0.000000 932.000000 594.000000 365.000000 41.052780
198.600000 132.400000 0.000000 192.000000 0.000000 978.400000 825.500000 360.000000 44.296075
266.000000 114.000000 0.000000 228.000000 0.000000 932.000000 670.000000 90.000000 47.029847
380.000000 95.000000 0.000000 228.000000 0.000000 932.000000 594.000000 365.000000 43.698299
380.000000 95.000000 0.000000 228.000000 0.000000 932.000000 594.000000 28.000000 36.447770
266.000000 114.000000 0.000000 228.000000 0.000000 932.000000 670.000000 28.000000 45.854291
475.000000 0.000000 0.000000 228.000000 0.000000 932.000000 594.000000 28.000000 39.289790
198.600000 132.400000 0.000000 192.000000 0.000000 978.400000 825.500000 90.000000 38.074244
198.600000 132.400000 0.000000 192.000000 0.000000 978.400000 825.500000 28.000000 28.021684
427.500000 47.500000 0.000000 228.000000 0.000000 932.000000 594.000000 270.000000 43.012960
190.000000 190.000000 0.000000 228.000000 0.000000 932.000000 670.000000 90.000000 42.326932
304.000000 76.000000 0.000000 228.000000 0.000000 932.000000 670.000000 28.000000 47.813782
380.000000 0.000000 0.000000 228.000000 0.000000 932.000000 670.000000 90.000000 52.908320
139.600000 209.400000 0.000000 192.000000 0.000000 1047.000000 806.900000 90.000000 39.358048
342.000000 38.000000 0.000000 228.000000 0.000000 932.000000 670.000000 365.000000 56.141962
380.000000 95.000000 0.000000 228.000000 0.000000 932.000000 594.000000 90.000000 40.563252
475.000000 0.000000 0.000000 228.000000 0.000000 932.000000 594.000000 180.000000 42.620648
427.500000 47.500000 0.000000 228.000000 0.000000 932.000000 594.000000 180.000000 41.836714
139.600000 209.400000 0.000000 192.000000 0.000000 1047.000000 806.900000 28.000000 28.237490
139.600000 209.400000 0.000000 192.000000 0.000000 1047.000000 806.900000 3.000000 8.063422
139.600000 209.400000 0.000000 192.000000 0.000000 1047.000000 806.900000 180.000000 44.207822
380.000000 0.000000 0.000000 228.000000 0.000000 932.000000 670.000000 365.000000 52.516697
380.000000 0.000000 0.000000 228.000000 0.000000 932.000000 670.000000 270.000000 53.300632
380.000000 95.000000 0.000000 228.000000 0.000000 932.000000 594.000000 270.000000 41.151375
342.000000 38.000000 0.000000 228.000000 0.000000 932.000000 670.000000 180.000000 52.124386
427.500000 47.500000 0.000000 228.000000 0.000000 932.000000 594.000000 28.000000 37.427515
475.000000 0.000000 0.000000 228.000000 0.000000 932.000000 594.000000 7.000000 38.603761
304.000000 76.000000 0.000000 228.000000 0.000000 932.000000 670.000000 365.000000 55.260122
266.000000 114.000000 0.000000 228.000000 0.000000 932.000000 670.000000 365.000000 52.908320
198.600000 132.400000 0.000000 192.000000 0.000000 978.400000 825.500000 180.000000 41.719503
475.000000 0.000000 0.000000 228.000000 0.000000 932.000000 594.000000 270.000000 42.131120
190.000000 190.000000 0.000000 228.000000 0.000000 932.000000 670.000000 365.000000 53.692254
237.500000 237.500000 0.000000 228.000000 0.000000 932.000000 594.000000 270.000000 38.407950
237.500000 237.500000 0.000000 228.000000 0.000000 932.000000 594.000000 28.000000 30.079769
332.500000 142.500000 0.000000 228.000000 0.000000 932.000000 594.000000 90.000000 37.721921
475.000000 0.000000 0.000000 228.000000 0.000000 932.000000 594.000000 90.000000 42.229026
237.500000 237.500000 0.000000 228.000000 0.000000 932.000000 594.000000 180.000000 36.251959
342.000000 38.000000 0.000000 228.000000 0.000000 932.000000 670.000000 90.000000 50.459301
427.500000 47.500000 0.000000 228.000000 0.000000 932.000000 594.000000 365.000000 43.698299
237.500000 237.500000 0.000000 228.000000 0.000000 932.000000 594.000000 365.000000 38.995384
380.000000 0.000000 0.000000 228.000000 0.000000 932.000000 670.000000 180.000000 53.104131
427.500000 47.500000 0.000000 228.000000 0.000000 932.000000 594.000000 90.000000 41.542997
427.500000 47.500000 0.000000 228.000000 0.000000 932.000000 594.000000 7.000000 35.076402
349.000000 0.000000 0.000000 192.000000 0.000000 1047.000000 806.900000 3.000000 15.049193
380.000000 95.000000 0.000000 228.000000 0.000000 932.000000 594.000000 180.000000 40.759063
237.500000 237.500000 0.000000 228.000000 0.000000 932.000000 594.000000 7.000000 26.258004
380.000000 95.000000 0.000000 228.000000 0.000000 932.000000 594.000000 7.000000 32.823194
332.500000 142.500000 0.000000 228.000000 0.000000 932.000000 594.000000 180.000000 39.779318
190.000000 190.000000 0.000000 228.000000 0.000000 932.000000 670.000000 180.000000 46.931942
237.500000 237.500000 0.000000 228.000000 0.000000 932.000000 594.000000 90.000000 33.116911
304.000000 76.000000 0.000000 228.000000 0.000000 932.000000 670.000000 90.000000 49.185149
139.600000 209.400000 0.000000 192.000000 0.000000 1047.000000 806.900000 7.000000 14.589312
198.600000 132.400000 0.000000 192.000000 0.000000 978.400000 825.500000 7.000000 14.638265
475.000000 0.000000 0.000000 228.000000 0.000000 932.000000 594.000000 365.000000 41.934620
198.600000 132.400000 0.000000 192.000000 0.000000 978.400000 825.500000 3.000000 9.131420
304.000000 76.000000 0.000000 228.000000 0.000000 932.000000 670.000000 180.000000 50.948829
332.500000 142.500000 0.000000 228.000000 0.000000 932.000000 594.000000 28.000000 33.019006
304.000000 76.000000 0.000000 228.000000 0.000000 932.000000 670.000000 270.000000 54.378283
266.000000 114.000000 0.000000 228.000000 0.000000 932.000000 670.000000 270.000000 51.732763
310.000000 0.000000 0.000000 192.000000 0.000000 971.000000 850.600000 3.000000 9.866402
190.000000 190.000000 0.000000 228.000000 0.000000 932.000000 670.000000 270.000000 50.655112
266.000000 114.000000 0.000000 228.000000 0.000000 932.000000 670.000000 180.000000 48.695621
342.000000 38.000000 0.000000 228.000000 0.000000 932.000000 670.000000 270.000000 55.064311
139.600000 209.400000 0.000000 192.000000 0.000000 1047.000000 806.900000 360.000000 44.698040
332.500000 142.500000 0.000000 228.000000 0.000000 932.000000 594.000000 7.000000 30.275581
190.000000 190.000000 0.000000 228.000000 0.000000 932.000000 670.000000 28.000000 40.856969
485.000000 0.000000 0.000000 146.000000 0.000000 1120.000000 800.000000 28.000000 71.988189
374.000000 189.200000 0.000000 170.100000 10.100000 926.100000 756.700000 3.000000 34.397958
313.300000 262.200000 0.000000 175.500000 8.600000 1046.900000 611.800000 3.000000 28.799413
425.000000 106.300000 0.000000 153.500000 16.500000 852.100000 887.100000 3.000000 33.398217
425.000000 106.300000 0.000000 151.400000 18.600000 936.000000 803.700000 3.000000 36.300911
375.000000 93.800000 0.000000 126.600000 23.400000 852.100000 992.600000 3.000000 28.999361
475.000000 118.800000 0.000000 181.100000 8.900000 852.100000 781.500000 3.000000 37.797074
469.000000 117.200000 0.000000 137.800000 32.200000 852.100000 840.500000 3.000000 40.196451
425.000000 106.300000 0.000000 153.500000 16.500000 852.100000 887.100000 3.000000 33.398217
388.600000 97.100000 0.000000 157.900000 12.100000 852.100000 925.700000 3.000000 28.096147
531.300000 0.000000 0.000000 141.800000 28.200000 852.100000 893.700000 3.000000 41.299612
425.000000 106.300000 0.000000 153.500000 16.500000 852.100000 887.100000 3.000000 33.398217
318.800000 212.500000 0.000000 155.700000 14.300000 852.100000 880.400000 3.000000 25.200348
401.800000 94.700000 0.000000 147.400000 11.400000 946.800000 852.100000 3.000000 41.099664
362.600000 189.000000 0.000000 164.900000 11.600000 944.700000 755.800000 3.000000 35.301171
323.700000 282.800000 0.000000 183.800000 10.300000 942.700000 659.900000 3.000000 28.296095
379.500000 151.200000 0.000000 153.900000 15.900000 1134.300000 605.000000 3.000000 28.599464
362.600000 189.000000 0.000000 164.900000 11.600000 944.700000 755.800000 3.000000 35.301171
286.300000 200.900000 0.000000 144.700000 11.200000 1004.600000 803.700000 3.000000 24.400556
362.600000 189.000000 0.000000 164.900000 11.600000 944.700000 755.800000 3.000000 35.301171
439.000000 177.000000 0.000000 186.000000 11.100000 884.900000 707.900000 3.000000 39.300132
389.900000 189.000000 0.000000 145.900000 22.000000 944.700000 755.800000 3.000000 40.596347
362.600000 189.000000 0.000000 164.900000 11.600000 944.700000 755.800000 3.000000 35.301171
337.900000 189.000000 0.000000 174.900000 9.500000 944.700000 755.800000 3.000000 24.097186
374.000000 189.200000 0.000000 170.100000 10.100000 926.100000 756.700000 7.000000 46.201787
313.300000 262.200000 0.000000 175.500000 8.600000 1046.900000 611.800000 7.000000 42.795775
425.000000 106.300000 0.000000 153.500000 16.500000 852.100000 887.100000 7.000000 49.201007
425.000000 106.300000 0.000000 151.400000 18.600000 936.000000 803.700000 7.000000 46.801631
375.000000 93.800000 0.000000 126.600000 23.400000 852.100000 992.600000 7.000000 45.698469
475.000000 118.800000 0.000000 181.100000 8.900000 852.100000 781.500000 7.000000 55.599345
469.000000 117.200000 0.000000 137.800000 32.200000 852.100000 840.500000 7.000000 54.896079
425.000000 106.300000 0.000000 153.500000 16.500000 852.100000 887.100000 7.000000 49.201007
388.600000 97.100000 0.000000 157.900000 12.100000 852.100000 925.700000 7.000000 34.901275
531.300000 0.000000 0.000000 141.800000 28.200000 852.100000 893.700000 7.000000 46.898158
425.000000 106.300000 0.000000 153.500000 16.500000 852.100000 887.100000 7.000000 49.201007
318.800000 212.500000 0.000000 155.700000 14.300000 852.100000 880.400000 7.000000 33.398217
401.800000 94.700000 0.000000 147.400000 11.400000 946.800000 852.100000 7.000000 54.096287
362.600000 189.000000 0.000000 164.900000 11.600000 944.700000 755.800000 7.000000 55.895819
323.700000 282.800000 0.000000 183.800000 10.300000 942.700000 659.900000 7.000000 49.800851
379.500000 151.200000 0.000000 153.900000 15.900000 1134.300000 605.000000 7.000000 47.098106
362.600000 189.000000 0.000000 164.900000 11.600000 944.700000 755.800000 7.000000 55.895819
286.300000 200.900000 0.000000 144.700000 11.200000 1004.600000 803.700000 7.000000 37.997022
362.600000 189.000000 0.000000 164.900000 11.600000 944.700000 755.800000 7.000000 55.895819
439.000000 177.000000 0.000000 186.000000 11.100000 884.900000 707.900000 7.000000 56.095767
389.900000 189.000000 0.000000 145.900000 22.000000 944.700000 755.800000 7.000000 59.094988
362.600000 189.000000 0.000000 164.900000 11.600000 944.700000 755.800000 7.000000 22.897498
337.900000 189.000000 0.000000 174.900000 9.500000 944.700000 755.800000 7.000000 35.101223
374.000000 189.200000 0.000000 170.100000 10.100000 926.100000 756.700000 28.000000 61.094468
313.300000 262.200000 0.000000 175.500000 8.600000 1046.900000 611.800000 28.000000 59.798253
425.000000 106.300000 0.000000 153.500000 16.500000 852.100000 887.100000 28.000000 60.294676
425.000000 106.300000 0.000000 151.400000 18.600000 936.000000 803.700000 28.000000 61.797734
375.000000 93.800000 0.000000 126.600000 23.400000 852.100000 992.600000 28.000000 56.695611
475.000000 118.800000 0.000000 181.100000 8.900000 852.100000 781.500000 28.000000 68.299493
469.000000 117.200000 0.000000 137.800000 32.200000 852.100000 840.500000 28.000000 66.899856
425.000000 106.300000 0.000000 153.500000 16.500000 852.100000 887.100000 28.000000 60.294676
388.600000 97.100000 0.000000 157.900000 12.100000 852.100000 925.700000 28.000000 50.697170
531.300000 0.000000 0.000000 141.800000 28.200000 852.100000 893.700000 28.000000 56.399137
425.000000 106.300000 0.000000 153.500000 16.500000 852.100000 887.100000 28.000000 60.294676
318.800000 212.500000 0.000000 155.700000 14.300000 852.100000 880.400000 28.000000 55.495923
401.800000 94.700000 0.000000 147.400000 11.400000 946.800000 852.100000 28.000000 68.499441
362.600000 189.000000 0.000000 164.900000 11.600000 944.700000 755.800000 28.000000 71.298713
323.700000 282.800000 0.000000 183.800000 10.300000 942.700000 659.900000 28.000000 74.697830
379.500000 151.200000 0.000000 153.900000 15.900000 1134.300000 605.000000 28.000000 52.200228
362.600000 189.000000 0.000000 164.900000 11.600000 944.700000 755.800000 28.000000 71.298713
286.300000 200.900000 0.000000 144.700000 11.200000 1004.600000 803.700000 28.000000 67.699648
362.600000 189.000000 0.000000 164.900000 11.600000 944.700000 755.800000 28.000000 71.298713
439.000000 177.000000 0.000000 186.000000 11.100000 884.900000 707.900000 28.000000 65.996643
389.900000 189.000000 0.000000 145.900000 22.000000 944.700000 755.800000 28.000000 74.497882
362.600000 189.000000 0.000000 164.900000 11.600000 944.700000 755.800000 28.000000 71.298713
337.900000 189.000000 0.000000 174.900000 9.500000 944.700000 755.800000 28.000000 49.897378
374.000000 189.200000 0.000000 170.100000 10.100000 926.100000 756.700000 56.000000 63.397318
313.300000 262.200000 0.000000 175.500000 8.600000 1046.900000 611.800000 56.000000 64.900376
425.000000 106.300000 0.000000 153.500000 16.500000 852.100000 887.100000 56.000000 64.300532
425.000000 106.300000 0.000000 151.400000 18.600000 936.000000 803.700000 56.000000 64.900376
375.000000 93.800000 0.000000 126.600000 23.400000 852.100000 992.600000 56.000000 60.198150
475.000000 118.800000 0.000000 181.100000 8.900000 852.100000 781.500000 56.000000 72.298453
469.000000 117.200000 0.000000 137.800000 32.200000 852.100000 840.500000 56.000000 69.299233
425.000000 106.300000 0.000000 153.500000 16.500000 852.100000 887.100000 56.000000 64.300532
388.600000 97.100000 0.000000 157.900000 12.100000 852.100000 925.700000 56.000000 55.199449
531.300000 0.000000 0.000000 141.800000 28.200000 852.100000 893.700000 56.000000 58.798513
425.000000 106.300000 0.000000 153.500000 16.500000 852.100000 887.100000 56.000000 64.300532
318.800000 212.500000 0.000000 155.700000 14.300000 852.100000 880.400000 56.000000 66.100064
401.800000 94.700000 0.000000 147.400000 11.400000 946.800000 852.100000 56.000000 73.698090
362.600000 189.000000 0.000000 164.900000 11.600000 944.700000 755.800000 56.000000 77.297154
323.700000 282.800000 0.000000 183.800000 10.300000 942.700000 659.900000 56.000000 80.199848
379.500000 151.200000 0.000000 153.900000 15.900000 1134.300000 605.000000 56.000000 54.896079
362.600000 189.000000 0.000000 164.900000 11.600000 944.700000 755.800000 56.000000 77.297154
286.300000 200.900000 0.000000 144.700000 11.200000 1004.600000 803.700000 56.000000 72.994824
362.600000 189.000000 0.000000 164.900000 11.600000 944.700000 755.800000 56.000000 77.297154
439.000000 177.000000 0.000000 186.000000 11.100000 884.900000 707.900000 56.000000 71.698609
389.900000 189.000000 0.000000 145.900000 22.000000 944.700000 755.800000 56.000000 79.400056
362.600000 189.000000 0.000000 164.900000 11.600000 944.700000 755.800000 56.000000 77.297154
337.900000 189.000000 0.000000 174.900000 9.500000 944.700000 755.800000 56.000000 59.894780
374.000000 189.200000 0.000000 170.100000 10.100000 926.100000 756.700000 91.000000 64.900376
313.300000 262.200000 0.000000 175.500000 8.600000 1046.900000 611.800000 91.000000 66.596487
425.000000 106.300000 0.000000 153.500000 16.500000 852.100000 887.100000 91.000000 65.196851
425.000000 106.300000 0.000000 151.400000 18.600000 936.000000 803.700000 91.000000 66.699908
375.000000 93.800000 0.000000 126.600000 23.400000 852.100000 992.600000 91.000000 62.500999
475.000000 118.800000 0.000000 181.100000 8.900000 852.100000 781.500000 91.000000 74.194512
469.000000 117.200000 0.000000 137.800000 32.200000 852.100000 840.500000 91.000000 70.698869
425.000000 106.300000 0.000000 153.500000 16.500000 852.100000 887.100000 91.000000 65.196851
388.600000 97.100000 0.000000 157.900000 12.100000 852.100000 925.700000 91.000000 57.598825
531.300000 0.000000 0.000000 141.800000 28.200000 852.100000 893.700000 91.000000 59.198409
425.000000 106.300000 0.000000 153.500000 16.500000 852.100000 887.100000 91.000000 65.196851
318.800000 212.500000 0.000000 155.700000 14.300000 852.100000 880.400000 91.000000 68.099545
401.800000 94.700000 0.000000 147.400000 11.400000 946.800000 852.100000 91.000000 75.497622
362.600000 189.000000 0.000000 164.900000 11.600000 944.700000 755.800000 91.000000 79.296635
379.500000 151.200000 0.000000 153.900000 15.900000 1134.300000 605.000000 91.000000 56.495663
362.600000 189.000000 0.000000 164.900000 11.600000 944.700000 755.800000 91.000000 79.296635
286.300000 200.900000 0.000000 144.700000 11.200000 1004.600000 803.700000 91.000000 76.800732
362.600000 189.000000 0.000000 164.900000 11.600000 944.700000 755.800000 91.000000 79.296635
439.000000 177.000000 0.000000 186.000000 11.100000 884.900000 707.900000 91.000000 73.298194
389.900000 189.000000 0.000000 145.900000 22.000000 944.700000 755.800000 91.000000 82.599225
362.600000 189.000000 0.000000 164.900000 11.600000 944.700000 755.800000 91.000000 79.296635
337.900000 189.000000 0.000000 174.900000 9.500000 944.700000 755.800000 91.000000 67.796175
222.360000 0.000000 96.670000 189.290000 4.460000 967.080000 870.320000 3.000000 11.576302
222.360000 0.000000 96.670000 189.290000 4.460000 967.080000 870.320000 14.000000 24.448819
222.360000 0.000000 96.670000 189.290000 4.460000 967.080000 870.320000 28.000000 24.890084
222.360000 0.000000 96.670000 189.290000 4.460000 967.080000 870.320000 56.000000 29.447520
222.360000 0.000000 96.670000 189.290000 4.460000 967.080000 870.320000 100.000000 40.713558
233.810000 0.000000 94.580000 197.890000 4.567000 947.040000 852.160000 3.000000 10.383509
233.810000 0.000000 94.580000 197.890000 4.567000 947.040000 852.160000 14.000000 22.139074
233.810000 0.000000 94.580000 197.890000 4.567000 947.040000 852.160000 28.000000 22.835445
233.810000 0.000000 94.580000 197.890000 4.567000 947.040000 852.160000 56.000000 27.661777
233.810000 0.000000 94.580000 197.890000 4.567000 947.040000 852.160000 100.000000 34.556537
194.680000 0.000000 100.520000 165.620000 7.480000 1006.400000 905.900000 3.000000 12.451937
194.680000 0.000000 100.520000 165.620000 7.480000 1006.400000 905.900000 14.000000 24.986610
194.680000 0.000000 100.520000 165.620000 7.480000 1006.400000 905.900000 28.000000 25.724350
194.680000 0.000000 100.520000 165.620000 7.480000 1006.400000 905.900000 56.000000 33.963588
194.680000 0.000000 100.520000 165.620000 7.480000 1006.400000 905.900000 100.000000 37.342020
190.680000 0.000000 125.400000 162.140000 7.770000 1090.000000 804.010000 3.000000 15.044366
190.680000 0.000000 125.400000 162.140000 7.770000 1090.000000 804.010000 14.000000 21.063492
190.680000 0.000000 125.400000 162.140000 7.770000 1090.000000 804.010000 28.000000 26.400036
190.680000 0.000000 125.400000 162.140000 7.770000 1090.000000 804.010000 56.000000 35.342540
190.680000 0.000000 125.400000 162.140000 7.770000 1090.000000 804.010000 100.000000 40.568768
212.070000 0.000000 121.620000 180.310000 5.690000 1057.600000 779.320000 3.000000 12.472621
212.070000 0.000000 121.620000 180.310000 5.690000 1057.600000 779.320000 14.000000 20.918702
212.070000 0.000000 121.620000 180.310000 5.690000 1057.600000 779.320000 28.000000 24.903873
212.070000 0.000000 121.620000 180.310000 5.690000 1057.600000 779.320000 56.000000 34.204904
212.070000 0.000000 121.620000 180.310000 5.690000 1057.600000 779.320000 100.000000 39.610396
229.970000 0.000000 118.310000 195.470000 4.630000 1029.400000 758.590000 3.000000 10.031876
229.970000 0.000000 118.310000 195.470000 4.630000 1029.400000 758.590000 14.000000 20.084436
229.970000 0.000000 118.310000 195.470000 4.630000 1029.400000 758.590000 28.000000 24.483293
229.970000 0.000000 118.310000 195.470000 4.630000 1029.400000 758.590000 56.000000 31.536632
229.970000 0.000000 118.310000 195.470000 4.630000 1029.400000 758.590000 100.000000 35.342540
190.340000 0.000000 125.180000 161.850000 9.880000 1088.100000 802.590000 3.000000 9.445821
190.340000 0.000000 125.180000 161.850000 9.880000 1088.100000 802.590000 14.000000 22.718234
190.340000 0.000000 125.180000 161.850000 9.880000 1088.100000 802.590000 28.000000 28.468464
190.340000 0.000000 125.180000 161.850000 9.880000 1088.100000 802.590000 56.000000 38.562393
190.340000 0.000000 125.180000 161.850000 9.880000 1088.100000 802.590000 100.000000 40.389504
166.090000 0.000000 163.270000 176.460000 4.490000 1058.600000 780.090000 3.000000 10.762720
166.090000 0.000000 163.270000 176.460000 4.490000 1058.600000 780.090000 14.000000 25.483033
166.090000 0.000000 163.270000 176.460000 4.490000 1058.600000 780.090000 28.000000 21.539230
166.090000 0.000000 163.270000 176.460000 4.490000 1058.600000 780.090000 56.000000 28.627044
166.090000 0.000000 163.270000 176.460000 4.490000 1058.600000 780.090000 100.000000 33.543007
167.950000 42.080000 163.830000 121.750000 5.720000 1058.700000 780.110000 3.000000 7.749710
167.950000 42.080000 163.830000 121.750000 5.720000 1058.700000 780.110000 14.000000 17.822955
167.950000 42.080000 163.830000 121.750000 5.720000 1058.700000 780.110000 28.000000 24.241976
167.950000 42.080000 163.830000 121.750000 5.720000 1058.700000 780.110000 56.000000 32.853531
167.950000 42.080000 163.830000 121.750000 5.720000 1058.700000 780.110000 100.000000 39.231184
213.720000 98.050000 24.510000 181.710000 6.860000 1065.800000 785.380000 3.000000 17.995324
213.720000 98.050000 24.510000 181.710000 6.860000 1065.800000 785.380000 14.000000 30.385207
213.720000 98.050000 24.510000 181.710000 6.860000 1065.800000 785.380000 28.000000 45.705364
213.720000 98.050000 24.510000 181.710000 6.860000 1065.800000 785.380000 56.000000 50.773013
213.720000 98.050000 24.510000 181.710000 6.860000 1065.800000 785.380000 100.000000 53.903234
213.760000 98.060000 24.520000 181.740000 6.650000 1066.000000 785.520000 3.000000 13.182781
213.760000 98.060000 24.520000 181.740000 6.650000 1066.000000 785.520000 14.000000 17.836744
213.760000 98.060000 24.520000 181.740000 6.650000 1066.000000 785.520000 28.000000 40.230925
213.760000 98.060000 24.520000 181.740000 6.650000 1066.000000 785.520000 56.000000 47.132579
213.760000 98.060000 24.520000 181.740000 6.650000 1066.000000 785.520000 100.000000 49.973220
229.680000 0.000000 118.160000 195.230000 6.130000 1028.100000 757.630000 3.000000 13.355150
229.680000 0.000000 118.160000 195.230000 6.130000 1028.100000 757.630000 14.000000 22.318338
229.680000 0.000000 118.160000 195.230000 6.130000 1028.100000 757.630000 28.000000 24.538451
229.680000 0.000000 118.160000 195.230000 6.130000 1028.100000 757.630000 56.000000 31.350474
229.680000 0.000000 118.160000 195.230000 6.130000 1028.100000 757.630000 100.000000 40.858348
238.050000 0.000000 94.110000 186.660000 7.000000 949.910000 847.010000 3.000000 19.932751
238.050000 0.000000 94.110000 186.660000 7.000000 949.910000 847.010000 14.000000 25.689876
238.050000 0.000000 94.110000 186.660000 7.000000 949.910000 847.010000 28.000000 30.233523
238.050000 0.000000 94.110000 186.660000 7.000000 949.910000 847.010000 56.000000 39.589712
238.050000 0.000000 94.110000 186.660000 7.000000 949.910000 847.010000 100.000000 44.298833
250.000000 0.000000 95.690000 187.420000 5.530000 956.860000 861.170000 3.000000 13.817099
250.000000 0.000000 95.690000 187.420000 5.530000 956.860000 861.170000 14.000000 24.917663
250.000000 0.000000 95.690000 187.420000 5.530000 956.860000 861.170000 28.000000 29.219993
250.000000 0.000000 95.690000 187.420000 5.530000 956.860000 861.170000 56.000000 38.327971
250.000000 0.000000 95.690000 187.420000 5.530000 956.860000 861.170000 100.000000 42.347616
212.520000 0.000000 100.370000 159.320000 8.710000 1007.800000 903.590000 3.000000 13.541309
212.520000 0.000000 100.370000 159.320000 8.710000 1007.800000 903.590000 14.000000 26.310404
212.520000 0.000000 100.370000 159.320000 8.710000 1007.800000 903.590000 28.000000 31.640054
212.520000 0.000000 100.370000 159.320000 8.710000 1007.800000 903.590000 56.000000 42.547564
212.520000 0.000000 100.370000 159.320000 8.710000 1007.800000 903.590000 100.000000 42.919881
212.570000 0.000000 100.390000 159.350000 10.370000 1003.800000 903.790000 3.000000 13.334466
212.570000 0.000000 100.390000 159.350000 10.370000 1003.800000 903.790000 14.000000 25.372717
212.570000 0.000000 100.390000 159.350000 10.370000 1003.800000 903.790000 28.000000 37.404073
212.570000 0.000000 100.390000 159.350000 10.370000 1003.800000 903.790000 56.000000 44.395360
212.570000 0.000000 100.390000 159.350000 10.370000 1003.800000 903.790000 100.000000 47.739318
212.000000 0.000000 124.780000 159.000000 7.840000 1085.400000 799.540000 3.000000 19.519066
212.000000 0.000000 124.780000 159.000000 7.840000 1085.400000 799.540000 14.000000 31.350474
212.000000 0.000000 124.780000 159.000000 7.840000 1085.400000 799.540000 28.000000 38.500340
212.000000 0.000000 124.780000 159.000000 7.840000 1085.400000 799.540000 56.000000 45.084836
212.000000 0.000000 124.780000 159.000000 7.840000 1085.400000 799.540000 100.000000 47.815161
231.750000 0.000000 121.620000 173.960000 6.720000 1056.400000 778.450000 3.000000 15.437368
231.750000 0.000000 121.620000 173.960000 6.720000 1056.400000 778.450000 14.000000 26.772353
231.750000 0.000000 121.620000 173.960000 6.720000 1056.400000 778.450000 28.000000 33.729166
231.750000 0.000000 121.620000 173.960000 6.720000 1056.400000 778.450000 56.000000 42.699249
231.750000 0.000000 121.620000 173.960000 6.720000 1056.400000 778.450000 100.000000 45.836364
251.370000 0.000000 118.270000 188.450000 5.750000 1028.400000 757.730000 3.000000 17.223110
251.370000 0.000000 118.270000 188.450000 5.750000 1028.400000 757.730000 14.000000 29.930153
251.370000 0.000000 118.270000 188.450000 5.750000 1028.400000 757.730000 28.000000 29.654363
251.370000 0.000000 118.270000 188.450000 5.750000 1028.400000 757.730000 56.000000 36.969703
251.370000 0.000000 118.270000 188.450000 5.750000 1028.400000 757.730000 100.000000 43.581778
251.370000 0.000000 118.270000 188.450000 6.350000 1028.400000 757.730000 3.000000 13.120728
251.370000 0.000000 118.270000 188.450000 6.350000 1028.400000 757.730000 14.000000 24.428135
251.370000 0.000000 118.270000 188.450000 6.350000 1028.400000 757.730000 28.000000 32.660478
251.370000 0.000000 118.270000 188.450000 6.350000 1028.400000 757.730000 56.000000 36.638755
251.370000 0.000000 118.270000 188.450000 6.350000 1028.400000 757.730000 100.000000 44.209201
181.380000 0.000000 167.010000 169.590000 7.560000 1055.600000 777.800000 3.000000 13.624046
181.380000 0.000000 167.010000 169.590000 7.560000 1055.600000 777.800000 14.000000 21.601283
181.380000 0.000000 167.010000 169.590000 7.560000 1055.600000 777.800000 28.000000 27.772093
181.380000 0.000000 167.010000 169.590000 7.560000 1055.600000 777.800000 56.000000 35.570067
181.380000 0.000000 167.010000 169.590000 7.560000 1055.600000 777.800000 100.000000 45.367521
182.040000 45.210000 121.970000 170.210000 8.190000 1059.400000 780.650000 3.000000 7.315340
182.040000 45.210000 121.970000 170.210000 8.190000 1059.400000 780.650000 14.000000 21.504756
182.040000 45.210000 121.970000 170.210000 8.190000 1059.400000 780.650000 28.000000 31.267737
182.040000 45.210000 121.970000 170.210000 8.190000 1059.400000 780.650000 56.000000 43.499041
182.040000 45.210000 121.970000 170.210000 8.190000 1059.400000 780.650000 100.000000 48.670111
168.880000 42.220000 124.250000 158.330000 10.830000 1080.800000 796.150000 3.000000 7.398077
168.880000 42.220000 124.250000 158.330000 10.830000 1080.800000 796.150000 14.000000 23.511132
168.880000 42.220000 124.250000 158.330000 10.830000 1080.800000 796.150000 28.000000 31.116052
168.880000 42.220000 124.250000 158.330000 10.830000 1080.800000 796.150000 56.000000 39.148447
168.880000 42.220000 124.250000 158.330000 10.830000 1080.800000 796.150000 100.000000 48.153004
290.350000 0.000000 96.180000 168.080000 9.410000 961.180000 865.000000 3.000000 22.504497
290.350000 0.000000 96.180000 168.080000 9.410000 961.180000 865.000000 14.000000 34.673748
290.350000 0.000000 96.180000 168.080000 9.410000 961.180000 865.000000 28.000000 34.735801
290.350000 0.000000 96.180000 168.080000 9.410000 961.180000 865.000000 56.000000 45.084836
290.350000 0.000000 96.180000 168.080000 9.410000 961.180000 865.000000 100.000000 48.973480
277.050000 0.000000 97.390000 160.600000 11.830000 973.900000 875.610000 3.000000 23.138815
277.050000 0.000000 97.390000 160.600000 11.830000 973.900000 875.610000 14.000000 41.885667
277.050000 0.000000 97.390000 160.600000 11.830000 973.900000 875.610000 28.000000 48.284004
277.050000 0.000000 97.390000 160.600000 11.830000 973.900000 875.610000 56.000000 51.035014
277.050000 0.000000 97.390000 160.600000 11.830000 973.900000 875.610000 100.000000 55.640713
295.710000 0.000000 95.640000 171.540000 8.870000 955.140000 859.200000 3.000000 22.945761
295.710000 0.000000 95.640000 171.540000 8.870000 955.140000 859.200000 14.000000 35.232224
295.710000 0.000000 95.640000 171.540000 8.870000 955.140000 859.200000 28.000000 39.941345
295.710000 0.000000 95.640000 171.540000 8.870000 955.140000 859.200000 56.000000 48.718374
295.710000 0.000000 95.640000 171.540000 8.870000 955.140000 859.200000 100.000000 52.041648
251.810000 0.000000 99.940000 146.140000 12.350000 1006.000000 899.760000 3.000000 21.022123
251.810000 0.000000 99.940000 146.140000 12.350000 1006.000000 899.760000 14.000000 33.356849
251.810000 0.000000 99.940000 146.140000 12.350000 1006.000000 899.760000 28.000000 33.942903
251.810000 0.000000 99.940000 146.140000 12.350000 1006.000000 899.760000 56.000000 44.140254
251.810000 0.000000 99.940000 146.140000 12.350000 1006.000000 899.760000 100.000000 45.367521
249.100000 0.000000 98.750000 158.110000 12.800000 987.760000 889.010000 3.000000 15.361525
249.100000 0.000000 98.750000 158.110000 12.800000 987.760000 889.010000 14.000000 28.682202
249.100000 0.000000 98.750000 158.110000 12.800000 987.760000 889.010000 28.000000 30.847156
249.100000 0.000000 98.750000 158.110000 12.800000 987.760000 889.010000 56.000000 42.030457
249.100000 0.000000 98.750000 158.110000 12.800000 987.760000 889.010000 100.000000 51.055698
252.310000 0.000000 98.750000 146.250000 14.170000 987.760000 889.010000 3.000000 21.780547
252.310000 0.000000 98.750000 146.250000 14.170000 987.760000 889.010000 14.000000 42.292458
252.310000 0.000000 98.750000 146.250000 14.170000 987.760000 889.010000 28.000000 50.600644
252.310000 0.000000 98.750000 146.250000 14.170000 987.760000 889.010000 56.000000 55.826872
252.310000 0.000000 98.750000 146.250000 14.170000 987.760000 889.010000 100.000000 60.949678
246.830000 0.000000 125.080000 143.300000 11.990000 1086.800000 800.890000 3.000000 23.524921
246.830000 0.000000 125.080000 143.300000 11.990000 1086.800000 800.890000 14.000000 42.216615
246.830000 0.000000 125.080000 143.300000 11.990000 1086.800000 800.890000 28.000000 52.503597
246.830000 0.000000 125.080000 143.300000 11.990000 1086.800000 800.890000 56.000000 60.322255
246.830000 0.000000 125.080000 143.300000 11.990000 1086.800000 800.890000 100.000000 66.424118
275.070000 0.000000 121.350000 159.480000 9.900000 1053.600000 777.500000 3.000000 23.800712
275.070000 0.000000 121.350000 159.480000 9.900000 1053.600000 777.500000 14.000000 38.769235
275.070000 0.000000 121.350000 159.480000 9.900000 1053.600000 777.500000 28.000000 51.331488
275.070000 0.000000 121.350000 159.480000 9.900000 1053.600000 777.500000 56.000000 56.847296
275.070000 0.000000 121.350000 159.480000 9.900000 1053.600000 777.500000 100.000000 58.605460
297.160000 0.000000 117.540000 174.800000 9.520000 1022.800000 753.450000 3.000000 21.911547
297.160000 0.000000 117.540000 174.800000 9.520000 1022.800000 753.450000 14.000000 36.990387
297.160000 0.000000 117.540000 174.800000 9.520000 1022.800000 753.450000 28.000000 47.401475
297.160000 0.000000 117.540000 174.800000 9.520000 1022.800000 753.450000 56.000000 51.958911
297.160000 0.000000 117.540000 174.800000 9.520000 1022.800000 753.450000 100.000000 56.743875
213.740000 0.000000 174.740000 154.790000 10.160000 1053.500000 776.350000 3.000000 17.574743
213.740000 0.000000 174.740000 154.790000 10.160000 1053.500000 776.350000 14.000000 33.729166
213.740000 0.000000 174.740000 154.790000 10.160000 1053.500000 776.350000 28.000000 40.148187
213.740000 0.000000 174.740000 154.790000 10.160000 1053.500000 776.350000 56.000000 46.643051
213.740000 0.000000 174.740000 154.790000 10.160000 1053.500000 776.350000 100.000000 50.076642
213.500000 0.000000 174.240000 154.610000 11.660000 1052.300000 775.480000 3.000000 17.367900
213.500000 0.000000 174.240000 154.610000 11.660000 1052.300000 775.480000 14.000000 33.701587
213.500000 0.000000 174.240000 154.610000 11.660000 1052.300000 775.480000 28.000000 45.939786
213.500000 0.000000 174.240000 154.610000 11.660000 1052.300000 775.480000 56.000000 51.434910
213.500000 0.000000 174.240000 154.610000 11.660000 1052.300000 775.480000 100.000000 59.301831
277.190000 97.820000 24.460000 160.700000 11.190000 1061.700000 782.460000 3.000000 30.447260
277.190000 97.820000 24.460000 160.700000 11.190000 1061.700000 782.460000 14.000000 47.711739
277.190000 97.820000 24.460000 160.700000 11.190000 1061.700000 782.460000 28.000000 63.142212
277.190000 97.820000 24.460000 160.700000 11.190000 1061.700000 782.460000 56.000000 66.824014
277.190000 97.820000 24.460000 160.700000 11.190000 1061.700000 782.460000 100.000000 66.948120
218.230000 54.640000 123.780000 140.750000 11.910000 1075.700000 792.670000 3.000000 27.420461
218.230000 54.640000 123.780000 140.750000 11.910000 1075.700000 792.670000 14.000000 35.956173
218.230000 54.640000 123.780000 140.750000 11.910000 1075.700000 792.670000 28.000000 55.509713
218.230000 54.640000 123.780000 140.750000 11.910000 1075.700000 792.670000 56.000000 61.990787
218.230000 54.640000 123.780000 140.750000 11.910000 1075.700000 792.670000 100.000000 63.528319
214.900000 53.800000 121.890000 155.630000 9.610000 1014.300000 780.580000 3.000000 18.016008
214.900000 53.800000 121.890000 155.630000 9.610000 1014.300000 780.580000 14.000000 38.603761
214.900000 53.800000 121.890000 155.630000 9.610000 1014.300000 780.580000 28.000000 52.200228
214.900000 53.800000 121.890000 155.630000 9.610000 1014.300000 780.580000 56.000000 53.958392
214.900000 53.800000 121.890000 155.630000 9.610000 1014.300000 780.580000 100.000000 56.633559
218.850000 0.000000 124.130000 158.490000 11.330000 1078.700000 794.910000 3.000000 15.340841
218.850000 0.000000 124.130000 158.490000 11.330000 1078.700000 794.910000 14.000000 26.048403
218.850000 0.000000 124.130000 158.490000 11.330000 1078.700000 794.910000 28.000000 30.219733
218.850000 0.000000 124.130000 158.490000 11.330000 1078.700000 794.910000 56.000000 37.266178
218.850000 0.000000 124.130000 158.490000 11.330000 1078.700000 794.910000 100.000000 46.229366
376.000000 0.000000 0.000000 214.600000 0.000000 1003.500000 762.360000 3.000000 16.278528
376.000000 0.000000 0.000000 214.600000 0.000000 1003.500000 762.360000 14.000000 25.620928
376.000000 0.000000 0.000000 214.600000 0.000000 1003.500000 762.360000 28.000000 31.971002
376.000000 0.000000 0.000000 214.600000 0.000000 1003.500000 762.360000 56.000000 36.300911
376.000000 0.000000 0.000000 214.600000 0.000000 1003.500000 762.360000 100.000000 43.057776
500.000000 0.000000 0.000000 140.000000 4.000000 966.000000 853.000000 28.000000 67.568648
475.000000 0.000000 59.000000 142.000000 1.900000 1098.000000 641.000000 28.000000 57.226508
315.000000 137.000000 0.000000 145.000000 5.900000 1130.000000 745.000000 28.000000 81.751169
505.000000 0.000000 60.000000 195.000000 0.000000 1030.000000 630.000000 28.000000 64.017847
451.000000 0.000000 0.000000 165.000000 11.250000 1030.000000 745.000000 28.000000 78.800212
516.000000 0.000000 0.000000 162.000000 8.200000 801.000000 802.000000 28.000000 41.368560
520.000000 0.000000 0.000000 170.000000 5.200000 855.000000 855.000000 28.000000 60.280887
528.000000 0.000000 0.000000 185.000000 6.860000 920.000000 720.000000 28.000000 56.833507
520.000000 0.000000 0.000000 175.000000 5.200000 870.000000 805.000000 28.000000 51.021224
385.000000 0.000000 136.000000 158.000000 20.000000 903.000000 768.000000 28.000000 55.551081
500.100000 0.000000 0.000000 200.000000 3.000000 1124.400000 613.200000 28.000000 44.133359
450.100000 50.000000 0.000000 200.000000 3.000000 1124.400000 613.200000 28.000000 39.375974
397.000000 17.200000 158.000000 167.000000 20.800000 967.000000 633.000000 28.000000 55.647608
333.000000 17.500000 163.000000 167.000000 17.900000 996.000000 652.000000 28.000000 47.277369
334.000000 17.600000 158.000000 189.000000 15.300000 967.000000 633.000000 28.000000 44.326412
405.000000 0.000000 0.000000 175.000000 0.000000 1120.000000 695.000000 28.000000 52.303649
200.000000 200.000000 0.000000 190.000000 0.000000 1145.000000 660.000000 28.000000 49.249271
516.000000 0.000000 0.000000 162.000000 8.260000 801.000000 802.000000 28.000000 41.368560
145.000000 116.000000 119.000000 184.000000 5.700000 833.000000 880.000000 28.000000 29.157940
160.000000 128.000000 122.000000 182.000000 6.400000 824.000000 879.000000 28.000000 39.396659
234.000000 156.000000 0.000000 189.000000 5.850000 981.000000 760.000000 28.000000 39.300132
250.000000 180.000000 95.000000 159.000000 9.450000 860.000000 800.000000 28.000000 67.865123
475.000000 0.000000 0.000000 162.000000 9.500000 1044.000000 662.000000 28.000000 58.522723
285.000000 190.000000 0.000000 163.000000 7.600000 1031.000000 685.000000 28.000000 53.579180
356.000000 119.000000 0.000000 160.000000 9.030000 1061.000000 657.000000 28.000000 58.998461
275.000000 180.000000 120.000000 162.000000 10.350000 830.000000 765.000000 28.000000 76.235361
500.000000 0.000000 0.000000 151.000000 9.000000 1033.000000 655.000000 28.000000 69.837024
165.000000 0.020000 143.570000 163.810000 0.000000 1005.600000 900.900000 3.000000 14.396259
165.000000 128.500000 132.100000 175.060000 8.080000 1005.800000 746.600000 3.000000 19.415644
178.030000 129.800000 118.600000 179.940000 3.570000 1007.300000 746.800000 3.000000 20.725649
167.350000 129.900000 128.620000 175.460000 7.790000 1006.300000 746.600000 3.000000 14.940945
172.380000 13.610000 172.370000 156.760000 4.140000 1006.300000 856.400000 3.000000 21.291019
173.540000 50.050000 173.530000 164.770000 6.470000 1006.200000 793.500000 3.000000 23.076762
167.000000 75.400000 167.000000 164.030000 7.910000 1007.300000 770.100000 3.000000 15.520105
173.810000 93.370000 159.900000 172.340000 9.730000 1007.200000 746.600000 3.000000 15.816579
190.340000 0.000000 125.180000 166.610000 9.880000 1079.000000 798.900000 3.000000 12.548463
250.000000 0.000000 95.690000 191.840000 5.330000 948.900000 857.200000 3.000000 8.487450
213.500000 0.000000 174.240000 159.210000 11.660000 1043.600000 771.900000 3.000000 15.609737
194.680000 0.000000 100.520000 170.170000 7.480000 998.000000 901.800000 3.000000 12.176146
251.370000 0.000000 118.270000 192.940000 5.750000 1043.600000 754.300000 3.000000 11.983093
165.000000 0.020000 143.570000 163.810000 0.000000 1005.600000 900.900000 14.000000 16.878372
165.000000 128.500000 132.100000 175.060000 8.080000 1005.800000 746.600000 14.000000 33.087953
178.030000 129.800000 118.600000 179.940000 3.570000 1007.300000 746.800000 14.000000 34.239378
167.350000 129.900000 128.620000 175.460000 7.790000 1006.300000 746.600000 14.000000 31.812423
172.380000 13.610000 172.370000 156.760000 4.140000 1006.300000 856.400000 14.000000 29.750889
173.540000 50.050000 173.530000 164.770000 6.470000 1006.200000 793.500000 14.000000 33.005216
167.000000 75.400000 167.000000 164.030000 7.910000 1007.300000 770.100000 14.000000 32.901795
173.810000 93.370000 159.900000 172.340000 9.730000 1007.200000 746.600000 14.000000 29.550941
190.340000 0.000000 125.180000 166.610000 9.880000 1079.000000 798.900000 14.000000 19.415644
250.000000 0.000000 95.690000 191.840000 5.330000 948.900000 857.200000 14.000000 24.655662
213.500000 0.000000 174.240000 159.210000 11.660000 1043.600000 771.900000 14.000000 29.592310
194.680000 0.000000 100.520000 170.170000 7.480000 998.000000 901.800000 14.000000 24.283345
251.370000 0.000000 118.270000 192.940000 5.750000 1043.600000 754.300000 14.000000 20.725649
165.000000 0.020000 143.570000 163.810000 0.000000 1005.600000 900.900000 28.000000 26.200088
165.000000 128.500000 132.100000 175.060000 8.080000 1005.800000 746.600000 28.000000 46.387945
178.030000 129.800000 118.600000 179.940000 3.570000 1007.300000 746.800000 28.000000 39.162237
167.350000 129.900000 128.620000 175.460000 7.790000 1006.300000 746.600000 28.000000 41.203086
172.380000 13.610000 172.370000 156.760000 4.140000 1006.300000 856.400000 28.000000 33.687797
173.540000 50.050000 173.530000 164.770000 6.470000 1006.200000 793.500000 28.000000 38.203865
167.000000 75.400000 167.000000 164.030000 7.910000 1007.300000 770.100000 28.000000 41.409929
173.810000 93.370000 159.900000 172.340000 9.730000 1007.200000 746.600000 28.000000 37.810864
190.340000 0.000000 125.180000 166.610000 9.880000 1079.000000 798.900000 28.000000 24.848715
250.000000 0.000000 95.690000 191.840000 5.330000 948.900000 857.200000 28.000000 27.220512
213.500000 0.000000 174.240000 159.210000 11.660000 1043.600000 771.900000 28.000000 44.636676
194.680000 0.000000 100.520000 170.170000 7.480000 998.000000 901.800000 28.000000 37.266178
251.370000 0.000000 118.270000 192.940000 5.750000 1043.600000 754.300000 28.000000 33.274112
165.000000 0.020000 143.570000 163.810000 0.000000 1005.600000 900.900000 56.000000 36.562912
165.000000 128.500000 132.100000 175.060000 8.080000 1005.800000 746.600000 56.000000 53.723970
178.030000 129.800000 118.600000 179.940000 3.570000 1007.300000 746.800000 56.000000 48.587374
167.350000 129.900000 128.620000 175.460000 7.790000 1006.300000 746.600000 56.000000 51.724490
172.380000 13.610000 172.370000 156.760000 4.140000 1006.300000 856.400000 56.000000 35.852752
173.540000 50.050000 173.530000 164.770000 6.470000 1006.200000 793.500000 56.000000 53.772233
167.000000 75.400000 167.000000 164.030000 7.910000 1007.300000 770.100000 56.000000 53.461969
173.810000 93.370000 159.900000 172.340000 9.730000 1007.200000 746.600000 56.000000 48.987270
190.340000 0.000000 125.180000 166.610000 9.880000 1079.000000 798.900000 56.000000 31.715896
250.000000 0.000000 95.690000 191.840000 5.330000 948.900000 857.200000 56.000000 39.644870
213.500000 0.000000 174.240000 159.210000 11.660000 1043.600000 771.900000 56.000000 51.255646
194.680000 0.000000 100.520000 170.170000 7.480000 998.000000 901.800000 56.000000 43.388725
251.370000 0.000000 118.270000 192.940000 5.750000 1043.600000 754.300000 56.000000 39.265658
165.000000 0.020000 143.570000 163.810000 0.000000 1005.600000 900.900000 100.000000 37.955654
165.000000 128.500000 132.100000 175.060000 8.080000 1005.800000 746.600000 100.000000 55.020185
178.030000 129.800000 118.600000 179.940000 3.570000 1007.300000 746.800000 100.000000 49.993905
167.350000 129.900000 128.620000 175.460000 7.790000 1006.300000 746.600000 100.000000 53.655022
172.380000 13.610000 172.370000 156.760000 4.140000 1006.300000 856.400000 100.000000 37.679863
173.540000 50.050000 173.530000 164.770000 6.470000 1006.200000 793.500000 100.000000 56.061294
167.000000 75.400000 167.000000 164.030000 7.910000 1007.300000 770.100000 100.000000 56.812822
173.810000 93.370000 159.900000 172.340000 9.730000 1007.200000 746.600000 100.000000 50.938487
190.340000 0.000000 125.180000 166.610000 9.880000 1079.000000 798.900000 100.000000 33.563692
250.000000 0.000000 95.690000 191.840000 5.330000 948.900000 857.200000 100.000000 41.161717
213.500000 0.000000 174.240000 159.210000 11.660000 1043.600000 771.900000 100.000000 52.958652
194.680000 0.000000 100.520000 170.170000 7.480000 998.000000 901.800000 100.000000 44.278149
251.370000 0.000000 118.270000 192.940000 5.750000 1043.600000 754.300000 100.000000 40.148187
446.000000 24.000000 79.000000 162.000000 11.610000 967.000000 712.000000 28.000000 57.026560
446.000000 24.000000 79.000000 162.000000 11.640000 967.000000 712.000000 28.000000 44.422939
446.000000 24.000000 79.000000 162.000000 11.640000 967.000000 712.000000 28.000000 51.021224
446.000000 24.000000 79.000000 162.000000 10.300000 967.000000 712.000000 28.000000 53.386127
446.000000 24.000000 79.000000 162.000000 11.610000 967.000000 712.000000 3.000000 35.363224
446.000000 24.000000 79.000000 162.000000 11.640000 967.000000 712.000000 3.000000 25.021084
446.000000 24.000000 79.000000 162.000000 11.640000 967.000000 712.000000 3.000000 23.345657
446.000000 24.000000 79.000000 162.000000 11.610000 967.000000 712.000000 7.000000 52.007175
446.000000 24.000000 79.000000 162.000000 11.640000 967.000000 712.000000 7.000000 38.017707
446.000000 24.000000 79.000000 162.000000 11.640000 967.000000 712.000000 7.000000 39.300132
446.000000 24.000000 79.000000 162.000000 11.610000 967.000000 712.000000 56.000000 61.066889
446.000000 24.000000 79.000000 162.000000 11.640000 967.000000 712.000000 56.000000 56.144031
446.000000 24.000000 79.000000 162.000000 11.640000 967.000000 712.000000 56.000000 55.254607
446.000000 24.000000 79.000000 162.000000 10.300000 967.000000 712.000000 56.000000 54.765079
387.000000 20.000000 94.000000 157.000000 14.320000 938.000000 845.000000 28.000000 50.235221
387.000000 20.000000 94.000000 157.000000 13.930000 938.000000 845.000000 28.000000 46.684420
387.000000 20.000000 94.000000 157.000000 11.610000 938.000000 845.000000 28.000000 46.684420
387.000000 20.000000 94.000000 157.000000 14.320000 938.000000 845.000000 3.000000 22.752708
387.000000 20.000000 94.000000 157.000000 13.930000 938.000000 845.000000 3.000000 25.510612
387.000000 20.000000 94.000000 157.000000 11.610000 938.000000 845.000000 3.000000 34.770275
387.000000 20.000000 94.000000 157.000000 14.320000 938.000000 845.000000 7.000000 36.838703
387.000000 20.000000 94.000000 157.000000 13.930000 938.000000 845.000000 7.000000 45.898417
387.000000 20.000000 94.000000 157.000000 11.610000 938.000000 845.000000 7.000000 41.665035
387.000000 20.000000 94.000000 157.000000 14.320000 938.000000 845.000000 56.000000 56.337084
387.000000 20.000000 94.000000 157.000000 13.930000 938.000000 845.000000 56.000000 47.966845
387.000000 20.000000 94.000000 157.000000 11.610000 938.000000 845.000000 56.000000 61.459891
355.000000 19.000000 97.000000 145.000000 13.130000 967.000000 871.000000 28.000000 44.029937
355.000000 19.000000 97.000000 145.000000 12.250000 967.000000 871.000000 28.000000 55.454555
491.000000 26.000000 123.000000 210.000000 3.930000 882.000000 699.000000 28.000000 55.551081
491.000000 26.000000 123.000000 201.000000 3.930000 822.000000 699.000000 28.000000 57.915984
491.000000 26.000000 123.000000 210.000000 3.930000 882.000000 699.000000 3.000000 25.609109
491.000000 26.000000 123.000000 210.000000 3.930000 882.000000 699.000000 7.000000 33.488834
491.000000 26.000000 123.000000 210.000000 3.930000 882.000000 699.000000 56.000000 59.590426
491.000000 26.000000 123.000000 201.000000 3.930000 822.000000 699.000000 3.000000 29.548971
491.000000 26.000000 123.000000 201.000000 3.930000 822.000000 699.000000 7.000000 37.921180
491.000000 26.000000 123.000000 201.000000 3.930000 822.000000 699.000000 56.000000 61.855847
424.000000 22.000000 132.000000 178.000000 8.480000 822.000000 750.000000 28.000000 62.052840
424.000000 22.000000 132.000000 178.000000 8.480000 882.000000 750.000000 3.000000 32.011386
424.000000 22.000000 132.000000 168.000000 8.920000 822.000000 750.000000 28.000000 72.098505
424.000000 22.000000 132.000000 178.000000 8.480000 822.000000 750.000000 7.000000 39.004642
424.000000 22.000000 132.000000 178.000000 8.480000 822.000000 750.000000 56.000000 65.697213
424.000000 22.000000 132.000000 168.000000 8.920000 822.000000 750.000000 3.000000 32.109882
424.000000 22.000000 132.000000 168.000000 8.920000 822.000000 750.000000 7.000000 40.285098
424.000000 22.000000 132.000000 168.000000 8.920000 822.000000 750.000000 56.000000 74.364911
202.000000 11.000000 141.000000 206.000000 1.720000 942.000000 801.000000 28.000000 21.966705
202.000000 11.000000 141.000000 206.000000 1.720000 942.000000 801.000000 3.000000 9.849657
202.000000 11.000000 141.000000 206.000000 1.720000 942.000000 801.000000 7.000000 15.069975
202.000000 11.000000 141.000000 206.000000 1.720000 942.000000 801.000000 56.000000 23.245191
284.000000 15.000000 141.000000 179.000000 5.460000 842.000000 801.000000 28.000000 43.733463
284.000000 15.000000 141.000000 179.000000 5.460000 842.000000 801.000000 3.000000 13.395534
284.000000 15.000000 141.000000 179.000000 5.460000 842.000000 801.000000 7.000000 24.131660
284.000000 15.000000 141.000000 179.000000 5.460000 842.000000 801.000000 56.000000 44.520450
359.000000 19.000000 141.000000 154.000000 10.910000 942.000000 801.000000 28.000000 62.935369
359.000000 19.000000 141.000000 154.000000 10.910000 942.000000 801.000000 28.000000 59.494884
359.000000 19.000000 141.000000 154.000000 10.910000 942.000000 801.000000 3.000000 25.116626
359.000000 19.000000 141.000000 154.000000 10.910000 942.000000 801.000000 3.000000 23.639177
359.000000 19.000000 141.000000 154.000000 10.910000 942.000000 801.000000 7.000000 35.754255
359.000000 19.000000 141.000000 154.000000 10.910000 942.000000 801.000000 7.000000 38.610656
359.000000 19.000000 141.000000 154.000000 10.910000 942.000000 801.000000 56.000000 68.750607
359.000000 19.000000 141.000000 154.000000 10.910000 942.000000 801.000000 56.000000 66.780675
436.000000 0.000000 0.000000 218.000000 0.000000 838.400000 719.700000 28.000000 23.848975
289.000000 0.000000 0.000000 192.000000 0.000000 913.200000 895.300000 90.000000 32.068218
289.000000 0.000000 0.000000 192.000000 0.000000 913.200000 895.300000 3.000000 11.654902
393.000000 0.000000 0.000000 192.000000 0.000000 940.600000 785.600000 3.000000 19.199149
393.000000 0.000000 0.000000 192.000000 0.000000 940.600000 785.600000 90.000000 48.846617
393.000000 0.000000 0.000000 192.000000 0.000000 940.600000 785.600000 28.000000 39.604880
480.000000 0.000000 0.000000 192.000000 0.000000 936.200000 712.200000 28.000000 43.942374
480.000000 0.000000 0.000000 192.000000 0.000000 936.200000 712.200000 7.000000 34.569637
480.000000 0.000000 0.000000 192.000000 0.000000 936.200000 712.200000 90.000000 54.315540
480.000000 0.000000 0.000000 192.000000 0.000000 936.200000 712.200000 3.000000 24.404692
333.000000 0.000000 0.000000 192.000000 0.000000 931.200000 842.600000 3.000000 15.615942
255.000000 0.000000 0.000000 192.000000 0.000000 889.800000 945.000000 90.000000 21.859147
255.000000 0.000000 0.000000 192.000000 0.000000 889.800000 945.000000 7.000000 10.222171
289.000000 0.000000 0.000000 192.000000 0.000000 913.200000 895.300000 7.000000 14.596896
255.000000 0.000000 0.000000 192.000000 0.000000 889.800000 945.000000 28.000000 18.746163
333.000000 0.000000 0.000000 192.000000 0.000000 931.200000 842.600000 28.000000 31.966865
333.000000 0.000000 0.000000 192.000000 0.000000 931.200000 842.600000 7.000000 23.404952
289.000000 0.000000 0.000000 192.000000 0.000000 913.200000 895.300000 28.000000 25.573354
333.000000 0.000000 0.000000 192.000000 0.000000 931.200000 842.600000 90.000000 41.680203
393.000000 0.000000 0.000000 192.000000 0.000000 940.600000 785.600000 7.000000 27.742446
255.000000 0.000000 0.000000 192.000000 0.000000 889.800000 945.000000 3.000000 8.204075
158.800000 238.200000 0.000000 185.700000 0.000000 1040.600000 734.300000 7.000000 9.617501
239.600000 359.400000 0.000000 185.700000 0.000000 941.600000 664.300000 7.000000 25.422359
238.200000 158.800000 0.000000 185.700000 0.000000 1040.600000 734.300000 7.000000 15.691095
181.900000 272.800000 0.000000 185.700000 0.000000 1012.400000 714.300000 28.000000 27.935499
193.500000 290.200000 0.000000 185.700000 0.000000 998.200000 704.300000 28.000000 32.626694
255.500000 170.300000 0.000000 185.700000 0.000000 1026.600000 724.300000 7.000000 17.236211
272.800000 181.900000 0.000000 185.700000 0.000000 1012.400000 714.300000 7.000000 19.765208
239.600000 359.400000 0.000000 185.700000 0.000000 941.600000 664.300000 28.000000 39.435269
220.800000 147.200000 0.000000 185.700000 0.000000 1055.000000 744.300000 28.000000 25.745034
397.000000 0.000000 0.000000 185.700000 0.000000 1040.600000 734.300000 28.000000 33.082437
382.500000 0.000000 0.000000 185.700000 0.000000 1047.800000 739.300000 7.000000 24.065470
210.700000 316.100000 0.000000 185.700000 0.000000 977.000000 689.300000 7.000000 21.819847
158.800000 238.200000 0.000000 185.700000 0.000000 1040.600000 734.300000 28.000000 21.066250
295.800000 0.000000 0.000000 185.700000 0.000000 1091.400000 769.300000 7.000000 14.843729
255.500000 170.300000 0.000000 185.700000 0.000000 1026.600000 724.300000 28.000000 32.051671
203.500000 135.700000 0.000000 185.700000 0.000000 1076.200000 759.300000 7.000000 11.957582
397.000000 0.000000 0.000000 185.700000 0.000000 1040.600000 734.300000 7.000000 25.447870
381.400000 0.000000 0.000000 185.700000 0.000000 1104.600000 784.300000 28.000000 22.489328
295.800000 0.000000 0.000000 185.700000 0.000000 1091.400000 769.300000 28.000000 25.216895
228.000000 342.100000 0.000000 185.700000 0.000000 955.800000 674.300000 28.000000 39.699339
220.800000 147.200000 0.000000 185.700000 0.000000 1055.000000 744.300000 7.000000 13.089012
316.100000 210.700000 0.000000 185.700000 0.000000 977.000000 689.300000 28.000000 38.700288
135.700000 203.500000 0.000000 185.700000 0.000000 1076.200000 759.300000 7.000000 7.507015
238.100000 0.000000 0.000000 185.700000 0.000000 1118.800000 789.300000 28.000000 17.576122
339.200000 0.000000 0.000000 185.700000 0.000000 1069.200000 754.300000 7.000000 21.179324
135.700000 203.500000 0.000000 185.700000 0.000000 1076.200000 759.300000 28.000000 18.198719
193.500000 290.200000 0.000000 185.700000 0.000000 998.200000 704.300000 7.000000 17.200358
203.500000 135.700000 0.000000 185.700000 0.000000 1076.200000 759.300000 28.000000 22.629981
290.200000 193.500000 0.000000 185.700000 0.000000 998.200000 704.300000 7.000000 21.859147
181.900000 272.800000 0.000000 185.700000 0.000000 1012.400000 714.300000 7.000000 12.372647
170.300000 155.500000 0.000000 185.700000 0.000000 1026.600000 724.300000 28.000000 25.726418
210.700000 316.100000 0.000000 185.700000 0.000000 977.000000 689.300000 28.000000 37.813622
228.000000 342.100000 0.000000 185.700000 0.000000 955.800000 674.300000 7.000000 21.917063
290.200000 193.500000 0.000000 185.700000 0.000000 998.200000 704.300000 28.000000 33.043137
381.400000 0.000000 0.000000 185.700000 0.000000 1104.600000 784.300000 7.000000 14.541049
238.200000 158.800000 0.000000 185.700000 0.000000 1040.600000 734.300000 28.000000 26.913696
186.200000 124.100000 0.000000 185.700000 0.000000 1083.400000 764.300000 7.000000 7.995853
339.200000 0.000000 0.000000 185.700000 0.000000 1069.200000 754.300000 28.000000 31.899986
238.100000 0.000000 0.000000 185.700000 0.000000 1118.800000 789.300000 7.000000 10.335935
252.500000 0.000000 0.000000 185.700000 0.000000 1111.600000 784.300000 28.000000 19.765208
382.500000 0.000000 0.000000 185.700000 0.000000 1047.800000 739.300000 28.000000 37.437857
252.500000 0.000000 0.000000 185.700000 0.000000 1111.600000 784.300000 7.000000 11.483912
316.100000 210.700000 0.000000 185.700000 0.000000 977.000000 689.300000 7.000000 24.437787
186.200000 124.100000 0.000000 185.700000 0.000000 1083.400000 764.300000 28.000000 17.596806
170.300000 155.500000 0.000000 185.700000 0.000000 1026.600000 724.300000 7.000000 10.730315
272.800000 181.900000 0.000000 185.700000 0.000000 1012.400000 714.300000 28.000000 31.381500
339.000000 0.000000 0.000000 197.000000 0.000000 968.000000 781.000000 3.000000 13.224150
339.000000 0.000000 0.000000 197.000000 0.000000 968.000000 781.000000 7.000000 20.966965
339.000000 0.000000 0.000000 197.000000 0.000000 968.000000 781.000000 14.000000 27.041249
339.000000 0.000000 0.000000 197.000000 0.000000 968.000000 781.000000 28.000000 32.039950
339.000000 0.000000 0.000000 197.000000 0.000000 968.000000 781.000000 90.000000 35.170171
339.000000 0.000000 0.000000 197.000000 0.000000 968.000000 781.000000 180.000000 36.445701
339.000000 0.000000 0.000000 197.000000 0.000000 968.000000 781.000000 365.000000 38.893341
236.000000 0.000000 0.000000 194.000000 0.000000 968.000000 885.000000 3.000000 6.467285
236.000000 0.000000 0.000000 194.000000 0.000000 968.000000 885.000000 14.000000 12.838043
236.000000 0.000000 0.000000 194.000000 0.000000 968.000000 885.000000 28.000000 18.415904
236.000000 0.000000 0.000000 194.000000 0.000000 968.000000 885.000000 90.000000 21.946021
236.000000 0.000000 0.000000 193.000000 0.000000 968.000000 885.000000 180.000000 24.104081
236.000000 0.000000 0.000000 193.000000 0.000000 968.000000 885.000000 365.000000 25.083137
277.000000 0.000000 0.000000 191.000000 0.000000 968.000000 856.000000 14.000000 21.263440
277.000000 0.000000 0.000000 191.000000 0.000000 968.000000 856.000000 28.000000 25.965666
277.000000 0.000000 0.000000 191.000000 0.000000 968.000000 856.000000 3.000000 11.362564
277.000000 0.000000 0.000000 191.000000 0.000000 968.000000 856.000000 90.000000 31.253947
277.000000 0.000000 0.000000 191.000000 0.000000 968.000000 856.000000 180.000000 32.329530
277.000000 0.000000 0.000000 191.000000 0.000000 968.000000 856.000000 360.000000 33.701587
254.000000 0.000000 0.000000 198.000000 0.000000 968.000000 863.000000 3.000000 9.307926
254.000000 0.000000 0.000000 198.000000 0.000000 968.000000 863.000000 90.000000 26.944722
254.000000 0.000000 0.000000 198.000000 0.000000 968.000000 863.000000 180.000000 27.627303
254.000000 0.000000 0.000000 198.000000 0.000000 968.000000 863.000000 365.000000 29.785363
307.000000 0.000000 0.000000 193.000000 0.000000 968.000000 812.000000 180.000000 34.487590
307.000000 0.000000 0.000000 193.000000 0.000000 968.000000 812.000000 365.000000 36.149227
307.000000 0.000000 0.000000 193.000000 0.000000 968.000000 812.000000 3.000000 12.541568
307.000000 0.000000 0.000000 193.000000 0.000000 968.000000 812.000000 28.000000 27.530777
307.000000 0.000000 0.000000 193.000000 0.000000 968.000000 812.000000 90.000000 32.922479
236.000000 0.000000 0.000000 193.000000 0.000000 968.000000 885.000000 7.000000 9.990507
200.000000 0.000000 0.000000 180.000000 0.000000 1125.000000 845.000000 7.000000 7.839342
200.000000 0.000000 0.000000 180.000000 0.000000 1125.000000 845.000000 28.000000 12.245094
225.000000 0.000000 0.000000 181.000000 0.000000 1113.000000 833.000000 7.000000 11.169511
225.000000 0.000000 0.000000 181.000000 0.000000 1113.000000 833.000000 28.000000 17.340321
325.000000 0.000000 0.000000 184.000000 0.000000 1063.000000 783.000000 7.000000 17.540269
325.000000 0.000000 0.000000 184.000000 0.000000 1063.000000 783.000000 28.000000 30.571366
275.000000 0.000000 0.000000 183.000000 0.000000 1088.000000 808.000000 7.000000 14.203206
275.000000 0.000000 0.000000 183.000000 0.000000 1088.000000 808.000000 28.000000 24.497082
300.000000 0.000000 0.000000 184.000000 0.000000 1075.000000 795.000000 7.000000 15.575263
300.000000 0.000000 0.000000 184.000000 0.000000 1075.000000 795.000000 28.000000 26.848195
375.000000 0.000000 0.000000 186.000000 0.000000 1038.000000 758.000000 7.000000 26.062193
375.000000 0.000000 0.000000 186.000000 0.000000 1038.000000 758.000000 28.000000 38.210760
400.000000 0.000000 0.000000 187.000000 0.000000 1025.000000 745.000000 28.000000 43.698989
400.000000 0.000000 0.000000 187.000000 0.000000 1025.000000 745.000000 7.000000 30.143891
250.000000 0.000000 0.000000 182.000000 0.000000 1100.000000 820.000000 7.000000 12.734622
250.000000 0.000000 0.000000 182.000000 0.000000 1100.000000 820.000000 28.000000 20.870439
350.000000 0.000000 0.000000 186.000000 0.000000 1050.000000 770.000000 7.000000 20.277489
350.000000 0.000000 0.000000 186.000000 0.000000 1050.000000 770.000000 28.000000 34.294536
203.500000 305.300000 0.000000 203.500000 0.000000 963.400000 630.000000 7.000000 19.539060
250.200000 166.800000 0.000000 203.500000 0.000000 977.600000 694.100000 90.000000 47.714497
157.000000 236.000000 0.000000 192.000000 0.000000 935.400000 781.200000 90.000000 43.377004
141.300000 212.000000 0.000000 203.500000 0.000000 971.800000 748.500000 28.000000 29.892232
166.800000 250.200000 0.000000 203.500000 0.000000 975.600000 692.600000 3.000000 6.902344
122.600000 183.900000 0.000000 203.500000 0.000000 958.200000 800.100000 90.000000 33.192064
183.900000 122.600000 0.000000 203.500000 0.000000 959.200000 800.000000 3.000000 4.903553
102.000000 153.000000 0.000000 192.000000 0.000000 887.000000 942.000000 3.000000 4.565021
102.000000 153.000000 0.000000 192.000000 0.000000 887.000000 942.000000 90.000000 25.460970
122.600000 183.900000 0.000000 203.500000 0.000000 958.200000 800.100000 28.000000 24.290929
166.800000 250.200000 0.000000 203.500000 0.000000 975.600000 692.600000 28.000000 33.947730
200.000000 133.000000 0.000000 192.000000 0.000000 965.400000 806.200000 3.000000 11.414275
108.300000 162.400000 0.000000 203.500000 0.000000 938.200000 849.000000 28.000000 20.593959
305.300000 203.500000 0.000000 203.500000 0.000000 965.400000 631.000000 7.000000 25.893961
108.300000 162.400000 0.000000 203.500000 0.000000 938.200000 849.000000 90.000000 29.231714
116.000000 173.000000 0.000000 192.000000 0.000000 909.800000 891.900000 90.000000 31.023662
141.300000 212.000000 0.000000 203.500000 0.000000 971.800000 748.500000 7.000000 10.393851
157.000000 236.000000 0.000000 192.000000 0.000000 935.400000 781.200000 28.000000 33.664355
133.000000 200.000000 0.000000 192.000000 0.000000 927.400000 839.200000 28.000000 27.874825
250.200000 166.800000 0.000000 203.500000 0.000000 977.600000 694.100000 7.000000 19.350144
173.000000 116.000000 0.000000 192.000000 0.000000 946.800000 856.800000 7.000000 11.392212
192.000000 288.000000 0.000000 192.000000 0.000000 929.800000 716.100000 3.000000 12.788401
192.000000 288.000000 0.000000 192.000000 0.000000 929.800000 716.100000 28.000000 39.321506
153.000000 102.000000 0.000000 192.000000 0.000000 888.000000 943.100000 3.000000 4.782206
288.000000 192.000000 0.000000 192.000000 0.000000 932.000000 717.800000 3.000000 16.109607
305.300000 203.500000 0.000000 203.500000 0.000000 965.400000 631.000000 28.000000 43.377004
236.000000 157.000000 0.000000 192.000000 0.000000 972.600000 749.100000 7.000000 20.416074
173.000000 116.000000 0.000000 192.000000 0.000000 946.800000 856.800000 3.000000 6.940955
212.000000 141.300000 0.000000 203.500000 0.000000 973.400000 750.000000 7.000000 15.030577
236.000000 157.000000 0.000000 192.000000 0.000000 972.600000 749.100000 3.000000 13.565440
183.900000 122.600000 0.000000 203.500000 0.000000 959.200000 800.000000 90.000000 32.532925
166.800000 250.200000 0.000000 203.500000 0.000000 975.600000 692.600000 7.000000 15.748321
102.000000 153.000000 0.000000 192.000000 0.000000 887.000000 942.000000 7.000000 7.675936
288.000000 192.000000 0.000000 192.000000 0.000000 932.000000 717.800000 28.000000 38.804399
212.000000 141.300000 0.000000 203.500000 0.000000 973.400000 750.000000 28.000000 33.003837
102.000000 153.000000 0.000000 192.000000 0.000000 887.000000 942.000000 28.000000 17.275511
173.000000 116.000000 0.000000 192.000000 0.000000 946.800000 856.800000 28.000000 24.281966
183.900000 122.600000 0.000000 203.500000 0.000000 959.200000 800.000000 28.000000 24.046165
133.000000 200.000000 0.000000 192.000000 0.000000 927.400000 839.200000 90.000000 36.588423
192.000000 288.000000 0.000000 192.000000 0.000000 929.800000 716.100000 90.000000 50.732334
133.000000 200.000000 0.000000 192.000000 0.000000 927.400000 839.200000 7.000000 13.664035
305.300000 203.500000 0.000000 203.500000 0.000000 965.400000 631.000000 3.000000 14.143911
236.000000 157.000000 0.000000 192.000000 0.000000 972.600000 749.100000 90.000000 47.782066
108.300000 162.400000 0.000000 203.500000 0.000000 938.200000 849.000000 3.000000 2.331808
157.000000 236.000000 0.000000 192.000000 0.000000 935.400000 781.200000 7.000000 16.889404
288.000000 192.000000 0.000000 192.000000 0.000000 932.000000 717.800000 7.000000 23.523542
212.000000 141.300000 0.000000 203.500000 0.000000 973.400000 750.000000 3.000000 6.808575
212.000000 141.300000 0.000000 203.500000 0.000000 973.400000 750.000000 90.000000 39.700028
153.000000 102.000000 0.000000 192.000000 0.000000 888.000000 943.100000 28.000000 17.964297
236.000000 157.000000 0.000000 192.000000 0.000000 972.600000 749.100000 28.000000 32.884558
116.000000 173.000000 0.000000 192.000000 0.000000 909.800000 891.900000 28.000000 22.347986
183.900000 122.600000 0.000000 203.500000 0.000000 959.200000 800.000000 7.000000 10.787541
108.300000 162.400000 0.000000 203.500000 0.000000 938.200000 849.000000 7.000000 7.723510
203.500000 305.300000 0.000000 203.500000 0.000000 963.400000 630.000000 28.000000 41.684340
203.500000 305.300000 0.000000 203.500000 0.000000 963.400000 630.000000 3.000000 9.561653
133.000000 200.000000 0.000000 192.000000 0.000000 927.400000 839.200000 3.000000 6.883728
288.000000 192.000000 0.000000 192.000000 0.000000 932.000000 717.800000 90.000000 50.526870
200.000000 133.000000 0.000000 192.000000 0.000000 965.400000 806.200000 7.000000 17.165884
200.000000 133.000000 0.000000 192.000000 0.000000 965.400000 806.200000 28.000000 30.439676
250.200000 166.800000 0.000000 203.500000 0.000000 977.600000 694.100000 3.000000 9.731264
122.600000 183.900000 0.000000 203.500000 0.000000 958.200000 800.100000 3.000000 3.319827
153.000000 102.000000 0.000000 192.000000 0.000000 888.000000 943.100000 90.000000 26.322815
200.000000 133.000000 0.000000 192.000000 0.000000 965.400000 806.200000 90.000000 43.250829
116.000000 173.000000 0.000000 192.000000 0.000000 909.800000 891.900000 3.000000 6.280437
173.000000 116.000000 0.000000 192.000000 0.000000 946.800000 856.800000 90.000000 32.102692
250.200000 166.800000 0.000000 203.500000 0.000000 977.600000 694.100000 28.000000 36.964187
305.300000 203.500000 0.000000 203.500000 0.000000 965.400000 631.000000 90.000000 54.598915
192.000000 288.000000 0.000000 192.000000 0.000000 929.800000 716.100000 7.000000 21.480625
157.000000 236.000000 0.000000 192.000000 0.000000 935.400000 781.200000 3.000000 9.694722
153.000000 102.000000 0.000000 192.000000 0.000000 888.000000 943.100000 7.000000 8.374375
141.300000 212.000000 0.000000 203.500000 0.000000 971.800000 748.500000 90.000000 39.662107
116.000000 173.000000 0.000000 192.000000 0.000000 909.800000 891.900000 7.000000 10.089792
141.300000 212.000000 0.000000 203.500000 0.000000 971.800000 748.500000 3.000000 4.827711
122.600000 183.900000 0.000000 203.500000 0.000000 958.200000 800.100000 7.000000 10.354551
166.800000 250.200000 0.000000 203.500000 0.000000 975.600000 692.600000 90.000000 43.565231
203.500000 305.300000 0.000000 203.500000 0.000000 963.400000 630.000000 90.000000 51.863764
310.000000 0.000000 0.000000 192.000000 0.000000 1012.000000 830.000000 3.000000 11.852092
310.000000 0.000000 0.000000 192.000000 0.000000 1012.000000 830.000000 7.000000 17.243795
310.000000 0.000000 0.000000 192.000000 0.000000 1012.000000 830.000000 28.000000 27.827251
310.000000 0.000000 0.000000 192.000000 0.000000 1012.000000 830.000000 90.000000 35.763120
310.000000 0.000000 0.000000 192.000000 0.000000 1012.000000 830.000000 120.000000 38.700288
331.000000 0.000000 0.000000 192.000000 0.000000 1025.000000 821.000000 3.000000 14.306627
331.000000 0.000000 0.000000 192.000000 0.000000 1025.000000 821.000000 7.000000 17.436848
331.000000 0.000000 0.000000 192.000000 0.000000 1025.000000 821.000000 28.000000 31.743475
331.000000 0.000000 0.000000 192.000000 0.000000 1025.000000 821.000000 90.000000 37.914285
331.000000 0.000000 0.000000 192.000000 0.000000 1025.000000 821.000000 120.000000 39.382869
349.000000 0.000000 0.000000 192.000000 0.000000 1056.000000 809.000000 3.000000 15.871738
349.000000 0.000000 0.000000 192.000000 0.000000 1056.000000 809.000000 7.000000 9.011451
349.000000 0.000000 0.000000 192.000000 0.000000 1056.000000 809.000000 28.000000 33.605060
349.000000 0.000000 0.000000 192.000000 0.000000 1056.000000 809.000000 90.000000 40.658400
349.000000 0.000000 0.000000 192.000000 0.000000 1056.000000 809.000000 120.000000 40.858348
238.000000 0.000000 0.000000 186.000000 0.000000 1119.000000 789.000000 7.000000 12.052040
238.000000 0.000000 0.000000 186.000000 0.000000 1119.000000 789.000000 28.000000 17.540269
296.000000 0.000000 0.000000 186.000000 0.000000 1090.000000 769.000000 7.000000 18.912327
296.000000 0.000000 0.000000 186.000000 0.000000 1090.000000 769.000000 28.000000 25.179664
297.000000 0.000000 0.000000 186.000000 0.000000 1040.000000 734.000000 7.000000 30.957472
480.000000 0.000000 0.000000 192.000000 0.000000 936.000000 721.000000 28.000000 43.892042
480.000000 0.000000 0.000000 192.000000 0.000000 936.000000 721.000000 90.000000 54.275551
397.000000 0.000000 0.000000 186.000000 0.000000 1040.000000 734.000000 28.000000 36.935229
281.000000 0.000000 0.000000 186.000000 0.000000 1104.000000 774.000000 7.000000 14.499680
281.000000 0.000000 0.000000 185.000000 0.000000 1104.000000 774.000000 28.000000 22.435549
500.000000 0.000000 0.000000 200.000000 0.000000 1125.000000 613.000000 1.000000 12.638095
500.000000 0.000000 0.000000 200.000000 0.000000 1125.000000 613.000000 3.000000 26.062193
500.000000 0.000000 0.000000 200.000000 0.000000 1125.000000 613.000000 7.000000 33.212059
500.000000 0.000000 0.000000 200.000000 0.000000 1125.000000 613.000000 14.000000 36.935229
500.000000 0.000000 0.000000 200.000000 0.000000 1125.000000 613.000000 28.000000 44.091990
540.000000 0.000000 0.000000 173.000000 0.000000 1125.000000 613.000000 7.000000 52.613914
540.000000 0.000000 0.000000 173.000000 0.000000 1125.000000 613.000000 14.000000 59.763780
540.000000 0.000000 0.000000 173.000000 0.000000 1125.000000 613.000000 28.000000 67.306647
540.000000 0.000000 0.000000 173.000000 0.000000 1125.000000 613.000000 90.000000 69.657760
540.000000 0.000000 0.000000 173.000000 0.000000 1125.000000 613.000000 180.000000 71.622767
540.000000 0.000000 0.000000 173.000000 0.000000 1125.000000 613.000000 270.000000 74.166933
350.000000 0.000000 0.000000 203.000000 0.000000 974.000000 775.000000 7.000000 18.126324
350.000000 0.000000 0.000000 203.000000 0.000000 974.000000 775.000000 14.000000 22.532076
350.000000 0.000000 0.000000 203.000000 0.000000 974.000000 775.000000 28.000000 27.337723
350.000000 0.000000 0.000000 203.000000 0.000000 974.000000 775.000000 56.000000 29.978416
350.000000 0.000000 0.000000 203.000000 0.000000 974.000000 775.000000 90.000000 31.350474
350.000000 0.000000 0.000000 203.000000 0.000000 974.000000 775.000000 180.000000 32.722531
385.000000 0.000000 0.000000 186.000000 0.000000 966.000000 763.000000 1.000000 6.267337
385.000000 0.000000 0.000000 186.000000 0.000000 966.000000 763.000000 3.000000 14.699628
385.000000 0.000000 0.000000 186.000000 0.000000 966.000000 763.000000 7.000000 23.221552
385.000000 0.000000 0.000000 186.000000 0.000000 966.000000 763.000000 14.000000 27.923778
385.000000 0.000000 0.000000 186.000000 0.000000 966.000000 763.000000 28.000000 31.350474
331.000000 0.000000 0.000000 192.000000 0.000000 978.000000 825.000000 180.000000 38.996763
331.000000 0.000000 0.000000 192.000000 0.000000 978.000000 825.000000 360.000000 41.244454
349.000000 0.000000 0.000000 192.000000 0.000000 1047.000000 806.000000 3.000000 14.989208
331.000000 0.000000 0.000000 192.000000 0.000000 978.000000 825.000000 3.000000 13.520624
382.000000 0.000000 0.000000 186.000000 0.000000 1047.000000 739.000000 7.000000 24.000660
382.000000 0.000000 0.000000 186.000000 0.000000 1047.000000 739.000000 28.000000 37.424757
382.000000 0.000000 0.000000 186.000000 0.000000 1111.000000 784.000000 7.000000 11.465986
281.000000 0.000000 0.000000 186.000000 0.000000 1104.000000 774.000000 28.000000 22.435549
339.000000 0.000000 0.000000 185.000000 0.000000 1069.000000 754.000000 7.000000 21.160018
339.000000 0.000000 0.000000 185.000000 0.000000 1069.000000 754.000000 28.000000 31.840002
295.000000 0.000000 0.000000 185.000000 0.000000 1069.000000 769.000000 7.000000 14.796155
295.000000 0.000000 0.000000 185.000000 0.000000 1069.000000 769.000000 28.000000 25.179664
238.000000 0.000000 0.000000 185.000000 0.000000 1118.000000 789.000000 28.000000 17.540269
296.000000 0.000000 0.000000 192.000000 0.000000 1085.000000 765.000000 7.000000 14.203206
296.000000 0.000000 0.000000 192.000000 0.000000 1085.000000 765.000000 28.000000 21.649546
296.000000 0.000000 0.000000 192.000000 0.000000 1085.000000 765.000000 90.000000 29.392362
331.000000 0.000000 0.000000 192.000000 0.000000 879.000000 825.000000 3.000000 13.520624
331.000000 0.000000 0.000000 192.000000 0.000000 978.000000 825.000000 7.000000 16.264739
331.000000 0.000000 0.000000 192.000000 0.000000 978.000000 825.000000 28.000000 31.447000
331.000000 0.000000 0.000000 192.000000 0.000000 978.000000 825.000000 90.000000 37.231704
349.000000 0.000000 0.000000 192.000000 0.000000 1047.000000 806.000000 7.000000 18.126324
349.000000 0.000000 0.000000 192.000000 0.000000 1047.000000 806.000000 28.000000 32.722531
349.000000 0.000000 0.000000 192.000000 0.000000 1047.000000 806.000000 90.000000 39.486291
349.000000 0.000000 0.000000 192.000000 0.000000 1047.000000 806.000000 180.000000 41.051401
349.000000 0.000000 0.000000 192.000000 0.000000 1047.000000 806.000000 360.000000 42.126984
302.000000 0.000000 0.000000 203.000000 0.000000 974.000000 817.000000 14.000000 18.126324
302.000000 0.000000 0.000000 203.000000 0.000000 974.000000 817.000000 180.000000 26.744774
525.000000 0.000000 0.000000 189.000000 0.000000 1125.000000 613.000000 180.000000 61.921840
500.000000 0.000000 0.000000 200.000000 0.000000 1125.000000 613.000000 90.000000 47.222211
500.000000 0.000000 0.000000 200.000000 0.000000 1125.000000 613.000000 180.000000 51.041908
500.000000 0.000000 0.000000 200.000000 0.000000 1125.000000 613.000000 270.000000 55.158080
540.000000 0.000000 0.000000 173.000000 0.000000 1125.000000 613.000000 3.000000 41.637456
252.000000 0.000000 0.000000 185.000000 0.000000 1111.000000 784.000000 7.000000 13.713678
252.000000 0.000000 0.000000 185.000000 0.000000 1111.000000 784.000000 28.000000 19.691435
339.000000 0.000000 0.000000 185.000000 0.000000 1060.000000 754.000000 28.000000 31.646948
393.000000 0.000000 0.000000 192.000000 0.000000 940.000000 758.000000 3.000000 19.105380
393.000000 0.000000 0.000000 192.000000 0.000000 940.000000 758.000000 28.000000 39.582817
393.000000 0.000000 0.000000 192.000000 0.000000 940.000000 758.000000 90.000000 48.794217
382.000000 0.000000 0.000000 185.000000 0.000000 1047.000000 739.000000 7.000000 24.000660
382.000000 0.000000 0.000000 185.000000 0.000000 1047.000000 739.000000 28.000000 37.424757
252.000000 0.000000 0.000000 186.000000 0.000000 1111.000000 784.000000 7.000000 11.465986
252.000000 0.000000 0.000000 185.000000 0.000000 1111.000000 784.000000 28.000000 19.691435
310.000000 0.000000 0.000000 192.000000 0.000000 970.000000 850.000000 7.000000 14.989208
310.000000 0.000000 0.000000 192.000000 0.000000 970.000000 850.000000 28.000000 27.923778
310.000000 0.000000 0.000000 192.000000 0.000000 970.000000 850.000000 90.000000 34.680643
310.000000 0.000000 0.000000 192.000000 0.000000 970.000000 850.000000 180.000000 37.328231
310.000000 0.000000 0.000000 192.000000 0.000000 970.000000 850.000000 360.000000 38.114233
525.000000 0.000000 0.000000 189.000000 0.000000 1125.000000 613.000000 3.000000 33.798114
525.000000 0.000000 0.000000 189.000000 0.000000 1125.000000 613.000000 7.000000 42.423458
525.000000 0.000000 0.000000 189.000000 0.000000 1125.000000 613.000000 14.000000 48.401215
525.000000 0.000000 0.000000 189.000000 0.000000 1125.000000 613.000000 28.000000 55.944083
525.000000 0.000000 0.000000 189.000000 0.000000 1125.000000 613.000000 90.000000 58.784724
525.000000 0.000000 0.000000 189.000000 0.000000 1125.000000 613.000000 270.000000 67.113594
322.000000 0.000000 0.000000 203.000000 0.000000 974.000000 800.000000 14.000000 20.773912
322.000000 0.000000 0.000000 203.000000 0.000000 974.000000 800.000000 28.000000 25.179664
322.000000 0.000000 0.000000 203.000000 0.000000 974.000000 800.000000 180.000000 29.585415
302.000000 0.000000 0.000000 203.000000 0.000000 974.000000 817.000000 28.000000 21.752968
397.000000 0.000000 0.000000 185.000000 0.000000 1040.000000 734.000000 28.000000 39.093289
480.000000 0.000000 0.000000 192.000000 0.000000 936.000000 721.000000 3.000000 24.393661
522.000000 0.000000 0.000000 146.000000 0.000000 896.000000 896.000000 7.000000 50.511012
522.000000 0.000000 0.000000 146.000000 0.000000 896.000000 896.000000 28.000000 74.987410
273.000000 105.000000 82.000000 210.000000 9.000000 904.000000 680.000000 28.000000 37.169651
162.000000 190.000000 148.000000 179.000000 19.000000 838.000000 741.000000 28.000000 33.756745
154.000000 144.000000 112.000000 220.000000 10.000000 923.000000 658.000000 28.000000 16.499161
147.000000 115.000000 89.000000 202.000000 9.000000 860.000000 829.000000 28.000000 19.987909
152.000000 178.000000 139.000000 168.000000 18.000000 944.000000 695.000000 28.000000 36.349175
310.000000 143.000000 111.000000 168.000000 22.000000 914.000000 651.000000 28.000000 33.687797
144.000000 0.000000 175.000000 158.000000 18.000000 943.000000 844.000000 28.000000 15.416683
304.000000 140.000000 0.000000 214.000000 6.000000 895.000000 722.000000 28.000000 33.418902
374.000000 0.000000 0.000000 190.000000 7.000000 1013.000000 730.000000 28.000000 39.051921
159.000000 149.000000 116.000000 175.000000 15.000000 953.000000 720.000000 28.000000 27.675567
153.000000 239.000000 0.000000 200.000000 6.000000 1002.000000 684.000000 28.000000 26.855090
310.000000 143.000000 0.000000 168.000000 10.000000 914.000000 804.000000 28.000000 45.298573
305.000000 0.000000 100.000000 196.000000 10.000000 959.000000 705.000000 28.000000 30.123206
151.000000 0.000000 184.000000 167.000000 12.000000 991.000000 772.000000 28.000000 15.568368
142.000000 167.000000 130.000000 174.000000 11.000000 883.000000 785.000000 28.000000 44.609097
298.000000 137.000000 107.000000 201.000000 6.000000 878.000000 655.000000 28.000000 53.524022
321.000000 164.000000 0.000000 190.000000 5.000000 870.000000 774.000000 28.000000 57.212718
366.000000 187.000000 0.000000 191.000000 7.000000 824.000000 757.000000 28.000000 65.907011
280.000000 129.000000 100.000000 172.000000 9.000000 825.000000 805.000000 28.000000 52.820756
252.000000 97.000000 76.000000 194.000000 8.000000 835.000000 821.000000 28.000000 33.398217
165.000000 0.000000 150.000000 182.000000 12.000000 1023.000000 729.000000 28.000000 18.029797
156.000000 243.000000 0.000000 180.000000 11.000000 1022.000000 698.000000 28.000000 37.362704
160.000000 188.000000 146.000000 203.000000 11.000000 829.000000 710.000000 28.000000 32.839742
298.000000 0.000000 107.000000 186.000000 6.000000 879.000000 815.000000 28.000000 42.637196
318.000000 0.000000 126.000000 210.000000 6.000000 861.000000 737.000000 28.000000 40.058556
287.000000 121.000000 94.000000 188.000000 9.000000 904.000000 696.000000 28.000000 41.940825
326.000000 166.000000 0.000000 174.000000 9.000000 882.000000 790.000000 28.000000 61.232364
356.000000 0.000000 142.000000 193.000000 11.000000 801.000000 778.000000 28.000000 40.865243
132.000000 207.000000 161.000000 179.000000 5.000000 867.000000 736.000000 28.000000 33.301691
322.000000 149.000000 0.000000 186.000000 8.000000 951.000000 709.000000 28.000000 52.420860
164.000000 0.000000 200.000000 181.000000 13.000000 849.000000 846.000000 28.000000 15.085735
314.000000 0.000000 113.000000 170.000000 10.000000 925.000000 783.000000 28.000000 38.458971
321.000000 0.000000 128.000000 182.000000 11.000000 870.000000 780.000000 28.000000 37.259283
140.000000 164.000000 128.000000 237.000000 6.000000 869.000000 656.000000 28.000000 35.225329
288.000000 121.000000 0.000000 177.000000 7.000000 908.000000 829.000000 28.000000 42.133878
298.000000 0.000000 107.000000 210.000000 11.000000 880.000000 744.000000 28.000000 31.874475
265.000000 111.000000 86.000000 195.000000 6.000000 833.000000 790.000000 28.000000 41.540929
160.000000 250.000000 0.000000 168.000000 12.000000 1049.000000 688.000000 28.000000 39.451817
166.000000 260.000000 0.000000 183.000000 13.000000 859.000000 827.000000 28.000000 37.914285
276.000000 116.000000 90.000000 180.000000 9.000000 870.000000 768.000000 28.000000 44.278149
322.000000 0.000000 116.000000 196.000000 10.000000 818.000000 813.000000 28.000000 31.178105
149.000000 139.000000 109.000000 193.000000 6.000000 892.000000 780.000000 28.000000 23.690395
159.000000 187.000000 0.000000 176.000000 11.000000 990.000000 789.000000 28.000000 32.763900
261.000000 100.000000 78.000000 201.000000 9.000000 864.000000 761.000000 28.000000 32.398477
237.000000 92.000000 71.000000 247.000000 6.000000 853.000000 695.000000 28.000000 28.627044
313.000000 0.000000 113.000000 178.000000 8.000000 1002.000000 689.000000 28.000000 36.804229
155.000000 183.000000 0.000000 193.000000 9.000000 1047.000000 697.000000 28.000000 18.284904
146.000000 230.000000 0.000000 202.000000 3.000000 827.000000 872.000000 28.000000 33.060374
296.000000 0.000000 107.000000 221.000000 11.000000 819.000000 778.000000 28.000000 31.419421
133.000000 210.000000 0.000000 196.000000 3.000000 949.000000 795.000000 28.000000 31.026420
313.000000 145.000000 0.000000 178.000000 8.000000 867.000000 824.000000 28.000000 44.388465
152.000000 0.000000 112.000000 184.000000 8.000000 992.000000 816.000000 28.000000 12.176146
153.000000 145.000000 113.000000 178.000000 8.000000 1002.000000 689.000000 28.000000 25.558875
140.000000 133.000000 103.000000 200.000000 7.000000 916.000000 753.000000 28.000000 36.438807
149.000000 236.000000 0.000000 176.000000 13.000000 847.000000 893.000000 28.000000 32.956953
300.000000 0.000000 120.000000 212.000000 10.000000 878.000000 728.000000 28.000000 23.835185
153.000000 145.000000 113.000000 178.000000 8.000000 867.000000 824.000000 28.000000 26.227667
148.000000 0.000000 137.000000 158.000000 16.000000 1002.000000 830.000000 28.000000 17.953955
326.000000 0.000000 138.000000 199.000000 11.000000 801.000000 792.000000 28.000000 40.679084
153.000000 145.000000 0.000000 178.000000 8.000000 1000.000000 822.000000 28.000000 19.008853
262.000000 111.000000 86.000000 195.000000 5.000000 895.000000 733.000000 28.000000 33.715376
158.000000 0.000000 195.000000 220.000000 11.000000 898.000000 713.000000 28.000000 8.535713
151.000000 0.000000 185.000000 167.000000 16.000000 1074.000000 678.000000 28.000000 13.458572
273.000000 0.000000 90.000000 199.000000 11.000000 931.000000 762.000000 28.000000 32.239898
149.000000 118.000000 92.000000 183.000000 7.000000 953.000000 780.000000 28.000000 23.518026
143.000000 169.000000 143.000000 191.000000 8.000000 967.000000 643.000000 28.000000 29.723310
260.000000 101.000000 78.000000 171.000000 10.000000 936.000000 763.000000 28.000000 49.773272
313.000000 161.000000 0.000000 178.000000 10.000000 917.000000 759.000000 28.000000 52.441545
284.000000 120.000000 0.000000 168.000000 7.000000 970.000000 794.000000 28.000000 40.934190
336.000000 0.000000 0.000000 182.000000 3.000000 986.000000 817.000000 28.000000 44.864203
145.000000 0.000000 134.000000 181.000000 11.000000 979.000000 812.000000 28.000000 13.196571
150.000000 237.000000 0.000000 174.000000 12.000000 1069.000000 675.000000 28.000000 37.431652
144.000000 170.000000 133.000000 192.000000 8.000000 814.000000 805.000000 28.000000 29.868100
331.000000 170.000000 0.000000 195.000000 8.000000 811.000000 802.000000 28.000000 56.612874
155.000000 0.000000 143.000000 193.000000 9.000000 1047.000000 697.000000 28.000000 12.458831
155.000000 183.000000 0.000000 193.000000 9.000000 877.000000 868.000000 28.000000 23.786922
135.000000 0.000000 166.000000 180.000000 10.000000 961.000000 805.000000 28.000000 13.293097
266.000000 112.000000 87.000000 178.000000 10.000000 910.000000 745.000000 28.000000 39.417343
314.000000 145.000000 113.000000 179.000000 8.000000 869.000000 690.000000 28.000000 46.229366
313.000000 145.000000 0.000000 127.000000 8.000000 1000.000000 822.000000 28.000000 44.519465
146.000000 173.000000 0.000000 182.000000 3.000000 986.000000 817.000000 28.000000 23.738659
144.000000 136.000000 106.000000 178.000000 7.000000 941.000000 774.000000 28.000000 26.144930
148.000000 0.000000 182.000000 181.000000 15.000000 839.000000 884.000000 28.000000 15.520105
277.000000 117.000000 91.000000 191.000000 7.000000 946.000000 666.000000 28.000000 43.574883
298.000000 0.000000 107.000000 164.000000 13.000000 953.000000 784.000000 28.000000 35.859647
313.000000 145.000000 0.000000 178.000000 8.000000 1002.000000 689.000000 28.000000 41.051401
155.000000 184.000000 143.000000 194.000000 9.000000 880.000000 699.000000 28.000000 28.985571
289.000000 134.000000 0.000000 195.000000 6.000000 924.000000 760.000000 28.000000 46.243155
148.000000 175.000000 0.000000 171.000000 2.000000 1000.000000 828.000000 28.000000 26.917143
145.000000 0.000000 179.000000 202.000000 8.000000 824.000000 869.000000 28.000000 10.535193
313.000000 0.000000 0.000000 178.000000 8.000000 1000.000000 822.000000 28.000000 25.096926
136.000000 162.000000 126.000000 172.000000 10.000000 923.000000 764.000000 28.000000 29.068308
155.000000 0.000000 143.000000 193.000000 9.000000 877.000000 868.000000 28.000000 9.735401
255.000000 99.000000 77.000000 189.000000 6.000000 919.000000 749.000000 28.000000 33.798114
162.000000 207.000000 172.000000 216.000000 10.000000 822.000000 638.000000 28.000000 39.844818
136.000000 196.000000 98.000000 199.000000 6.000000 847.000000 783.000000 28.000000 26.965406
164.000000 163.000000 128.000000 197.000000 8.000000 961.000000 641.000000 28.000000 27.234302
162.000000 214.000000 164.000000 202.000000 10.000000 820.000000 680.000000 28.000000 30.647208
157.000000 214.000000 152.000000 200.000000 9.000000 819.000000 704.000000 28.000000 33.053479
149.000000 153.000000 194.000000 192.000000 8.000000 935.000000 623.000000 28.000000 24.579819
135.000000 105.000000 193.000000 196.000000 6.000000 965.000000 643.000000 28.000000 21.911547
159.000000 209.000000 161.000000 201.000000 7.000000 848.000000 669.000000 28.000000 30.881630
144.000000 15.000000 195.000000 176.000000 6.000000 1021.000000 709.000000 28.000000 15.340841
154.000000 174.000000 185.000000 228.000000 7.000000 845.000000 612.000000 28.000000 24.338503
167.000000 187.000000 195.000000 185.000000 7.000000 898.000000 636.000000 28.000000 23.890343
184.000000 86.000000 190.000000 213.000000 6.000000 923.000000 623.000000 28.000000 22.931972
156.000000 178.000000 187.000000 221.000000 7.000000 854.000000 614.000000 28.000000 29.413046
236.900000 91.700000 71.500000 246.900000 6.000000 852.900000 695.400000 28.000000 28.629801
313.300000 0.000000 113.000000 178.500000 8.000000 1001.900000 688.700000 28.000000 36.804918
154.800000 183.400000 0.000000 193.300000 9.100000 1047.400000 696.700000 28.000000 18.287661
145.900000 230.500000 0.000000 202.500000 3.400000 827.000000 871.800000 28.000000 32.720463
296.000000 0.000000 106.700000 221.400000 10.500000 819.200000 778.400000 28.000000 31.420111
133.100000 210.200000 0.000000 195.700000 3.100000 949.400000 795.300000 28.000000 28.937997
313.300000 145.000000 0.000000 178.500000 8.000000 867.200000 824.000000 28.000000 40.925227
151.600000 0.000000 111.900000 184.400000 7.900000 992.000000 815.900000 28.000000 12.180972
153.100000 145.000000 113.000000 178.500000 8.000000 1001.900000 688.700000 28.000000 25.559565
139.900000 132.600000 103.300000 200.300000 7.400000 916.000000 753.400000 28.000000 36.443633
149.500000 236.000000 0.000000 175.800000 12.600000 846.800000 892.700000 28.000000 32.963848
299.800000 0.000000 119.800000 211.500000 9.900000 878.200000 727.600000 28.000000 23.835875
153.100000 145.000000 113.000000 178.500000 8.000000 867.200000 824.000000 28.000000 26.233183
148.100000 0.000000 136.600000 158.100000 16.100000 1001.800000 830.100000 28.000000 17.959471
326.500000 0.000000 137.900000 199.000000 10.800000 801.100000 792.500000 28.000000 38.630651
152.700000 144.700000 0.000000 178.100000 8.000000 999.700000 822.200000 28.000000 19.009543
261.900000 110.500000 86.100000 195.400000 5.000000 895.200000 732.600000 28.000000 33.718824
158.400000 0.000000 194.900000 219.700000 11.000000 897.700000 712.900000 28.000000 8.536402
150.700000 0.000000 185.300000 166.700000 15.600000 1074.500000 678.000000 28.000000 13.461329
272.600000 0.000000 89.600000 198.700000 10.600000 931.300000 762.200000 28.000000 32.245414
149.000000 117.600000 91.700000 182.900000 7.100000 953.400000 780.300000 28.000000 23.524232
143.000000 169.400000 142.700000 190.700000 8.400000 967.400000 643.500000 28.000000 29.726068
259.900000 100.600000 78.400000 170.600000 10.400000 935.700000 762.900000 28.000000 49.773272
312.900000 160.500000 0.000000 177.600000 9.600000 916.600000 759.500000 28.000000 52.446371
284.000000 119.700000 0.000000 168.300000 7.200000 970.400000 794.200000 28.000000 40.934880
336.500000 0.000000 0.000000 181.900000 3.400000 985.800000 816.800000 28.000000 44.868340
144.800000 0.000000 133.600000 180.800000 11.100000 979.500000 811.500000 28.000000 13.202086
150.000000 236.800000 0.000000 173.800000 11.900000 1069.300000 674.800000 28.000000 37.431652
143.700000 170.200000 132.600000 191.600000 8.500000 814.100000 805.300000 28.000000 29.870858
330.500000 169.600000 0.000000 194.900000 8.100000 811.000000 802.300000 28.000000 56.619080
154.800000 0.000000 142.800000 193.300000 9.100000 1047.400000 696.700000 28.000000 12.459521
154.800000 183.400000 0.000000 193.300000 9.100000 877.200000 867.700000 28.000000 23.786922
134.700000 0.000000 165.700000 180.200000 10.000000 961.000000 804.900000 28.000000 13.293787
266.200000 112.300000 87.500000 177.900000 10.400000 909.700000 744.500000 28.000000 39.421480
314.000000 145.300000 113.200000 178.900000 8.000000 869.100000 690.200000 28.000000 46.234192
312.700000 144.700000 0.000000 127.300000 8.000000 999.700000 822.200000 28.000000 44.523602
145.700000 172.600000 0.000000 181.900000 3.400000 985.800000 816.800000 28.000000 23.744174
143.800000 136.300000 106.200000 178.100000 7.500000 941.500000 774.300000 28.000000 26.147688
148.100000 0.000000 182.100000 181.400000 15.000000 838.900000 884.300000 28.000000 15.526310
277.000000 116.800000 91.000000 190.600000 7.000000 946.500000 665.600000 28.000000 43.578331
298.100000 0.000000 107.500000 163.600000 12.800000 953.200000 784.000000 28.000000 35.865852
313.300000 145.000000 0.000000 178.500000 8.000000 1001.900000 688.700000 28.000000 41.053469
155.200000 183.900000 143.200000 193.800000 9.200000 879.600000 698.500000 28.000000 28.991087
289.000000 133.700000 0.000000 194.900000 5.500000 924.100000 760.100000 28.000000 46.247292
147.800000 175.100000 0.000000 171.200000 2.200000 1000.000000 828.500000 28.000000 26.922659
145.400000 0.000000 178.900000 201.700000 7.800000 824.000000 868.700000 28.000000 10.535883
312.700000 0.000000 0.000000 178.100000 8.000000 999.700000 822.200000 28.000000 25.103821
136.400000 161.600000 125.800000 171.600000 10.400000 922.600000 764.400000 28.000000 29.073134
154.800000 0.000000 142.800000 193.300000 9.100000 877.200000 867.700000 28.000000 9.738159
255.300000 98.800000 77.000000 188.600000 6.500000 919.000000 749.300000 28.000000 33.798803
272.800000 105.100000 81.800000 209.700000 9.000000 904.000000 679.700000 28.000000 37.171030
162.000000 190.100000 148.100000 178.800000 18.800000 838.100000 741.400000 28.000000 33.762261
153.600000 144.200000 112.300000 220.100000 10.100000 923.200000 657.900000 28.000000 16.503987
146.500000 114.600000 89.300000 201.900000 8.800000 860.000000 829.500000 28.000000 19.987909
151.800000 178.100000 138.700000 167.500000 18.300000 944.000000 694.600000 28.000000 36.349864
309.900000 142.800000 111.200000 167.800000 22.100000 913.900000 651.200000 28.000000 38.215586
143.600000 0.000000 174.900000 158.400000 17.900000 942.700000 844.500000 28.000000 15.423578
303.600000 139.900000 0.000000 213.500000 6.200000 895.500000 722.500000 28.000000 33.419591
374.300000 0.000000 0.000000 190.200000 6.700000 1013.200000 730.400000 28.000000 39.056057
158.600000 148.900000 116.000000 175.100000 15.000000 953.300000 719.700000 28.000000 27.681082
152.600000 238.700000 0.000000 200.000000 6.300000 1001.800000 683.900000 28.000000 26.859917
310.000000 142.800000 0.000000 167.900000 10.000000 914.300000 804.000000 28.000000 45.304778
304.800000 0.000000 99.600000 196.000000 9.800000 959.400000 705.200000 28.000000 30.123206
150.900000 0.000000 183.900000 166.600000 11.600000 991.200000 772.200000 28.000000 15.569747
141.900000 166.600000 129.700000 173.500000 10.900000 882.600000 785.300000 28.000000 44.611855
297.800000 137.200000 106.900000 201.300000 6.000000 878.400000 655.300000 28.000000 53.524711
321.300000 164.200000 0.000000 190.500000 4.600000 870.000000 774.000000 28.000000 57.218234
366.000000 187.000000 0.000000 191.300000 6.600000 824.300000 756.900000 28.000000 65.909079
279.800000 128.900000 100.400000 172.400000 9.500000 825.100000 804.900000 28.000000 52.826962
252.100000 97.100000 75.600000 193.800000 8.300000 835.500000 821.400000 28.000000 33.399596
164.600000 0.000000 150.400000 181.600000 11.700000 1023.300000 728.900000 28.000000 18.033934
155.600000 243.500000 0.000000 180.300000 10.700000 1022.000000 697.700000 28.000000 37.363394
160.200000 188.000000 146.400000 203.200000 11.300000 828.700000 709.700000 28.000000 35.314271
298.100000 0.000000 107.000000 186.400000 6.100000 879.000000 815.200000 28.000000 42.644091
317.900000 0.000000 126.500000 209.700000 5.700000 860.500000 736.600000 28.000000 40.062003
287.300000 120.500000 93.900000 187.600000 9.200000 904.400000 695.900000 28.000000 43.798273
325.600000 166.400000 0.000000 174.000000 8.900000 881.600000 790.000000 28.000000 61.235811
355.900000 0.000000 141.600000 193.300000 11.000000 801.400000 778.400000 28.000000 40.868690
132.000000 206.500000 160.900000 178.900000 5.500000 866.900000 735.600000 28.000000 33.306517
322.500000 148.600000 0.000000 185.800000 8.500000 951.000000 709.500000 28.000000 52.426376
164.200000 0.000000 200.100000 181.200000 12.600000 849.300000 846.000000 28.000000 15.091251
313.800000 0.000000 112.600000 169.900000 10.100000 925.300000 782.900000 28.000000 38.461040
321.400000 0.000000 127.900000 182.500000 11.500000 870.100000 779.700000 28.000000 37.265488
139.700000 163.900000 127.700000 236.700000 5.800000 868.600000 655.600000 28.000000 35.225329
288.400000 121.000000 0.000000 177.400000 7.000000 907.900000 829.500000 28.000000 42.140084
298.200000 0.000000 107.000000 209.700000 11.100000 879.600000 744.200000 28.000000 31.875165
264.500000 111.000000 86.500000 195.500000 5.900000 832.600000 790.400000 28.000000 41.542308
159.800000 250.000000 0.000000 168.400000 12.200000 1049.300000 688.200000 28.000000 39.455954
166.000000 259.700000 0.000000 183.200000 12.700000 858.800000 826.800000 28.000000 37.917043
276.400000 116.000000 90.300000 179.600000 8.900000 870.100000 768.300000 28.000000 44.284354
322.200000 0.000000 115.600000 196.000000 10.400000 817.900000 813.400000 28.000000 31.178794
148.500000 139.400000 108.600000 192.700000 6.100000 892.400000 780.000000 28.000000 23.696601
159.100000 186.700000 0.000000 175.600000 11.300000 989.600000 788.900000 28.000000 32.768036
260.900000 100.500000 78.300000 200.600000 8.600000 864.500000 761.500000 28.000000 32.401235
