9114
12639
13885
13567
12911
4432
14532
9319
2061
13548
9205
4736
17608
2686
10083
17312
1503
9520
3482
1008
14153
2831
1373
946
92
15210
789
17612
15138
845
2059
5739
9488
5894
5903
12360
17499
3857
14734
6085
11381
17438
1941
7310
8109
16067
943
9169
5406
14245
4328
17787
12951
5974
12076
5523
16494
737
7536
4320
2701
9203
2612
8014
3296
9500
4297
4455
11436
15873
14469
7624
5975
10525
13741
5764
7542
14316
10461
16164
5849
12275
16767
15453
16241
5719
630
9407
2311
5790
4947
7714
11682
10374
10773
2764
1210
5654
14477
17566
7829
1234
11119
709
447
16591
9871
6044
8563
15932
11650
3767
14761
3381
5573
16957
7918
2634
1406
16502
7616
9716
17249
13892
492
9421
5047
6680
3439
14738
17070
4227
7968
2085
17299
15794
13699
3394
14570
2296
278
10239
14810
7295
7897
694
13810
16222
4136
9634
7104
2307
17593
15238
13940
11747
13345
15638
7606
15064
14864
2815
11817
2760
4306
13107
11425
5991
10427
12307
6956
186
13837
1177
14291
6728
5215
13378
1705
2003
8656
11763
4590
9988
3872
7107
17894
15980
1233
16955
7208
7683
5649
13995
10929
2688
9264
15612
12864
3749
17776
5416
2363
6295
16577
10453
7018
1951
17862
13518
6848
2826
5510
10184
15126
17614
2552
12083
6804
8601
7545
17816
15878
12721
7012
7100
5911
7207
11603
3129
6468
10932
4552
3526
9955
12351
1968
15111
16972
3204
5498
3616
578
15091
17482
4749
7521
14073
9819
17551
7065
8732
6133
11268
2882
1081
8782
17327
9112
3197
4115
4828
6943
4703
10584
901
8758
1348
5835
7922
1477
1113
8323
15766
6333
7852
7328
17511
6056
5328
9814
13739
8534
9645
6901
3113
4606
15244
1854
7611
262
8097
10586
14036
10341
12216
14114
13975
7187
1307
1050
11999
11032
1435
15707
15167
4466
4931
17031
17455
4941
9031
9487
12266
8734
11394
10262
16371
7110
1433
13700
3972
8795
1717
3937
14561
16266
11919
3166
12784
2787
7962
5223
3635
266
10018
5300
3188
2081
7592
9282
7425
7909
11444
1915
3710
17404
3621
2853
10778
9176
8044
3953
16812
13894
14352
11242
8874
13992
4974
5934
11979
11631
8450
5103
14806
803
8713
17547
10795
16392
9540
8618
14853
5340
1907
3543
5407
6753
15039
5360
2494
7420
11695
17879
8549
2379
1049
6832
17474
2211
14297
10570
6172
13094
13626
5660
5301
9989
11185
6508
11078
13000
16734
15020
714
12609
4854
10168
8337
16394
6275
13360
1212
1545
5566
14630
8596
9051
1674
10969
11813
5937
6796
6278
9467
2372
4292
7798
2961
16169
16170
17444
4766
5836
1777
14547
17323
9987
16267
13129
10996
15876
16065
6873
8049
2759
12036
6374
9660
1020
4332
7473
8730
15424
14613
5346
2596
17805
17215
1802
380
78
398
13342
10517
8465
6221
12409
7374
12026
3280
16112
14134
6908
4980
7222
9054
12105
8344
11302
1027
8369
6427
3726
10269
97
1927
7152
12867
4059
5567
2091
5054
9355
7854
5808
3658
1436
12851
8964
9928
329
15492
7017
963
1254
3975
870
87
10148
1993
11531
2154
7380
15615
10916
13531
15722
10339
6158
6544
5356
13999
2217
5681
1371
3686
4285
600
7580
4852
12335
16011
4089
14816
14672
6768
3645
232
15188
9404
7716
7078
8104
739
3403
16775
17851
17691
2237
14166
12436
6502
2606
4339
5463
6850
7975
5887
9004
119
16161
5701
2142
9721
2446
2013
7959
12448
16124
16018
8579
3946
7823
14295
2930
13571
800
17584
9599
1155
7847
8225
551
13526
14993
4277
4293
5362
12963
17799
5123
17541
12293
1425
14511
28
9984
3058
17845
3202
6197
3950
16600
6291
6719
6076
3582
15082
198
1386
4520
14459
9710
3772
1726
1750
15021
15630
11427
11620
4178
7816
16101
11618
11983
1769
14751
17643
11117
17557
9902
4665
4419
11160
14948
11685
16089
1270
5951
1685
8031
5273
4543
13753
9
11161
4026
16576
5692
12659
16081
3853
10055
3420
4967
2505
6112
2901
3358
4181
2317
12195
3127
2337
6856
9142
3434
6783
9760
2812
6817
16887
2130
11093
9954
7062
14872
10748
1536
15339
15943
16563
17411
6661
4439
7957
13794
3277
17274
7614
13759
5377
17120
5602
3326
10831
7740
13681
4188
11489
5429
14573
13124
15625
1441
5722
9213
660
15271
9746
2960
2245
10626
17199
16408
10853
13459
12465
14765
3927
15682
5512
7443
8430
11182
3850
3462
8067
15061
16141
13196
5137
11346
4131
9042
16515
8528
14031
2090
9462
13920
13091
8402
2480
13893
16723
17324
264
10568
7801
9638
5633
790
10113
11433
17540
4911
11717
9744
976
12090
11606
7623
1969
6202
3501
3545
14773
11905
1353
16094
8447
4946
12905
11543
1109
6272
15262
7515
14591
5723
4149
1811
10693
14681
3389
8753
2928
15611
9491
6642
16881
10199
2055
16842
14210
9072
9297
11773
11357
1446
933
10093
17886
3093
15083
5237
14981
17539
8375
9360
14338
3413
8009
14231
15895
17537
10235
4659
5001
17368
2518
5154
10621
7414
16820
4386
6584
4044
4912
16426
7361
822
1362
4310
6892
5528
7597
17301
748
2504
4446
4114
9804
908
175
9390
8916
4805
7629
6173
9621
5627
10704
1194
1620
14006
9055
15690
96
462
8282
12133
10206
8134
8727
9725
16845
12958
15768
3679
2482
17039
6915
17101
12002
12178
6724
4426
9136
3933
12922
11463
14285
17066
15145
4485
9263
16748
16064
7747
7710
13033
5500
15742
8123
2382
16446
10647
1162
7257
17451
5250
7827
9064
3140
17740
11578
6121
13991
2524
17329
10472
15347
13600
923
8085
2497
11127
9011
5648
9530
16796
12539
12611
14883
5611
10352
11899
1057
10399
6691
624
15606
12239
1017
10749
10530
7331
1170
8093
2802
14617
13957
16168
15171
7804
626
6061
5912
9966
2931
16420
9473
10897
2825
15735
4640
9695
11048
13625
12241
10441
16618
4528
5072
11243
7678
5986
11961
15181
13450
7859
9260
8185
6051
16657
14842
2884
2456
7887
11070
10120
8370
16674
7278
8736
16409
14445
11616
5316
13848
5886
8227
942
15277
1625
2295
13492
5600
9147
12574
3042
16718
10110
3363
3239
151
1172
5012
14629
1184
14716
5465
8955
3008
16248
8336
15444
12346
9252
12625
7205
14121
13606
5772
9196
10735
10145
16971
6845
12845
14969
2918
13782
8565
812
17866
726
13466
15900
10311
12059
11366
1826
10864
10212
1087
11171
11675
10888
12005
16565
6652
6574
7764
4406
2392
14549
6644
6136
989
13158
11415
2605
10890
15075
17581
14790
89
11701
2038
485
14268
5109
111
1238
12119
15408
16362
11542
17570
9806
4942
15532
3045
12532
12253
2868
8838
16447
3428
8449
4860
1735
11602
12973
880
13650
15717
7399
12315
6610
12819
16737
194
12838
1588
14351
7201
14089
5815
6043
5176
5135
10340
552
3000
16774
7581
2697
243
1803
9587
14102
15024
205
14759
5394
679
9652
1466
13249
16958
17753
5020
7585
11091
8890
6966
11310
5776
318
206
15573
15092
922
3471
5771
8102
14139
17735
10761
17632
13575
4675
6097
12719
9657
6273
15079
13357
1626
11622
10448
7239
3534
13706
15308
7621
337
7089
2166
11565
346
2432
5170
9545
9944
13777
8399
14518
7550
16834
14957
16664
9049
10059
12622
9321
13189
14081
1241
15691
13918
3592
6404
13460
1072
830
14893
15713
798
2523
5258
1411
17361
15581
454
13476
3546
1730
12548
16052
8553
7999
2934
8191
12881
17767
4470
10818
498
15360
45
7332
14624
14044
15468
4271
4064
5199
16839
11469
6809
7266
2546
610
11845
2902
13658
434
16512
15990
11210
4237
2225
8002
3578
11712
6013
5097
15738
2662
1581
12824
10222
11061
9113
58
2145
6192
2531
7990
1898
12338
14585
14509
3711
4592
14344
10520
62
5601
8468
165
10284
5131
16407
9273
6050
12872
10651
14801
1250
7138
12247
11187
5063
11053
905
13714
13984
4619
7963
9268
820
3533
2798
1901
2498
7901
4299
6166
11476
787
12018
12134
16133
2397
13224
269
3590
4662
10190
10727
966
2771
17847
17195
8161
9982
1267
10927
17440
10047
17397
16570
7949
8349
3557
6199
13451
17621
892
13142
8580
17636
453
12007
10970
8681
9276
2092
6740
6647
12857
14038
12944
14443
14335
2402
1030
2945
9594
9508
8418
8938
13076
5628
13281
2592
15657
9865
12071
5902
10070
5586
5761
6108
5464
5622
15731
324
8446
10344
4399
16627
8387
1097
8412
16354
1452
968
2308
9971
17448
11049
13929
4570
12735
13373
1945
14046
13236
13551
11840
3841
3251
10245
1384
8003
17409
14302
1418
12538
13525
1756
13875
14179
13687
13530
11943
8888
17403
7675
12012
5793
2326
12260
8751
6878
4424
16582
12386
9081
7848
14503
2842
14425
17523
4677
16455
1994
11369
15994
16249
1628
17087
1440
1218
3332
3733
16581
2328
17743
6105
14348
12389
17762
5698
7002
1672
16554
3542
2155
15542
15812
1914
8985
8761
12394
13762
9472
16566
2316
16138
3814
10215
15305
14317
12916
17574
17342
5029
17012
16518
5644
12169
3515
16817
2635
3006
16090
14137
13144
14011
1990
15446
4158
11619
16003
14793
5597
8833
6117
8523
3091
12891
12358
12452
7612
11559
6459
10052
8113
6549
4037
14603
5535
12096
3620
11991
241
15714
7786
13255
14560
17255
12488
11550
1173
16311
4445
2286
6082
16302
5624
16263
14990
7879
14698
167
6007
11324
13367
3810
5303
16678
10523
8156
1328
440
16659
17811
7677
10511
10411
9435
1574
14186
6115
13668
3292
12398
12008
14265
17144
2024
1098
4604
386
6600
2916
4319
5424
17769
13638
13989
7964
14700
3005
8937
15910
13358
15568
955
1110
14196
1453
16328
8307
10406
17424
7534
9618
17844
14482
5032
4918
15291
13925
12151
10521
12390
1010
14240
11588
6262
17512
16986
5511
9132
11805
13369
13012
11667
14614
2832
9436
17729
6860
13338
12375
8351
12631
6838
12655
4846
14774
2162
4761
178
8616
13341
17678
6024
14647
7351
6748
6992
15788
3276
8594
16993
7499
16696
868
6545
6980
11155
16442
1054
5966
3498
11368
4651
2105
9904
1959
10128
10575
12829
8876
2483
5218
14910
9019
3077
8210
10928
13185
9223
10165
528
10141
4725
17853
9578
1451
9153
8338
3562
12576
452
5522
14923
265
14366
991
15973
1972
6283
12319
6562
16032
9881
2874
5262
9284
4239
15854
1553
12111
8075
10419
6131
5844
3636
9724
996
11952
16920
4429
8867
12506
3203
9073
5715
1064
14779
8756
7175
5538
12329
5876
9423
3433
9440
5802
1655
7198
7026
2479
15100
12762
3523
6271
12688
2377
17591
11144
3895
10240
3514
14183
6929
8707
1401
4957
12902
4997
5396
14901
236
15787
8196
5570
16831
4311
14457
1079
3865
4525
4135
16396
4642
9227
8025
1013
115
8698
4622
7263
13644
3846
13314
10600
5787
535
6214
13510
3974
11792
12400
15413
14942
6453
14777
17259
13641
1491
3969
7503
14673
375
10484
9309
2098
9514
13410
10712
14896
4529
16051
12277
7095
2044
6410
7966
14284
16373
8332
15314
17465
17625
7358
6457
14839
7961
12667
1031
11673
11321
3800
9322
3019
14468
3207
13042
6631
14913
16001
17261
15272
5564
8024
9071
15080
14534
13074
15049
8027
4867
11553
15349
10121
12270
17230
4579
15048
3206
6343
7820
15383
12001
4751
9704
11541
11714
6556
17378
13564
13323
16250
1065
3576
7742
1980
13103
13717
2974
4440
15204
5828
519
8514
3924
14040
450
17555
5087
13939
9489
9792
2294
11153
842
156
7342
1366
6417
6164
5034
17669
10038
10866
3755
760
8968
13546
10067
11786
15276
1832
17256
6298
13195
130
10961
221
10481
14628
13760
3227
14244
7662
14483
2999
9741
641
12985
9525
13870
945
5959
8712
2569
14604
6311
8790
14894
9747
6226
12990
16668
12732
17556
14706
4782
6998
4387
3102
11705
8425
17209
10885
17294
6398
7619
3581
7491
12384
11925
13066
4176
6786
1966
10024
12795
3436
12340
4910
14300
448
12403
8205
13974
12805
1396
16186
14701
11934
14885
15733
6638
8048
4671
9807
11043
547
7068
6519
14112
692
16157
7679
7116
12647
9815
15303
8473
9316
10167
16047
8617
10465
5386
14238
10139
16084
12074
7828
9559
12451
14538
3947
15628
2894
11614
6092
6310
11255
16336
10685
12126
8010
2512
16406
10290
14844
13505
15037
5085
180
8417
14448
6488
5132
11485
5234
13808
6620
5185
4252
17355
5939
5165
4500
6859
9811
12242
11267
4211
9311
15346
6342
16411
13930
6840
12237
15556
15529
157
9730
13276
13137
8028
3053
7283
10477
936
10155
10529
582
15123
6596
8284
11525
10848
11861
6126
5389
11733
3346
16443
13026
1506
11922
3623
1619
17069
9225
4804
2717
10601
5474
3699
10062
9953
12417
16038
7462
2736
10987
7432
7864
1410
14601
6599
6930
14318
10415
10764
11783
14118
13241
298
3212
8128
13405
6515
6255
7907
5128
17798
15371
16819
7379
15159
2416
12632
14955
246
1571
17410
7903
17709
11149
12209
4699
2574
7233
12269
5643
7532
6885
1902
5161
14504
16345
10512
17396
13097
6493
5501
13305
13652
13488
29
12046
12741
7118
7191
14254
2465
15793
1500
5870
1686
8013
2322
3512
8669
14680
17390
3352
16913
3893
2113
12987
2904
11601
10349
13671
8051
729
13721
9949
8873
3785
3892
7382
9673
2687
555
9733
1996
6168
8173
12104
5451
14039
13452
11083
4058
5003
4313
10008
10231
5290
3033
15223
6075
6928
9256
17053
773
6466
11363
13475
2608
15647
4356
12222
17622
8646
3338
15890
9480
11216
15944
14377
11834
14929
1784
5976
1633
6705
12898
4261
8725
1940
1159
7038
15781
5284
7181
1156
17268
14833
2852
10029
11959
3228
6662
7173
9024
1390
6766
5652
7005
17502
5549
10065
1215
5863
10494
16020
4966
15357
8209
10901
14281
9685
247
16419
5533
3294
5505
6218
9280
11419
3591
4459
17416
5281
6853
8101
2805
17468
17850
9632
2042
17245
8232
6689
9969
5248
2067
17234
12367
11424
17340
10985
14690
14694
4345
2186
10924
781
15710
4706
12520
10485
10622
5385
14679
17859
17313
13738
14709
752
8324
13982
7832
17011
13177
15995
9990
8280
67
5955
6777
8719
602
7097
5119
10556
6149
14438
5788
5261
15068
15455
3048
9576
13078
3360
3552
869
5983
10994
5049
8554
12837
1542
2538
7845
4235
997
16079
15247
4012
8388
2915
6270
16561
12393
9346
1631
10204
8624
9762
11380
17170
11190
4971
16974
3211
12312
17674
5789
12763
5124
6703
16232
12927
7106
6176
10974
10077
7481
13614
15874
12660
13827
14387
8930
5830
11716
8741
7927
12472
1711
17823
15608
5043
273
11932
16769
13942
13583
6469
16337
6180
13100
9798
3971
16369
4682
13275
4091
15460
16165
4551
8115
17885
1282
2590
6066
1438
11828
3461
1131
14742
940
4409
2895
17175
9097
2020
9633
2607
3370
16448
7262
7316
13879
11988
8696
6937
12437
1227
1455
3270
9653
564
11767
11461
9549
5393
9668
12407
8582
16994
3722
17682
1456
5232
3986
4305
14829
5304
7296
13168
10089
5142
14870
4917
14101
11797
11196
2255
14117
12372
16293
12618
2229
7620
368
10378
15771
12217
4847
14327
8181
10769
5904
17832
17117
17422
7401
6999
755
4361
1321
14558
13927
11487
16366
1073
1928
12731
4017
1991
6430
10883
6959
14465
4981
17657
5341
13559
11505
9017
5945
7768
16829
12974
13128
12975
2849
4423
12933
13416
2123
10379
9848
12751
5178
9131
13988
10684
5948
11962
3513
3774
187
1987
7261
10850
4943
5475
10278
3100
2947
15528
14895
5197
2786
9671
5412
16983
11258
4673
9010
1402
1840
11431
7377
983
4668
43
3673
7913
12730
7948
10021
4061
15983
4904
10336
13024
12044
357
8821
17075
11526
9494
4260
228
12496
14851
16787
15869
13985
16509
14652
4885
15609
10330
3404
8343
11323
2727
13915
1740
13728
9764
10335
14280
8330
8020
13332
14649
3379
12904
16790
12037
14935
16917
6424
2131
13693
14826
4721
14237
10409
14588
9826
1364
3131
5460
2835
15971
13414
11477
17082
14138
7000
11791
12699
3570
6174
14384
8780
270
16613
12120
12803
17484
6128
13677
15949
9257
13517
3517
8902
14381
8061
2650
10898
9392
14619
15160
465
7103
16074
4290
5685
293
12055
17139
217
15823
13776
2615
11843
6184
5007
37
2674
17073
11384
2195
7636
7594
10710
6961
1634
12903
15552
17038
4456
5547
21
14219
8939
13336
11050
4669
4268
15356
8132
14830
10694
387
8814
439
10238
13560
962
10098
3766
11785
15993
7857
5373
7241
2744
17890
12420
13950
622
16951
1160
17063
3031
924
2591
16325
16184
7647
1974
15442
13246
7436
4278
7702
6527
13643
12899
39
1462
768
4212
13554
5140
7878
7774
4262
2476
17697
4990
9644
17526
15178
11370
16438
11478
7485
12669
2109
14109
13264
13516
11864
16087
8153
8026
13254
5100
5516
11271
15857
8767
8493
16385
6154
736
38
10616
12799
7323
10054
13368
441
521
1399
4800
9701
1351
16562
6357
3148
2525
14135
14194
3182
2748
12773
2876
14393
1627
16318
2417
11524
14167
3629
3362
13578
3050
17014
8952
7633
11774
11299
1294
7463
16717
9567
4408
10076
11954
6479
16602
7653
12135
13665
6741
10824
11113
7617
15042
13044
14074
13609
10246
1852
5984
15748
17723
16201
17421
17425
17707
50
3376
12278
16883
9164
12212
8433
5187
7973
9384
10944
17745
11826
12856
14578
13576
3357
9275
9198
9204
6325
2298
9864
16401
8505
6803
1211
11012
4427
2563
3483
204
16216
17002
14781
4785
1772
9119
5626
3412
1461
261
16491
8706
9729
16437
4994
11692
15278
15445
16292
9294
477
10549
5354
2000
12254
8560
10957
16102
15157
9350
455
3920
16871
17079
4122
5473
15101
9596
2526
4758
7247
12085
5817
14590
8716
15778
10295
2452
9959
6883
4927
17141
16251
16343
2788
7248
10468
13434
13595
11377
16884
13034
12552
14642
14242
10169
7476
15029
5445
3788
1239
11718
12722
15897
1383
2675
5506
8824
9141
16992
203
2183
15287
12219
14310
6500
6147
877
12391
12569
11277
3856
9134
8806
10583
7850
1862
14696
16078
14945
13485
15867
4096
10936
4916
3476
5268
8864
7651
13858
1916
4979
15504
14341
8863
533
12703
13791
3945
569
12196
7867
1771
17146
7601
8802
5590
14978
17459
17445
3510
17155
15337
3382
12753
3162
3111
9861
4595
5014
4050
1377
11272
12519
11429
352
15063
10705
4784
15813
632
6951
6196
15672
7607
7936
13694
13268
1100
2350
2750
11410
4687
16922
13250
4648
16269
13285
14326
16317
13484
12645
4620
16721
9983
13490
14907
2575
16246
11007
16751
16631
833
11202
14030
13474
17611
2878
6175
1749
4972
13481
11946
16848
17048
10830
5293
4336
16945
9150
9083
8066
7109
1764
12127
10001
2403
2792
6598
7372
9743
16688
16096
9433
3264
12501
13493
13696
8300
10322
1653
2603
70
9013
1743
15798
17133
2005
731
16594
14674
14931
10709
11904
14475
11609
10779
4112
13540
4169
14350
1675
4028
8858
6996
3445
11035
8204
16676
0
8946
15977
517
11075
10035
6611
7160
8735
10624
10436
11634
6141
9655
5098
14002
15601
913
7093
4572
3769
2712
17347
17434
6140
4743
2664
606
10267
475
382
17187
6246
14361
5117
2668
7212
10439
431
9160
4722
3955
81
16538
11821
10142
2699
10152
15352
7447
11890
10499
5676
811
2954
7086
98
9553
2903
15848
17061
7290
5635
14160
1103
7564
10351
11105
6520
7313
2533
5090
13993
2320
4989
4369
16959
6649
9357
5839
13061
2396
12942
15549
17132
11858
6858
6030
17192
9429
5371
13054
4922
15773
12573
1808
11837
6245
8629
2408
8285
14028
1291
5664
6702
11336
12404
15875
11167
1459
5493
10126
8971
11270
14283
10028
7806
8878
2920
11333
6017
2547
14612
3848
2435
11956
5272
16042
6731
7598
14813
2510
520
1240
15688
12516
13599
17367
183
5327
15704
1564
6566
12480
2405
2008
9086
15301
14340
17610
11800
12605
2096
16274
5675
5823
10497
6618
8155
5004
1967
2223
6993
17837
13326
6886
7360
2601
11921
3084
15396
2998
13198
14353
12474
9909
9308
3932
17316
9803
15594
17708
15135
4540
11707
195
1833
11715
16307
916
1126
2198
11671
808
14920
10645
9250
16932
5513
5278
5155
9437
7803
3743
15312
10986
8793
14065
15524
14436
3406
12937
7279
3021
9286
5452
12294
8668
3524
2202
7273
13919
413
11702
12986
554
895
10314
12982
6870
17688
3151
3158
8145
16603
9533
7750
13377
15754
11411
17383
6348
13319
4594
6678
3583
9448
14769
15412
4514
11320
16397
10478
4097
12164
14854
16333
12694
9184
3880
6161
9778
295
11558
16549
17701
14203
15281
14107
15786
14084
15976
17135
5166
16261
9597
6707
4478
13178
15183
10326
10535
7799
125
500
12708
12160
7292
199
15732
2334
13972
4760
13113
652
14222
9444
17860
5288
5456
1668
1606
11883
5615
8033
11104
16832
9836
15810
16289
14849
8918
13854
617
3167
16683
6735
5837
6955
10125
6994
5842
4865
4513
14908
11399
6256
1794
2969
17542
12220
12955
9483
5468
10138
11599
10004
10733
16835
8331
1044
11997
11129
9999
8783
15958
9650
4279
3397
5470
10321
17362
8214
8857
541
17573
9886
13201
4802
15476
1497
3980
1476
7232
7604
7037
5225
11274
9682
9839
55
10147
12777
7369
1419
13911
8625
1492
7172
1880
13117
10174
9926
5432
15365
14496
4523
8230
8187
104
14949
13907
10713
13436
15067
673
2391
15774
1610
17881
5145
7355
16619
663
4467
4087
16160
1575
15946
716
2963
15174
17184
15109
17190
7663
15762
9847
12467
9152
6670
15745
4810
12711
17672
15216
13656
10129
14221
15274
14191
11028
14471
4582
13289
10687
16589
15522
2891
15963
14296
10068
15200
16666
8180
9159
17398
2499
1225
11139
15934
1983
3069
8216
13447
7022
7640
4338
15380
3518
12670
14075
4119
17635
5623
5376
6233
14903
13952
4786
10508
13872
12834
4005
3116
13010
12485
1207
6514
6730
1432
15098
5011
3446
11866
7192
14939
14146
2353
6573
3336
6358
367
9691
6920
3864
12095
11311
13173
16163
15957
6428
17544
13329
832
15941
15176
16158
7861
12431
3463
8784
7035
15105
8310
16450
12053
8545
16822
3798
8012
4065
15913
14427
4130
13752
12847
9612
779
14682
16682
3654
14786
15186
7892
16171
14618
2926
7506
15850
15999
16290
16088
2463
14662
17577
4547
9498
11064
4695
2018
3823
1379
13883
123
8017
14261
9930
9028
6717
11002
11953
6380
13069
16014
13498
10287
12207
8765
11757
8834
13594
9267
1820
14115
8583
1309
6439
2172
12238
14177
1593
15328
95
15880
4702
8885
17161
9431
4501
14944
6320
7793
1897
3881
11037
3508
5918
8831
3170
13622
17651
5756
685
16063
1517
9873
10220
12709
5711
15166
12080
8405
2121
3910
5352
3322
1594
3051
3334
5375
3748
10793
15372
13186
5683
2393
9312
4715
12287
15471
10644
16840
8842
6487
11579
2781
6794
17283
17239
15706
4560
11163
9389
2616
310
3374
14984
11759
10596
16295
5751
9702
15318
9794
14513
12232
16123
2471
11074
2278
14215
15960
12301
15429
4254
3449
675
8992
16956
6880
16778
7732
12131
2909
12444
12224
12066
14391
231
9162
6635
4442
12147
9918
7363
16176
16188
3559
1143
843
7752
5457
14749
2010
5160
2099
17436
9499
10563
15883
12158
12031
8535
5036
17193
1195
13313
2088
3073
4397
13437
12939
13467
9002
11194
17821
7762
3205
15394
15055
10257
17640
8604
17022
3811
1925
7602
16695
16347
132
14026
10617
5806
17290
11442
7911
8699
14731
15856
14909
10899
1061
13265
16272
14663
9331
5614
15032
9932
17855
9640
11217
9877
1187
8519
15842
9543
6094
3029
3253
1821
12181
1074
7407
4088
4556
1979
5439
6387
1676
16977
17
13300
6948
12558
4468
2661
11010
10518
2254
1744
8004
4545
17791
10194
13407
5861
15494
5211
1773
4559
17250
7505
590
8615
15595
1715
7426
1661
11924
153
13775
8094
4686
4286
16498
10162
7136
2047
9875
14598
6434
10331
10678
12912
3133
2285
274
17169
3977
14501
7748
6337
10176
11502
5207
7563
4288
17717
3375
6304
4689
10786
7393
2276
16653
9571
15664
15487
5339
13483
2740
10317
14820
12166
12976
15255
10022
13824
9233
16365
3951
12428
3712
4652
11329
3130
658
17089
1255
5323
5653
13748
5330
8154
1835
2795
4862
5534
6244
10498
11613
14145
1045
713
13086
5832
11173
588
10564
5592
15179
17028
17447
2829
2667
801
12175
17157
14032
4610
438
4144
11295
11293
17246
259
15071
15685
14470
6837
326
10715
9713
9065
9769
9891
5359
14226
15604
10437
11009
5642
6049
15309
8454
6935
8359
8350
3097
11275
138
16388
14607
14126
8345
15007
8614
13589
9796
11345
2948
6034
12174
4690
101
6946
2466
4741
317
15961
11067
15950
6431
11393
6000
6499
2119
4615
16691
12815
11882
12355
14668
7409
712
11810
5666
13382
15899
11021
4964
2936
6577
6042
8640
6382
9295
17265
9830
12636
1679
10878
5179
16519
15246
8558
6811
17045
7546
2124
12273
9222
1458
5314
2445
14919
9458
17642
13293
4400
16587
16323
6243
4633
2325
14693
2906
14666
961
10491
13095
615
10861
68
13802
10380
3861
4052
15920
8360
13633
2410
2357
7032
15624
14921
13104
8353
13963
2215
5825
2270
1957
2261
4404
2171
7376
2437
7180
3467
3032
11831
13574
13267
13079
10875
17692
2021
15054
12866
934
16429
3316
8018
10537
16973
127
8566
2312
1150
8256
6933
17162
1320
13429
9772
11197
8592
7120
16359
12850
7576
15531
25
17658
17278
17041
6821
14659
4417
12733
17111
6947
14198
11568
8246
3729
11376
4607
6826
12374
16308
11006
12309
9005
701
12218
7745
1490
12173
14798
12693
11284
1145
7681
8818
15725
10221
16729
8569
12240
8302
640
4482
11538
10368
12213
7983
4787
12130
13077
12345
12950
24
898
2429
1839
8920
14559
10560
2772
12549
13106
9300
9174
6251
16905
4179
3934
14034
7699
15836
5795
15094
7252
8064
14259
2718
12049
7572
11668
12353
5425
14422
16514
16194
9556
872
6491
1416
10620
14865
2366
15588
9272
9143
9731
255
6148
1770
2174
6470
15959
14999
4655
13003
11700
6355
4841
137
17091
4056
3286
6823
10214
5565
13967
12742
14741
10663
2824
6893
15106
13933
5326
16818
5236
6392
13109
9670
13529
14432
7912
13237
3905
11917
12413
8355
9698
2964
4333
16477
10648
9532
3867
1746
2264
10686
1075
16028
12930
14861
11462
13832
6673
14068
529
14637
11802
9937
1121
10085
12442
14947
8943
2478
15799
15631
9463
4737
14756
14926
12997
11504
10414
2975
15679
5731
4684
15540
3169
11877
8397
4001
17803
15088
10815
17264
17178
5259
15687
12969
1132
8137
2488
10680
9214
12657
897
12756
16058
9933
1513
14423
14566
164
17287
3909
8356
17071
4617
10058
3815
15956
4161
2897
17036
7
5173
14301
6307
11404
10422
5453
16798
10196
644
14395
15889
4903
1710
5782
4881
10111
9683
594
9700
13316
4987
3063
3490
7125
2519
8424
11052
11903
13007
14461
556
2873
1385
1742
16789
14912
7769
13203
8645
15132
9598
753
7131
1763
17371
6922
7731
10732
9094
1000
3319
12926
1331
15231
12717
13956
9400
3422
2840
5448
12155
1357
4222
8822
16254
10334
2041
16595
16669
11180
15942
8518
5446
6290
16752
14165
503
113
10923
16034
10127
3571
3123
16830
14611
5472
7101
8929
16191
2542
7230
3487
9535
4018
10562
12289
15661
15758
16180
14539
2685
3584
10559
309
7808
14372
4269
9373
6785
13504
8703
16910
4538
13402
15215
5283
4921
8212
10010
4441
2942
15137
2279
14760
8165
285
6060
13926
5144
12429
8267
7431
15450
3608
2292
3030
585
13688
1400
4861
13197
7673
7008
4475
10251
2875
5885
14015
11719
5489
13361
550
16145
7562
2071
3353
4289
15353
3790
6932
16553
13726
17758
11955
1531
17815
9831
15233
437
17620
10785
17118
725
11581
12769
17381
15855
392
8423
11644
10822
10102
14728
3968
865
1694
11016
3317
5297
5015
5450
2534
10207
8201
14263
1501
5454
3732
11562
14498
11990
1876
4120
3474
16841
15295
15289
12276
3598
14456
9146
6881
6028
10082
2037
944
13881
13979
6737
7397
10031
1570
1372
6874
11801
4357
1295
11099
796
9870
1829
4398
6742
4820
5286
12461
13834
15417
4676
4939
2939
13353
17626
6537
7229
9148
6036
13302
12546
15406
17042
11690
6770
8788
17185
14522
11125
1358
17094
14345
20
2957
15791
3096
9030
13263
3506
11708
14958
5344
15814
2958
5436
9246
3409
8935
7763
12286
3187
8897
13839
15251
4679
10270
10997
8794
2115
16463
6321
8648
8536
1111
5026
15499
4109
6595
1544
10112
5550
3829
12192
15428
844
15828
57
460
7029
8585
14991
3083
15028
15350
11981
3854
3936
4322
12150
15152
7613
16197
4121
2715
5312
1048
10061
2438
9626
15207
14250
1580
8431
2653
7757
10280
6792
5577
15684
14407
11412
10391
7258
15321
3838
3609
6747
238
14850
9303
14108
16432
339
11863
8006
5025
17770
303
16623
1924
5862
10140
2646
12179
13303
5812
10700
7075
11036
6109
14732
15038
1782
10275
13225
4041
12768
14157
3066
11849
1616
16684
2870
6322
2181
13958
16861
9255
5313
2122
14330
15881
1515
7350
1168
1810
5227
22
12606
2631
16342
8419
5074
5678
14258
9118
14695
11326
1340
12884
10343
12706
234
6733
1094
6834
6326
17191
1875
8544
1494
11100
1014
6916
14933
8354
6048
15535
17364
17589
2847
8038
35
16485
4844
7217
12190
3356
14571
2253
16464
4225
16071
3835
3762
14080
2639
16670
6385
14262
1754
2557
6900
7525
15789
5392
11501
10803
14814
3674
9338
3695
6617
11063
12006
8568
9879
304
9217
7877
321
6223
13154
16072
17080
6872
14007
12776
4734
9339
8287
9041
2561
4248
8835
15127
405
891
8394
904
5482
6645
3520
5690
687
17575
11414
16114
11397
11633
16838
14866
4036
12600
3813
3152
12723
11116
13067
7424
14937
6985
975
3421
16601
10771
2730
11111
8609
14940
7001
12515
9818
14067
5045
7418
11857
4515
6864
8877
2610
899
11386
1569
5989
14713
2877
17872
16211
16726
8426
5107
784
2427
1612
8342
1277
16944
254
15753
5056
1690
59
2457
13184
14719
12786
8731
5499
6754
16027
12554
15947
11492
17449
17796
7060
16946
10762
5552
16982
5238
10781
11094
8448
16758
2422
16416
5397
10492
1029
474
5555
7231
13563
14082
8705
1540
6709
5421
10677
13444
15194
12204
1071
11728
9759
7113
7105
15073
4282
17334
2626
9630
14460
1755
6605
4646
17267
8801
12107
14424
12811
1796
7507
9318
1734
777
14987
9589
7943
8321
3035
15416
2461
12621
7057
12585
9952
13496
4801
3220
6122
16777
7063
3442
349
5031
1918
5536
1102
208
17406
821
15545
10041
10213
856
1034
10567
5867
10106
4151
17516
3236
12210
4713
10156
13235
6778
3963
16705
11706
5785
1729
13833
361
2345
2980
9552
11262
494
17888
12051
17699
10198
2814
5750
5279
15845
1638
9178
10296
1921
2611
6287
4546
11314
2342
13439
7836
10026
17538
6467
8976
14724
15351
7527
1650
12993
286
8301
7900
14962
13524
14626
10995
6162
8963
6373
10949
5556
9563
2426
9976
13779
7326
12807
17288
4077
8139
2315
11256
14252
17571
17840
12943
12302
5778
14339
16546
15802
11118
15022
3186
13521
14018
9780
16147
11422
13966
835
14406
13390
12788
5289
1913
15493
5387
2866
1253
15213
8926
13585
5400
13454
6674
17594
2303
706
7203
15599
10158
4565
6763
10423
8846
7274
13420
5068
16559
7289
9165
5804
13430
13183
17442
16316
4116
6744
5229
4539
9940
12058
12627
3120
4099
4554
3502
3917
13573
8754
3745
532
1273
3089
347
12842
202
697
9328
3719
15050
3868
12435
5342
13836
15257
568
17810
16019
13774
8910
16330
6203
7011
4141
16031
13683
17113
14037
13491
7015
15059
15795
423
308
5388
1
17237
6095
8159
15195
1708
5076
1609
4168
9903
3444
16692
15209
657
12306
6282
16864
4047
4407
9240
8271
2577
14997
11615
14277
577
9957
3661
12914
10329
8644
11056
11038
1548
11865
4371
5125
7725
15882
1196
12156
5271
17882
13593
807
4276
10542
15892
13048
12378
9601
7052
6583
6967
4258
8720
7729
15168
2811
12862
13566
7860
611
4385
13756
13318
7893
6165
10943
10870
16844
7096
7574
9191
2227
6087
16985
15811
373
8889
192
4627
13131
6755
16754
3136
16173
2287
9329
14899
17179
4612
8008
9974
15384
17320
3801
16784
13865
10576
7343
3883
6263
4915
8764
7869
3970
9516
4837
10123
6460
6553
6513
240
15515
14132
13229
9734
16615
15777
7294
6517
11060
10912
13194
16513
5159
9182
15853
3013
15510
6461
12886
8077
11696
4075
17520
10953
1842
16744
5310
12907
17720
8589
15044
3899
3438
10834
2148
985
8266
17295
13648
3298
12321
12754
8217
7197
14390
17273
12966
4692
5780
9363
6377
9298
8542
5831
15253
4014
9829
3525
5391
16205
7480
13393
15377
5532
5578
15837
584
9465
2139
7921
13673
16967
10023
11709
10701
11935
2660
7930
13365
8169
2579
3714
6039
2643
16469
9314
4866
5596
4324
17749
14312
3174
7320
6780
9562
15219
8635
3876
6687
17074
17366
9149
16763
12186
8684
11745
13603
7164
4813
2694
16878
16902
16153
4303
5509
17349
12464
12188
13785
14963
2125
11198
1392
1567
3458
13715
378
4838
6407
5382
6201
9347
15415
5968
4499
15149
9620
537
5067
16212
5769
8146
17670
6200
4973
6972
7251
9087
1745
16118
16761
14888
17167
878
12823
11869
13634
3002
15551
2827
11556
3108
7659
12050
10081
16504
10474
15502
7668
11019
10109
12020
17058
14488
13126
16608
2854
8967
10045
9921
3647
8769
6721
1911
340
16424
1905
112
7243
1429
11072
17572
4471
6887
5878
9130
17757
7121
10561
6866
1095
10389
10410
1822
15555
9526
15750
8948
3870
3734
11030
2188
3794
4342
11297
10447
8693
11360
2589
3959
10450
5868
4242
16382
2173
14766
3858
10844
13157
3440
2423
8439
13617
3099
17852
14273
1998
2100
7284
6447
3775
14683
7076
12500
9253
4976
13790
11024
4832
850
8697
15144
16936
15517
10954
1365
2537
10197
11596
12039
212
12994
7153
13274
6756
9175
7997
2654
10906
3807
9109
5942
1007
17812
17519
6829
14083
11974
3599
14349
14878
13902
5496
4945
2571
4484
8458
4138
819
7362
13419
2797
12535
14022
15452
3218
6139
5517
6752
903
2468
16233
9361
2544
13164
14691
17125
213
13561
967
14029
1077
2367
3601
3690
14243
1671
12865
13615
16423
1592
2075
5298
13506
6349
635
11664
9243
3913
10889
4043
14309
4843
9103
193
7356
11290
5740
6653
1952
10507
13580
8694
6159
9593
11640
16104
3717
5305
13962
17197
15569
14645
11398
15907
14072
13456
2407
14552
5183
1388
319
10312
3168
12536
1473
12263
1702
9376
12000
9529
12025
10279
13755
15485
5285
13011
4294
2459
11208
16888
4653
7269
8733
631
9163
14975
5078
6006
837
12892
3942
6977
10381
10804
11780
14042
9200
3602
17552
15279
11156
6958
2914
14200
15338
10965
8600
1381
12936
14763
1640
12524
15435
5039
9074
3678
7240
16213
1176
252
938
17027
13783
257
2401
12092
9975
13343
10175
10386
1450
2218
8941
9170
8954
13099
16280
17521
1635
14971
209
8942
13804
10605
3957
16806
11175
8015
5467
141
11077
8647
5077
11912
9412
12483
5252
17750
15736
14382
10281
8095
8638
9510
1119
1970
14687
16788
810
2731
1964
10405
17354
7539
8259
10880
7405
10940
491
2863
8290
11898
14434
6528
7413
5139
17562
7755
9511
10783
10858
2683
3266
4518
6498
11560
2371
11518
907
6523
7566
9501
3713
16942
6697
762
1825
6177
2387
5747
5096
16904
17548
4511
16271
17647
1324
524
6526
15655
2726
7059
14078
3966
2613
15648
1523
1134
10234
11464
13445
17350
14752
10074
9575
920
15991
10817
11459
13698
17021
4877
3109
9564
11815
322
15447
5083
10825
10373
9689
3503
11663
12503
7773
15951
17463
13691
9445
3874
4654
6110
4023
8555
9497
12715
12356
1306
839
12396
17675
6302
9288
5796
15576
3979
11189
9208
15759
5884
2420
13552
3230
8737
6913
17412
7490
7735
13283
8830
14574
16229
14927
4969
15362
6720
15871
1851
979
10747
10276
10886
11042
14430
7947
14
9336
17124
3067
7004
13055
7064
1827
3011
8381
16617
7209
12628
15584
3391
16029
4889
11236
16054
13905
6871
5180
4678
2012
16998
14640
16870
17359
10721
3164
9076
12635
11829
3993
3261
15385
3536
10572
6433
6672
13998
4207
3106
8908
11084
6323
3706
4893
17506
2841
4196
17153
8643
17441
14704
7330
91
11597
9791
6774
17795
9686
6328
4396
6494
8386
1370
6921
12097
16879
8871
3747
9754
8979
8144
984
17705
5381
8552
4778
618
12567
6505
14409
6146
3549
3771
14776
3020
11005
13400
3882
229
15924
15451
8584
6601
8168
5537
10327
9140
6031
8488
3275
12948
14380
10801
15626
15642
7448
11481
8261
4370
13037
5018
16768
2143
5841
14358
6125
11446
14847
8136
17078
1183
4580
17604
14490
3304
10951
16503
14049
15747
1618
6249
13935
1232
10202
8665
3737
15935
15597
4516
11674
14915
16995
1584
248
8367
17310
3696
3754
13512
13904
8057
16628
10552
14515
17047
16355
4536
73
9606
5763
9676
1704
3007
4198
4789
10355
11008
16125
4153
7220
7676
14005
4011
1407
2265
15623
11608
2355
5105
471
17826
7696
16809
6797
7795
16708
5834
11438
14737
15699
15553
15440
3990
13764
14398
5294
4774
17630
16757
3153
3155
15767
5092
11749
9428
15868
12283
11881
13704
14202
12543
9029
17877
1932
8211
13890
851
7186
7033
5073
12568
11551
17217
5469
14168
17746
3538
10809
9507
3607
16238
7940
11971
5005
7622
8956
10459
11027
7195
15572
5883
6346
14041
11226
12833
12042
8651
4221
12680
1888
12557
1786
12108
8659
12798
16943
12849
16903
1947
451
6
16202
4598
12855
13072
4624
13945
3386
4078
9121
2175
11057
8334
6927
591
3759
7030
6040
16730
10172
16895
7400
10087
13610
5265
11642
15296
480
4618
14375
11584
12171
11176
13464
15610
15544
10097
3117
7054
6640
5177
7956
7733
1573
1982
7946
5829
12581
3962
4287
4666
8996
16466
1834
10937
4174
4190
1948
6612
5917
4656
2470
6038
196
189
2031
3967
16837
13705
12504
707
5580
8832
17057
1891
16395
3480
5079
1795
9075
2861
11914
9786
14446
12620
7185
9591
2072
14655
8308
4024
11993
14838
4983
13015
1859
15008
107
11894
587
7778
7403
4197
4956
11539
12348
10088
14517
4577
16198
3359
1496
6658
14858
2982
13508
12641
17500
2530
10632
5576
4762
17530
4230
9332
5979
5909
14677
7628
6396
9993
13327
6945
13734
1037
13980
90
6962
2110
2219
14597
14656
17583
1986
4473
3643
11931
2453
8894
9326
10051
13070
15614
1613
885
10483
13433
4352
7028
1605
4391
13
8279
5361
9805
7522
5987
1404
3213
14184
12913
4661
9166
12490
16968
13080
14783
13470
5607
1146
13188
1158
4200
11157
12817
11827
7314
5757
7739
8909
15819
5374
11729
3081
16013
3842
2406
14616
3312
9001
2343
11557
14201
17386
6950
14396
12977
12551
3283
2424
17631
8363
5066
16487
1879
13773
6843
9391
13160
1720
6713
15458
17242
17017
6265
8690
5732
544
6277
6198
17143
48
8899
4512
263
9753
11628
17865
2929
11241
2120
11736
15865
8250
6230
16415
15841
12079
15918
10729
8709
9416
11474
3059
2677
5718
8319
12285
2212
11725
4887
16291
16110
12078
5515
8118
10400
642
14363
17099
6029
8202
3667
4755
10608
9964
14586
17276
2304
7237
15225
14354
10909
6222
6370
14803
13159
16805
5408
5483
15820
1975
15809
14881
9945
15840
3700
8497
7079
12189
271
7603
17232
14890
6289
4944
10500
7494
4628
13425
8642
7159
4204
5336
11859
9434
16863
7561
1642
2347
13179
17333
11535
12712
6156
8531
13591
17797
8982
5334
12297
11532
15953
9490
11639
15659
719
8766
7618
10919
6354
1867
1518
1799
282
12858
3885
8807
16874
17343
6941
13781
8522
15981
17081
1582
16770
4042
15693
8186
9687
10837
3246
13424
14421
5923
13569
1318
11626
9281
10000
14568
5209
7042
11296
2521
3890
7955
5758
2799
13923
10724
11752
4412
9678
2002
14405
7396
16850
1124
13666
10841
11318
5080
495
4746
1412
7127
1161
6005
8362
10232
17802
5630
15970
1299
3894
1762
12818
1646
5167
11563
11332
17794
5708
7685
2789
3611
2681
4418
15250
4219
7134
6299
9220
11646
14671
7523
13380
876
13816
6401
6181
10338
3076
9478
954
12149
14961
10925
6414
8158
17754
4643
4769
5148
9089
5539
17308
8100
16875
3139
11676
4265
12070
13846
14646
8171
3931
10666
16780
9718
1055
5337
1868
15921
12296
11980
3337
7122
17764
4436
9335
10300
5104
16713
13661
5317
3310
12772
10301
10956
16111
15155
9977
10418
10860
8861
17305
13582
1482
16507
15419
3565
9777
1617
6897
7578
15226
4055
4738
994
3752
4367
17535
9021
16315
4611
12556
10829
3179
15730
3792
7905
7364
5914
15249
6209
15320
5848
15078
3321
7010
10881
15491
16473
3698
5320
1691
2749
17700
4998
977
2431
9876
5733
13056
11876
8273
9236
10012
7007
15463
12714
7428
11244
17546
16948
6237
7040
4829
12564
3978
9455
1398
10268
12191
12489
10711
11656
14968
9195
4901
5935
14478
11832
15689
17389
5147
3068
3604
16066
6548
9292
14009
13598
11114
7514
16539
6113
9584
12284
16075
7821
15264
5907
9477
15860
2541
3331
11868
3535
2485
4213
7226
4792
3448
6879
5430
9038
15985
2709
2979
15838
9888
10376
4978
13767
1125
16276
16313
668
13778
1732
9158
14467
11338
17023
13787
1714
12555
13399
15578
14225
3222
16643
6888
16814
8083
11655
7638
12311
6923
1680
3691
6949
11022
5212
9248
3781
6257
8620
1977
16799
15115
177
17148
13190
3009
10673
7872
15378
2434
11574
9293
14019
16431
2543
15525
17598
14217
12675
8988
11789
823
6475
14954
11454
17602
2532
11086
567
12086
10637
6621
2293
13821
3308
5099
8390
13931
394
10873
9580
2885
8063
5202
17893
2073
11467
17007
15484
4733
14164
12692
9482
637
3429
10959
1051
2889
1670
3274
586
17623
863
12259
10146
16535
4585
15196
1658
12331
11787
7143
14054
10706
9566
1297
8989
2943
2698
10939
12825
11448
1144
3364
11732
10407
160
6960
506
9588
2493
5437
13912
8595
4377
369
17533
8606
12292
4125
13932
8796
10324
13176
7072
11499
14595
4694
14905
11939
3569
1300
9832
17470
15505
11862
6138
9327
5814
17666
829
7890
13702
13627
2251
13618
2236
16190
4756
4636
15344
5459
1067
4768
7789
15218
11930
10271
16187
1422
12208
10933
12399
4835
4880
896
16975
9283
14370
13209
4740
14091
3226
5967
5621
5023
17863
4826
5349
9171
7627
10667
15102
4217
14582
4780
13415
7235
13948
3224
11585
10649
10323
4873
4630
15526
1522
13538
2669
6071
1285
12566
5364
1374
13953
11458
11385
7088
7333
15185
6193
16320
1214
7718
302
3201
5760
5981
12934
16706
2205
14519
3650
16662
12102
17653
12445
377
406
11901
4094
16093
14148
16105
11335
16148
1721
5558
9616
8922
1728
3507
16593
4963
8291
7791
15486
17289
13463
10078
17304
17251
214
6378
2981
16642
2321
16811
5130
1526
7451
8107
2633
10838
16644
17208
12876
17777
13653
7588
13528
3783
4437
9230
1231
6905
10475
10361
6402
11582
16866
17543
14323
13850
3012
9061
8226
9447
2356
16749
16383
12113
12870
11207
14785
15514
4988
14492
9000
1192
4253
3530
6844
372
17180
13664
8040
5741
14811
15696
16898
5541
3558
6877
12057
9541
11228
4723
31
15120
11107
14812
10683
402
7978
11460
2034
8847
9382
853
1541
12820
4218
11430
11350
4750
10443
2949
2540
3834
1757
14071
7453
15260
1608
8757
4497
9610
12727
11853
10371
7034
4649
11235
4954
1263
12863
4102
9125
884
2559
4629
12077
7695
7972
16284
11583
16016
5956
9108
11680
6405
746
10734
11148
14433
7249
12350
13896
15694
13253
4530
7440
8141
9157
9320
16732
6616
1507
13431
12744
17223
9895
5150
7053
6760
6014
15846
9242
10854
3135
8499
12530
1251
5770
4808
8303
331
9542
16843
973
12662
17357
8779
10636
8621
9663
715
12835
15189
1181
13084
12421
6974
9901
918
5244
11963
8972
17001
15147
4902
5734
17407
12377
5379
4608
8923
2378
1889
15333
10394
4587
69
10676
16906
6366
1944
13347
7301
2216
16070
14817
16299
328
12921
13572
11830
2940
3233
4205
16264
11081
10040
6684
4003
15852
8714
8277
12015
7896
1765
9896
8047
3247
12010
17481
16483
13535
17322
12201
4095
6421
5405
13297
399
16648
8994
9672
17233
1824
3478
4259
3935
12879
3107
17369
17363
8887
10136
17736
16353
2344
5065
9459
17586
16976
2014
7938
4148
11947
13695
5093
8791
12918
539
17491
4567
7224
17727
2968
7761
2023
17236
16980
6119
5952
857
14685
13087
13356
396
7474
958
3809
6690
16440
7928
14692
15577
3887
8509
5519
11101
11872
763
12323
3739
7475
13216
16218
14661
15872
12300
2339
2249
4878
2995
1197
10160
2769
4502
9965
3314
7655
5964
15343
16707
6280
7567
12106
6825
8398
13127
5190
17587
12910
17149
16121
11120
14012
11592
8970
15567
16797
7117
7434
15381
15955
5019
5852
10318
7723
15967
747
15590
6001
6135
10810
11334
2629
4086
12740
6975
13635
16663
10366
13744
15454
2386
9648
12459
5358
411
8747
8746
3685
708
2364
10849
549
2783
8269
3666
7925
4229
14531
11470
2128
8383
5052
13193
3311
3817
10828
13150
5091
4193
9651
7094
3380
3473
9179
5198
17437
2381
6981
12591
15509
94
17461
9415
841
9469
15996
11348
8931
13996
16131
4246
6507
3121
16378
15563
10143
4082
6818
3985
1648
11566
10868
2152
6694
4394
8255
16258
159
5591
2640
6384
8856
17420
14654
6496
8228
173
5985
4537
1559
1727
14625
17785
3633
17393
10297
4693
11517
1395
1896
10385
4216
7352
6667
3459
3112
16331
3768
2966
14992
11059
513
5803
1274
118
3415
4234
14892
11508
9044
4698
14152
9133
5331
9973
16890
8262
12211
181
16510
14669
2268
686
925
5995
3028
8437
5880
17673
5610
14236
8175
11540
13200
7487
93
13568
11325
8263
15420
2135
11440
8872
16640
1703
12152
15728
8404
13019
13202
2250
13619
4189
13830
16139
15041
8286
7496
14287
1465
5800
13308
11727
9211
7297
14943
14569
17213
15760
8841
7161
4959
7421
430
1190
15636
12668
2956
8082
9581
4557
3703
723
2352
10867
10036
6495
16725
9823
14059
11637
16860
12316
5896
14795
7932
17730
5737
1801
17834
11534
1759
4875
15117
15712
2083
8667
14056
13458
14342
6758
15013
12370
13260
13770
1078
10811
2790
13951
210
1376
7489
12517
7471
9430
8602
5961
4186
4084
10490
1217
12041
14989
404
2151
135
3159
3628
5695
5720
15629
13406
16740
8634
16444
10543
4134
7357
3163
10122
12110
11528
13182
1140
4236
2644
4068
14417
4851
12271
10096
6940
1169
13243
15124
13383
16454
13181
6781
17204
8504
13891
14797
2502
6292
3784
4753
826
17272
11110
6816
9287
6053
11751
3052
11303
11158
16237
6718
8221
4827
14754
8797
17766
13801
8726
4487
14846
8721
14804
7347
3065
16172
818
10116
10774
6129
6629
15844
7772
3237
11223
16472
17037
3741
3804
9852
11420
13121
5933
13057
16735
1603
1521
9694
8495
14530
13065
15506
11657
13649
7811
10787
1696
418
15715
9443
4340
15355
16217
5954
2899
9380
9738
12339
16923
6833
2208
14209
7441
12061
13680
5684
17227
17000
6444
4489
11177
9353
16703
7904
9884
12441
10393
6072
3921
8578
7444
17784
1644
5251
17763
16701
1904
2306
12995
9938
3034
11873
9557
12425
16240
2821
4053
5441
5410
2638
5195
7282
13494
15192
10971
13374
5693
13071
15495
2658
645
15395
16715
16779
12438
13321
13047
13716
17714
14346
5184
5663
15331
188
16192
9524
10496
11546
15709
12463
5585
13412
15919
10625
5916
11273
1470
5291
17090
200
563
15583
11041
6676
481
10501
9737
3313
170
6914
7698
10506
4825
5245
17258
4948
8808
3855
7929
4888
11521
6931
11040
6055
15562
4781
14904
5169
3550
11490
12598
15369
4803
11874
2800
3351
2333
3787
15473
11820
5486
4729
671
9787
8626
6715
16859
6376
6037
11684
16716
1662
3255
17328
14441
4613
16156
2599
15023
1301
17524
17365
3638
16738
14024
6383
4822
4923
15310
16486
2651
3400
11017
16710
10758
1335
5682
11359
2738
13556
4104
5710
874
17477
1226
1528
15334
15402
9393
5201
11793
13397
5113
6696
17560
11937
7711
12665
9749
780
4469
17266
17102
16658
9426
10233
13006
16357
15165
11915
2859
8453
379
806
5526
13921
11361
10308
12878
12234
987
1147
17854
10470
8371
8724
14739
5543
7055
6412
8526
3682
8081
12406
371
3330
267
17130
1787
7692
15464
9186
12932
7993
13277
1682
14494
10675
1599
8940
11595
15431
12397
15497
8879
11124
2370
13592
5872
6020
7383
4609
17201
14608
7520
5133
6362
15779
10255
1556
16633
3731
7268
16127
1931
16117
14602
2752
3837
11013
14479
15033
4593
5807
17050
10911
2728
862
9812
6890
8755
4645
2271
593
7584
12379
5892
9219
2573
12528
16821
6335
5016
7058
4850
4924
15376
3402
10691
10200
15521
12402
7456
8670
4897
7299
9874
16083
11150
15912
1881
467
13392
15025
17284
4811
8264
7688
8482
2925
10157
7843
13258
14055
235
5667
16697
17475
1130
11594
12304
3782
12846
5136
7433
8157
15405
120
14554
2409
2380
15740
1793
5572
2991
4072
13723
15329
13292
6478
2583
14100
12167
5120
10289
1268
16714
11121
15866
993
9409
16130
2201
7586
695
6896
13388
9046
9296
3786
15988
13630
5263
17183
14174
10892
3185
17055
14401
609
9484
7553
8432
17229
10053
292
10551
1912
6602
10401
1585
166
15241
17116
14599
1166
6281
10099
1205
1420
9568
8421
5481
1258
953
11033
5767
14052
12634
3940
1722
10094
11450
11449
3177
9265
9189
986
10446
1445
10631
1354
912
7830
16015
2809
16966
11687
15284
1847
1776
15217
14809
9457
6813
9185
2411
15498
12978
388
6516
17695
5172
8091
5247
3539
15072
2340
6099
649
2582
1336
10413
224
1347
14197
9116
5962
11494
8
4301
9681
11138
5843
11229
6639
6862
8098
12347
1623
7937
7270
9395
15012
12280
16462
2617
9843
17285
15975
7529
16009
2189
12084
14857
579
12223
11920
8143
6822
11281
10722
11896
11452
1883
17429
1684
9534
929
13136
10037
6338
14462
16520
11029
9565
5742
5321
12561
981
14836
6069
6305
16858
16048
9224
1393
9740
6123
12371
14450
14572
11134
14605
4057
7666
11573
7682
11916
7942
2226
7070
16575
1431
1622
6854
6215
6906
5593
12145
16937
15724
9761
1424
1614
1085
11362
5657
17254
2921
935
17306
14125
7215
17225
4507
9036
11199
8235
9145
11351
11000
11251
960
12470
1011
7931
10342
3989
689
1243
10017
12419
2064
4991
10228
9388
1006
8058
7368
3495
13244
3303
7573
8843
16410
1989
9912
2063
1572
9470
13174
4562
4076
290
2390
6995
9381
105
17606
15205
13125
859
17751
12992
16630
16285
4588
5636
10856
9872
2839
12724
5186
8510
15118
13621
16135
16941
17831
7430
957
3504
15646
5299
395
2011
3256
7950
12971
6455
12525
17379
814
11936
6991
245
1033
1437
11886
4330
12895
4898
8541
9506
4206
10020
4840
17395
14418
5053
11227
9226
4603
407
3094
7375
12019
11165
10681
8702
3057
5777
11234
4152
10876
9802
11514
14257
2032
7381
14493
5529
10019
16606
4564
11266
6260
16068
8298
16209
13273
10960
14368
13030
17842
12521
16178
6643
10515
5399
16954
12540
15131
11734
2528
14869
2864
10707
1228
4113
10569
1481
11484
6773
1128
3327
2084
3522
16185
13226
2996
4117
621
3826
6827
16557
7974
9878
9658
2576
5651
932
9771
3653
1256
3492
7373
2455
2178
4589
3862
2742
15229
4506
3496
10891
2684
2919
13903
1303
14480
4183
1733
12290
10741
7780
10630
6912
861
10192
11738
5269
2813
11421
16386
9003
12956
14447
17600
17528
8868
17122
15143
9607
487
6558
17561
16745
2951
1089
10408
2443
5094
11530
12663
14982
12701
6725
17433
2272
13981
17034
1602
16095
3390
3891
8650
12596
15136
17385
10433
661
9688
14529
13799
1681
2753
6863
7006
389
8631
1529
4795
13232
2235
11087
1760
3366
5462
15500
5275
595
6336
4857
11304
17171
17008
8639
17827
11806
7531
8866
3454
26
17486
4358
12052
6963
5749
10229
13943
17774
8844
8179
9206
17694
4845
7558
16372
16393
11206
4772
13417
12541
10434
11836
10134
2259
4100
13479
17579
9846
2193
6722
17532
1036
8244
13391
7715
2158
8117
1417
8407
11851
4773
17176
15701
2140
17200
505
10092
14264
7787
7796
6711
4839
12612
4770
7044
1598
2462
6208
16625
3064
12586
14021
1946
14360
17800
1629
472
5527
13025
17033
11062
6586
3541
1484
1807
6393
12550
15077
3175
4108
10934
12341
7775
13165
7210
5752
7124
11045
4413
1164
9592
6861
15325
11283
184
9070
5686
9722
16113
7325
9844
8471
1171
14524
14235
6379
5307
9127
4126
2054
3716
9917
5786
17659
16349
9168
4791
17206
15348
13394
16876
17624
9307
9900
7395
13710
17887
5938
12562
11948
7123
13379
4401
9315
17156
10244
362
7384
16126
16899
2373
4883
2652
9135
14131
13082
5302
4118
17331
14697
2484
583
5152
9502
3761
15481
8304
2305
12869
2588
14357
13063
4905
14678
4302
6178
11823
5900
12062
15388
268
13223
666
2722
88
11982
6609
16475
11665
3252
11658
12011
4164
7182
7298
16645
5659
677
11607
2600
5584
4510
15074
1537
13495
5754
8925
5062
5762
7014
14256
6274
15593
670
15982
797
7985
12288
15807
16727
10117
12308
14730
9305
15806
761
5588
6511
12184
8215
11957
11313
244
10813
4365
9579
3996
15632
11804
15379
8986
15259
2819
17109
8949
13895
5477
12343
3221
9106
15681
718
14255
6952
140
5168
8062
16846
12187
5101
7982
13208
4583
5716
2692
13889
16055
16086
9813
13269
12215
16580
11133
14334
7467
15304
11645
4732
12327
12774
10299
9479
12681
8973
17515
14452
9012
7286
5492
8322
11545
3987
8312
6264
7881
12764
510
11788
8711
9476
13278
16679
2865
8710
9793
7724
354
12325
15222
13565
17836
8416
3795
3289
7883
1021
17759
350
575
15180
16637
2360
9274
128
11647
9155
3122
11870
10193
939
16823
12068
13692
17578
6452
15461
3528
1001
11577
17092
3350
12045
2959
5242
12648
2690
11069
14129
8763
4992
5422
534
15639
15533
5728
9144
7466
11755
1038
10431
9544
148
13256
5153
5138
7667
1533
9649
592
4083
12101
691
634
17819
9379
14014
3424
6512
8683
13732
15822
10230
7917
9911
17698
2556
12861
14023
2472
8218
2016
2872
8249
16828
12583
11889
7790
13375
14267
4767
17490
1333
7069
12484
2822
13207
7571
10587
1806
7842
15965
16990
4864
7851
6535
16635
8195
16927
14748
7511
2637
7853
17318
8932
17849
3192
6964
2331
7264
7077
9249
3884
1444
10395
4704
8242
14620
8836
11044
5057
17164
15335
3778
9934
15824
12875
4498
14248
6812
14824
6426
654
14404
13713
6669
8452
4601
216
4952
2893
6815
1249
2290
16629
5378
1846
9602
5816
12328
5971
14924
8975
16220
5582
12996
7552
4568
4788
16545
11844
8628
4167
3820
400
4291
8657
6211
15972
10288
15678
13355
16889
14502
10476
7717
4527
13096
16481
9317
11846
9893
11561
15554
8664
7838
1516
13349
16984
1894
7250
1464
13487
8607
11001
8809
15670
16179
11269
16231
16387
7304
12802
72
16505
7737
15602
5953
2869
16091
13116
16389
1123
8377
12614
6480
1510
16969
9068
15997
1275
13689
6865
4295
11497
15537
10256
10016
5866
4763
7119
5999
16425
16286
15062
4038
5540
12638
10293
12412
5267
117
8382
14775
969
2983
3447
7815
17142
13023
34
9425
4430
6276
1560
5641
5315
751
8001
7213
2517
6194
1186
5661
10746
8980
15843
15634
15929
7984
14355
1597
14794
7556
2116
12630
7998
16693
7165
16489
8944
9867
16544
11653
12486
4962
260
12608
6391
8441
1978
13840
3095
16474
15125
16049
5530
15585
4909
5350
1199
13376
4079
9474
13532
5502
7419
3309
14249
8743
9624
17627
6668
1056
9215
788
15363
5000
14545
16097
3540
572
6634
5213
8378
9210
4663
623
1206
9539
11978
3399
16851
12122
16360
10842
100
2970
9728
11641
36
13886
8701
11079
3780
13663
6059
7812
4027
14428
2436
10633
13301
4731
13333
8770
15550
17076
13675
11593
4578
7174
1475
2586
1723
11698
11308
6904
10958
14715
15399
3171
12154
14266
15617
2247
16162
9358
9646
10981
9343
3573
10792
15770
2962
3851
1624
3668
17452
8778
1460
15275
13659
12871
16885
13629
14658
14821
3930
16137
8911
7665
16773
315
1032
16128
8904
17173
13805
3724
1360
16159
6242
770
7267
6440
391
10164
9978
16867
838
10851
16548
11339
15154
4533
7736
2746
11748
3648
1601
14974
17196
314
16017
1346
11401
9946
6889
8913
9006
10643
14897
12928
16288
7540
14808
10412
2009
16082
16490
11942
3681
3043
7744
6106
1930
10180
5579
8164
3157
16010
8135
3960
14227
2725
13090
12868
14767
16221
9102
16418
565
4517
7277
9636
1259
1863
16656
17085
5851
4807
12395
6646
8140
7876
8272
12161
14369
4349
16935
15832
3418
9291
11576
7895
2043
10538
14476
6619
1129
13910
4029
10978
2913
2028
14722
1229
17189
9486
5625
4816
11689
6571
13679
7478
12778
8150
13786
3396
4111
11143
6388
3827
11569
13501
16122
12666
7996
7706
9837
6677
9919
10080
17824
15266
7141
10377
17722
16650
9101
4384
1174
16234
17077
17654
12637
2107
3217
7083
13153
12889
10777
6633
5204
9739
16073
15640
10627
5662
13670
7315
13873
12683
14088
12643
3566
15140
2682
10669
6789
16765
13279
13161
9356
3232
1397
3082
8251
8590
14324
15057
6074
14780
11047
14288
10614
6710
11649
3452
496
17004
6729
15671
1871
6957
8203
5181
6839
17275
2680
7046
325
4191
7674
12067
13539
12797
9419
2527
9370
14057
15426
463
2274
7404
14208
5182
774
2241
16154
16374
11204
4708
8043
14408
9763
2971
2843
5929
17869
11897
6432
9078
2163
3450
2554
5255
1775
732
15586
5002
2319
2880
3383
3806
3178
15616
6297
974
1136
11317
384
8254
11246
2567
9913
3070
12587
1866
10696
2908
17106
512
4380
9699
15548
8000
8525
1355
6706
11860
10977
13259
15345
11683
7831
4869
1934
5932
5847
3869
8036
16004
1394
8492
4535
11343
11790
15805
1414
6331
230
16991
7952
6497
1504
15849
14175
12789
4696
5108
12265
4968
8042
5571
13499
6529
13351
9016
9712
2850
33
11564
7720
4354
6810
5674
7184
9828
10
14299
15018
10816
1530
1949
4129
9377
11457
9183
6195
16531
1514
4490
5811
6070
12282
15605
7870
11068
11004
8457
7171
720
1278
2907
8477
1120
124
17545
6490
13558
7684
490
226
10056
1046
5222
15984
10672
15518
7788
14650
2803
17370
13148
9519
596
17564
3956
10359
17035
1872
1115
6312
1319
1783
8655
7758
9420
5070
14272
604
6686
5367
5998
7880
9441
15254
10527
7987
11713
2922
10503
7341
16236
17326
6976
3425
10918
9359
4245
11211
250
17467
4509
7366
12299
2791
12623
6663
12272
16223
3693
5368
16607
13298
5008
4092
1621
5433
17298
10698
12514
3333
15324
15718
4833
14481
7488
9692
16364
9324
3671
152
7596
1257
5899
3805
8759
5295
10063
518
17084
2846
5111
15862
8311
10118
10930
13441
8507
11340
5365
4007
17689
12258
1781
15579
2477
8739
8803
4383
11493
5264
3606
13083
5865
288
13337
17693
8106
13105
14455
7115
10914
489
3763
8666
4634
3529
4416
12800
14386
2289
6052
16116
84
17531
734
9923
76
12508
5990
5631
17489
15673
14788
4393
14223
13221
15172
1909
3961
5277
7206
15161
11264
13448
581
323
2070
3432
8860
3453
11088
3923
6683
2017
10796
15228
8213
10751
2978
3260
9667
8983
5069
6445
10659
1088
3926
743
12590
15483
16243
2197
17198
8358
2732
5707
10486
10610
10998
2019
9690
15752
10285
9495
5051
13119
15268
12206
17311
14104
683
10742
7047
14185
8853
6727
9023
6746
7771
14270
5709
10364
15211
14639
3707
14951
8673
3866
4366
6585
12809
2665
13210
10657
7291
10893
3242
1260
14172
10872
8384
4103
8306
1091
13766
10808
2399
2514
5714
13878
7626
5871
1423
11754
5672
4264
3793
3223
9040
8729
4504
17026
16804
2714
6301
14721
3210
11387
12226
9063
14123
5266
10843
9374
7557
6790
6463
14540
703
4375
15300
3128
8223
6969
4711
16550
5490
9452
14988
7339
16326
909
2621
2233
12642
15280
13968
10033
4575
8934
4949
4936
7862
13763
4067
17351
12491
4920
13370
17687
12759
10043
1860
566
15199
17457
16076
14553
9968
5357
12362
15449
17172
7863
11014
6235
7599
8610
11512
3365
12038
12072
4422
15974
16711
8619
15387
1028
10613
5175
15817
1935
15242
5325
3238
11065
13708
1224
16759
102
6942
13443
6443
9840
17127
17497
16174
4707
15785
3200
1843
4350
10797
14045
13270
4010
3705
10646
15366
6978
5853
6142
2837
12984
7111
16005
9096
12570
10728
3146
1344
3663
8090
2475
4316
7495
2318
16766
2985
17585
17414
6736
5820
497
3195
16007
15439
16558
10159
13472
7090
13324
5466
2595
8969
10223
4815
8041
3279
11164
16741
6345
2578
13746
9085
5411
8224
7846
4882
14454
3928
14064
10595
2628
13869
13749
11635
10430
12783
10151
16997
7275
13457
10449
852
8208
17376
14986
13946
2522
16852
1856
10362
14664
9951
13228
15060
9461
3147
11941
13231
6539
601
1182
4657
3209
4896
1922
17615
13325
3361
9124
16214
8415
13511
14815
355
2756
809
3984
6559
11875
10555
7386
4899
3347
11549
10309
6224
461
1486
522
14800
13266
16041
11819
4821
9413
7967
6250
4724
8352
13304
13296
5551
14627
17478
8253
12344
9105
2252
14757
2890
2848
16824
5115
12854
6153
109
8245
13418
8805
15755
296
2773
13381
12560
14753
14644
7200
15478
10604
5395
16085
10313
3040
9845
7228
9751
2719
15046
16755
2584
7166
4105
12449
7721
10493
14124
1099
2696
12785
1338
9092
17291
11252
6309
17786
14886
4420
893
1693
11471
10015
3803
8691
17671
12794
1718
6622
3736
17188
15163
3948
12193
7081
11076
8299
12342
2566
8538
8274
8527
10679
1380
1157
9915
2086
12199
6422
11097
14402
15627
3983
881
6561
589
1391
3443
14505
8687
5418
15884
14472
13965
13983
10201
13588
10502
12313
16808
6183
11263
11034
9995
15989
7866
6145
4411
7634
3087
5822
7605
11466
16226
11096
12202
12250
8895
11795
12014
7991
757
6476
17835
17150
3511
6565
15561
16596
5973
667
2369
6340
6749
14143
6080
4337
12989
10921
7003
17590
8491
16026
3339
15635
3392
12087
15142
13813
14873
14000
15227
12017
10768
11126
12125
16641
11354
7610
15113
6254
6506
3715
14003
11651
15914
7176
479
6089
4062
5203
11798
3860
5688
9931
11630
16193
14610
1112
13523
5963
3634
16043
2627
12336
13842
15016
9449
11145
13473
5781
4691
6578
12499
13703
5061
12089
16196
17639
11147
12770
14787
12908
9586
1117
14807
15954
13900
10153
4745
11960
13449
6327
134
5924
16988
13651
3497
17638
9059
7196
8379
13769
420
17576
7408
14758
12923
7167
17480
4934
6988
7023
10752
5347
17307
13519
10641
16585
16459
9817
16092
8320
7834
1269
13771
2277
12422
9216
6567
14852
14336
13514
15243
4081
11638
5881
17868
14289
8571
3704
12416
5149
12924
2133
9732
3189
2883
14328
6867
1546
5384
12368
12382
5055
17046
3384
3708
16275
8403
7041
7390
16702
16377
1988
2989
16002
13471
16537
11375
10397
5162
5163
16025
10952
11775
16584
5542
3241
5650
15756
17382
13306
8682
8472
7818
1555
169
3677
2323
914
8760
14660
7492
6077
6698
11968
16400
6150
16456
2184
8200
13310
4123
2624
10452
16652
8957
17649
6182
16892
7013
6594
4312
8275
11408
11221
5122
3597
16800
15034
1252
13413
2705
5021
11758
1558
1965
16433
2209
312
4009
15827
9642
4403
13029
2207
3072
11782
10292
15864
5997
4574
16403
16571
1788
10857
16886
1919
8420
10456
8837
12748
16540
15906
16616
2448
9261
17426
8151
16445
10337
6472
5609
13947
17871
2703
8207
7312
11054
16833
5372
3079
8789
11315
1471
16651
9451
15619
8613
9582
4224
4752
4814
8513
10658
1511
3249
10163
3656
17618
12957
2581
6303
16151
13792
14859
7227
17260
580
11825
3419
3819
6679
10178
15654
16351
2912
13199
12246
15708
12227
4638
2776
7637
9941
10991
1666
3757
3245
1070
9629
4836
12676
15589
8126
5508
6504
9986
7849
16183
13384
15170
5189
6239
3149
13581
5699
8222
9126
1279
3625
7908
3908
4479
15922
9770
6361
759
16908
1188
10545
16564
3556
14635
1561
10794
5306
6151
5873
9963
8959
13507
3026
12326
2048
17648
14743
7776
2833
13245
9045
16338
10429
7958
6795
16332
2103
14688
1024
12117
10069
8182
15240
13916
14946
4165
2723
6699
422
12369
7873
3348
12109
15536
7504
6332
6372
15457
3877
8148
7554
5826
15964
14374
8581
1493
2442
13743
14867
9856
8401
16414
3078
15607
2058
11306
557
5060
5809
13021
4476
14176
10071
8811
9251
7670
13421
6318
3016
741
11693
16350
17202
14535
4831
9801
10597
3341
6716
10566
7464
5813
7953
14884
12968
11586
5507
4194
12317
14127
15776
4853
8960
7910
11179
15432
11337
3198
8636
15311
5435
11703
1203
11744
9696
300
126
16115
2560
6397
7402
1673
11544
6682
11926
9550
13751
10224
1443
9503
13500
9816
9853
1607
1262
6046
13986
10739
12230
2275
3090
4251
5819
1900
7288
662
14063
14286
9505
6107
12182
9107
15114
9201
11480
7575
8883
2657
12176
12960
1858
15391
4871
17095
16297
10242
16129
272
7805
16023
8991
16080
4266
12093
1369
5308
10203
13363
8771
13257
14173
15133
7074
2224
5044
10241
12064
15354
7411
3824
12418
14906
11838
9920
740
11812
17296
3521
2078
816
15829
1246
16825
5257
10189
9675
7144
6344
6806
15513
8500
3134
8958
2242
14303
16753
11589
17247
13860
16953
6820
3746
11533
15104
1677
2892
16530
14938
15790
16287
10655
17279
971
17864
530
17772
3372
1586
13222
13404
9783
15162
9432
1326
17009
4346
1216
7066
7327
1656
7300
13602
11724
7712
1292
4085
9245
15290
6219
15193
11998
13217
12750
17713
5240
14229
9439
10702
15462
16402
13864
17806
6936
16077
9014
12030
7098
9889
8059
3216
9091
17771
8149
10303
10703
1724
242
6575
9735
11352
8293
4457
9456
16605
12185
6801
2082
5363
9714
9351
8078
2693
5449
6775
2260
7565
11677
11237
992
10966
4474
3907
10574
7875
17665
16260
8577
13780
12998
3898
15004
15723
11355
4182
3055
6286
16296
11803
7590
16344
1804
6791
13322
8125
3234
8198
2984
6225
10282
1739
3401
11132
174
7960
12940
4586
7919
6137
16590
10315
8605
704
12964
3527
14631
7367
11841
15527
6104
16901
11547
12983
2439
14332
8037
4231
16532
4623
14440
13013
6316
6016
4914
9890
8340
6925
7524
14053
7885
7149
8529
910
12236
2871
14707
10367
2879
14964
15915
1276
6334
370
51
17446
4166
17629
3272
10894
14004
15465
5704
11911
11428
17280
7293
10671
10480
8775
5050
4325
12114
13852
15653
7969
15909
14122
13212
7398
2354
13187
14181
2240
10034
3958
11722
14149
5727
13001
9767
7642
12946
10505
4049
15336
3751
11771
14527
8503
3494
12310
14670
15887
2741
15726
14213
207
4156
5146
5554
12893
15197
8188
11852
121
3291
6363
16384
9757
16862
12725
13843
4157
12935
9850
6306
11445
13826
11441
16363
10947
1884
7112
14686
11108
6489
1953
11276
14190
15511
5102
15633
2180
17303
17126
4223
10510
12274
6769
9177
16583
11523
8633
1066
10544
1096
5282
9961
13877
17228
5668
8517
424
253
249
17110
9555
6010
15085
4147
4759
7454
548
16960
867
14712
516
7509
458
825
6381
17158
14860
8129
4069
18
7468
16556
9841
8080
12439
17857
1382
14726
2796
2597
11402
4233
1289
8777
7156
1363
8557
6411
1938
16687
12821
14010
9120
17807
11349
11209
6367
5857
9979
11636
3300
4180
13620
13944
1877
14876
7814
11358
5838
10588
10057
3085
3086
7442
14985
12139
14343
8314
1082
10979
7129
12988
14001
699
5134
5028
17177
10900
12757
9617
403
6096
4907
6524
560
14458
16949
4965
6035
643
8341
17595
17253
10211
11510
11760
12469
16724
15644
15930
10992
16934
10800
16298
12450
14356
13711
13240
16929
11342
4039
10865
6762
8947
17292
17344
2030
1543
1209
1678
2228
305
882
316
13141
7178
13825
1389
2269
11965
4960
13977
840
14922
3655
17015
9674
4015
13936
12479
4925
16639
9058
14079
17782
409
6456
10435
1981
15596
10526
854
2695
14819
15546
8464
12697
11383
7445
13371
14755
2441
4063
5296
8176
1060
12388
15407
10060
8442
8906
1741
17813
15306
464
5619
722
16855
12221
7671
12098
4940
14170
6836
15683
13502
1356
14576
3488
4389
6671
15108
9958
10277
12840
2659
12456
14453
698
12231
14562
4283
1752
12804
86
3456
16965
6448
2062
3982
2425
13280
11591
3670
16358
6314
15089
9546
11778
397
12602
15234
6530
14564
11011
1002
6012
14782
4142
3125
12203
12588
1148
11231
13362
7193
15501
10546
11623
17214
17277
12563
6390
11818
6986
12040
16915
15898
3849
15298
7751
1230
11950
17241
13220
6041
7871
919
2784
14178
9345
8172
4255
16592
4431
12970
16911
11437
3293
17492
16578
7754
14294
9340
8875
13022
1525
1550
12877
17781
1138
11496
7660
3588
11372
12547
15323
12897
14584
11567
9924
16897
8480
2376
14533
17514
4060
16175
8258
4566
5656
15084
5801
10814
3564
15851
15986
10730
3335
14320
5775
3692
13536
9302
10547
16614
6782
14593
4318
11985
8229
12796
750
6695
6776
7730
12736
2501
2558
17830
4250
10396
256
2449
1659
8898
4453
7508
8537
13851
2641
10115
6965
14484
17262
7770
17507
8030
7933
8917
2454
15316
1151
6229
16907
16405
3423
1645
562
6547
805
17427
10466
8029
799
2460
17592
7437
3477
4919
16283
8574
8820
12165
14442
3873
14020
14105
8494
15927
1790
8183
16856
6807
12613
12142
6891
10980
7898
3268
890
376
5256
12806
1731
17716
1304
15214
636
14241
15783
4906
7646
16914
11737
16523
7388
8829
6216
2266
5810
785
17019
4000
17883
1468
9313
9033
10688
13018
928
3172
9151
7140
15026
17450
10181
7148
4929
14953
5193
16947
16893
10573
6063
7349
6531
8773
10219
776
2745
13389
6723
12906
6356
12468
1281
15437
2614
13151
1314
17218
10760
14394
9485
3176
6604
12267
1643
15931
8661
3822
6895
17652
16412
10084
7746
8346
12695
17086
3407
8962
6179
10274
10161
10420
1995
15618
334
15003
4984
11839
14279
13461
6450
17018
9518
344
2310
1242
13248
6641
6004
13230
11548
6628
14282
7500
17203
1208
9290
14119
2609
6666
15315
3119
3302
8365
10993
5972
8376
3943
10013
5618
7888
1499
8427
4531
6079
3435
14500
1104
4876
5214
3548
6285
14636
964
7765
7353
16853
10941
917
5024
15923
8680
3840
16099
603
11537
12792
4451
9656
7541
13093
12949
1713
4890
4054
4307
17501
7194
1213
7253
11020
116
9218
1830
15698
12170
8234
9262
16370
14439
16529
16626
7216
4208
982
9454
16772
543
9349
9659
17384
3278
7020
7378
14550
8022
2855
1327
17873
16050
3060
6228
7979
16314
17097
4776
10208
2388
5309
15482
10003
3430
218
6632
8121
3915
1485
6047
3466
15839
4605
8072
364
17257
10177
17702
8268
8380
3405
3728
2022
11249
6532
16053
7050
13261
4256
7650
16430
4170
13908
10044
7981
13098
15175
16480
3441
3802
2593
11506
7410
8515
15592
2490
9795
10689
5270
8987
6088
2433
16961
6210
5712
2210
17040
7415
8718
13608
8744
11892
6185
16533
2938
7701
6420
15656
17372
10714
11887
6989
12100
3886
14120
12836
12003
8162
6313
13387
5705
14936
2767
10609
14411
459
1805
5629
2766
17469
11212
514
6252
14523
2185
12279
7559
4031
16256
8776
365
2440
14918
3991
5713
2190
10353
15283
15330
11854
6134
2138
5409
11396
17145
10862
14928
7954
4454
4488
12787
15116
10171
17684
6073
9306
449
5141
15263
16785
10046
17596
3244
6319
17498
17510
13596
14676
15069
9386
16306
16536
6189
3061
4414
14977
11232
9985
8130
3981
1421
4742
10248
71
625
12925
6163
6360
10283
12707
6368
8993
17801
10594
7526
13522
14437
11503
13386
6284
12853
10042
6279
14831
14260
13547
8728
4505
1595
10835
239
8915
6435
13874
2144
13909
11447
13662
9939
11188
627
13085
1332
7625
12765
15027
13806
570
13735
9027
1469
9609
1850
15575
12947
2413
17818
17423
956
5895
3764
2153
13169
172
16791
13845
14495
15952
1512
12729
8456
15332
3637
7417
3646
11026
17417
12682
15110
17755
2762
9062
15466
4812
724
15519
4379
9661
2074
16310
15009
4006
12385
12589
10699
154
13446
9560
9608
9100
470
3022
11605
19
3702
10252
4410
8817
11507
14449
6324
16329
4344
5905
11250
15667
10859
14579
7021
2182
17211
13045
1861
10935
7537
8435
17121
14528
10294
1882
16869
4
1971
6090
17129
9808
1874
11686
3190
11765
10002
7271
3744
10798
11741
6267
17020
6560
12146
576
4503
3282
10105
7024
215
9123
5604
10442
9679
7551
8220
14308
824
15237
12859
5557
13856
16912
17352
3639
15727
4321
14648
911
8333
10541
10578
13978
7246
6799
1090
8396
8045
9869
1308
17715
9278
1413
8516
1312
9156
16108
12830
5936
12967
9708
11154
6485
1695
14066
1766
3776
14768
10027
15201
3115
2506
10950
6938
3825
11884
12357
4953
14426
2474
9304
1489
1330
3938
15808
620
6805
8593
12361
2923
12808
16006
7387
7568
17737
13807
4524
9883
8927
10482
16199
9093
17616
6704
4243
8451
8112
16273
11913
3676
12640
4317
16632
1816
2757
11570
14204
8470
508
17721
12295
12980
3721
11025
11409
6987
9991
12752
15800
6626
9590
12687
700
15319
436
16259
15966
7221
14142
16938
5497
6751
2374
6732
6169
17660
3273
9639
11799
13847
15560
16854
1062
6217
12073
5920
14840
9453
61
16673
14784
1005
6536
2365
11908
4238
15686
13657
13642
14136
546
2655
14061
12069
149
11405
4848
648
7923
3408
775
14623
5494
11753
16100
12144
9948
4209
4199
888
2503
8147
2338
4823
3836
9207
10827
14419
17846
13017
10871
1047
11796
6015
5383
16057
13712
4155
15680
11239
7479
15191
14717
16380
17645
14868
9789
5992
6296
12658
7385
5192
8850
5413
419
5980
15361
10210
4571
16764
9916
16794
14359
10967
16681
597
8550
12813
13765
12885
13898
16586
13613
13016
11347
15716
7045
2935
3470
9383
4355
612
2046
7354
16802
2
6144
13725
4542
1547
13727
8823
5249
15933
855
1637
4494
13465
11984
13053
13073
13032
13624
9574
1042
15825
7477
14862
7643
5438
3039
10347
846
13239
5110
12690
7472
1325
553
15265
16882
11483
1725
4035
7211
1244
12999
10611
14116
2263
11465
3954
17569
7483
5188
17726
9860
2220
10360
3124
3184
3561
12103
12410
14315
13819
10585
10265
13171
5447
10131
7994
3105
11213
11940
7995
14364
2830
14130
8068
13409
15757
9403
1083
3843
6588
416
6032
10237
10086
8039
871
5755
17083
14321
2001
12888
12518
3395
3818
13667
13605
10009
12094
16301
2817
17779
9111
10662
6394
14182
3553
16501
13403
3519
12016
11095
3964
5127
12601
65
17773
1025
5943
9481
2015
15677
11764
16880
6100
5725
6213
8654
10325
287
11660
3024
5116
10455
3137
653
1202
16970
11554
16667
13440
11923
15894
11672
1261
12457
5670
8283
13215
2094
11301
2486
10750
15801
15141
17858
16417
14979
1427
4074
16654
16143
11906
15433
11511
5978
11907
9726
12737
1107
13288
8469
9069
11694
5480
6802
11587
9020
16524
5129
8672
15940
11353
17744
10802
7406
8237
16436
6592
5335
12691
2368
12387
3630
17282
2168
15236
6474
5669
11571
185
2663
15858
4046
7944
4719
5821
17006
7344
2102
4739
15658
10310
4705
4326
5022
14699
13426
8819
2820
15418
10863
12953
2007
1527
8103
9750
16033
8199
1532
8799
4232
8981
6540
1943
1035
14293
6847
6187
3614
11625
11238
9905
4555
11529
12043
754
2778
10907
13038
499
5038
9446
13678
2341
3387
8313
14473
1923
5743
444
13145
3863
7202
3999
17808
7649
10135
12123
13549
7099
12322
11282
3664
3903
14965
17300
14412
9138
8977
14058
1899
12349
14983
6894
15273
6587
16030
6656
14133
9408
9043
1963
17809
139
12471
17325
12507
13423
614
15488
435
10780
427
9523
9727
4667
3411
10690
5671
5616
3624
4728
6681
2500
3952
10114
1293
12054
9810
6968
7810
12408
10765
6903
8189
2451
8373
15705
3911
3101
7158
11929
13315
7392
9748
10509
12137
17733
17302
990
4175
5915
3500
8539
10191
12743
8485
17248
15358
10388
7728
14970
13964
17428
16244
17243
3914
7255
3417
15382
11341
6828
17473
1962
17793
16572
11779
7510
13401
10640
150
13631
2095
3770
9323
11073
14180
13062
8490
1937
9600
2052
2238
2539
5696
8546
168
13737
5064
4492
12509
10404
6898
8119
10416
11850
14762
10463
8436
15703
17043
356
693
11735
3373
13729
511
3579
930
2132
4569
629
8023
5369
11279
14435
4631
650
17216
3871
15643
10772
5488
2051
9613
11856
5226
12318
6533
10968
14653
3925
7147
1237
17044
12004
4154
13789
1290
7114
14094
5697
1266
6726
2473
6484
2239
16816
14746
7130
7630
1084
9849
11972
5612
4110
12726
14835
1474
15721
4458
15423
12291
13616
14932
16746
15374
9202
10462
17336
11730
3976
886
9631
12157
12498
1848
1669
17732
1615
8074
12522
8738
16981
17536
3145
15095
3295
15496
12414
17495
2035
5729
9703
14750
3684
16597
10743
16747
15978
13155
2808
17792
8658
2888
10195
5850
10695
14140
9181
3199
3587
8131
9401
1939
13747
10005
16404
710
8462
10382
3250
13611
11328
10736
197
14298
10090
817
15169
17131
6625
5864
16987
8785
2816
3906
5700
17889
3378
1341
3126
12652
16367
15469
3460
12945
2933
6510
11230
4647
4210
11516
4033
17607
4658
4362
4273
7582
613
9561
15156
9882
3437
10039
12364
179
4779
17605
16132
4771
10757
7970
7449
9193
27
8978
15403
13534
12533
6546
1841
2702
4985
15342
7334
7450
8084
4185
4274
13612
14567
2093
15928
14383
1737
3791
14828
10717
8289
3944
1495
7346
5632
7091
9244
17418
2359
10333
15888
14048
1434
12593
1706
7308
10638
12510
6446
6231
11248
16964
14506
2636
4486
11590
8524
11598
10225
16303
2087
3305
3758
758
9301
1375
15441
17013
10451
3596
1200
16177
887
16847
11721
9665
10692
15530
17493
5736
13973
7587
8825
12553
13742
5879
2676
14076
3687
16036
3229
14169
10298
5561
1716
11910
8019
9387
13937
17356
17783
5694
11472
15503
5348
12702
5799
6846
4315
13468
1748
6143
60
6525
4425
17828
1701
10170
6910
7484
11131
5194
8166
64
4226
619
941
15622
9180
11136
3631
6849
16952
5157
6451
16599
3414
13251
5949
12761
8400
13453
7865
7727
4359
12965
10050
2838
9362
10479
17856
17432
2536
4900
17435
1557
15749
7305
1483
3875
8653
13052
1853
9493
4727
16461
8114
10534
3457
14966
8881
16247
4146
11495
9342
12661
14823
4793
2562
2077
7844
9899
15436
7272
4495
7577
10745
1985
17567
5402
4272
15239
756
4284
12981
14278
8781
10428
10471
12172
13503
10440
9289
1154
16453
7785
3257
14035
14090
6570
6651
6026
7939
10832
15650
2645
17696
493
17686
7924
4025
16547
9060
16427
8921
5414
13112
16451
9782
9929
4670
13002
4004
10444
306
13170
7583
8950
8813
3046
108
1687
2464
5191
10653
8686
1193
4720
17207
14507
17338
14587
5691
5426
6413
2992
16305
883
15269
2385
12243
8901
1539
8368
6232
15299
16224
4584
16939
1105
815
9551
14542
9402
11319
2763
10403
4392
12793
14413
4323
13014
9009
4726
7183
10826
14827
13036
13959
4710
9517
2619
14941
864
7245
11509
6236
15904
15938
3965
12979
10075
14725
4879
16375
11434
4581
16341
4327
17550
2491
3468
15780
16356
9167
16478
6700
171
16312
3897
4481
559
14880
2977
320
12198
12454
16300
15076
8410
12458
9766
5583
4602
6953
9554
5
15803
4428
17476
7416
2045
2384
15911
3486
9684
4716
3243
3750
10606
7704
11225
14536
6569
9797
11344
2458
6403
1026
11848
11103
9880
6564
13247
14882
6793
2513
8328
483
5434
17503
16207
8804
14047
1956
15052
15998
1641
11195
13686
10066
4999
5875
3431
1368
2149
16795
16552
5504
17240
15761
10253
13553
10972
11122
12249
7639
7555
6851
1707
12559
4938
6939
15543
13204
16930
2179
3593
14917
17030
3833
16352
11407
3041
8786
4187
11756
7150
1163
12383
7825
6830
9104
4314
681
10101
1660
10697
1926
11768
8116
2990
12607
1223
16541
8316
15392
6659
2994
9084
16686
14414
8533
15267
11632
17765
15479
85
16457
2421
9572
4777
17402
2758
13330
11371
4434
17332
8270
6160
7036
3062
8444
7589
2735
7025
2648
7067
5151
4435
1798
6240
10532
6353
4863
1334
17315
1954
13219
3
501
7168
14095
8502
14972
13515
17205
11750
8429
995
6482
608
11215
10302
12205
3472
13880
11720
17724
15637
14233
3816
16499
9241
17704
4443
10188
8295
2905
6857
9471
5280
7976
4870
11174
8689
9450
16262
8641
6477
299
10345
17508
14062
9007
8309
3181
5246
13971
2444
11286
17052
10554
13122
6155
5040
17360
17668
17226
16208
8170
4680
15507
3248
10731
690
2965
10469
14841
12734
2112
11966
7311
10788
6984
14960
16339
6062
15045
13636
1198
4348
14956
7779
14745
7686
12401
2598
6712
16782
13788
12544
9972
1040
5901
2467
7137
13812
7502
16467
6389
16470
16230
12839
63
13395
14325
8591
1587
11784
14902
10363
1903
12790
12183
110
10618
11994
1264
10425
7783
11192
14212
3998
10807
14103
12584
16743
14228
1568
2520
9414
5947
9048
7800
5805
12354
9922
2642
6784
17377
13520
1652
16225
12462
13438
4933
13180
4626
12376
860
15031
7560
2713
12129
341
17392
2553
8603
1654
2358
5640
13859
16624
540
2194
9528
6268
9080
11992
2029
15741
12747
2214
17394
15235
4757
2398
3812
16195
13750
10305
2993
14789
17222
1141
3215
16428
7802
8892
5444
10744
6057
14489
14162
6492
3929
14099
13102
13110
4809
2177
13820
1632
289
13398
15587
16449
13882
1179
2057
6973
17710
1791
7218
5311
2967
11867
11621
16506
13348
1828
13331
2887
6330
16950
3367
6552
3879
2164
5243
15566
13513
13133
3796
4830
14589
7318
17487
9333
16265
16604
4275
4080
664
12148
15763
8035
17558
10591
15030
14995
10286
15286
10133
1910
3307
15006
12523
10920
9950
10820
6098
11522
4700
7179
7841
8257
669
4032
2129
3544
10504
9707
17494
4101
4522
6227
8122
15230
16496
8142
16786
13822
10548
17768
155
428
15901
8608
12760
9209
12649
10938
4549
10049
11305
15719
16921
8459
4532
2941
301
7317
5520
15375
4688
6212
10756
14516
14711
9369
15816
10922
15341
11933
13768
8348
3014
14818
11670
8649
13798
17221
12961
410
17789
6800
980
10642
2507
9799
6078
2191
15261
6247
7039
15158
950
3652
11259
7920
16675
12252
1895
412
4748
15737
17271
8532
5783
2192
3103
17637
17136
11181
4635
12453
6739
11648
12115
7151
4521
7690
3377
16
16826
9385
443
14128
1305
13970
8945
8961
17483
15221
17582
8329
14555
6351
5906
17731
8053
17194
5931
11395
16872
16733
5768
12233
12874
15456
12650
13130
2222
10634
8325
8177
7154
5495
13162
13876
9192
15173
9512
10473
5171
11807
15285
9603
4308
131
10582
1779
14665
190
1785
7236
1562
9348
11835
4970
191
15065
16962
7219
1488
16056
79
5855
8750
11527
9067
15702
1719
14514
1317
17656
10426
10421
15327
1984
6576
15150
10095
5620
1778
13156
12298
2351
10258
17752
7645
15765
15645
3285
14274
17100
12679
972
656
83
13862
9577
7259
17718
16421
8265
7199
10186
10254
3465
15001
82
4228
5071
10392
1296
7544
7856
17104
9907
11945
5606
14952
1576
5059
2111
9537
573
11168
446
2946
14581
17553
16324
9521
9232
16497
11491
2932
12704
10306
17024
12032
2761
12177
9822
9082
17413
13800
15053
6395
8474
16919
4639
17760
16567
15908
15979
5568
11142
17485
1479
11468
15438
12332
10740
9709
15926
12511
12571
5380
6190
11958
3618
1885
17358
16698
14230
8632
15739
17353
10249
6714
3410
429
14420
10990
12034
13719
1780
6486
13868
10983
1589
11600
11170
5479
7427
4859
14097
14474
13051
335
4701
13866
10895
13597
7459
12143
10879
12880
9992
5531
831
3821
10384
3349
8561
311
17419
5791
17646
7652
4171
7080
1639
4955
7517
15066
8005
1220
8174
5598
9863
9367
15404
5744
17479
4744
348
11379
13111
3680
11312
10946
6708
10839
8385
2618
2647
9052
15208
7336
3328
3555
2972
8152
1430
6926
14313
12162
8511
10755
6654
504
10236
12363
3208
12423
4257
5746
1133
7412
12841
11451
8547
8339
12021
15410
1076
4145
6206
14397
10144
15565
16022
16460
1221
5617
5993
6045
8679
6759
15364
16257
7043
15322
3193
3484
201
9235
8521
9015
1908
12352
6734
772
9859
12653
616
9299
3240
353
8056
678
415
875
14583
4765
9098
14304
1955
12268
5645
6579
4496
8069
16979
7223
4709
1813
13761
12689
6917
12592
5913
4600
227
14043
15119
4341
11486
9827
3723
12991
14290
374
4215
40
15081
8238
8855
4202
646
10770
9627
15830
11987
7839
13884
7359
2794
2065
13043
3369
4650
2950
6438
1761
2027
5417
5860
802
16528
1387
6650
6022
6132
8586
17375
15087
14106
8570
3269
13081
605
6054
9706
8481
7632
1271
10806
11219
8998
275
7693
15665
12334
17597
8489
1917
17820
2973
8046
5415
16484
16933
7884
9573
1768
4799
5730
10726
5027
1549
10869
2039
10964
8674
13655
6607
11201
11878
3320
9897
4372
1838
9199
2602
6765
5006
9025
10877
13707
14337
16803
5351
3355
1797
17679
12512
1367
11112
14863
16731
5200
14141
7051
1283
14218
12081
11071
3753
5779
14832
7139
4177
2898
2604
9050
16827
13961
7319
7661
15969
1149
16235
106
598
16610
4162
6436
10665
13218
14537
8551
10635
3644
8361
14378
14214
15674
5319
5910
1869
10457
14147
13480
16685
11322
2511
5925
17892
866
12116
14060
4263
12629
5239
13623
2243
17317
12578
4159
17003
3789
11555
1657
11172
8530
17219
2076
9622
16008
8792
16739
16611
2622
15668
5427
4013
7749
393
14207
11973
15559
765
3098
2679
12582
8880
16239
6253
15879
13690
6924
9742
2160
17876
3271
17580
3904
4300
11824
10540
2720
12972
17212
8891
16672
4982
17159
5818
17683
2555
6997
17748
17128
1337
3720
1329
1611
1480
13307
9788
457
12121
12
6675
15641
7741
17655
15945
9887
14192
3287
10166
14464
7169
11291
1552
17848
17025
13139
3568
8984
9375
15212
7389
15557
16399
13676
906
2430
4664
16255
14499
14778
7276
15043
2785
15477
8787
16204
14557
1893
16709
9857
4364
16665
15564
14796
7988
488
4353
15539
744
432
4783
10955
11746
1579
7977
6293
3489
14429
10948
6630
1664
2346
1774
15224
6399
12941
13685
6241
6614
5594
507
764
1449
8575
11066
9962
13954
2734
4674
13897
16704
15675
14367
17453
421
2858
14086
8882
9531
1288
4335
13008
14033
10424
13887
16894
6623
10913
5874
3649
8110
2572
9095
17568
5965
5655
12843
1311
4296
3118
15558
8995
11018
11893
4747
6636
15036
3393
15893
10718
343
9522
3992
12814
16488
2469
17895
4382
6750
258
10132
3173
2910
468
7082
17105
9768
7265
6501
10383
8088
17884
2101
14871
13828
9277
10661
13838
11519
8124
5041
12255
16144
17633
1122
12455
11681
10522
9996
13328
11
13730
6114
13545
13654
11996
3615
2280
17517
13040
145
12599
1043
15905
12256
11777
5546
12775
13823
10603
3589
11482
3718
10619
2737
13509
8965
5333
10103
3797
5689
1287
11423
17346
16044
3290
17309
949
2997
10489
7648
12801
12048
633
14508
3088
5634
11400
4842
5013
8564
15523
8905
11951
16368
12678
12033
9781
6269
3997
11278
10531
9099
8096
6170
571
2362
13718
13482
17088
10025
5893
14875
2489
12245
476
17337
5553
14950
13976
1709
4872
17680
7595
10032
162
9942
9835
13841
16021
8292
10460
14744
7457
1809
12124
10674
408
5478
16441
15769
9538
2068
2450
5089
7322
1667
16109
3142
15570
11679
3640
14689
4139
5833
17861
9643
12427
14331
14305
15692
9047
13796
8440
5443
1849
11200
3485
12447
15764
5724
14891
5745
10079
1323
10615
9270
4267
8573
13058
3196
561
17123
2108
1505
11439
1039
4614
8054
7345
14347
17137
15393
9154
15877
6011
14376
283
1219
2755
8900
11975
5759
280
4616
11699
9967
8951
16722
2327
14541
2167
16655
4132
12314
9088
15151
12373
7689
17462
804
2881
16040
1015
16771
16928
1738
10319
13163
147
11298
1700
9285
14400
5946
927
3760
527
12626
11140
4895
10805
2291
11327
6454
381
8677
17269
5797
15421
9605
12780
5891
5898
10847
12894
4935
3777
10539
11986
10660
786
16346
2721
15797
2137
10375
10173
15422
1178
11193
12685
12738
9122
3845
5220
7189
8016
17644
8704
327
1936
13660
7126
11300
6009
8190
16012
114
6350
13469
10988
1538
9337
3574
12118
7071
6788
1322
3888
15014
10260
1864
2169
4730
220
10819
8178
8496
17388
8974
46
11403
12900
15202
10725
717
3110
7894
10942
15430
12366
7163
5996
1068
16492
15512
4644
12132
11995
17466
16035
6648
5970
13584
11814
8676
11944
1683
8622
8138
10782
14051
16140
2585
11205
10149
11949
8184
8076
12424
5773
10528
11762
5419
7738
484
7906
5403
6258
3660
8194
9259
12434
12917
15096
401
9641
13797
8364
13861
6371
336
5009
10882
3299
14911
3214
1004
900
6093
12028
5702
13811
791
16061
12671
9625
4886
12075
9371
1108
14487
2851
13432
8108
6130
16516
10668
14723
7009
14510
6068
7941
2867
15782
13745
12572
1551
7570
7579
6819
14651
11257
14373
3049
16924
14211
16621
13867
6288
727
14718
15409
7287
11098
5235
17896
16335
2801
11390
6023
12088
1457
769
11739
14633
12225
1302
3306
8630
5765
15427
14416
11159
5877
12755
17016
10896
7672
5206
10209
17103
8662
10910
9997
7365
17662
3297
17509
284
12330
7971
12027
11426
8827
4526
80
17513
6979
782
14251
16521
733
2689
6855
5042
735
11051
8366
17345
17062
6266
9885
5118
1405
1753
8460
7837
13009
2768
9066
17460
10365
11106
1836
9269
10982
15015
4775
10519
15489
12909
2141
11880
13809
9619
4016
8463
4195
14070
3263
15389
15663
12235
10187
2716
14845
17504
4343
745
9956
13286
5603
10599
4106
7980
17804
17472
921
12248
17703
13233
8087
5058
5353
13924
9035
14834
10656
6764
5431
13435
9943
360
7157
13134
5941
8445
8660
11769
3493
7609
13317
3575
1116
4048
10091
11833
2739
10030
1844
8089
14306
10464
11842
1189
345
9765
9187
12065
17839
10226
10320
14216
9547
1063
3288
3949
15992
12654
5095
16479
13092
12392
2927
14016
15743
3675
4977
5548
6369
17051
7085
1345
10263
2196
12380
3688
15751
11885
10598
6423
8508
6220
13645
6234
16598
9190
9258
1114
2594
2548
3516
10976
14641
3023
8357
8393
4334
10905
8990
14980
11661
1819
7133
6003
1280
2671
13272
16750
10354
1310
9570
6934
16228
13028
2944
3144
3183
7337
7916
14556
17599
12023
14486
9623
1699
11723
5224
3143
3001
11102
16896
8695
13211
9129
12684
14703
14632
11572
5840
9194
5338
1647
978
7234
2673
4203
7302
12047
6033
13701
13544
351
15700
4553
3323
6902
2754
8768
7797
3342
10332
12651
4951
2917
142
15818
10216
333
9053
6787
16381
16120
11902
5514
3354
8762
7132
1814
1180
17114
1578
9117
15729
7145
16146
951
14580
6465
4950
1454
16155
15467
3499
4818
5928
10887
15547
14158
11356
15220
3154
17518
8248
11391
16573
13059
2283
4140
3612
338
6204
16699
15480
7469
12495
1442
12656
10833
15987
2704
13669
7697
17401
16815
2844
12466
13294
10775
12896
7657
8193
2383
4163
9614
8840
10799
1566
5210
11039
15863
17348
3672
9908
17005
6118
5345
16736
12852
12674
2234
4040
3324
2309
3727
7048
385
2300
74
14013
5033
4021
12128
11781
15148
17341
7260
13555
1472
5174
15968
8478
12440
16646
7225
16813
1792
17775
2706
17838
6692
5605
10963
11666
10227
342
4449
14856
10917
12303
13214
9034
17725
4433
8243
11611
3132
12159
3642
7177
6591
9515
15307
8752
6186
4388
14193
11627
1758
6127
12718
638
6191
12443
11416
10592
11166
14155
8886
813
5919
12477
15187
14389
8239
9417
2006
8050
7986
17186
4160
5897
6884
15861
8715
13242
3509
9406
15010
13672
17281
15666
4030
12597
4683
10536
5217
8869
13309
14431
442
1554
10048
11688
13709
5856
9411
13359
9039
11811
17739
9800
8335
7306
13757
2080
4347
3398
13089
6458
7680
12542
11918
15182
8912
10370
7781
3738
6831
16391
16024
15669
5882
13550
2126
5859
15414
5484
13428
5559
8740
2221
16931
11822
14403
14772
5858
8851
11046
2987
16334
7162
52
1247
10350
237
2299
15746
8914
12333
8919
16000
11938
6102
970
11240
4993
952
16574
10723
1751
15821
10454
15398
7423
11989
6841
14874
13724
3505
4858
502
7538
17065
12873
17712
11855
7794
2953
5774
2187
12056
4519
6300
16511
6101
14520
1870
12827
1284
16277
2551
3586
3554
4214
7915
9418
13814
16493
14239
15359
10398
8133
6589
16940
9310
1101
12502
4874
5646
8501
7694
7498
17522
12716
16321
17096
12624
12112
17534
13949
12883
8556
16909
17454
8708
9779
2806
6416
9854
14161
3939
14093
5428
674
12063
8623
17151
2729
5164
5869
358
14802
2988
9018
8252
6339
6058
682
10973
17661
14195
6386
1152
889
7142
9527
5957
5982
526
16340
15313
11141
13004
14311
14606
5112
6064
17603
54
7656
766
17471
16039
14525
10348
15190
3622
3756
8167
8928
12860
16978
8540
12381
1248
17734
1003
8206
7608
17788
13888
12812
7438
8774
13422
7512
7882
12848
7891
8105
8845
3003
8034
5366
417
14805
5082
6481
2857
9231
847
9341
11184
10823
14727
14092
9719
12060
2203
665
1022
9758
14887
16609
11970
13344
4621
9980
947
17527
3701
7719
10100
4450
1697
721
4241
3092
15660
10763
2213
16555
6581
8247
12426
14799
2856
1997
9161
6582
15582
14253
12673
7766
13346
15047
7056
9773
8281
794
7945
17335
14388
10369
6757
9221
11365
11316
8231
3600
17049
14314
16836
13068
16720
14206
10358
13844
8434
11169
9833
8543
7394
5647
2508
4819
4794
16742
17790
6876
7926
5637
9717
4714
4561
2743
4173
9611
13350
14415
2649
12779
10767
3831
15386
17430
16857
2414
17843
3662
7934
2026
8671
8294
1478
12257
10903
12138
17588
53
15474
8260
12228
13005
5196
2774
3343
5487
15122
17168
5254
11964
12415
5679
11162
14825
6563
3580
17825
6603
1106
3235
6188
12749
14720
639
8422
10652
13607
12831
9752
4928
16482
9442
1887
14187
7102
13758
15000
2900
15107
11743
3651
2060
294
8411
6091
14998
16543
1236
12938
7777
10845
7501
17293
14008
13941
8512
3808
16398
3464
3475
4558
9079
1692
12931
3603
16268
5977
16227
13041
9110
8483
233
11629
15139
14385
2025
9677
12822
6772
2976
14916
12214
525
7535
1080
10639
16689
6971
15470
15397
4685
8865
10346
5442
5471
13123
251
12954
14159
390
1467
1591
11479
5458
1933
2104
9397
2394
15591
4247
827
13542
2069
12545
15885
8092
12473
14379
11092
4908
10580
4460
13152
3901
1350
12617
8854
12633
13120
13857
8007
7146
4641
17817
13060
7654
66
1950
5158
2691
17029
9858
14365
9330
16925
13587
10553
12180
7084
5404
129
1929
11413
307
13352
16059
15256
7635
4591
3080
15203
8576
2700
4493
7819
17554
14855
6868
2580
13917
161
4576
9128
9558
17756
4022
13562
10072
2529
16210
16150
11374
4143
15796
15534
11245
6021
11417
6597
17711
14144
14150
5890
6002
15258
14837
12720
17380
44
10931
13364
13366
6824
7840
2860
10975
11288
6442
12844
2623
599
8611
10328
5398
9438
9424
13736
10458
2204
1812
6315
13754
8467
705
14622
8305
12359
7664
6124
15772
16525
14113
14577
13206
12739
7935
12771
14740
1565
3765
13027
3988
2412
8296
12244
9824
2329
12168
3889
12529
10670
7371
14276
4192
2515
17634
13478
16468
9910
13166
1339
276
1408
3844
3994
6909
11247
1906
13772
1823
5420
7370
1426
11604
4461
7513
10218
998
13477
10550
14976
11617
11643
1342
2146
16551
8688
5845
6419
3161
6911
219
2481
17841
3730
5960
14485
14596
6954
16062
5260
13906
12782
7989
13396
13557
6657
6835
4465
3683
15434
7687
7460
926
14609
1815
17181
1298
9254
12758
13829
16270
14638
12163
1359
4894
12826
6771
6425
15613
13271
5575
15937
17056
7593
4071
9585
3141
13282
8772
9237
14592
5854
13114
12153
1960
10124
1596
4672
13863
4717
767
16103
15734
13628
659
5613
16279
3572
277
4378
4051
10874
1973
6464
3735
4395
6580
10266
14220
4534
10565
6120
14900
13914
12200
12580
1837
655
1058
8924
8745
1191
9548
16810
7709
9378
9057
8120
4996
15035
7641
9720
13579
8409
15153
6364
4309
2955
3694
2282
8111
13372
17112
4045
6207
1023
13252
6157
8627
12305
14684
14543
2389
7548
15831
32
10791
12320
16756
8849
3742
15508
2248
13604
17244
5703
1534
7309
15697
17875
16873
12791
14548
16517
8073
7756
13262
5784
13064
4884
363
4891
14224
9820
6688
5035
13793
8839
17387
7190
9364
8675
7170
16319
3329
6081
9394
15248
1019
4932
10316
9936
4464
11146
3284
4363
2492
9711
1712
6429
8487
7784
12565
16868
1520
8374
14512
17068
5276
2050
17138
10737
14269
3632
17822
17829
7391
9056
2231
8011
10514
5106
11152
2779
8060
16107
13175
12405
8021
11265
2161
545
16046
9981
2232
16037
14271
17780
8466
8896
17408
8055
383
5525
15198
7188
13647
7713
11435
10759
4926
14843
9834
6557
4718
7016
858
4019
12929
11580
8127
2710
1498
3610
6542
1447
7061
11115
11261
6400
15288
11513
1688
5994
