11792
9654
13112
16544
1894
6568
11849
7410
6198
6197
6092
15124
8285
9905
16857
6592
12347
13460
14697
13069
5749
14998
16731
15809
964
15679
6016
14298
1051
7484
924
3390
8765
3847
8025
9978
6848
10179
5983
14216
13981
15838
15625
3642
16656
2376
11641
8851
2436
11533
2808
10768
10594
13778
7778
11588
2698
15641
2652
10835
1656
16064
16504
16003
16856
2066
2313
6628
11248
1709
8157
17622
986
4230
17420
11124
17497
1939
10689
13046
3385
17468
12748
17726
17618
15987
17302
17161
7281
9075
12293
5671
2054
8744
7074
14550
13509
7653
1963
10993
7906
8775
11871
6439
12051
9330
12567
14376
15562
5583
4901
2199
10737
16781
14023
14509
2024
3202
9752
9601
17864
11859
8601
13207
14060
13476
13245
12965
12111
9077
10577
7208
7148
10550
6770
14624
2958
10185
9806
7529
15811
9216
15395
11879
15734
7610
12738
13588
5693
11926
16753
3550
2938
7137
5684
2193
15389
6291
7874
11621
12874
13133
11820
8408
16102
14605
9927
15236
9971
11682
2440
11778
1231
12924
3723
16315
7839
11814
3344
13687
1205
17006
9567
7718
16677
6556
3976
2089
1719
8135
11941
7513
2343
12937
16445
2098
13234
12233
12670
1199
7155
2397
7097
16502
17457
12662
5305
16770
7706
10709
2448
10001
11243
17795
12835
6982
9710
14845
1736
10034
3144
6971
13638
8860
10641
5460
786
2603
8249
10277
6211
9638
8121
8086
10311
8616
10102
8377
4514
3701
1528
8577
6219
727
16296
8131
5364
13871
1749
7770
12779
7147
15995
11388
14565
13793
3072
14761
2984
9178
6729
8892
11622
14107
4067
6176
6376
14396
2019
16287
12727
4798
9890
11001
6256
12554
706
6201
4455
14379
9666
17690
17042
15659
3691
2477
6499
5806
16235
3591
12009
3108
3542
15430
4142
8033
6272
11790
13240
2741
12637
14892
2973
15796
16326
11126
15770
8355
2273
5054
11823
10886
16420
3145
2233
5770
16267
15693
3492
16107
4559
3424
13680
16455
2867
6116
1048
12897
7480
13233
4942
5571
17068
3401
8523
3097
15341
1617
1169
13869
8568
2975
6640
9828
4757
7784
15868
1843
3759
15319
4475
1849
7477
4164
5607
473
14479
1148
8708
3617
12512
11003
15932
15903
4688
16519
16345
17847
2997
12373
8441
5448
10525
17458
240
2661
13028
3977
11553
4512
9895
16817
12718
9775
1796
763
13771
8237
3924
4426
1373
11273
17527
11594
12608
7496
8511
8889
4682
15332
15513
8368
3899
13348
4690
3741
16293
16038
3043
11117
7858
17159
5722
16524
17771
14999
11215
2919
4296
3039
435
10912
15984
3909
5597
148
8015
11482
17571
2483
6633
4687
13931
1760
10814
9345
7231
16162
15119
12982
17479
15366
13490
10645
10264
5314
2815
16117
9923
12671
2141
14173
8687
10902
12002
1856
13467
17716
5150
14687
962
7207
13064
5206
12513
3249
6966
17358
16840
17572
7999
1178
14455
11558
9423
9099
4564
6850
8204
11801
15030
9419
14609
2846
59
12265
2490
13729
3158
945
11505
2177
1429
13066
16812
12067
2
6625
7540
11541
10396
2786
13982
1913
5121
14673
12210
5315
8548
4753
12130
9696
5219
7061
4974
464
15300
1901
12715
11239
7961
6896
8284
10517
13049
14246
10390
13516
6025
16969
8489
15780
3602
5831
11738
7860
3941
12027
8499
13829
15834
6074
8599
2664
2268
7364
4468
3289
3379
10312
12758
2329
1223
17003
1728
14559
7401
616
17088
15548
15362
2910
2513
33
15403
10385
6665
17588
6864
15602
1801
14802
10342
10000
13005
15977
12570
14199
12182
8266
6505
16962
10767
16364
9473
9462
2933
16339
14204
5177
11742
14200
17235
8467
6225
13285
10960
3041
13282
6843
17604
3366
3339
8898
9837
7135
4498
16240
12696
1404
13866
4380
966
8610
2893
17474
14848
16464
5809
12796
8762
7092
16141
16983
17581
9917
5243
14935
15635
10824
16987
5021
6697
7069
17475
12322
2059
9603
3462
582
12256
7951
14925
7458
16189
2582
4379
1331
13315
13786
8781
10791
8446
999
9938
6355
15097
5437
12664
6041
15152
17148
16471
9133
10302
13686
5087
12575
15181
9883
8919
14014
14876
1469
7846
14765
12460
12972
13803
13197
17058
12424
8647
5988
13907
11280
1806
849
11306
4064
4835
8267
7593
11133
15314
7284
203
2114
6364
11400
1283
10135
4158
11595
12980
811
17423
2169
688
9346
17550
824
11894
11904
9170
3125
16184
1499
3822
12469
6694
7323
2959
7574
8102
14472
2402
6701
6543
12125
6992
16138
5157
13141
17432
12538
7028
15520
8163
15748
11228
9525
7691
209
7960
12601
1861
16773
878
2078
1724
15818
1259
13715
6367
116
2380
1277
1147
4877
8414
14374
6262
6019
13435
13691
13456
7037
7280
13126
6110
7149
11056
9185
14094
9799
1792
10155
11769
7032
11531
9368
13694
1945
1630
7318
10470
2112
7535
17667
9407
5968
2510
8137
7412
10180
9587
6868
16578
4856
3536
2928
4754
2433
15231
1279
5084
5716
275
11304
15708
31
4736
6043
1398
17231
14850
5402
16248
3890
3268
340
17684
3728
13540
16727
8179
7837
10973
8451
12839
2296
16063
6715
4231
757
1717
2556
11359
14036
9605
8674
13891
1812
6530
103
11804
12475
11658
12413
17636
447
13303
17054
11667
4082
5952
11415
9011
3373
554
17277
9939
16623
5049
4712
8989
628
16173
5660
11764
5861
6489
1776
6621
17765
14133
6811
9749
13272
15711
5245
773
16058
11506
16437
5613
7519
7361
11731
10817
14963
11322
9786
11253
2796
13337
16327
5263
11577
5294
5992
9398
6727
17763
8589
14474
16831
13651
2630
14907
1290
9793
1065
246
1655
2517
10696
13800
16917
15176
2727
11252
11523
7821
2906
15735
12259
11291
15484
16177
4718
12156
4072
9307
16263
3322
3832
3936
10073
16079
14121
1660
213
6774
9738
5312
1066
10020
3084
11709
15652
10215
17687
8317
5881
13454
5782
17356
6889
10513
6570
4980
5588
9391
11496
11372
10995
3119
16127
8536
15934
11367
7901
17552
1693
4962
11616
5272
8815
13469
12775
678
11357
13252
11212
10982
1696
10438
12536
15998
13242
8370
15992
8513
7398
8797
5256
5843
2592
15112
1000
5748
17579
1540
9352
17098
7059
998
16766
5946
12955
17243
2998
9198
14767
5859
10145
441
16369
9860
11916
5606
11555
16517
5901
10100
1481
4650
4507
15972
4148
11635
13405
14710
5931
10838
5080
1321
14018
14534
17287
12443
15632
12954
10192
2674
14417
7673
2356
11490
9129
8804
7158
15673
3313
1578
15877
11868
9699
4525
3845
7373
6323
12031
12290
15478
12907
2125
565
10196
14932
1142
5503
2057
11808
5774
6473
16434
509
17503
6282
13263
2008
9679
14033
16037
13493
17142
17416
788
8520
94
13911
2882
10305
15130
16941
1803
15151
5919
1344
3820
2624
12369
3035
10984
12543
7039
6849
16742
11640
14302
10150
16655
13116
14286
11099
15606
13995
13075
2887
4172
5041
12400
3052
3400
7667
10397
11381
3551
8505
3773
4034
12017
15240
1686
16986
17172
3265
15068
7403
11578
1289
8269
4903
2569
16999
17779
10032
1576
3030
11420
11467
17110
1705
729
12942
16687
5031
16159
9074
2862
3821
8954
2604
13903
3831
10481
17271
8424
14784
3923
3252
13025
7755
15988
7609
15758
9834
16381
1276
13119
7629
13717
6251
9247
10746
13447
8695
11060
13279
11236
16536
6168
4151
4552
6056
6930
14167
8270
13027
12472
13763
3201
484
5564
17631
13355
4558
612
9142
17301
3825
15810
1006
11460
1549
11315
12461
5390
14939
7808
15264
11671
10209
13274
17444
9360
11190
3652
2207
15498
8613
10736
13605
9468
13011
5370
3858
16409
3672
15100
16417
1022
10702
8502
7445
6084
13086
3654
12238
15665
3324
7194
9209
2033
10796
10669
10341
1319
16425
13564
12757
10508
2751
3848
17128
517
3885
4845
8559
277
13012
12425
2968
3875
4638
11610
5249
4906
7847
8165
2870
17082
1691
14794
5034
7777
4714
3842
10771
7438
3505
5844
6604
3572
14838
1789
6014
2317
15222
1237
8214
8098
17463
2333
15060
10283
11368
6448
7300
4289
9900
12062
4465
436
6416
355
11935
744
10344
7340
17429
812
1031
676
13453
17577
14555
3506
16171
10224
12146
13416
1873
9064
5688
14778
13611
14147
7618
15367
230
4242
2521
14469
6938
7664
3601
2842
951
11623
17381
4050
13105
4480
5815
14984
15814
5
3258
11725
14863
821
8941
3327
10060
12789
2868
15564
9034
5132
17456
10458
10173
11076
5556
17309
17400
9998
3357
9169
13949
7434
8036
1871
12989
5706
795
11842
4663
10831
16178
16511
7829
9323
9492
3273
7090
9984
15653
4277
12576
13613
5212
1116
2327
10035
15368
11966
4888
7265
2880
13292
1864
5234
10270
4199
5726
13667
15477
3945
17370
16166
15907
12148
4467
16473
1627
2827
13361
13306
14384
9943
13223
4020
8445
11604
58
17346
9702
2330
6069
16510
8363
463
3798
15184
6691
8322
2383
10783
15241
17134
16587
16300
8561
12343
17597
11707
6408
11854
13961
6260
2015
2353
12502
17892
868
7651
16035
8777
13120
228
15544
17881
12764
7769
11620
14118
9282
6440
4326
980
5824
8634
2020
17415
11340
120
12599
16001
4933
16552
6772
357
5356
17635
7572
4885
1230
15350
16301
8878
5152
15502
14526
17500
17739
6708
609
8009
2945
12240
8609
1366
4095
16039
14050
15512
3915
14485
3017
14390
5350
6618
7083
7934
1996
9607
3488
15893
11264
3337
12571
8798
17297
16718
11891
11087
15414
9561
380
9944
8518
7883
1385
16226
13111
8772
8120
8846
3838
1755
14625
6598
11947
17446
12672
11789
2158
4938
6207
16255
13301
5667
3099
15233
10373
14222
4742
5841
14831
3203
13648
4773
6679
3783
17626
8862
1924
15847
9985
11349
16289
12276
16846
884
11324
1453
16055
1458
12620
12216
1030
10715
5354
17197
454
1716
844
13725
1219
7990
205
4257
9494
12694
1546
8778
4870
9594
12928
17654
405
4683
11881
14959
6424
6450
9414
12066
11006
2239
15063
8714
10053
17316
4531
12494
7810
17380
3045
5463
2995
9600
2542
9023
11382
6018
10293
737
127
13089
15328
2456
16813
14213
15952
7241
9513
4473
2000
1140
3558
16826
11088
14407
15205
15464
10079
11402
15010
207
15114
14432
14661
1654
3221
3740
15265
9665
14171
8638
9661
7891
9461
17426
9848
14323
8465
16565
3991
12153
6397
12562
3494
12099
13010
539
13053
6457
11231
15046
5388
6234
9049
10729
16370
9409
11110
9574
9047
8866
10954
1972
12383
1947
3876
2818
13137
3450
6299
8219
9721
10649
7113
11721
7425
11309
1035
8899
5151
5709
4748
13203
15721
10430
1172
7088
4454
5385
9218
15088
14043
15989
15432
1928
3277
14515
2352
6721
9471
6389
8936
3021
7855
12291
8916
1185
17890
9058
12614
16859
16493
4594
2300
305
10682
16957
324
3341
9928
290
2626
8430
12717
5159
2935
16352
16887
3520
9472
15509
929
16951
2386
14660
9478
9648
15089
3316
14685
17113
16690
11513
7886
10247
16486
12704
91
15123
17079
8742
8835
7538
12966
10955
367
6374
4047
2776
17858
2730
8840
14764
17008
17476
2133
20
6578
7604
13162
14759
11217
15769
15549
3387
9233
12999
3981
14231
2325
10197
16706
2836
15379
8767
11418
10638
8580
10107
10288
7339
16097
8319
5665
9708
13711
13912
9852
6222
3504
7202
15008
12372
4802
3564
7624
1525
16836
2259
16366
1910
2960
87
8176
15315
7184
4710
11008
11147
9025
4529
3193
8376
2646
11708
11362
11706
2309
11715
9857
7762
3154
17011
10713
13636
351
14576
9238
636
9211
3990
12333
11220
7341
10730
13199
478
3523
10895
6133
14928
7710
6968
11615
4278
7756
13705
233
3949
5098
2929
11030
11433
9972
4345
13979
1449
1198
231
17255
11069
8495
5812
5246
8060
7781
14300
12012
5689
741
17445
2113
9012
10642
16922
9141
11318
1451
6840
10149
7611
10175
5687
1415
5696
6090
6244
5413
16048
11679
14639
14361
11202
787
14221
15166
6695
6049
946
14044
13425
9167
5723
11261
4224
8014
9436
4713
1545
15841
16476
14263
6160
11102
10801
15753
16754
13527
5324
12992
5001
2495
9859
3608
3947
7487
2442
13709
4678
15621
10881
10382
79
5202
13615
9844
17819
5896
4008
16779
16457
14752
1516
6400
13438
1553
6252
4286
1286
15676
14549
11864
14910
16738
12496
14866
7150
14283
1061
16523
10473
749
3809
9773
935
12237
12953
4430
12132
10868
1527
1903
13367
8993
11205
8869
7816
12001
9745
11170
14554
14086
1618
6863
4600
8681
6288
98
14920
15872
12632
3866
2200
10841
11011
14770
8084
1551
8275
10360
4783
16299
16281
1482
6638
8607
2537
4634
3286
4770
15994
17851
10825
13176
6857
13482
13773
3807
17240
6944
2123
7042
2588
16033
1196
167
4122
8274
15492
7528
16348
3774
14888
15134
3735
9729
13851
50
1985
13971
8945
12011
13962
8691
7690
2908
8074
5093
5120
13217
11401
15429
16746
7248
11194
17860
11528
15494
7822
15272
2585
7503
2838
418
11743
2032
4177
2052
15618
16850
2610
11032
3540
9097
7981
14982
10905
9103
3132
3153
11437
10282
4693
3670
1915
2373
15161
234
4601
15938
975
4952
6237
11242
13459
13511
14214
10098
4413
6624
4814
15920
7923
13275
13690
5118
17393
2350
17766
6377
17437
14426
2555
15704
15174
14373
13175
15118
4402
15318
12860
15317
17826
151
8699
16360
5533
14172
10459
13177
5620
2999
1813
16678
7290
1787
10356
13336
15950
301
8107
371
13546
2797
10487
2140
2395
11316
16082
1837
14337
13366
959
11760
12635
1943
947
12691
10529
17116
337
7741
11387
7600
15410
6803
7000
51
6801
17049
17237
7931
4445
3570
12245
2546
8240
11492
11669
12326
1339
7200
8753
1001
11364
11209
4213
14749
3134
13003
3180
3816
1750
1297
16902
16889
12586
16122
619
7957
3791
15744
9759
11504
9591
2552
14477
17785
5412
9800
486
7154
12331
8496
12391
8645
14265
6976
6924
16305
5217
7522
909
1104
7436
12280
15383
16298
5791
7814
505
15456
1160
16644
16190
1659
8294
17275
5567
15016
9138
14465
5638
16412
7313
6630
5386
5850
13902
17700
9570
17108
3718
506
2119
16153
3196
10308
2304
13296
1585
4740
9626
3588
12318
7045
15293
9760
6667
13091
982
5108
15396
2660
13293
10229
1971
13780
10999
12136
5023
7192
16429
4966
12096
4604
8675
12960
15421
102
6498
14927
16670
933
8248
426
9514
5149
14045
1785
17270
16426
16309
8729
7220
6702
7892
11139
16062
7654
11411
12189
17078
14414
14849
703
15150
10923
5465
10703
1034
967
16775
12407
2878
6994
11961
6083
12946
4405
2635
16725
7713
2485
11718
3220
680
1967
7650
7369
8298
4123
4292
2354
906
13158
11342
11040
16399
4506
12224
2689
901
11586
12872
13078
9091
62
95
16711
214
5739
13475
3432
14405
1961
14503
2405
12918
3389
17279
17369
14260
7995
14680
10806
1831
1414
84
5778
16418
3967
11722
9649
5399
3675
17428
5381
23
5176
7238
12338
2201
402
8064
17053
6808
13801
8881
16560
784
10469
14572
6642
1841
5840
16794
10667
11300
12450
4510
2750
4320
13593
7786
9532
6100
11449
11039
3944
10877
4066
9588
8997
10078
8498
15623
4078
13044
11965
9371
11877
16151
9415
571
12121
12486
1667
3778
17133
212
8684
12555
14529
8497
6822
16562
4996
16143
11810
4907
13262
17656
8818
9339
11218
3190
10652
7182
7489
13823
7109
12264
14388
8847
7299
10261
9981
13726
2142
15885
8201
16757
12227
9868
11521
9393
1336
7162
6419
15212
2247
4908
976
1278
11171
1252
15682
5095
5783
6742
17080
4089
391
9365
9901
13713
1425
3560
265
2241
8345
15837
16901
12306
1775
11096
735
3146
15401
3537
5822
6063
4781
11337
3901
3414
17138
2532
2553
13664
13554
6073
8913
1599
10733
388
9736
2731
7648
12283
8358
15825
3595
7700
11739
13449
12808
579
17104
9951
13386
2176
3553
10013
10861
958
16632
5557
7621
1500
3634
14955
10865
10028
16361
14694
16244
11831
7264
16264
10619
3755
10683
7267
14078
8385
198
3988
13182
11266
6887
17018
257
6634
6040
180
12061
13698
12127
7153
17857
16012
12523
3340
5275
5941
1863
4168
14712
11079
8083
10131
1552
17258
17419
973
2964
6891
3965
3865
17676
2618
15604
11317
13842
12915
4623
2898
17007
11825
2662
7766
6500
6109
5143
11235
2645
16885
4129
11339
17526
15196
11466
9495
5581
8863
16633
17576
10194
17617
16514
15218
665
10474
9262
161
15128
708
6988
17019
16995
10879
10004
6730
14505
6688
12084
7986
13259
6126
9153
11434
9975
16991
14315
2289
9667
6910
2423
11591
4621
4761
4235
6795
12553
7455
9767
7459
2109
101
17633
8318
288
15808
5578
7379
3514
8932
15901
4503
16241
9813
14546
10148
17499
9413
6361
3436
3686
16596
1161
10246
8183
8145
10966
403
1228
13486
10772
1817
9002
17273
3498
5532
15592
5170
9052
16956
16981
8264
4646
4522
4128
7278
5669
15475
2215
2612
17513
14431
1322
14367
8229
7101
17328
14962
16472
2371
3466
8972
16485
5499
6459
13074
9363
296
2175
8788
15376
9871
3397
12772
253
848
10362
14052
15957
5359
3073
17542
12105
5541
10636
3083
3574
10441
2186
17452
13847
621
8356
3069
174
7025
1293
14448
9386
8526
12624
7591
13455
6823
11919
11050
2344
1694
2918
2454
295
4815
17257
1211
17409
6652
9556
4892
1788
12673
13391
15575
11929
12498
5081
2670
631
8271
4155
8646
17723
17592
14683
13202
11378
2857
16883
1432
3786
3855
10531
14651
9622
7027
4994
14454
4817
11200
6279
2062
10673
7390
2802
4378
9451
9354
2339
6283
8774
865
5147
11805
8893
9438
3065
13948
17039
8598
9952
316
16294
9673
3362
12459
6060
632
13351
14577
227
13057
4486
15831
16487
13642
8372
649
4590
142
8212
13946
17272
13353
14158
4686
753
14360
860
17814
11853
15441
10011
8417
16407
17669
6173
4521
4896
16402
7289
10803
8069
1969
15070
14461
17587
10665
1152
5775
17120
16903
13839
15360
15009
14640
15327
4534
15791
1467
11724
17838
242
16828
8190
13728
16337
6023
925
6103
8534
5683
5837
14715
1409
6955
13439
16848
11787
14979
17772
6629
9223
1113
2370
8943
413
9158
6926
14377
10121
1180
9372
12149
1374
3631
1400
11125
14005
17225
7975
7547
8969
16044
3818
1389
10563
13774
14921
12603
16821
13856
16667
16679
4068
8188
8827
3794
15503
5191
17672
10816
3404
17424
15999
6812
15506
4632
5508
7230
13821
6401
17315
15333
14351
7702
8292
16069
16899
10271
1112
6941
13118
184
12220
16277
5570
16888
9085
9493
11177
5589
13001
6723
15343
7056
16187
10892
2705
17440
12895
11410
7552
6683
10134
16870
2715
8066
15116
3986
16103
2590
12294
15919
30
13710
2622
9259
10327
9843
5076
7508
3522
1029
10644
10634
17076
13853
4156
16607
15039
11740
16662
6052
2367
6869
10555
15324
2685
12616
6520
16994
8364
1933
16430
7599
14843
8571
4999
5111
10132
13633
10472
14400
14557
6005
10721
9399
11007
12137
2434
1751
15225
8110
17226
6145
10201
5904
3329
12843
13894
1115
7240
15799
331
9161
8597
14598
10278
6391
4359
10705
8907
5554
6714
2941
2525
7424
928
14643
3343
11546
13392
11631
13862
7405
5043
12996
3871
7417
14813
14739
7831
2036
14580
8324
3200
12898
10183
4894
11284
9176
14470
13886
13852
15497
9147
9381
3042
5266
5443
16880
11058
12968
1521
5215
13220
14162
6949
8839
4217
7038
12851
10399
13649
9989
3563
4760
15388
3157
7613
8853
10578
6437
16622
14010
785
15870
7049
16007
14188
13165
7115
16803
9048
14733
707
14439
15040
17348
3406
9507
5426
1315
11371
11817
1285
10346
1890
1713
876
15593
7368
14248
3687
14129
12267
10310
12771
1882
12728
5408
5221
5787
16282
10326
15558
12726
16891
11834
9898
8864
12465
6238
11869
3271
6814
386
15415
1986
2245
6879
2613
10837
16454
7964
17450
9887
754
13567
11561
9686
15335
10591
9434
5766
6156
1763
3240
13572
14620
5523
17806
3301
9443
11673
1877
17032
16008
10540
13656
16935
891
12018
11543
8244
13807
6676
12697
2735
13890
12070
2039
8737
16837
15407
1559
15760
4691
128
3378
2464
10063
7304
15067
13289
6034
15160
10698
8146
11458
6394
16577
4347
6290
3880
17117
16224
13144
8490
4220
16408
2065
14401
16093
5763
14495
11950
11838
16858
7985
15167
5892
1105
15292
1103
4060
4255
5110
9188
4716
13385
8005
17304
6615
12362
6778
3188
16595
13004
5537
11013
11310
249
2493
6698
10536
2917
4818
15101
7927
14357
12497
8349
4708
8713
7322
12729
13929
5661
11081
6590
5733
13892
13623
12221
15939
6300
12974
3199
2914
16666
3627
6220
17391
3431
937
10853
5273
15573
11582
12035
11614
6517
14858
13022
1201
3133
3415
7966
12770
671
15561
3961
15624
12868
3345
10781
1428
8162
4433
4181
5979
15444
1623
592
0
10511
13781
10406
11822
13580
10822
12649
17249
1550
16494
7733
6959
400
6807
3253
11132
3231
17057
10387
3950
9610
27
16014
13129
14340
8301
12585
16814
6899
13825
748
5555
6064
6062
5106
10368
14718
13573
16843
1159
4260
9636
11530
8400
11882
17823
9517
1440
3127
15926
12825
17031
11270
1490
3089
9021
5036
17492
6943
16313
13382
3128
9018
6294
1218
15745
5382
9947
4755
7311
17021
3300
16920
8045
8004
9950
14540
10609
11821
13316
2828
817
6106
11893
3098
17564
7302
8512
6915
1301
2872
15356
14522
10465
4699
1054
7672
3177
604
12504
45
15634
16675
6482
15594
9908
11341
5627
10880
14798
13339
15806
8926
12113
4786
9933
814
3026
16909
10922
6308
8210
10207
7948
17557
5647
12669
2185
15003
9435
211
13712
10250
15990
8253
15238
8701
3011
16743
14965
6897
4303
3372
9055
1850
3215
16175
8260
9274
1291
15658
15619
17796
6562
7173
672
15066
2567
658
5654
11303
6680
8533
14110
1589
7205
2633
17285
5308
10742
4848
5127
258
535
15643
8814
843
4540
8519
15133
6029
12045
1214
348
3700
6370
8115
7201
6466
1197
10627
3676
11974
6344
15023
3022
11847
11745
12834
8554
3719
10223
1959
6689
15743
12761
12638
9528
5278
1742
6839
11602
10959
7126
15056
10369
4920
2447
11358
4731
10331
7476
5449
2994
16518
8843
4106
16819
12827
9660
14591
1100
4309
10182
7790
6266
7723
5347
16435
12205
411
13957
17852
7765
1433
7274
701
11727
2398
12970
12052
15296
17284
6632
1874
5789
10195
14502
9029
12022
3168
14951
10580
10851
3585
7402
16498
4720
2909
10554
16070
10453
377
527
13056
11887
4423
12464
12114
14633
11730
13071
2262
10112
12590
4764
11534
10614
415
1668
15442
2554
16089
2138
6768
14915
5891
16540
8527
10812
17374
11352
8147
15377
8017
9992
6716
10872
8771
5035
11426
14930
12491
7283
2641
8112
11193
13132
457
13645
17331
11230
1479
583
16092
4233
14336
499
5553
4125
513
2004
17203
368
16501
15079
7603
10404
2768
2799
6130
5301
3803
13146
13860
14899
15338
14980
17792
2951
7141
14209
11165
14512
5077
13913
4615
6764
8506
13810
10913
10318
3973
6399
191
13558
7139
13080
7779
7763
12933
936
12905
4419
8641
3884
17801
53
10650
7627
1542
16606
5618
2321
15364
14219
5835
14085
11385
6673
1011
6918
16515
13148
13718
5781
9318
8690
16254
11369
1586
12520
15179
13816
4135
2514
11222
13775
5158
4747
9508
17314
13373
15301
5943
4850
9215
7594
6235
10680
6784
3205
1715
9583
9884
16959
3770
12605
9224
2991
2940
10506
11883
10260
1978
7335
8273
6529
10466
8614
6476
4141
13369
4944
7076
10845
11499
2675
1561
14835
17865
13445
6626
11356
8845
6960
6443
16626
4955
3785
7166
13749
10744
10099
6053
11728
1946
4990
12078
14206
394
3584
11077
10147
15499
16844
5883
4743
1021
8048
15616
15904
16363
5605
823
1494
9787
7282
3251
15351
2936
1774
4846
2824
9035
11700
5760
5714
11542
17365
12402
1330
7911
3583
13547
5333
4840
8227
9635
689
16937
5442
2987
16278
14922
17362
4321
10444
7188
13114
9452
12646
6035
15413
12056
12941
14236
10937
15881
460
17027
13956
6261
2594
14990
7051
14251
1351
8948
14916
7125
1260
3281
4496
9283
5527
3813
7811
11750
14233
6159
16285
11061
6075
12745
8459
14192
14606
12699
15916
11876
9688
8990
8584
3259
15636
7374
953
1501
2400
17745
16745
3651
7952
7103
9481
11163
7255
4500
5213
9772
9549
15892
2896
2071
2204
4765
16839
14087
8090
8612
698
2591
15187
2851
5344
2025
10651
4867
5490
10046
14123
3479
5376
8390
7089
11319
17251
16475
7677
13395
6919
11791
1866
10951
9894
15702
7387
9863
8063
11536
17719
9316
9482
3002
1629
8029
12072
10882
4161
13970
7005
1038
16728
13776
11004
17252
10919
656
11051
7543
16292
799
4707
2869
4323
13877
16702
11627
558
13508
3443
6902
14771
3997
16220
3066
1358
4077
12625
2030
15726
2280
6307
9720
6042
8085
14308
2108
14063
15062
642
10170
13854
13914
16042
1712
5899
12549
10009
1438
3834
943
17714
11446
14478
12752
17736
2234
4702
15323
10437
3090
11351
17663
4145
11396
9747
16023
7683
5042
7884
14363
8291
13945
4612
17083
13855
1554
13300
15882
13887
7843
9028
696
9993
16668
16704
11748
6724
2766
828
7352
4838
6434
3614
4381
6278
13604
4923
2764
7212
15588
8686
6293
7215
5269
9637
5404
5753
6241
9822
72
15141
8793
4329
7655
10972
6191
9682
17399
10607
16579
1600
13535
12100
4483
7077
2886
5017
10978
16647
1154
12139
5216
2725
9131
8429
10976
328
12014
14070
11249
3653
8327
17160
12230
5718
7332
6373
1448
9320
6267
8386
562
14380
2488
2915
5300
14662
5871
3983
1737
10562
11407
114
16609
7783
10688
4448
518
775
8809
2250
15090
1493
1619
16041
9505
7016
1638
11229
15733
16329
11583
16545
1002
1884
10055
17833
3516
2602
15007
955
6362
2853
6303
12435
4370
17768
4268
15034
5078
16709
8855
17265
2969
11333
16641
11046
11227
2757
10520
16217
2937
13974
224
10322
13411
3569
7662
11292
6213
12288
1756
6467
12286
16832
9026
10608
12579
7321
5129
15473
10128
10377
9597
12948
14055
3187
4071
1919
7099
1962
13180
281
12848
15437
2704
4459
8050
7967
16876
3423
5784
13254
14791
7107
8583
12451
14475
10526
14788
7102
7222
5879
10421
2466
6911
3926
12587
1406
3707
7694
9287
11806
17563
6958
5162
17139
15249
11685
282
248
4111
17412
919
2611
9715
16780
11508
13278
7767
10403
14247
13704
14145
15788
10049
1345
2003
9315
3749
15887
7474
3292
8039
1810
4138
110
16116
7614
7652
8541
14313
10412
3957
13889
2583
6581
12229
17508
4340
9790
17241
13092
14937
11829
10686
13541
1912
2702
8876
15525
9723
2777
11296
861
13307
4897
3207
11927
12269
8664
10674
5907
480
10903
11903
7058
16570
17808
772
1802
15714
4948
2026
17493
6560
9713
5259
9705
423
14345
15075
16559
11484
11851
3671
14738
17010
16465
1840
11070
13635
6488
782
15311
4265
12353
5893
9678
12339
12896
5866
1752
12352
16219
14716
12386
1411
1215
15671
1375
5686
8621
8361
3850
9685
2324
12652
16630
6654
4057
5052
16441
4960
9500
1117
2063
6336
3502
15539
4653
1181
17317
17094
1702
8832
14157
14705
10249
9338
3711
12447
10334
15420
4112
14970
4751
3427
2413
17872
17544
1987
17126
7260
4266
9255
9936
10675
8123
7832
5075
14603
11331
7807
7062
6146
5405
4075
3260
14048
1226
48
16237
2152
16157
16374
8776
9555
9994
3533
3692
12885
17624
13399
14084
9812
7849
10501
8494
8482
7665
12013
2270
2858
238
4528
13716
7969
3308
14428
7521
6516
10044
8575
438
298
14256
3470
1338
1471
2888
7046
8723
17033
158
14655
10432
9115
15537
10784
13145
14464
5888
9962
3640
11269
6410
10392
14434
17567
14115
6867
8169
7747
2072
13838
1570
713
3408
743
13002
4918
12706
7431
6208
7359
8704
7479
17639
220
14182
2496
6009
8988
9755
5641
16676
17414
15889
564
9877
2847
369
12212
8125
7576
6793
15565
3575
3449
13885
6931
9872
12945
5186
13591
6804
16723
10029
16965
7516
3060
7363
4083
6268
8865
993
14542
10548
15589
373
15803
6024
9130
1343
2801
2494
199
14658
14714
17594
11986
16060
1381
15239
17228
1778
1053
5271
2535
3121
4437
6940
14566
2195
10425
3939
12997
12448
6524
2647
869
1507
5172
4866
1255
14299
11648
17616
14344
1999
4287
12194
10626
12841
3307
9175
5092
3469
9334
8998
8726
3294
5623
1420
5171
11259
7003
312
8545
2229
7684
12799
12667
4063
764
11796
10211
10255
7451
16669
9776
12754
6877
2765
908
12399
12445
16964
17535
11254
17680
6744
546
6805
12115
4256
1085
2860
11705
15297
3243
6908
17681
4614
5293
1455
9421
17561
9825
12063
17734
17884
827
15102
2481
5797
1052
2843
14075
12658
6735
17887
5569
5863
2244
1133
1608
6312
7556
4916
7550
15547
15853
14397
15815
9918
6403
7286
16557
5615
15677
13480
1669
2598
12746
11979
12429
3683
202
8796
9164
6438
2538
5311
5419
12397
16713
1666
7628
12337
13668
14369
3960
229
747
10
9010
6771
3733
16786
13817
8302
5173
15792
12428
2238
4536
3694
14156
15348
8438
13023
2850
1461
2471
11000
17352
9014
13039
11703
16104
4117
3335
13244
8784
6392
16253
10979
7754
10499
15054
2171
16358
21
13628
14289
2254
8378
12582
11174
7023
9194
15536
11090
14897
11
16395
13677
525
9641
13674
6575
8126
13599
4195
14243
8380
9135
574
10468
5600
2980
10745
7946
11311
1495
11175
10364
9113
10656
709
2747
663
2709
9037
10084
10927
12533
8175
13574
12817
2762
4351
1123
5198
5362
8168
9165
10190
5996
14929
738
16509
3194
13429
13562
5832
13789
14404
9272
11972
5099
4511
12911
360
8755
12340
911
11540
11612
15694
6952
5022
12143
15371
3709
1700
13173
3380
5836
5736
13019
4421
991
6825
16484
9739
4771
9210
12367
14648
9643
88
12077
11720
15680
5902
3518
14900
9613
5548
17578
9510
17112
501
14612
432
3325
3225
11054
6747
15578
1762
8667
5621
6655
7055
1457
1990
14185
10775
8403
3914
6350
2746
7236
14945
11286
5617
1008
16820
12430
12979
1935
9885
11942
12335
12875
7041
2753
3056
5012
11206
17832
13232
8383
16323
8604
9876
9341
13317
11140
8488
15779
5769
15798
2218
3000
1394
359
7270
6420
12846
5807
17545
880
16943
8336
15428
17620
16463
15014
5486
8528
5161
14760
2349
7695
2417
6512
1135
15774
6871
13426
1187
17750
5199
12021
6672
14194
16469
163
2589
7867
4284
9742
14027
2683
8549
10933
5947
8960
13782
14108
6542
916
17593
4777
7579
3398
7787
15294
2432
8886
14370
8824
1797
8297
1242
866
7499
9041
4711
15178
3053
5420
13724
10584
5803
9957
8003
12274
3369
8118
15517
466
2295
6296
13922
6210
16601
6334
16797
4033
4288
13952
3347
12910
17877
14201
7353
6550
5331
3567
3600
17038
3447
9168
3442
6406
3061
3057
6141
374
12311
10077
1080
17210
6956
17491
5856
5740
11260
14647
1447
2463
9152
8354
29
6183
12934
16608
3500
774
6991
318
1723
5002
12292
11024
5479
16466
15058
9783
11064
8530
3579
2131
3953
7725
14150
16316
2139
14923
3521
13685
5698
15607
3578
6763
2927
6779
183
16554
10350
2047
3441
7444
5804
4648
3375
12098
16135
11928
4983
9205
2712
3812
10863
617
4205
1815
6470
10648
17621
8089
12388
10291
4211
16123
8313
1504
10106
5431
6901
13843
11666
1275
2361
11265
11413
1016
1575
12406
16196
12500
11312
9358
5192
12260
4945
2916
6165
2460
10363
1460
9576
11119
1365
11408
17001
4152
12984
2531
10274
13354
15490
14104
12442
4982
8957
646
12004
7343
6151
3198
4391
4248
17539
4228
1563
10065
16645
7566
2852
13410
15077
6656
2231
10541
16708
14303
12556
12511
14810
16768
9303
9191
15005
12518
6324
12106
4546
13797
7792
4062
17559
5643
13738
5427
13298
5918
9718
2179
17384
17081
1536
7869
8252
11472
12065
6233
14883
7234
14494
17140
11600
1282
11901
6395
14002
12054
5165
4154
3952
9401
34
1526
12444
5481
6580
7351
11038
15781
5572
17668
8194
1807
9032
13404
5619
3291
6348
15455
9538
9573
12689
4727
4887
972
9693
17646
14649
13478
12760
11224
7888
728
1956
14981
5392
1628
11629
3036
9270
11370
1298
8875
8283
2601
9676
7597
1182
6990
4477
8409
7168
3229
822
12421
3819
2912
13706
5224
1325
1090
8154
14168
15804
4953
8
12762
4530
1672
2005
11799
16618
16594
16855
2076
16968
7185
7094
5777
10141
14702
781
13586
17600
9735
10245
4100
11668
9512
12155
14946
13849
3710
17064
2701
9717
5575
9431
6903
1816
8207
7029
11067
14972
8591
9788
16129
15431
8921
6852
640
12522
12795
14924
8314
17562
2323
427
12253
8625
9374
7806
8650
5915
11795
7688
6595
4384
16221
14934
8817
10504
16105
8792
10471
17373
13138
8087
1484
383
12423
6480
13083
14533
5253
10585
17517
17836
13421
9850
2435
11325
5663
10059
802
16971
2264
4986
14159
12142
3678
8522
17496
16693
6508
9486
4355
6677
12468
15489
3131
13650
13551
14870
8130
6755
11991
14905
4599
8357
8712
4728
4476
6937
10330
13610
5061
8295
7009
17227
13185
6202
15279
6122
2220
10894
2137
6769
1948
2411
15449
6423
5336
3889
1718
6239
1911
10519
1145
16620
1171
16246
17549
1678
8834
7196
17150
16185
3165
13159
13644
10595
4940
502
13699
6745
4554
981
4673
10151
1064
4335
8680
15540
4090
6906
259
8453
7250
1818
13940
16516
11208
14822
333
11164
1352
2942
13054
2755
13398
14257
16158
17025
6996
7819
14622
15715
681
13548
16
8569
1346
7490
3440
659
3985
5281
5372
1225
1968
3685
8235
12685
740
610
6354
472
11483
11968
1695
15900
113
12677
9566
13334
895
8144
11347
5765
9101
17055
8398
5924
9695
9366
14836
10632
584
5274
8516
8001
13998
6643
6789
11575
15523
12519
13345
10918
13884
2484
11618
1328
10154
17773
3088
5090
6973
9246
10545
6933
6830
2848
10126
13347
5189
2150
6396
8077
5237
16031
3179
12097
12231
16210
14834
14721
14884
10338
4645
3852
10243
3929
15162
1980
16996
3082
3906
13905
4056
13607
9420
17073
3079
6872
2427
17891
9842
10454
8854
16532
90
15936
5280
7554
7537
1382
17469
3760
11237
17459
3367
1246
2409
11338
12906
9244
10304
16398
9645
9653
2037
4126
13846
16824
179
7070
9537
8195
7838
14253
17192
5651
13927
17186
2607
14782
11343
140
4685
12080
2859
6666
16849
15771
3044
8944
2303
10915
12902
1722
14627
9557
12206
12735
10802
1224
17804
11510
9506
12551
10258
6986
10628
6939
5440
11936
16872
16499
16665
17143
17176
7079
2452
5987
1772
14234
17460
1805
8042
13387
16788
15863
5498
7567
7674
11751
3246
16758
4227
6717
14977
15111
5889
1605
15600
12660
15747
7502
9698
11949
15202
8335
15217
1734
14823
17825
16091
1040
4173
1764
16705
9756
3248
6230
6664
6574
11134
12087
11145
16952
4342
723
17673
4204
17732
7606
6157
13899
1829
4579
11394
6613
3577
1217
14629
9474
17106
5993
5900
12644
17357
13327
2944
16507
7043
9397
6368
17560
2404
14804
3714
2213
3978
8606
8965
16380
14069
13209
2272
4360
16588
10549
8299
10316
13032
17599
9304
2130
10386
16720
13723
8158
12861
9853
17221
11511
7924
245
12988
5625
9017
12154
15313
1835
4490
9864
7465
3804
6876
10795
12778
10010
4930
10618
4272
10938
10564
9763
14392
700
8783
54
12740
6485
6170
4886
15531
6371
2861
5516
16421
5673
4206
5565
10764
8655
2305
14111
13031
15474
1380
10171
15728
12629
5360
9703
5400
12242
4367
9552
5674
15613
9456
11143
14197
13465
6821
3954
13121
10718
13601
13427
6591
14307
8587
14646
16036
1838
5653
144
16984
16953
16881
11818
10692
9888
12887
16164
13249
2319
16530
4695
5214
16506
7536
4968
15807
7974
594
9337
12921
761
9934
15491
14755
6446
3456
10023
17810
15826
3181
3276
5116
13195
12695
9841
6989
11432
12178
16242
11958
7693
13055
14445
3241
15875
12812
11660
1354
4026
17582
16529
14126
17679
15961
17206
6011
10866
5700
7377
12805
10165
6369
16538
1799
6273
11954
4706
14382
4978
10889
10990
12083
3310
6343
15282
2623
14493
6810
15020
16967
14995
12661
4007
16531
6942
12741
4282
1422
4316
307
5877
16393
6407
5451
4787
7433
5547
3646
10968
13681
3459
13423
15935
7782
9909
13107
8515
8483
1650
14630
2375
10586
11565
7123
10574
8388
15948
4738
14691
13365
8741
3227
3638
5286
13595
10891
12617
7526
13935
12076
11026
15552
15716
17418
123
1606
14621
3992
7297
16950
13805
586
15220
6080
1508
6276
11221
13510
6162
6270
15695
6088
12863
7578
9356
16304
5209
3399
15153
2822
12830
17163
12379
14635
9531
810
11651
11167
10455
16734
13384
14053
3481
11196
14851
14722
1855
2559
5258
10199
15399
17171
4456
2265
422
7866
15663
3037
13452
1594
12566
15316
3869
7315
9355
16589
12703
6120
317
14330
790
3402
13519
1023
15426
9200
9003
10136
6635
14592
310
7971
241
4374
2988
3828
7225
14993
10971
8423
14552
14631
6155
11990
9437
4548
10181
14462
1562
2684
12700
11010
14511
13517
13606
7532
873
13218
11584
9236
3192
15148
16610
10572
11889
17222
10093
13614
12679
14569
5720
15021
12039
13639
4401
11118
10143
15372
904
16389
16930
1444
1462
1690
14324
4730
7242
7945
16239
8501
17721
2672
13897
14240
1711
15298
10230
15125
13795
7080
8642
14142
8407
491
375
15951
2743
1007
4281
2597
10026
10672
16258
11172
7666
5577
7132
14335
1830
4821
16193
4609
10530
6097
4547
8442
2572
3695
16717
15190
14100
159
3185
1897
10958
1616
2293
3743
12110
7447
3103
13994
1407
11153
16966
14753
10617
758
15973
11045
17293
2012
1556
15452
4049
254
875
7518
13788
7577
573
6648
9105
3001
16563
3938
6713
5329
690
9369
14699
4055
16114
16150
6086
2348
5368
3513
2720
615
13984
17366
7054
3267
12342
5913
11395
1190
4214
12376
7362
11485
3860
3604
15229
17708
10697
11946
5447
17333
14021
7605
9536
14742
3454
12198
7160
6617
17166
5200
8022
19
9162
11457
17334
4925
14440
5291
5534
14146
6393
1271
9030
2055
8537
10069
15983
6166
5710
548
10994
304
4444
14187
7719
2129
2172
13228
6731
15122
10176
8049
14947
9079
12263
2758
7191
2117
17671
2504
5690
7378
623
4240
2014
15722
9062
11130
17325
4717
9293
9935
6605
2992
17125
12784
13791
6602
13206
16833
16892
16336
12038
16340
196
14463
5628
11289
172
3625
2932
16910
11445
6983
4676
12880
13430
3019
5476
13205
6909
11451
4130
11459
10871
5223
17017
14029
11464
15084
9652
1068
13038
16686
16216
12191
15622
16643
7949
10076
10757
11188
9983
8672
12952
12540
3531
2558
9117
9464
3217
2678
4667
5601
9067
7427
16659
3124
5493
7360
4025
17260
4949
11552
57
4371
10629
11092
16712
17812
2654
576
12753
15776
8867
9217
6227
5238
3318
2298
10025
13136
16142
14933
1241
8637
5418
5015
4037
7584
14861
9102
13512
11082
8521
4170
17036
7515
7707
9974
6692
12626
11680
12360
8203
12774
14896
3750
8677
12147
6870
2006
3175
15412
14408
12167
11562
853
8639
15582
10124
10797
14887
14588
17724
10569
2431
4201
13325
13376
6068
13748
15615
8852
3892
3792
14944
11084
1766
5088
13655
256
16604
3007
15546
7620
13400
7423
4398
5811
11630
7413
6920
7697
3844
4971
1379
7919
12743
6171
14677
5593
4715
5045
14856
16043
16213
16283
279
97
3370
14304
12467
3546
4987
7328
15817
11524
15911
668
143
1042
8873
3352
14906
16635
10640
3946
15596
16387
4593
3659
6433
585
1266
6128
4208
9364
9186
6685
1333
4549
6338
17052
9081
6820
16115
9329
1512
16838
17855
17124
5865
14983
16684
1568
7329
6426
2952
1682
1555
12297
8671
13641
17132
4927
7338
3704
8841
13201
16500
3930
961
5083
567
7896
10198
5715
4633
9728
2793
1921
2279
17427
12560
15417
8904
7668
15906
16204
6285
5407
6139
482
11741
10948
7492
6065
9031
7801
5124
4988
4571
9827
1058
7623
17837
1304
16053
15898
14000
5622
13804
6773
1970
6798
5592
5590
8652
17299
16452
16617
4784
3902
8389
13446
4537
2467
10275
9273
1688
5461
9722
5876
10307
6054
476
16710
17727
4606
1632
67
6206
16195
16564
5378
8618
5027
5229
10909
8927
13422
14875
5981
2391
4830
16279
10486
7116
16004
12419
14225
5013
16483
9054
4975
3721
7177
16640
2450
12751
339
14826
2342
16980
11106
13241
15305
11156
12829
793
3304
9288
16359
1683
1888
14421
11953
9731
15304
4185
7441
9970
9087
11663
15140
17660
5474
3738
8071
2573
16236
15751
8254
5505
12604
8340
9394
920
3487
10547
669
940
9418
2503
17888
8452
15189
9155
17894
545
14903
14217
15566
7708
6021
15854
12619
4883
13844
2083
8399
12361
8272
6829
6585
2854
12255
838
2050
100
12275
4395
6265
9988
5296
4016
4826
14988
15457
12600
4580
8026
8310
11874
8956
12978
10750
7643
14011
9479
10464
16460
13826
15071
7943
16470
515
469
10374
3094
13673
4147
9571
10089
12449
17585
17501
16136
1412
15576
9534
16597
16362
4166
3989
9094
13333
11441
10668
11014
10003
8339
6746
13128
4679
1314
3862
11178
8222
1399
16214
7873
4104
14193
16467
22
6232
1927
9725
3247
10532
12295
6552
12655
5019
8991
4336
5845
8748
15248
5927
9106
6259
11063
6280
5297
11348
7817
7216
4800
5235
6513
117
15723
2018
12682
16152
4672
14223
3795
9226
1569
3150
759
6576
16879
2429
15849
11424
9296
11526
11607
16555
3279
7073
10272
17020
14008
2318
15495
5307
9380
16653
9546
16526
877
12181
13609
12577
12235
16212
10811
15850
12506
7408
13352
5518
12028
4494
2377
1221
17281
8803
16257
7970
11934
14642
12254
7060
11519
13514
12594
7534
11782
8070
7587
16634
12802
11744
8838
900
4334
5612
3113
3
10220
9496
2687
7082
745
2359
13048
9830
12300
15941
5100
16223
10352
13932
1602
9542
6817
3751
12515
12713
9757
12824
7805
12573
7968
365
14666
7586
6310
17629
4915
6932
5528
9092
17805
15830
1846
15380
2393
11097
14215
12453
14891
4279
11783
15087
5262
12787
14628
17614
273
894
15092
15099
831
2449
44
5823
16027
12319
14532
10410
760
5398
15280
12119
2187
15416
2690
3461
12277
16342
13313
16181
3690
12079
14437
15219
2713
7794
1311
12266
12877
17803
12878
11609
9292
8859
9124
10904
15884
6995
13522
7955
16019
9632
897
3349
210
9780
1296
1648
7305
15914
2719
5283
3475
2453
11302
2073
5422
7086
17649
10167
7749
8764
4116
15945
8739
6436
6076
2972
9222
10306
2184
13319
8842
3878
15832
5415
7010
13229
2519
17787
1613
3374
4677
7391
4929
15204
10596
7395
14353
14064
2655
10096
11845
7517
15836
1560
3667
5225
613
8602
12927
15891
15291
9862
12359
11788
3245
9470
7751
3224
14837
16438
2791
16789
11169
9892
4215
12324
5938
9758
3772
16252
4641
3233
4518
7180
16865
2686
9953
15170
5134
16199
9781
987
2874
1727
5236
2663
8794
12524
16798
6533
8917
14812
3448
10219
12417
470
4032
6383
9577
8585
2692
13831
7992
16750
5828
2830
15701
12199
4607
8000
16349
8062
10929
4681
12913
10761
3067
11695
9986
6486
6461
11697
8879
16030
15354
7912
8567
6925
11678
17379
12819
13627
17002
13008
11141
13302
11569
11114
7287
10166
15922
3656
14862
14003
7327
17489
6836
2621
10731
6558
13918
2358
5704
12207
7385
5064
1144
9769
11247
3681
13237
7909
294
6835
10317
8113
10221
12188
5965
6888
3191
5910
6469
13428
13806
5044
17196
16040
13758
15299
563
5352
1857
16759
11002
15672
6567
14271
16026
2902
9387
10749
15750
8315
1281
12370
10276
12208
5323
5800
2051
8992
5935
15569
4973
6111
7997
2963
5648
14112
3263
2729
181
14556
9459
1870
13990
7676
5580
4153
6329
9313
12521
13568
16182
204
8394
2346
13996
8905
885
1129
8872
15654
3784
3315
13109
9195
2541
16108
1347
13736
4620
8462
10463
12418
15470
15949
2136
9593
16661
9483
10428
6298
420
5829
12403
1170
16491
15169
15651
17859
15283
13513
7133
12832
5813
7460
2560
8455
5729
3767
11699
392
1834
10315
2311
1896
8279
9403
5239
12261
13084
14483
10704
606
10735
16574
10439
7589
11732
6224
3907
7406
12190
8654
1827
11940
14931
14203
8888
11299
5179
11016
6759
11704
5241
7913
2596
12961
10901
1993
17480
10583
17387
4655
4306
16449
10040
8448
9411
15105
131
13762
2899
13037
9870
6928
4820
7996
857
14853
12479
10559
9335
7183
12663
17565
15365
1402
14517
182
8329
1950
9961
12811
5666
6087
5637
5701
13318
13358
8265
10804
10874
461
11924
14170
7169
12405
2105
14076
10090
17607
5160
40
17548
15129
12088
1757
17547
13257
3394
14912
13213
7251
5873
6515
13500
864
10266
4900
7110
2728
10723
14667
5743
521
1957
8897
5584
16581
11835
15648
15000
16077
3919
9220
2042
6012
11690
5005
3789
9005
11899
6510
10821
16126
7011
4657
7376
7851
17162
5679
17009
14676
15858
10273
11914
13682
11495
68
4568
13809
3764
15534
12171
2444
1306
7256
3040
17378
11634
14594
2382
12046
13833
2258
15048
14347
7862
11429
8759
7926
5154
1130
4453
16011
6182
361
5317
2948
6380
5048
10267
5204
12606
13045
11988
13297
3476
8920
287
1192
1958
2120
8057
6214
5846
12665
1107
3747
10739
13863
12036
4310
396
17233
14416
16955
4587
15053
762
1163
13980
15256
6378
11670
1183
7371
16808
4022
1704
3223
17762
4481
2040
11878
11042
10505
1847
1748
13210
12162
2292
16225
13246
9624
12378
1664
16854
7052
13050
15657
17256
9353
16716
17063
4719
6339
14571
15670
8255
11907
11386
12889
10708
4766
1930
15467
9214
17591
6257
12095
2399
14975
1419
5155
13461
14042
503
6614
3650
6330
837
4495
1475
4239
11998
9791
8075
16302
10103
5384
1020
3621
7944
3141
7592
9789
9050
13565
10807
1844
5986
3183
9336
3555
2090
12410
10408
842
6404
8166
11480
14138
11049
6507
2614
16550
4036
1312
17195
3452
4132
129
1588
12870
8566
12089
1437
16806
15975
4588
7294
1741
4539
15862
12793
12698
16065
11180
7748
15052
13590
15214
13481
10064
3966
15146
11632
7263
11626
12488
2408
6593
16652
16394
6546
1566
661
10298
4723
3353
16785
5614
13597
3005
17711
4519
16699
8209
13973
17788
8682
7557
5544
10936
8221
14152
285
1348
4297
4048
11844
11207
10214
10738
7803
4121
9858
66
448
11203
4079
15164
679
15655
14436
1485
16410
6797
2879
1684
1758
4382
16851
17320
14242
14786
6077
530
7842
4617
17854
124
17360
12249
12304
2027
4353
8309
8111
10953
15572
7014
5251
2312
14901
8725
1193
5472
3720
13658
7218
8532
8103
892
11752
13215
14728
12131
4311
16355
4739
8220
17351
11976
17191
12102
11195
12610
17595
514
15597
15275
8081
17873
16978
13065
10119
1942
2058
11677
2101
14926
6696
6008
17642
7789
3593
15840
13955
8716
5244
8475
537
4837
169
3663
10401
1445
5681
11214
10324
15684
15143
9370
9036
9319
5559
322
2904
5691
17467
8478
17439
677
3519
14536
11692
5270
10208
3527
12164
4555
15686
6781
17853
10989
7533
11892
6163
11556
6269
17295
4905
4759
2739
10818
9404
10678
5746
14032
8480
4236
4418
15463
6751
4484
694
6900
17540
10964
17662
17586
13978
4191
4059
14381
3515
4868
7972
11585
4169
9024
15374
16009
3928
4219
977
17815
4970
14769
7834
3376
14938
846
4749
4392
3796
16877
14711
8996
16592
16356
5890
3311
11898
12118
9406
9891
3365
9625
15180
2214
15931
2921
17603
6412
4904
10413
14789
15631
3935
16215
17828
16847
9108
4957
11535
12358
16353
16391
8164
10528
6753
5313
6700
1845
17261
12215
6115
16443
4080
9991
17798
6514
17889
3817
2931
12157
7890
10491
4828
11749
12270
893
6616
1698
17158
7350
2780
5211
7213
6059
7151
7040
17691
430
6147
11462
6693
8457
3416
17843
12909
8685
16191
12075
15794
185
500
3592
11843
15439
12023
10071
1832
9308
13161
16573
6564
16795
12755
10480
8371
14466
11800
11646
18
11107
4675
2967
11571
8410
149
7114
6856
2568
7271
13470
11754
4578
14492
10740
6535
4611
5065
9428
1019
2068
12074
8032
5341
5227
8813
9801
7739
16139
12239
11476
5655
13356
1814
4198
4180
4031
8754
17330
384
425
2763
2428
15993
6917
14890
11157
1674
11982
1997
5322
3336
17184
13497
13101
5097
9706
14607
12756
3746
13678
14354
8076
8925
9990
12987
13059
4939
10008
7917
750
7796
17523
5358
3159
14124
818
10367
5146
11702
8136
8450
1155
12810
11937
9457
1274
6067
14148
2767
6134
4300
15689
14723
6858
9802
2387
995
2805
4993
9586
12452
14334
15778
11376
1126
16320
13672
12654
2274
14967
1041
2174
12120
11308
6462
3140
17678
8665
2529
11827
587
5586
7098
15234
186
5842
8116
5839
4859
17608
12377
4165
907
7336
691
14294
15268
2077
7261
16357
6444
16121
5951
5205
8093
10670
6620
297
4502
2920
12888
9674
6699
13036
14678
7820
10544
16878
14820
16456
2962
14371
6249
6302
8801
13072
5335
16692
6509
15574
8628
9006
12124
4305
2971
7825
9627
1867
12633
11625
9140
12858
12492
3314
12473
10631
6646
125
1577
4538
1153
3407
13879
1489
5634
819
4795
6316
7072
14872
14978
7878
1767
10826
16377
13559
9066
1125
17443
4229
12382
1836
2809
10655
5750
5552
2425
2628
13840
14176
5086
17528
12251
201
17486
171
15345
731
776
15960
8095
4196
17746
8304
1519
13099
7239
7768
15346
829
10776
942
15483
4005
10241
1794
16751
10622
12931
1679
4094
15727
4596
3689
12650
12985
9966
9612
10728
12922
6431
4595
11774
10070
10773
12593
17799
10515
7675
2507
8287
6306
14491
3883
6777
15720
16076
16174
6720
5169
1284
11085
7312
5980
16774
4431
10916
11735
5945
9815
4618
6495
13160
16719
13967
4251
5695
8556
5930
2839
15406
13873
1146
13714
11403
4403
17574
4001
1976
7232
5990
10045
15599
15466
1582
3655
8871
17538
6349
7804
236
7854
17688
8232
14342
16961
5196
15790
10653
17502
7128
5137
11734
14518
7111
9016
2813
957
12964
8484
14589
16132
7145
5373
15
7418
12195
3547
5794
13881
3006
13471
1640
3955
17488
15646
15253
7407
17310
5512
4023
7006
8412
2170
2748
16447
4012
10240
15800
4509
6732
8572
14873
7106
3409
8629
13893
6326
17742
15271
13058
8333
7334
14563
11525
3148
9954
14096
12780
10296
13584
336
9382
10248
2056
6445
15628
16939
12193
1670
2769
6583
11701
16368
11500
11611
2966
9123
14539
3234
4664
8720
9107
14153
11606
4574
8622
4627
1287
4775
3212
11422
11596
9753
705
12850
15451
4298
17185
2677
11473
10925
497
8735
13960
6540
6418
17703
2658
1671
2209
3330
11033
839
12630
14936
9658
17791
15617
9765
11390
1091
17318
8485
1137
55
3613
157
15446
15206
3649
7269
8689
4527
1010
5494
11644
9441
12975
12557
7711
6
3332
5138
13915
5318
16416
12365
3836
15878
17652
7174
1636
16938
913
15091
5857
5522
4414
12384
7670
407
10265
14601
555
12564
3388
13090
17558
1340
8816
797
8225
10323
10475
9502
4159
16137
12482
14378
5864
15059
2855
17308
5521
14127
13976
15756
16874
5596
17627
11149
14657
15786
9915
13409
12712
9906
5497
1571
10164
10590
3046
11514
16243
14065
12165
12813
8379
1101
3319
4722
14801
10646
4197
2266
16015
12947
6726
14012
12859
7491
3863
14530
9439
3697
4744
4464
6706
15237
12308
6511
5053
4961
7273
12618
15608
16852
9469
5732
15969
12437
5491
8579
4661
8911
1964
16308
968
9166
3338
2782
10361
6506
13324
494
16133
2261
437
14948
5047
7575
6379
12747
10227
10153
3639
10939
17127
16149
6668
13870
3076
5933
7167
6786
1982
10086
327
12800
6112
153
315
385
12315
2549
11985
5445
16760
4471
11204
1294
1267
4028
12279
17707
16548
1730
3149
347
10809
5604
1236
7980
3070
17553
4625
15246
3658
16071
12681
6174
14499
5153
6553
10113
1416
9290
777
4427
15740
12048
654
3607
3015
10329
16963
5195
8795
14645
1261
8263
8880
4813
9389
9375
2362
3724
7509
13670
6152
13904
3626
5814
7595
2203
13742
16767
3734
4376
15195
13253
2639
14713
2576
8021
16756
2210
7314
8756
17407
14364
7130
8509
10834
11498
3802
15203
11930
5953
8644
9530
6674
4640
6351
9615
8836
13951
17405
17784
1998
451
7394
1149
765
6281
10030
7034
2520
11478
2100
15135
2124
17643
7908
16600
1450
540
8205
11430
13619
1015
15227
4140
12203
883
14054
14413
14278
10094
12348
5163
14365
1292
4629
15082
4045
8608
2211
5975
83
11383
28
12899
12837
8461
14137
11098
12301
13236
10988
1208
12561
12471
4364
3003
6551
17215
4247
3482
1059
2046
5148
6791
15250
3486
14089
9965
13616
9146
6414
13553
10502
15393
12904
12480
13745
2283
12282
9719
14190
6003
3917
12917
13258
1663
11015
8346
10677
17634
3016
12730
4895
15664
9609
6427
8980
10756
4424
11716
11283
15011
9680
8300
8661
3230
9424
7709
4487
6390
12134
1781
7764
12568
12278
16067
15064
8636
8347
1359
12976
15567
16017
4209
16533
7988
156
4428
7483
444
14189
1392
3576
1853
10789
12145
1120
16404
8171
17477
3524
14496
1607
13248
12890
16206
12463
11116
41
16202
311
2509
4263
14634
13441
13752
8216
17699
17741
4943
9284
12959
1465
11832
12093
3186
12008
1637
4182
2756
17312
14781
12495
16268
3980
1017
1875
8303
2923
10533
16406
4776
5878
593
5103
5657
922
2372
10139
15530
11863
60
8829
16566
820
4250
4825
13230
9659
12128
5050
11489
6001
2563
14031
13857
12516
14775
1056
10579
12750
6184
8217
11075
13750
219
10061
1543
1089
9948
531
4246
16867
15538
17494
6813
872
8393
17014
8789
4750
12218
12939
5439
14508
4660
4366
10524
13288
5543
6948
1229
14894
11481
6101
17230
6645
446
335
7067
1880
11129
5115
2320
7619
13566
3921
5051
12932
13545
13617
2430
10516
5595
14058
4443
7973
17099
15136
10068
10108
1532
10115
8250
3490
4639
8747
11091
133
5755
5721
15514
5210
6953
10123
13719
13865
10095
4984
4863
16894
14343
13986
118
10711
112
16933
5113
3299
14276
17546
3610
12871
3071
3104
944
458
12879
8433
711
13908
15358
3173
8773
11551
8766
4449
9007
1646
13424
10256
10343
7845
7703
5958
346
1833
14885
11184
16989
14102
7233
14611
9958
12434
2586
7669
7936
14471
14250
6977
15185
5268
11326
7865
16886
12485
14339
1735
10160
10885
5040
13997
11993
16128
16367
934
3101
3677
14161
3342
3222
11757
2106
7798
16904
15312
8702
10839
16006
9112
10659
12891
16919
13389
11197
6577
7560
1372
11240
17782
10494
7066
7397
12176
468
7558
15043
7663
14541
887
1547
15683
14079
4654
11758
538
11813
16616
1167
14909
10365
3048
7799
10366
2360
3972
2478
3896
16948
2412
8440
4295
10701
12675
13578
6623
16051
4358
8858
4363
6875
15211
15330
244
10381
7712
17829
13127
4304
1539
11807
2045
14671
9995
9455
4110
3029
10946
8018
8189
12958
16250
14807
10014
10162
994
6061
12316
2310
2365
6360
16497
10558
4493
989
9442
6671
13193
14446
5717
16260
15974
10942
1852
6319
1649
5456
2907
14287
15690
12786
7288
15163
15405
4577
5994
2473
14001
2401
1908
13340
7716
5290
9343
10625
10461
1580
416
5475
7729
5880
12943
6478
11512
14815
13269
2455
645
2060
9913
4964
8155
7337
13123
6277
599
17286
7680
3665
2947
6454
9453
9416
8930
7900
9967
9585
3112
17145
2530
13640
2812
10878
17061
7879
6216
6421
9285
16025
11428
3780
137
16022
7998
15997
15260
12138
4562
14056
3830
6082
13561
15883
7875
7750
1139
1839
1249
5485
13363
9634
720
16895
14004
1744
13372
6796
16778
16835
12856
11737
10867
9818
17797
9400
14266
9312
5786
997
11951
14238
2116
11861
15078
9740
1421
2031
5529
1247
10793
9181
17709
16453
8970
2800
12951
13062
653
2475
15308
12788
15142
14057
8861
13571
4009
15110
13660
3934
5424
15436
5029
2011
5464
17347
4131
10828
17187
6044
1361
3635
7744
5737
13934
5799
11334
2536
4350
15787
1067
3648
5610
12150
4349
2240
13888
7681
11161
2082
12542
988
4725
237
6725
5977
8104
9797
2889
1480
13764
8012
15438
7861
17115
716
809
6878
12332
602
17896
1401
115
15044
16649
6815
11440
12037
3171
11019
7449
353
9946
830
16784
5175
9579
9121
8187
13134
2154
462
10290
12228
779
16873
7545
15510
9144
10850
10635
6313
11560
8768
10985
10120
17813
9027
5921
3204
710
3615
13403
11374
14017
15198
16736
9145
16551
15516
1992
10601
13569
17276
13098
8811
15290
4202
3912
5203
5380
5576
7448
12217
11564
4417
12081
5514
1466
16905
15033
17504
10813
16611
13346
12258
6537
17848
7939
1299
17824
6563
14600
2182
13061
6719
7687
9417
5302
5636
9833
14020
15049
4864
8054
14113
7219
16673
10893
17770
15165
7561
17048
10896
12977
6108
17430
14041
7254
13434
7954
8108
8740
10203
2534
13579
8239
1854
13097
2281
5631
14229
6754
4834
17216
15981
1590
3285
2864
7392
15131
2388
2278
11491
2034
11581
456
10873
6217
16685
10303
15897
16508
6477
15585
5070
7204
17754
1087
10743
13401
11232
8578
9405
13256
89
1452
10616
1620
14889
9395
15126
11123
12073
7093
15340
7685
1966
15541
2161
963
6320
2419
9314
12804
5502
10378
2392
1176
1531
1537
769
2275
14016
15763
12547
13299
3058
16000
15096
15752
17045
7446
5417
9639
5727
2328
4491
15352
7138
7108
3085
6603
16737
5573
17047
17735
1350
4004
2168
4313
3478
14062
6335
7002
5423
9856
5649
8918
5289
11037
834
3480
2894
6660
13479
1740
14521
15759
1603
11029
341
11057
2619
7210
3503
6094
10950
952
17164
12563
6828
870
5394
12840
16111
10036
15200
12289
409
4372
3793
15874
5705
11216
5854
7809
4015
9242
7044
12503
508
15918
9522
11975
13192
9072
11025
4963
13938
17694
6844
6175
16585
13543
5338
15103
5950
10518
11999
12059
9960
12477
4200
5074
1257
6121
15979
105
16056
5872
8082
13975
3833
192
7827
17505
15775
10232
14510
14886
13332
15443
9128
4338
16442
13834
8706
3213
6150
16730
14608
4779
6095
14356
17470
16671
15795
10808
10347
8603
4237
13589
8334
13418
119
7714
7568
14141
6372
8529
15928
7279
2740
8276
5962
7573
1675
14081
4958
14950
8683
8563
8027
10969
10857
10313
13322
2226
3761
13196
778
6534
7272
3472
8099
9266
4922
7549
7569
7639
5018
12892
12247
4570
344
9829
2246
15943
11766
14165
2627
15896
8449
5452
9497
13688
4354
1557
2814
9342
14393
5218
1439
8640
1436
15986
10476
3548
5874
8013
2566
17376
6874
5371
12246
8428
17569
9606
17070
3757
12929
15197
13878
17710
10021
16144
2297
17259
4194
12499
121
6649
1892
9379
13474
12159
902
9509
5025
9893
17862
12901
6809
11034
15173
14174
3753
11681
15785
15864
6245
3214
15964
10125
6081
7511
11059
6365
4035
10371
6409
13520
598
5882
1049
13963
6422
17885
17781
16576
6271
17541
7965
107
1689
13450
14280
16997
12558
4801
13034
16921
12995
541
9240
10778
5207
15074
11647
9061
3023
4517
8643
7293
64
17282
15331
3210
15746
7268
6179
1842
6785
389
17644
8088
9328
4879
13443
9207
6681
1706
6221
9433
2845
9701
13094
16047
11963
16155
2314
4105
13406
12876
7631
13
3775
1043
10890
8732
10415
5984
10027
4018
8325
9914
13135
16628
12024
5515
9544
16827
5056
16681
11994
17406
17886
8010
13643
16145
4560
15472
6584
14558
334
13626
5178
2699
10543
7815
5550
399
14274
4843
1302
292
7510
3882
4878
2081
4252
9310
10819
11915
9267
9271
3908
3410
888
5510
14429
3805
17524
3346
5230
4139
1593
15967
4991
7249
14867
17883
13524
12767
376
670
12487
9569
14799
17218
5742
4222
647
12107
7933
16087
9427
12686
15557
12104
4046
17000
13796
12797
9535
15543
14582
3717
4793
3859
15819
5970
13666
14095
17065
14864
12776
7698
10335
7075
8044
11454
14046
12007
12466
14019
14387
3517
4061
9804
3629
5712
14854
15095
16571
13950
11461
17718
1498
14985
3716
13357
2406
9782
2341
1326
11507
10884
7795
5972
10539
8481
2219
3888
10786
1535
6690
4803
9662
1111
2946
13751
6733
8942
1681
1544
4598
165
3998
9376
7850
2457
596
13374
3530
9440
4331
15913
5546
9886
13937
7612
2871
8143
15259
8167
12950
17481
16066
7164
11148
6970
8305
9949
1931
7642
13419
14327
1468
9668
16561
768
6818
17575
16646
3012
4674
397
3266
16982
2957
17425
7726
12865
17521
11294
12569
4516
8124
2497
17661
3189
14513
6838
3382
17211
17747
14525
9621
13006
16480
13708
16762
2993
12798
6752
15581
3544
9590
12086
5375
3837
7731
13987
8391
35
8469
4175
7048
4852
15277
14882
10624
6538
3364
2146
3993
15669
15839
5506
12535
14809
17786
2335
160
3814
14332
921
938
3766
17611
9861
14114
3974
8822
2153
8256
16505
13491
498
15666
352
6089
15363
6382
4833
268
3806
17827
4314
14473
8833
13359
15159
11643
10694
9824
2002
13077
2742
9620
15642
3725
13790
10910
9350
12033
5677
3603
4470
9149
12883
11776
4584
17147
13104
14316
7170
6532
11809
15515
4792
2784
9385
17359
17625
5734
11453
13277
2866
16521
250
2097
886
960
15026
3943
11238
12720
2696
9038
17173
620
6997
10592
4649
4092
16146
15737
14564
2926
3092
16916
10860
1614
11258
8987
1393
17005
1572
14444
7347
15927
8562
13582
12912
9349
16100
2667
17455
1900
2285
13170
15384
2986
12040
4312
2599
10400
11136
6934
15397
2811
4899
15784
10859
3100
16701
7864
3679
13917
17775
12565
13923
1615
3451
14617
17465
10193
8700
4893
15086
14599
1653
13305
10289
2783
6228
10510
1811
9466
10765
16740
330
4058
14737
9260
4479
11412
1795
14305
10445
8097
5538
132
17630
6881
12232
8995
421
215
11870
1746
10300
4768
2759
2355
8670
13504
6987
10630
1110
13919
5067
4844
16310
1732
3864
9640
8184
12656
7743
17696
17329
815
12768
549
10395
1426
5513
7124
15929
6028
15019
2707
8072
16330
17131
523
13813
15468
12371
927
16657
2188
3473
6837
11176
9987
17090
16940
5819
16172
12867
15344
3846
8514
17050
9527
14524
1121
3235
5091
1303
13734
11086
15032
9646
6589
4081
5489
5999
16354
9681
10411
6149
4478
13756
3209
10852
2451
15996
10676
17738
13747
1009
12986
881
12514
5504
6321
4824
7432
13492
9299
16231
12916
467
12821
7019
4274
1063
4134
10716
122
3979
6194
10398
5425
12831
4450
14438
12474
7929
4337
13457
12668
12823
16915
16200
4174
1308
14528
17743
14226
15306
17168
931
8656
459
9689
5801
4789
3081
17300
13654
2718
10799
11956
3580
3412
4011
3596
3826
1622
1150
9254
6093
17525
5188
10234
11168
6263
7228
4319
10391
6292
8114
4258
1162
3620
16090
6425
14154
16390
16124
10409
17895
9816
15827
4375
13284
12172
12903
1777
2183
8218
16228
6606
6985
8401
2396
17149
218
17382
8968
12457
4103
5101
1427
7776
9361
4386
9174
9631
6384
4162
11775
17242
9160
9520
3688
99
11226
15660
13383
7514
12346
9832
12820
14578
9261
9234
1677
12409
15730
4187
8779
11802
2637
1378
13087
6636
5790
5767
7071
11288
9173
10661
8979
9114
11888
13451
3485
4762
15856
5072
15894
14724
13448
10379
8538
7308
12651
2593
11661
4410
9490
8552
16528
3309
10862
7488
14325
15210
4293
10087
3239
1643
15404
8382
4017
10917
11150
3453
6528
17583
5459
627
10479
16273
6079
16314
1073
557
2724
7096
2714
2067
14893
14741
6255
8660
8343
10109
15085
2470
7636
1533
17232
3726
16233
896
17566
5869
11028
13596
4926
12724
12609
14030
17377
6455
17664
8830
13394
11191
6832
13498
10016
9846
7617
3788
17623
9584
1377
10019
714
2472
2579
2017
11272
15953
11761
17129
4069
6775
15303
2771
1918
16748
10907
5920
13592
4014
15154
7462
1364
11538
5976
1092
4435
3737
597
10088
13166
6058
13484
7994
16927
9650
8912
3742
8341
8261
17598
560
17338
7761
6631
11183
1658
8053
7464
16154
12094
3477
5939
11198
16414
4039
13557
4446
1165
11803
978
7414
12792
7091
1974
15207
5363
7415
13150
2197
14968
8964
3261
2194
9118
13835
11815
16291
5156
7757
4002
11421
5379
6463
8392
14679
14879
15805
4524
8542
11414
3877
434
1731
14672
13944
7252
17072
445
15529
4436
2528
12330
4997
5802
14785
14754
14103
17066
17179
17589
1332
1592
15138
15965
8731
17085
6196
8790
11365
7626
6922
3383
3428
16021
2486
2524
5454
6113
8068
2711
13267
14066
14747
38
8849
11246
4294
13214
12341
255
10836
270
10204
11819
15866
12546
9110
15069
5310
16787
5391
14805
13360
12845
12737
4024
1676
13290
17606
16663
4074
6164
5057
12043
5455
9042
13281
917
2378
7616
16496
1665
8241
12312
4322
9771
11933
15924
5658
9279
9362
1251
14040
14708
10039
8226
12166
14783
6565
1430
6118
13598
808
4839
6180
8938
10722
8909
5495
11962
8825
3197
303
313
9432
5094
8436
8535
10671
4884
7720
11811
9127
3528
16227
13872
12598
8109
2269
10582
8470
17573
9644
5752
4051
17224
8738
8311
1268
16537
7935
15890
6375
7156
7963
4847
3765
14898
5085
7456
1119
10018
14134
9657
12873
1369
9253
4042
4726
14196
3931
12930
8323
8019
1859
4339
1541
8206
1634
3611
2885
6215
13271
2225
11185
3381
4666
5535
11355
11794
8626
1902
15391
5284
10612
2779
3708
4794
1390
10072
7895
7035
9084
4911
146
16311
8472
14553
1977
16325
17867
2983
14868
1828
5855
10800
11544
8437
5830
12003
8856
10637
13684
12791
8728
16203
12307
14704
4550
15880
4881
4914
17874
7983
8837
10037
3055
4114
17247
17263
195
12047
9941
10654
2007
1524
10384
2584
14844
13868
2734
3049
5265
6780
3730
6569
11450
10146
8458
11023
16747
8293
1131
11455
8332
3031
2212
3771
15226
14644
14144
5240
11332
8743
15732
5603
15419
14543
11425
16658
3024
8973
4390
17730
16478
8850
9065
15859
2216
13555
9774
6066
13380
5793
8649
13634
11939
10766
17761
1885
11696
8658
12842
4021
9263
14706
7564
14638
3762
8962
16520
6873
7485
4415
8531
6209
17483
1878
10747
14692
7717
10944
8268
5112
1916
9425
17030
8694
14326
17190
14516
12790
6961
10388
2178
4397
7439
162
7876
8914
14604
2347
15215
16802
10774
7824
14654
16928
3612
12742
575
9229
13261
12722
6678
1680
17701
3348
4043
4752
1269
5678
16179
7632
6387
3163
6185
15971
804
9467
12623
15392
6127
2548
1459
14732
7922
9882
17800
6471
603
11182
2804
14435
1954
4780
4642
13026
16900
17435
15109
1597
12612
1026
9823
16586
2421
2316
6659
8031
11305
770
3087
266
6686
1004
914
16232
13575
6332
14430
4085
634
3151
15018
11862
2821
7887
16205
4659
3851
2657
17212
16197
1025
10263
6979
4299
16474
6741
16208
9671
12126
10842
12197
2990
9060
14846
7977
4010
7310
1320
6487
5694
2326
7142
725
11759
14449
1413
17118
10792
10717
7581
5222
14450
13964
1070
697
3120
4732
2500
11885
16194
16924
14352
15155
4412
7635
3437
11793
10212
17811
2381
15216
6886
5183
10870
14581
4855
14412
17653
15072
789
11047
17204
675
10830
7932
13035
11850
3870
16018
15073
6743
974
1626
3460
9475
3975
2107
7692
7026
5401
14120
4189
5911
16735
10725
4218
15182
5632
13883
8182
10974
9322
11756
5961
15004
16654
7118
11983
9669
11287
7940
14091
588
16688
12112
2009
3219
15002
542
452
8633
6975
614
638
1408
12923
13270
14816
2733
8620
4647
7001
2173
4474
10621
702
15833
9826
6967
1179
8831
1949
10431
1127
15985
14745
10829
7871
9070
5982
14306
14149
3317
9651
9156
362
8447
206
14974
343
9241
11964
9896
7647
12826
11274
7468
1077
9521
13115
9476
5144
14038
9264
13794
326
16866
12248
9076
11113
9258
14792
6352
1376
10163
9940
9664
5346
15453
12262
2236
16674
11952
16809
5574
15553
13544
10253
5487
2774
10782
332
17121
370
12152
6385
15337
6096
16229
1491
10239
11100
12363
2883
11278
6927
8508
1235
9595
2001
3873
15551
5016
7937
7367
10734
16451
2650
4533
1868
15329
6816
674
16388
7993
8937
15947
2415
2439
14179
8868
882
4769
15703
7355
10462
3136
13273
17178
12175
5285
11944
14688
14230
5107
15400
10681
3987
14736
16495
14779
2263
417
12864
15829
9326
7844
12006
2977
8659
16593
4898
5332
15709
1661
3893
15757
15113
7422
5140
10477
13172
475
6322
14433
16222
1595
939
1952
9120
9704
11598
17183
3994
4865
16541
12163
8213
13124
17084
10849
1310
14047
16638
14664
7416
8582
2978
17396
14800
14616
11633
11211
1158
16211
7214
9351
5114
17778
14034
4967
1173
1720
9854
10236
10301
17821
12725
3911
6250
11529
11683
8052
11747
1423
14881
9565
14544
13702
2953
13216
17421
8594
8949
6494
12828
13130
12596
16376
15739
11223
15038
17748
13052
14155
6037
5164
16755
2369
3143
17388
11905
2644
3597
4602
10484
12032
5403
12334
9116
6504
3874
10724
4073
12925
10911
11159
15917
6539
2414
5676
4921
5957
4796
4327
2482
2021
14501
7
12396
6441
9126
12659
9306
14013
13187
14860
10537
10419
9503
4508
12481
1826
5288
3122
5792
16985
17749
3984
13985
12719
3355
805
4317
2104
746
9912
8080
14135
13250
522
2221
7348
4535
12591
11984
3075
8679
14006
8149
13407
5545
9321
4267
14709
197
9390
12908
3799
13417
12169
13549
10523
12509
7244
556
14585
7495
8369
17339
1356
6047
12375
7356
11779
12244
7007
732
10242
4120
15982
1611
1564
9925
4841
2480
10333
11857
13991
11080
10080
14535
14166
7085
12327
14852
17097
9973
12349
1134
111
3879
2023
528
9044
10281
12736
11452
10460
10188
836
13397
3403
12345
15584
1609
14383
12773
12862
263
8717
11345
14833
10005
11158
13765
5735
12439
8974
14504
15688
12611
7345
12158
4806
3430
1708
4566
5810
3963
5282
13926
2385
17327
3195
9712
14574
17835
755
16722
5024
5471
9709
15976
8730
12541
5519
3077
8134
7590
393
4098
11917
17689
11599
4912
2629
715
13848
7656
1200
3839
11848
12893
8668
11377
8791
3275
4947
13576
2180
12815
14071
11537
10355
667
14670
8387
16700
3051
16234
3525
8500
10178
8543
1581
13910
6974
4192
6846
14507
15710
11613
16238
5870
7134
14456
9955
7897
12071
4880
9817
1386
9184
15228
13533
6301
17077
10418
10237
11497
4388
3167
17167
8923
9392
6523
6309
16160
15888
11329
3769
4670
8624
2700
6579
4746
6951
9663
6650
13621
15772
9276
17449
8810
9059
7746
1264
16099
5936
10748
605
11570
16776
14290
1295
6325
11361
13518
17802
3507
8172
3358
17675
2049
14573
16297
660
5145
17165
13364
12692
14796
7856
9449
644
2315
16346
5668
14689
14871
16392
8197
2165
14418
12622
1510
1057
1079
3435
12782
9777
382
9694
10286
7494
4144
1454
6131
93
2288
16830
1098
10169
2761
1893
4408
12528
17686
17368
5174
7830
4831
10041
13988
9171
10714
12869
3080
9568
16543
481
14707
9697
1355
13900
6765
14122
1601
14235
12201
4400
6658
4586
4460
3696
12816
14880
17105
11918
2508
15001
9228
14211
2905
4709
7136
15570
16979
1502
8117
7064
8707
6954
8922
17201
10848
949
4325
286
10551
16422
63
12589
2550
11154
5353
7524
17141
16492
5670
3433
11920
13936
8999
5119
9922
1478
16796
2252
4573
956
13733
14725
17324
2043
10869
11763
8963
7247
5366
3624
16890
9691
8736
15668
8823
16651
10710
2253
9911
10503
8884
16621
17876
4735
264
13783
7018
12814
4261
17613
10556
1574
9847
8722
16792
8223
9040
12574
7930
1424
2668
7853
8848
1074
10351
5066
16288
5566
13959
9964
10218
1534
6007
3331
11018
14842
7910
9269
12200
4772
2816
14398
1914
8100
7525
1821
15425
8193
2202
9294
10189
12211
15398
4451
4669
4356
1248
3895
13412
12243
9498
17194
14570
10017
10687
3840
6963
3573
9286
1305
832
17332
10405
16351
13499
15755
8947
11897
7420
16074
4488
9596
13342
75
13227
9248
6057
5340
14668
9137
5909
8331
7206
4223
4393
14488
2331
16423
7915
9764
12634
1747
13343
17712
11955
16440
10941
2164
7473
1809
12329
15899
12101
16944
3004
6767
3703
12202
14358
5089
4065
15579
17122
11797
12394
7548
11830
7275
6010
14957
9265
1262
4576
9122
10908
106
17209
16811
17189
6898
14268
4569
4461
1951
15942
8344
1417
13802
1327
5713
6435
724
350
4861
12168
13502
12476
11268
13707
4729
15649
6750
14795
13798
17291
14484
4756
15158
3474
8016
6561
3446
13841
10012
10047
4829
9090
9784
13494
16078
7172
16365
1851
10998
1995
12015
984
6388
8676
2636
11574
9794
449
8426
4515
15910
7841
4520
9792
11012
2498
14476
9796
10662
10706
16045
7721
8663
2565
13018
7354
15816
2653
85
15925
1790
2825
8885
11055
2374
14787
9809
2084
1102
2835
3282
4179
5923
9357
1965
5008
9560
17753
13836
17303
3841
15820
5960
8281
82
4810
17345
4497
3425
11465
1084
4157
17123
5003
6601
10056
841
1518
15381
9179
15493
9093
11486
9539
10442
12539
16005
11880
14061
15580
10022
3467
108
9551
3918
17169
13689
1483
15378
10899
9683
6554
9554
13767
17269
5940
11654
6826
10383
12446
14191
15963
8719
9733
15765
3109
17490
6289
11213
9384
14083
15633
13784
2789
17820
7506
581
4954
3913
4102
8038
655
3237
9190
16825
11675
4523
5478
7772
14824
5808
13506
16444
14218
9897
10914
5912
11179
17266
13701
5602
17152
13489
17534
14007
6670
16338
6453
2410
10051
13432
17219
15094
6684
9746
3182
15725
14626
8153
1925
12615
11192
2096
5007
12415
12192
43
6091
1094
10485
16488
13085
15022
5500
10707
2544
17015
12578
8662
1548
9589
4396
4107
3682
12213
16207
173
13755
3605
6123
9869
9045
15797
5587
16689
15201
2110
3763
9056
12882
2897
17637
13163
17156
13550
14487
13602
8342
13858
692
16695
17685
12414
17720
14814
15266
4003
3501
15261
13647
8669
13552
46
17200
138
11475
13505
12676
15501
15848
6287
1612
4827
17522
643
2248
9291
10987
9930
9714
611
8351
926
3824
15675
14049
13093
6851
8106
7925
12983
12759
12484
4860
5351
1745
985
14424
4561
52
13542
11872
4283
11923
3673
10407
4851
8151
6762
1477
4616
14743
6969
4270
12068
2190
155
7430
10883
13073
488
8375
14763
11873
8951
14109
15322
2441
12944
7800
3166
7742
6136
11890
12967
11282
4365
7958
9000
8576
10611
15191
8721
4176
493
1725
15637
6607
6428
5895
17868
11714
10981
5039
13999
10606
14386
2053
4243
12973
1370
16086
3916
16614
5303
1955
16083
5201
8466
16512
5389
6144
13076
3969
9187
17794
8908
835
5220
13727
16591
3499
17757
7880
5228
9488
11957
2533
8799
3898
13191
10610
17350
13415
8024
16274
8474
11689
8047
11989
7730
3489
2540
14208
1635
6749
14228
6346
15824
1028
17555
9325
512
4118
2479
10353
14859
4207
455
8352
1733
36
4332
13108
1701
15006
15418
13754
13323
12881
14093
15587
11657
5697
11686
12025
7421
7211
13211
9655
9204
10770
10935
16034
9711
3027
293
272
3779
12781
7298
9347
4504
4167
6525
4245
2981
17841
8236
11587
12390
2149
14116
1342
17655
8282
14457
12161
12236
1520
5393
3712
4113
13147
443
12844
6760
4689
2160
17434
16764
13255
10081
13477
9237
12108
3815
6728
16424
8590
7175
10552
2749
2290
4269
6456
8051
15460
4701
8929
2282
7024
8894
9516
1206
10810
1739
15761
13330
2010
8924
7877
13608
16908
13818
10787
14198
15017
13612
17870
3731
4862
14991
11160
7689
7409
10643
11567
10763
323
15630
8539
429
17651
1891
2823
15876
9043
1726
16095
11152
3208
6114
14562
14652
11020
2121
13291
2332
8696
2257
17789
3510
4809
4597
6549
17278
12990
7197
4389
13328
969
9878
5450
14028
7823
15563
11389
13329
10417
11427
11688
4457
9132
4357
465
8078
6794
7848
12180
8688
1136
1039
9206
14331
13017
16970
8593
13047
13629
10427
11650
5926
13867
15035
7266
2551
9063
12285
15661
6039
11477
17822
12305
6447
10854
15382
5257
9019
578
9902
6055
1642
5345
6366
17292
226
5166
5959
6885
6705
14486
4108
7105
8724
4171
8425
6555
3739
14074
401
13993
7541
13523
11409
12588
16186
5292
9300
471
17869
1513
2511
2616
9684
8900
13437
4869
6340
11078
2615
16306
7157
17250
12058
7068
11698
11354
5267
9820
6468
16771
9022
14348
10759
6135
3356
1166
2384
13679
4636
3312
14482
10856
7193
16816
4210
3032
7152
12395
2458
5182
4946
2516
17274
15083
5255
2522
10057
11559
13041
5928
9447
8510
8544
14067
16664
6452
3059
5795
17818
1505
11474
26
9089
7894
6242
14590
9997
15209
12317
9687
1046
8967
14292
10963
17605
16002
16860
1773
11360
14561
10292
9969
6015
11866
11824
10900
17096
12537
12364
17506
17404
16110
15243
10752
13585
11052
13140
15835
5139
10348
7084
10299
8359
3552
14583
14080
3434
7237
13067
7918
15117
12714
12381
5197
10038
7658
16553
17410
4254
9111
4276
8657
8404
12357
16068
3288
9677
9275
9838
10695
8710
13583
8278
6824
5279
12734
1848
3063
11181
2810
9968
15450
8564
1081
11027
3561
7928
7735
15137
7818
16801
1798
7893
14964
12431
4563
1335
5406
8819
7381
16926
12744
1143
8763
16815
16882
6497
11162
3074
164
7291
607
11199
6559
3138
8152
6736
260
6527
12226
2778
2527
13287
930
15145
635
10118
7121
2676
9980
14519
14986
16942
1313
12041
11902
13143
11860
14088
14296
16024
5974
17484
7384
10062
3768
17095
16286
10050
13016
17692
13260
4763
16637
10712
9937
4832
3306
783
13194
8627
10571
1923
4785
1078
2489
8727
1397
6503
13070
14068
580
15731
5327
547
3377
3706
6331
14015
664
17453
7015
2157
2205
1118
12082
550
3257
2364
15861
15408
6984
17205
12103
6341
2228
13657
13152
7389
767
11664
4977
17840
12688
7380
11773
9251
12109
10372
8678
15267
10943
10213
10921
15245
13462
13396
1869
5458
15254
12957
13753
1194
9851
2099
2873
3559
5180
5109
11448
4608
536
9182
1820
8435
4019
17413
8395
7705
16556
1362
9480
14874
9979
16535
15459
17288
17632
3008
5779
3228
2403
17146
13179
5558
1506
14452
1487
5466
12173
431
2900
5194
6609
5905
2891
5319
15448
6582
1631
11344
11074
8460
4253
10753
16169
10587
16741
16106
12678
4976
4698
717
16998
2949
2336
5664
8290
5633
16598
12272
12766
1157
10320
2807
1431
3269
2155
2732
5135
15822
10602
14527
5858
2817
12852
8782
12336
3115
11753
15583
6965
14969
5334
16898
9465
14913
15873
11250
2267
9633
3283
533
3715
8159
8142
14210
5261
11346
8709
6415
5692
16805
15469
16732
12252
16458
16988
4285
4088
11723
17461
12935
12628
2581
845
11375
16046
11072
2837
8596
854
12854
3270
3853
6071
11628
2103
11693
8230
7190
14547
3940
16625
5929
12116
16324
1530
11856
6662
7500
3496
4857
10875
734
13777
5991
7542
11852
9189
16513
9920
5730
7699
4416
8698
14301
150
16010
17570
10279
9100
5320
17510
16372
10157
4193
10295
2111
15471
16335
6703
17268
1207
5659
4411
11068
8215
5971
10067
1647
9867
7840
17846
10452
10864
1641
7030
7008
8161
2438
9814
871
16912
511
16739
4542
12090
4858
14106
12426
321
14730
7701
16333
1771
624
16829
6862
15310
15962
15521
9487
17518
3647
1960
11279
12438
13079
15320
11637
11568
1060
8406
2308
996
5862
6161
12857
474
10114
16307
10967
17353
8065
12702
12320
5010
12299
8479
14587
8760
7087
11470
5325
3632
3811
15274
5432
14385
12196
3900
15591
4758
5337
6669
1991
12273
4890
3736
11442
16567
6072
267
8745
2446
16272
1076
10443
2363
17537
1938
3218
15037
15577
10309
14362
5531
15045
5409
12642
17335
12055
5906
12385
14453
4341
12117
16893
2982
16539
9463
3178
10257
15080
3033
5299
9501
16450
13377
12440
15614
17610
12493
13659
13082
13188
16947
7262
8976
6442
6847
7633
15519
15812
15768
2706
17337
2307
8982
8821
4541
5142
5349
7181
11267
4644
4264
2487
14273
10172
2424
15458
9608
2752
7020
12801
5181
7017
5365
2954
17244
9201
3242
11397
10287
17602
12010
13221
13942
11672
17411
5168
10434
10898
9199
4808
7065
4438
14772
7752
15527
7826
2208
13174
17046
12483
6140
17264
4472
14288
13501
8055
14908
12807
11509
7189
7022
3958
6231
7342
5757
2232
9458
10122
1791
2901
5875
7570
6027
5068
11655
1184
7179
16724
8353
10319
9491
9230
13184
15789
14372
16763
3216
14318
11122
17519
2849
13921
6853
3250
8525
14740
12241
13696
13021
2094
13965
10336
516
5608
2609
17322
17305
6178
4882
4052
2605
13740
7679
5410
13014
17596
910
1124
14270
14832
16118
10168
9213
10605
12517
3932
2781
7640
15603
10604
139
1904
17349
3062
13068
532
12351
10043
16120
13247
13563
16569
3693
16266
13692
9
6138
10140
14840
2785
2723
7863
8524
15385
6490
14322
9412
3170
13779
8463
14220
12919
2291
17267
15093
13761
7601
2680
14971
3867
6929
7435
3386
4330
440
12298
15281
4651
17364
17341
10823
8035
4501
15692
14623
2863
12026
2087
10542
1464
10805
10561
2717
8718
3891
6612
17069
5433
65
14817
1288
1825
4876
4816
10962
856
8749
1405
6200
14828
5937
13722
8058
1005
1227
8186
8427
7758
4630
5780
17289
9212
17451
11043
8703
5785
1721
1886
3254
15940
5894
3856
9340
14395
17355
3790
10623
11684
2515
16192
8040
14847
1743
16403
12894
496
637
9523
3581
17234
9840
9373
3129
10015
16527
1769
5851
10066
5441
16913
510
17507
2061
12222
7319
5328
8648
1808
7678
1388
756
12355
16054
15147
9257
7472
1265
15813
1819
8883
11031
17100
11781
17154
3633
8693
6264
6980
7982
7987
7539
15724
13326
5117
8056
15029
17092
17417
10844
17601
15232
9700
8402
12029
17188
6177
6479
8928
7466
1994
3393
8574
16975
13106
16744
16411
2841
15461
12214
4812
4163
15554
3622
8129
903
7661
2974
9526
5438
572
14568
3532
2691
13390
5126
3156
7440
10225
8411
1587
5764
15647
4188
2659
1106
15886
10074
1624
14830
13671
7050
6099
13737
9125
7081
9136
10560
15678
3511
507
7498
5725
11970
14291
17863
2697
17612
13408
7938
12179
10538
5457
3534
6317
3910
1114
7775
13060
13983
8800
11736
13507
4505
1862
11580
11777
5652
11593
17034
13827
11840
8420
4592
17698
2035
6572
2379
2632
8419
14329
2271
4909
1584
11592
8397
15321
17554
5006
11959
7307
4979
9192
13496
5761
1093
4656
4959
11960
17619
14520
16271
2088
2426
17029
5853
9533
9910
17751
17844
11295
8770
1687
11909
1633
17478
9602
14350
1083
12458
6204
5264
13828
8959
302
16845
17666
69
10117
9221
10751
923
10855
13528
15605
2745
329
5540
8178
1922
7349
15213
5507
12507
16782
15286
8348
14793
1323
2608
11729
2422
6045
10493
5585
3429
11083
13033
3666
17363
7357
7753
3644
406
15339
12534
10947
11912
7324
3808
13693
3405
14264
1782
10006
15409
6890
17514
11144
629
349
14663
17670
3484
6253
6328
243
4328
9448
7012
11719
6639
932
6912
4797
9839
10509
13117
13732
16098
7828
10573
13402
3169
1639
7585
12470
3162
5071
14026
1780
2939
8553
8020
6496
5997
979
10639
15024
5254
7571
13697
9604
5816
12627
4127
9071
16946
3009
2227
15496
8306
4836
8902
14690
15462
3038
6859
2934
14726
3970
1307
8673
13442
1768
11444
5568
14614
7122
15434
7745
8132
6611
16602
5908
5645
6545
10492
4429
5383
225
17713
5260
6782
1651
15247
898
8550
6417
9616
14224
9057
5562
6186
14746
10657
890
8156
11105
3590
14729
4076
1174
16013
1435
13190
5551
8119
6622
14545
8546
13665
915
4807
17536
11380
12803
5367
16707
15252
17103
16869
699
10489
10235
3422
14943
13662
2671
14895
5123
4919
9203
11995
5511
5682
5396
12963
7507
17831
2721
3565
16906
6800
6472
10033
2656
2159
16660
5102
14255
12436
8454
15108
6519
10144
4626
5082
8874
189
17198
8977
8955
766
1822
1941
11755
16432
10085
1729
7493
9484
3172
15041
358
15937
4087
3641
11746
7531
2340
12613
12321
4425
14338
7736
5028
5624
16945
10975
17756
13824
14175
2230
9578
2760
17793
2156
12653
10490
4782
15674
5357
6541
11906
2884
14966
16081
5501
4788
2795
15284
726
6738
11649
16841
5549
14212
4146
6337
10996
17344
14051
11234
16188
15242
14275
17394
673
4492
752
14514
11597
14312
3137
1027
8133
1213
3018
15966
14282
12416
8994
12186
387
5369
3598
11469
13294
13095
15844
11624
7962
8844
13958
14333
5989
17442
566
9344
17880
601
15127
9208
2334
15944
10507
1759
9143
14701
6345
7303
126
17157
9159
15902
320
14877
6154
11636
6013
9795
8857
2856
14756
3933
11712
5453
9630
9524
6353
10762
10048
14490
7331
17217
15325
12490
2829
2048
10930
13312
6707
10058
14780
15559
17472
8950
15749
14
3280
8415
813
11694
796
6033
2242
3645
15978
17650
4040
2243
13534
6790
6740
12531
15278
6945
14917
15230
7902
6218
13155
15644
15479
2237
17136
17438
5955
5978
5414
13661
17647
11293
12508
9916
16721
8211
16572
9836
17866
8200
16319
4406
1883
5133
11431
3549
2357
3543
17728
10924
11768
17107
7607
3426
10977
12140
13149
14310
990
6188
12151
12325
16405
9086
16936
7544
8198
15172
16167
15302
104
17776
3295
3274
4307
176
17657
14425
2044
5916
17248
5434
17177
10482
8296
10565
3562
16259
2543
13730
11841
2792
404
2770
4684
2625
8094
6358
6172
1488
14994
14180
17056
14650
14481
13157
10965
7370
9611
15081
17875
3102
8826
12271
2368
12049
2029
2695
15729
4290
15224
16842
10741
9227
16875
3116
9945
15767
17306
10042
17175
11146
14195
13992
9880
2911
14419
14261
2345
8257
12170
13977
15662
7727
8491
14806
3368
7774
16379
232
11104
1095
4383
8233
14904
2198
17834
4932
6243
16960
2474
9707
4734
12284
15347
9924
2833
6102
5762
4333
10566
9778
9629
13769
15645
10435
5847
3529
6432
11572
15047
3464
3745
15667
16631
16976
11330
17485
1384
7497
8251
7984
6531
9959
3669
15532
15851
1403
17717
3660
7885
16468
12544
17220
1132
8573
833
751
1329
17809
4605
11391
13125
3142
5817
17767
7470
8807
6199
14996
3835
9580
13924
5820
9104
11225
12219
8289
5964
4696
8258
3662
6647
11886
16378
2875
11066
9919
5276
15427
15031
4452
9675
15773
8882
13830
16954
5563
13947
17509
4463
11645
14911
4697
7452
10233
7501
13906
13560
4951
4440
14992
14619
9656
3139
12455
6882
17323
3508
16096
14586
308
6030
5825
7144
730
16911
16525
10719
7559
8961
6359
4989
5073
14902
4913
2022
7520
5355
4387
17035
3013
9921
16101
7802
11557
13538
4637
5342
4737
14459
7905
216
13007
6493
4482
17307
2738
633
8365
3396
4950
8581
13525
7657
7100
9073
11518
2134
6465
14659
15629
8592
4301
4849
5038
14989
10666
9219
3471
13808
16134
1697
13495
11828
7989
13744
2892
356
5520
10535
9504
11137
3493
1050
3096
2788
16029
8981
3545
2294
200
14442
11353
13051
1204
1486
10589
16198
15394
8028
14025
7598
7608
9518
6311
9623
10394
6557
1865
12559
17408
16131
7317
10970
2251
16209
9803
17207
10840
13488
2502
372
15326
806
13600
589
15276
4318
10920
11812
5754
2286
600
6460
9866
3854
8492
13321
6894
3439
9808
2545
14072
16397
17
4581
14489
5004
14952
16777
15307
3354
15545
1003
6596
17023
14766
17182
12042
17398
16683
2092
8180
1222
8586
695
15958
11547
16428
1872
13487
17487
11210
15342
3361
7057
11617
7715
9599
7258
4212
3995
14942
11251
16446
16834
14037
11053
12550
8148
17725
4891
10457
8910
3661
11987
3582
3152
5942
15762
12183
3359
1973
1984
16542
9904
16245
12387
16109
6258
13920
14641
11579
1692
11335
5428
3028
11219
12853
9383
16383
12639
16726
7143
8228
7737
13741
14293
13989
7140
13113
7833
13646
12411
2276
5798
10952
16075
8557
284
15706
4583
14506
13536
12583
17755
7095
17648
1981
17214
15908
10495
12392
568
17842
345
14773
17101
17119
15289
10357
15526
14727
9614
6663
15115
6085
2016
12886
14827
6758
5184
9109
7486
14099
16084
7131
3618
17074
15186
12454
3568
2260
16599
4936
10512
3643
15507
13556
2469
11896
3238
15481
13837
7257
2506
5579
3797
4635
4790
13772
1514
14735
7063
10521
11717
13063
12505
16269
11522
6205
1823
4875
9377
2736
17343
13181
2222
2468
1567
8366
5949
17060
7383
10660
7630
10187
9724
10679
8059
408
9831
17089
4873
12580
10699
15357
7437
10496
8128
16375
80
1909
410
16295
5747
15857
5680
7165
10685
6936
15482
8002
11662
16868
11173
9873
16332
14819
9454
3698
5104
14768
7551
3962
8473
8262
10949
9154
14610
7330
15208
10575
8092
1517
10780
14818
7780
10129
7453
12527
9197
10216
11399
6347
3732
1786
17153
6386
6712
217
12936
1895
13703
6006
47
12433
11297
9540
10130
5326
3556
11487
4543
11093
6914
9268
9157
12552
8517
8373
794
11532
15221
3968
8711
3526
4399
9297
16584
12404
8177
2135
4137
15611
666
9172
16061
5917
6831
6608
10002
7428
16020
14602
8328
15742
10700
8812
17584
9183
6492
6947
13304
10726
13819
8903
7326
13472
1476
378
4613
13468
15104
11112
6189
419
3756
10217
6610
12044
10684
14140
7457
2737
9177
10992
13311
6117
14092
9743
11932
9845
306
6305
13632
8101
15923
15258
7788
16318
4544
9235
651
14681
9004
10156
1529
3868
3147
3801
17448
12456
15057
5421
11151
10280
17473
14077
15390
4249
8231
2798
12313
1779
5468
8185
9324
1770
2865
17543
2462
14584
10414
12822
11503
6187
6599
15285
9762
3211
414
9628
6935
13966
7976
10354
9333
16918
6946
11545
6892
7785
14953
15465
13000
9548
8041
13603
15696
5316
13204
11307
15912
6865
15595
3827
2518
8758
12710
11443
11263
8896
17498
2673
2302
14531
7471
8140
14314
5838
10663
283
591
5348
1273
3861
3110
5295
1474
16914
7602
7112
7047
1141
3483
12141
1714
10082
15586
9426
17529
552
15777
3727
17693
7641
1876
13431
9810
6998
11405
11997
5122
687
9821
12674
2620
6000
3093
10226
15288
492
2744
12709
154
7203
13859
2390
14241
7482
12666
300
9243
14402
10358
16112
13909
10790
2459
1573
1596
7036
5954
8242
17849
4733
14682
2580
15107
4439
14613
14615
5599
14703
12310
8243
4931
12050
6229
1186
7159
2557
9332
2617
17401
12640
12064
16547
3752
7942
483
8705
13483
247
235
5956
16321
14757
13015
4804
8362
1108
17111
11111
3458
16790
9734
7119
9080
14178
685
7296
12920
15511
7760
16347
13721
12085
2189
13103
6962
2979
17004
10423
8802
11120
3161
7372
2366
6304
1075
17790
8286
4705
12621
4965
2716
5416
16715
4874
1044
3922
14675
2895
15424
3512
1018
13757
5821
5069
9550
15387
6518
7031
6544
262
6458
8122
15598
7388
450
15334
12344
5630
9547
10116
7582
4489
3554
850
16977
9015
13901
11115
1443
134
14637
16270
15486
479
8752
11103
7186
14164
6718
2820
6119
1212
13630
5826
6132
16629
15235
7467
7728
1014
16161
14919
3702
8477
13341
3264
10598
1989
17628
15542
15188
10934
14143
15251
1055
453
6657
8181
1940
2681
14720
7686
6993
950
11884
15518
15132
6451
5467
13458
16331
2790
3637
15257
15550
14719
10052
16170
12690
7914
1899
10785
12209
11041
543
11943
3255
14183
3787
4499
10436
3130
17845
14777
13820
2606
4956
11138
1753
8259
14422
12833
13102
13625
14132
17744
4532
5190
5903
10754
252
792
5009
12060
14918
16085
8939
8870
12422
16396
6709
4070
859
13577
2306
2505
2772
9295
16382
12478
74
9489
5462
10091
14295
14252
2465
8238
309
9716
11967
11590
10340
16791
3810
14035
5435
13526
6051
5480
5128
16714
15719
11321
13972
6032
8105
13280
14272
15487
16401
12641
12432
1391
5707
5287
12
2445
16772
6295
12707
11733
5033
13876
5662
5827
6105
14829
1240
10259
8619
9499
16247
1441
4183
5744
16896
10349
11277
10083
12187
3232
2844
439
2122
7478
7596
965
177
4774
7882
13845
4917
6356
6104
11520
14548
2819
4097
7187
15700
1621
12309
13393
13822
14758
6318
3334
10447
14406
2145
12393
13212
12900
11549
15691
5611
187
1983
15956
10478
5699
17026
1096
2501
10926
7659
10206
14855
4273
1917
13537
5751
3384
4385
14277
5995
11435
11257
8067
2115
13420
11713
3106
12053
11837
4724
800
12956
6429
3744
9231
13167
13131
8443
5079
9737
11911
15620
5788
7129
7295
905
11895
544
10105
17752
3881
1907
6143
12993
6905
6521
1860
8540
847
15846
5187
5208
13731
8330
15954
325
6484
15375
8245
6381
4889
7227
8191
17568
10567
10339
10568
7346
14259
6739
1538
6734
314
17856
4823
11639
10832
1579
7221
8374
6999
17093
6722
11948
7195
12645
941
10613
11833
15287
11036
3417
12701
8785
16853
13013
17774
12684
10588
11931
2955
8666
17640
7583
14537
6921
12926
12687
6957
4124
3293
17466
9252
15504
16249
12739
14244
6129
3419
1824
15359
11855
15476
17729
4631
1761
14128
4447
12581
3495
6169
9163
11262
6167
17326
4186
5055
3206
7161
2571
8192
16156
1645
381
13539
5011
704
618
1644
1509
5517
12607
223
15349
12501
15370
11784
14538
16461
2322
1024
13700
8631
9278
342
14560
2642
15244
490
12510
7978
3680
14656
8565
15269
13219
8877
8141
15656
17319
16385
1245
14941
6501
8487
8901
5429
6587
11687
2970
10858
4799
9543
15055
11786
9564
7836
16176
1188
15480
14973
4422
7276
9899
5650
17051
7872
4969
10615
56
9245
10720
3034
5598
17087
3557
7505
7530
8208
5530
8326
17760
8037
3942
16113
6297
6124
10758
15025
12855
2256
7419
6522
1191
14267
3606
1086
8617
274
1341
5561
11858
14776
14750
2523
11256
9727
10887
15042
14857
6861
16050
5250
5339
4665
17254
13785
5233
13153
17151
1953
8174
10429
9396
10389
11094
1793
11665
3776
863
13235
4441
13587
16180
9511
11900
7443
10932
8006
12408
1316
6363
6411
5488
1216
2338
6841
9477
10186
16862
8046
6860
5306
16958
1456
7682
3668
14797
5131
5885
12268
14163
10557
5059
7393
1233
16201
7426
13189
2561
11576
8632
983
10986
3360
7399
3722
13029
5898
5430
16973
7404
9642
15500
9977
8367
11977
7178
5309
11674
412
9582
3630
6536
10451
11563
78
12380
12636
12016
8456
13171
4394
1598
10514
3956
10262
16371
13850
11978
13169
7759
5526
7253
13570
10467
14321
15823
14443
13676
15445
13968
15193
2640
15970
12412
5644
14366
8202
13916
16822
9558
971
12998
4221
17704
16303
1926
1337
3587
6107
17012
16793
8983
5759
14618
15175
7637
2679
5395
5330
14748
6627
17144
11298
8139
14811
7285
5063
13953
5231
11608
9785
13532
9779
10370
15336
3111
15698
693
5635
9770
13759
12849
2351
14956
5629
12122
11908
8096
6002
6964
12441
1418
17262
14237
11971
12647
16439
1318
1238
10450
5473
5096
10054
11423
9690
4149
11313
14940
178
7344
10980
4603
16280
11404
9855
9193
12366
13283
14869
4822
16612
17202
9180
16413
9849
16016
561
11656
4101
13515
12281
3010
13969
11135
14498
3539
15295
17086
13954
2950
9046
10024
7209
2881
8008
13874
12401
6192
2337
13388
7117
11328
3297
6776
17878
4995
4928
6195
2665
13529
10174
17253
16052
6893
3050
14744
5470
11589
5772
16261
3078
12177
1138
7920
2694
7835
12427
4585
7740
15712
14186
17311
13100
17551
7562
12602
11605
16800
5125
2086
4054
15609
15738
136
4842
1122
12323
25
17041
14914
16073
1270
11017
2437
12532
6247
8468
10633
16972
17354
17777
13042
3184
7881
2708
14665
2181
9119
7004
3068
11314
24
4902
2587
8635
8946
14717
9239
780
17433
9819
3411
2831
3800
2443
14825
8958
5058
15697
1889
8360
73
17879
2985
10075
4044
7950
10760
992
14341
6398
13381
3086
7246
1738
1503
2564
2102
14803
16650
9225
14117
3586
11095
6203
7671
4526
7857
17722
3959
4343
4469
6710
17830
3699
9202
15855
3996
1175
7859
12723
4992
6038
1280
3350
10424
17071
17022
8761
13695
1360
7386
3287
6413
16580
14090
4591
5032
11281
10620
2075
14101
13943
12683
8034
7396
8030
147
17181
9942
5105
13198
16290
1473
722
9553
16490
4485
11244
1472
9309
8746
299
170
3326
3674
10546
3619
16799
6594
12716
11245
10031
2956
14202
14177
16059
630
5046
16546
8605
9068
9009
13110
2255
11875
8421
9098
9088
14523
5321
5849
10345
6333
9519
10500
14480
2876
13939
8890
6586
15273
11275
13178
3020
3541
5247
5542
1979
17441
11501
11710
7078
14579
7771
92
1234
6481
17397
5796
9139
190
14375
15860
7791
14284
2682
6050
3894
11780
3176
16489
3413
14009
2301
13720
6566
8966
858
14415
12785
17861
13895
17109
10393
14949
12135
1363
3781
17296
6661
10284
7793
390
6284
14693
7301
15638
8091
14451
3123
718
3256
14355
6502
16168
16218
7163
11603
16804
12069
3117
1937
9311
4115
534
16932
16682
7120
11554
7481
11921
7375
17769
3135
12091
6913
5771
4184
11350
7176
16481
14684
10161
2794
7738
5525
2526
2539
15177
17454
14700
16680
16433
13799
8416
1243
11471
14073
15793
17609
4658
14958
7243
15423
11044
4700
442
10779
15098
11108
6833
10991
3903
17871
15386
8653
6799
15121
11323
8906
16080
7645
14997
16183
4624
7904
15843
12234
1765
15156
2903
5594
16993
485
15485
15353
9277
10321
4420
7553
3538
11320
14790
14309
1673
5436
11048
7306
9982
13088
5675
96
3155
5884
366
3657
10101
918
12680
12794
6792
14119
12420
3664
10690
16415
17759
7622
9541
16639
15905
8170
14695
13414
8316
6548
11071
5167
2773
10827
433
11527
14696
1099
11798
6637
2575
