2768
3666
16944
4945
11874
2132
12265
17429
6620
14236
7081
3190
11165
14615
15251
12592
14069
16989
14433
17625
4494
10263
7497
16692
7870
16747
12314
6325
2137
8343
5412
2934
15557
8271
4479
12381
7657
12652
3587
7836
4678
3535
6666
5153
15581
17474
4007
6939
17094
5005
8248
12782
978
296
10294
11773
10579
2774
5690
7055
409
6899
13703
395
1690
7084
15285
5520
17758
3155
6974
6027
4244
1687
11404
10944
690
6520
1917
10596
16267
5954
6205
4256
16395
4190
14572
13568
12867
6897
11306
6292
4908
11918
7451
5062
14486
10429
6964
7703
9881
3542
13780
632
14919
17553
16184
8847
14251
1095
13771
5769
979
15214
5415
13479
10497
11285
6661
4724
2102
3274
10249
973
209
8532
10821
11128
8182
13207
17565
10418
12171
17886
9382
15508
11045
3295
5253
11981
9181
8671
13544
13080
16531
798
13036
4132
10277
4293
13088
10959
17211
5021
12790
5772
4327
15789
5126
6015
10268
11381
11123
10215
15569
9980
17307
676
6923
12319
6762
15029
4555
14432
15284
5669
4762
6222
10777
6826
4810
1844
15023
12744
15964
2208
17124
8731
2615
929
2315
580
17119
245
4789
14451
4363
14845
16710
17576
2389
16156
12988
17876
9528
2184
3698
13418
6463
2097
15880
13902
799
8786
763
7625
1986
6197
6311
14628
7591
3239
13842
13542
15608
16657
4613
208
13835
7693
4123
7243
12615
8378
3911
9761
14751
9494
5493
14003
13201
1426
7489
11698
10645
7093
1705
12166
16589
2157
14545
17047
11880
11564
1389
13067
2427
9625
8402
9973
1039
14304
12238
7423
6980
2573
14574
16962
15367
16114
8991
3208
7744
8964
8989
12233
277
10514
13323
12860
13819
6175
16943
12930
9292
7052
174
14859
766
549
13035
10901
10794
12500
3036
13404
15817
4287
573
10518
2236
8247
7738
9681
3345
13573
7957
5783
5157
16900
13716
8222
16753
15593
3079
7686
10181
972
9103
16147
10605
9333
670
13905
13978
9711
5026
6324
3026
10353
1459
7351
2008
5280
9679
17710
4167
2242
7679
5758
640
588
2866
13531
3122
5552
14893
12681
15863
6650
2993
16880
15249
3393
13770
9451
10354
9836
10952
9446
8688
11907
7861
833
16030
16987
9391
7841
5411
7327
14537
4653
17357
17635
12349
17810
11818
4168
4925
14793
8749
12181
380
3913
1252
5354
15515
12584
3368
9856
5193
1402
10012
10336
14428
11969
14301
7425
5969
14076
16249
11187
10256
8654
8664
2215
9348
507
3246
2192
15475
15453
16347
14150
1874
8517
8651
4465
2318
3776
1827
8513
12752
8859
10634
1938
8864
14535
4154
15179
2123
11888
9318
9004
11465
5442
1049
10523
15700
10145
17392
6779
11624
15553
12602
8404
16582
7308
5099
17210
77
14544
14883
6076
17833
15015
15777
3941
12786
7723
11260
14570
15286
15975
15631
10918
8091
8760
851
9753
2036
2007
3029
17517
12125
1549
7036
3638
15401
12364
13900
4879
3632
15957
15345
6236
12301
10719
11550
14510
16374
8514
305
11086
14795
11512
4551
7470
16056
14908
10282
10287
12826
8773
8289
10449
11055
5444
965
4146
3045
6580
14559
15600
3380
8510
3952
16319
6163
12783
13457
135
3676
16525
3465
13881
13255
12721
5178
13593
4460
14247
127
3924
12063
11832
2639
17514
11911
16131
14170
2161
7367
15106
11504
5254
2682
10849
96
16723
14494
9014
6844
15037
9989
9059
11914
12705
17043
7864
4844
2862
17584
16739
2713
15885
15382
2218
17873
11158
10732
9694
385
9648
7735
13459
9371
7071
17559
9234
7233
15657
12899
158
11425
870
285
7479
10057
17805
5434
8598
5200
10106
6636
16152
16523
7130
3754
12501
946
5477
4205
16246
6408
11370
17149
14846
7341
6721
11037
4321
12108
951
5958
12952
2990
6464
15439
13250
5780
5327
5820
9872
4920
579
4718
7658
17513
10532
14021
17347
5176
8540
12876
6243
8471
163
15036
3812
15513
11418
4890
12908
7704
16768
4707
4398
570
17779
14613
9073
9737
2533
3215
10323
17896
14516
2836
4086
5436
605
16269
2697
8577
8183
227
5795
9623
7239
6554
12551
14262
10895
15263
8036
9250
3816
10043
13065
17484
10373
10613
6492
4741
13944
15745
138
6892
14665
9902
16767
14349
11143
6538
7670
1046
15625
13503
12834
3925
17271
15519
11222
12675
3905
538
13887
12213
14092
4115
4050
13456
2203
16820
3839
9561
17703
330
7613
11538
742
10380
12855
6718
10975
12344
16227
17285
11479
5803
17405
13465
9091
12330
4405
4366
16236
8006
6022
2071
9992
6284
9820
3290
8213
9959
5575
16627
12550
17282
6450
8208
5057
14755
10230
2159
14994
2634
618
2734
10936
8132
17641
17
13097
7506
11983
4255
9027
11941
13537
16250
14901
6881
15524
6375
17158
149
771
16050
3908
9684
12205
6481
10261
16036
6001
3996
17558
10439
5410
11674
8649
5825
5683
5674
10916
4145
1147
1065
13219
12315
1341
14736
15872
10686
13901
15576
8023
11756
13583
8694
1590
8013
11849
6509
2811
12431
1349
13131
15859
11653
193
678
2225
9247
14123
9851
1585
6158
10606
1202
1466
13466
10442
15148
17818
12773
9270
12093
14587
15077
4702
11078
17589
15073
15090
9758
15887
8439
10983
2195
12406
1638
16187
8877
7608
15004
11555
6259
11038
2403
10366
14002
12827
4248
6235
16257
16261
16092
11093
9426
17344
16840
6265
6297
7830
12767
15781
3561
2241
17524
4317
17275
2114
9505
5250
15049
12648
5946
1627
17505
17398
9544
17188
13512
8067
8266
7894
3300
12601
14745
3963
8196
12998
1259
12960
4600
5440
14347
14258
2453
12631
4207
13215
3549
1339
1613
5610
14868
2191
11592
12188
2981
7018
13244
6858
4133
155
6875
9385
9189
7251
7447
8088
1003
3100
9098
10528
11286
13174
10842
3009
15030
17557
8440
10501
11335
9323
12751
6800
14797
14023
13285
739
2662
11206
11472
10430
4901
10209
13845
724
313
15655
10737
6701
11976
9760
11183
15566
16592
12993
1111
869
4569
2752
13187
6004
16321
5524
8896
6890
12616
10060
12236
414
12017
5570
5232
1347
5245
7000
2776
11754
179
12755
8578
2947
14741
3272
14414
11724
1724
13488
3160
4200
2493
14499
1336
4742
7862
4385
8201
16738
16960
11441
6291
3022
15949
6304
8560
16575
11569
2349
17493
6444
12178
8113
4593
7791
17716
1403
9673
9998
12780
13832
4637
2057
5108
16750
12345
15315
8083
13271
95
15105
3720
10175
6067
10212
4607
17448
4373
2054
9652
758
13380
17851
10051
6976
9331
1919
15864
3310
4035
793
4841
10592
3555
9346
12271
13588
7647
4290
9878
11015
6818
7069
7146
1460
5238
6709
11603
9542
16789
4860
11920
14926
9013
4538
1050
5708
3056
1201
13324
12572
13822
6502
7301
2883
2932
4001
2861
2323
7371
4902
17441
15428
12965
9113
4387
14518
15487
751
4947
4932
7886
3599
6549
11476
17123
3150
14842
8467
2632
14648
5876
4004
8709
1674
2163
9355
17486
7025
10289
15011
11738
7538
9470
7108
7487
5301
17526
15577
421
13928
3350
7574
1393
14815
13909
14283
13654
6872
11638
8457
4749
17435
2284
2343
572
17462
10466
7748
5545
14124
10678
11998
3992
10156
1012
10011
17122
12116
16322
5587
10580
5469
3983
1126
16146
1995
12530
8391
1895
5281
4445
1118
3785
15262
4774
539
14931
1476
2175
15860
1892
16001
15472
10526
16678
16179
11058
7855
7550
17799
3386
14649
1196
12718
4304
1748
3120
7752
11892
1306
199
10365
551
13092
17325
13227
13987
13471
9222
9053
1264
11519
11766
6153
13428
8046
13075
16852
17046
1108
10897
5117
11414
15725
762
251
10910
16974
6572
4279
16889
6658
1372
5167
4020
10711
9665
4415
13847
9213
15160
5757
16140
3890
6485
6096
11681
9736
5174
9402
4545
8907
5813
10512
12320
5726
5313
11060
6301
16861
7321
14875
5915
16193
14971
494
12517
16921
938
14135
17025
388
1823
17864
2450
5897
6098
4196
11629
966
15142
1279
1802
12488
15391
185
9335
10492
16748
3075
15057
8747
6208
1742
7536
8238
373
7296
9265
6200
12023
12545
15665
14054
14266
3488
8590
5752
6702
4571
5585
9498
16821
7919
2009
3362
13306
11540
2974
16792
2354
12123
5356
16349
8684
17498
471
3435
14988
8829
3066
3136
17342
2198
1931
16961
13015
10344
12109
320
6687
12420
15283
14638
7175
13747
582
14345
11094
2219
16622
4822
14812
15801
6479
188
4535
2823
650
13656
3610
3452
14233
535
7790
3981
12095
10546
352
114
3523
4780
15596
11732
5719
13611
3103
14539
14013
17353
2931
9816
5468
3354
4664
15348
16391
2374
801
11134
1779
9198
4148
3967
13394
16934
17106
3887
10114
9995
10126
12466
6585
16479
3900
8766
1870
16040
7073
13983
14534
450
14099
5168
102
4393
3462
3219
4708
2164
1519
14296
9364
1572
1952
14746
12321
15005
15543
5971
16699
11446
17097
4542
11258
17895
8556
12774
14291
9394
15542
16422
3811
11857
14442
17509
6691
14744
10441
5163
15520
15888
4924
2751
485
15761
16782
13432
17695
10754
14957
1120
15711
12691
13353
9101
8646
6901
4116
4910
12713
2058
6638
8066
9933
12408
10457
11539
13682
4722
16794
5317
4396
13175
17327
8733
11076
8078
14500
9264
1267
6352
14950
4999
496
5144
1057
1355
1337
119
17293
7399
7350
16168
5741
5779
11474
16368
3143
12453
16123
12084
3919
5337
15804
16896
7196
2264
16759
13052
10667
692
4633
7655
7568
10738
13684
12436
12145
16291
4823
9307
7435
17111
834
5753
14601
7700
6500
13434
14410
989
10902
17006
15729
8973
15133
10236
9476
9892
7688
16514
9432
11132
7821
9943
6648
9448
4126
5336
212
5059
13289
643
10706
15193
11955
16624
958
3759
9764
15137
16194
13744
17072
3723
2542
9488
17465
8721
1084
968
4909
14989
3194
17176
9240
4746
9049
5120
2309
1713
9837
2301
5077
8507
13071
14852
16149
7764
982
7656
17259
12901
16797
16126
16351
2119
16857
1313
2439
7817
2613
2216
10727
15909
8350
15110
9955
14694
15953
16809
1254
16102
7740
7207
3251
543
10301
15420
4202
154
8795
23
13955
10153
2021
289
16476
16825
8788
4529
10257
5831
4968
6840
5283
1520
9278
6295
3772
5446
12538
5905
8922
8278
15224
11689
9743
15398
16281
15977
4430
9104
1431
8871
3281
5519
8102
5213
6489
9510
17482
5882
15732
12462
15972
12310
7202
13810
16505
7645
15980
12926
14702
12753
7580
3696
5933
4235
17173
17533
5562
3418
2704
11233
11534
5089
4840
1557
1297
5207
10472
2755
13673
16877
14848
10426
15361
8283
15180
1886
17822
16573
12924
4826
8692
11266
9347
17894
1047
12732
4319
7287
3481
2510
8999
11666
17699
16647
2063
12041
6956
3706
6314
16467
15132
10834
14571
9833
875
9901
3768
12161
15131
15724
12805
11033
8051
836
3410
4450
5430
8757
12761
5634
5053
16735
14823
9143
7951
16709
8141
4978
13874
17723
596
5884
1721
17095
4842
1110
9156
15071
2322
3046
3134
11488
7640
9805
136
14788
10739
12478
14045
15186
16403
2908
4375
8065
2802
10407
11640
10868
16890
13870
6115
2361
11514
10375
13096
3417
15796
11686
6526
10903
15948
2817
15840
13045
11333
12553
463
755
15442
254
15485
12227
14421
9709
6101
14082
5694
14016
10370
11304
1796
1061
8658
4881
10100
11934
7519
2247
8107
128
14065
3415
2065
4259
4359
4442
3528
1889
11867
16279
3326
5523
11458
15352
170
17748
1058
2880
12486
4349
3987
3813
15464
15614
12412
6947
15603
7311
3730
13609
13953
5159
16418
8437
1942
14573
12253
12632
12096
4121
9111
4830
15235
6273
11249
6880
2257
8041
17201
13825
15882
9654
12747
13732
4836
17420
13715
13557
3033
16275
6932
11359
16638
1537
8473
16242
258
8167
6552
76
10762
5805
1413
12086
14014
8960
9160
14394
15744
9342
3498
370
4296
13189
3556
1695
9272
3438
7582
8687
7393
15528
3810
15892
3013
14502
6199
9365
6810
12261
7533
7708
6909
3763
14052
11059
9523
1840
3614
5061
2933
10022
16719
8976
6688
5808
1122
13150
12196
8987
7066
17664
2046
5651
7826
13538
9719
4084
9306
16181
2484
7760
13217
17872
672
13855
3081
13486
15390
122
5811
2433
10357
9387
16198
17875
14087
17014
5706
12192
6677
7567
17666
1289
1773
4955
12143
12928
8587
15301
9815
5481
16994
6847
4754
662
8312
10793
9624
16728
11431
5390
15861
7024
15247
280
11581
11750
6453
14912
13305
10220
16462
14172
4549
17385
7047
8501
11930
3773
6871
3473
6327
10823
13121
3918
9854
645
3510
13555
8545
8414
13748
15059
17143
8204
9803
16217
878
4870
6921
4247
4245
14129
15847
12299
15108
3318
9971
6168
14511
10671
9918
7050
6356
5309
7150
1283
2685
9953
9330
12338
10664
9598
10410
2209
472
12100
6207
8995
7481
16558
17511
1936
8095
10148
2252
12150
9506
1473
2675
10836
6577
8468
10255
4611
12371
4874
14515
7626
8368
10400
16335
6994
11119
4776
7908
9280
13495
13226
581
17692
2332
17053
15914
16521
10291
13608
462
11415
7890
4640
10092
13883
10189
17227
16318
16743
7798
7112
3860
11230
11708
10451
15867
5864
9419
6649
1244
3455
15410
11135
11371
10266
17287
8028
9985
11020
14302
16727
16940
4016
453
17728
16111
1533
16984
6430
10318
842
10431
569
14611
10224
8466
6365
13556
9765
10115
13652
4413
9895
7569
10015
14328
9670
13091
12672
16776
15797
10640
5378
4434
6972
14374
6105
2805
10960
11533
7911
17062
8940
3702
14090
10240
17855
7974
14732
12483
12814
2239
8173
6303
12534
12091
141
1383
1323
1969
1496
14986
12849
8486
4843
11453
8630
14501
554
9086
16783
1536
8451
5974
3344
7516
16904
2072
110
1409
8611
13833
8420
10513
5776
9871
7684
15237
1139
14708
6329
5918
1319
13659
8190
14359
9023
6708
1154
13444
2128
12520
1868
252
720
14483
7030
5987
4829
14562
13681
2600
14157
5490
4997
1785
5917
928
8393
12785
7806
15171
2041
7902
4601
5881
6461
5012
13264
12678
14640
12148
2967
936
4875
4863
6100
576
282
17888
13002
2031
6608
11410
12443
10837
12638
857
4204
1246
16475
2636
3636
7960
11491
15365
83
4566
17657
1883
5722
8259
4079
8779
17679
8463
12868
9294
14803
11004
8160
7103
10713
1190
9999
17691
4956
8426
1449
8546
1079
1407
5463
6302
7291
5409
442
157
8547
673
540
8246
17138
10473
8166
7959
7883
9952
1165
10229
15368
13922
5943
7044
2874
9509
351
131
16919
7079
12405
8794
5401
12820
13696
15269
13309
8012
8780
2229
15564
84
6107
8488
13220
506
7949
7273
12670
1559
4591
14921
6985
694
1877
286
17777
8506
173
4485
2415
7361
10358
7590
11218
15757
617
14211
11719
16439
12119
13299
11480
15562
6383
7860
1712
7466
5598
11331
663
15116
6018
14232
319
11316
10845
2819
2943
13448
2491
4013
5116
15616
3330
9819
15399
15268
17313
17705
15869
12323
6781
8321
15257
9125
1316
1445
4316
4850
2501
7490
1483
6716
9882
14865
11990
19
17585
6032
4386
5981
3788
17680
13330
480
9683
1850
16882
14696
8435
1055
13866
3311
9182
11584
11376
2767
11740
17824
12193
14614
12757
5038
13170
2906
7338
2753
11938
12579
11714
13042
2360
1405
7788
12220
12228
11478
12832
3261
12418
17479
12302
17139
11240
10551
7440
16503
16393
17841
1271
1002
5535
13314
13714
10502
1511
14011
1684
14764
1262
9687
10841
7168
893
17863
16642
9950
4199
1621
2419
184
14807
16027
3448
8464
9522
5438
13476
17685
8220
9194
4096
16078
11411
1593
13435
5070
625
708
15841
4426
12032
12991
14750
16762
9338
9360
12603
8511
5955
3188
2298
4971
5632
6122
7323
15967
4102
15153
16524
4446
15749
17193
13197
17753
10860
5606
13078
16482
4558
12372
5802
832
1918
2500
3619
16414
17052
15692
7015
1749
13723
12289
14616
1626
13625
4302
7334
7126
9794
9315
13110
9867
7238
12200
10048
8574
11687
15393
16232
6513
3753
6887
11906
6785
14637
13147
12474
17225
9389
14821
13281
9337
11782
8562
7007
9942
17541
10483
17268
11378
6218
16577
15688
12046
13168
2029
10558
16556
16893
13009
13997
4314
4178
13061
2633
433
10288
4173
970
7601
9928
9458
14335
17588
14256
4585
13949
6611
1155
6922
14244
4471
10464
4517
15054
5046
12147
1893
2799
6196
8798
602
16247
10535
15907
9282
10809
14452
7845
17719
3231
13640
12185
1951
16824
1234
14049
6240
17117
13972
15120
12722
6044
12113
2391
6951
14892
11342
11006
1752
7540
1696
5609
1859
4553
11271
11313
14930
7045
7307
8297
12336
12655
16019
3683
2985
11690
1290
50
13970
10107
7414
8114
4045
11515
11961
1063
15658
9811
6483
15020
10203
1199
6787
4526
1081
10981
9970
1169
3030
8888
2750
9031
8601
17619
10317
7403
895
10973
4128
2622
16088
15216
16831
4944
12351
7802
12110
8492
16488
13758
6536
12508
13120
12258
8627
12427
12468
10010
15986
4765
2520
271
13442
4496
15959
14683
2693
14447
3648
3337
13210
3051
13602
5530
3427
9904
16211
12472
10577
5222
10076
8796
5688
16483
9662
8344
9511
10990
16421
734
13621
13984
15436
12541
15609
5997
820
15891
6253
8943
2652
5085
4289
1662
10814
2648
298
359
5636
8140
17834
1605
11330
9929
13240
3133
3975
17057
2089
17862
9508
1308
11599
12840
9117
5347
11578
16808
6063
2574
15570
6382
15114
6386
2034
8700
12037
15124
7193
15846
14182
4931
4376
503
13816
2835
12527
9078
8584
3372
401
7271
14595
12623
16766
13793
7226
8548
6510
12197
6957
4495
17020
2927
7945
15241
4713
15917
5044
11675
14323
13163
1502
12010
5197
2438
8825
8826
11841
14159
16293
6602
13749
99
15402
2658
4635
3441
10174
7478
299
2795
12625
1441
11823
492
15443
9061
13134
16329
5863
13398
17544
5807
8303
16545
655
6409
5617
1794
1782
8663
14007
11993
5466
15316
8447
1974
738
17535
5003
7923
5022
13181
1164
16270
10362
6622
4705
3223
11684
6005
14521
13033
12079
13332
17157
11958
9124
1603
4831
15219
9403
11994
13379
13511
8835
13688
10188
16602
17423
3329
10456
11579
9229
17167
12570
6484
3170
6002
17311
6870
11563
7220
17829
1767
16204
13273
4660
13622
11500
910
1173
11049
2025
2012
7262
5004
3073
14299
10851
8728
15168
6193
8678
5392
6583
6213
345
15502
12098
14160
7218
6942
13232
10036
11413
10846
7376
14377
9797
15308
14866
2278
10530
11063
8290
2469
1648
15366
7875
8193
2290
10787
8170
17795
533
1274
4649
6864
14626
15446
10324
13765
14139
1353
10757
13946
1470
12514
1682
17081
4914
3855
7780
13501
9893
10850
5277
14734
4590
12558
8893
6177
15945
5098
11910
5063
3015
15753
16920
6816
993
13377
9041
16713
11812
514
3684
3347
16584
3323
1581
15427
11427
17449
13564
2449
12270
5505
13576
12743
11196
2134
6970
17228
11455
13040
2608
12910
5824
9645
1314
13241
5911
7216
9303
3032
12580
17148
1152
6977
15258
1454
2549
257
2769
15899
7528
5637
16740
9941
3830
12563
3076
297
9831
11307
4656
4503
7521
360
16115
9326
6865
12525
13504
16129
4183
7576
3531
10958
10310
5040
3694
16555
1384
17825
14952
8652
15123
9682
4700
10250
1334
9217
638
14208
6639
10970
15965
235
6228
17171
10509
4778
109
15274
14792
12684
12977
15537
3946
4711
14078
14576
361
5511
17098
10428
10329
8374
1004
15954
4579
13964
15582
17079
13691
427
17756
6217
8607
17776
1105
3961
2088
10784
6184
2555
11243
1119
2390
13754
5504
578
1255
6646
8892
7258
9069
10899
14641
3604
3506
17865
13263
15696
12905
3588
4598
9674
16686
13981
1884
11219
14548
16221
3254
9751
15051
12068
4744
6179
8660
7471
13231
2798
16777
10583
16197
16995
3541
17021
534
16163
10123
7543
952
16436
9695
3641
5550
13298
6493
17206
12361
11834
14005
1707
5453
1258
13865
4671
9775
5118
4786
12019
14055
11109
10967
14506
1268
6494
614
13518
10652
15385
15707
1567
17411
10005
12380
14372
3874
6043
11873
6266
9388
178
5369
12207
3477
13689
10009
9834
17652
10620
2681
14439
15883
13450
6310
7433
3700
2771
4219
1805
1799
15396
5627
2680
9553
4676
1776
8310
3509
13569
7935
16775
1396
12021
16177
5968
1138
10764
1825
9545
13976
7241
4556
9806
16716
2550
13957
14311
16926
16632
10775
1447
5762
6147
8108
5724
14839
6384
14235
12042
882
11889
4039
9564
4991
14178
7736
4620
1512
6665
12346
9767
10325
13265
8027
14364
10641
10646
839
9639
2936
2800
9080
16175
4519
11764
11562
13228
12204
17656
10420
13948
8120
9727
3833
15416
3388
6355
8666
4370
9475
3613
16818
2668
2971
4155
10003
7632
11664
14609
3346
17250
1054
8682
10637
2499
7910
10939
2995
12574
8307
14469
8049
13370
13188
14344
3969
16067
5332
4764
15013
17350
4074
10416
11807
7190
7407
9100
8059
202
1999
8021
5421
15248
15074
13185
9701
9809
10749
5181
253
11862
15250
12749
9777
1437
5450
3099
12035
12029
10049
12369
1788
3191
4723
13365
11845
15666
195
9865
2599
17849
867
66
2101
990
11597
17560
12650
17261
10756
9847
16636
17205
14871
5975
7314
984
11553
15467
8535
8115
8759
14586
2923
2864
6006
8475
11843
9573
3443
14010
15835
4000
15936
7973
17871
4848
6421
7793
3102
14395
14526
5873
9121
16860
10688
11942
14192
9339
9336
7794
14380
13441
8979
4187
187
3169
1434
6170
3010
11057
7062
1681
699
4414
7413
9575
6937
8460
15162
2948
8093
5605
9378
11946
15468
11670
5546
13724
5963
792
11965
12606
9471
16300
10406
4868
11267
3558
4672
3250
11531
9416
232
9411
9097
4350
8885
7642
2526
13199
2511
15858
10033
13179
6403
13011
15747
4567
14895
10217
7577
10942
10962
6072
7405
14796
7614
4236
4562
1019
2833
12309
5749
8355
11202
13806
14951
14784
6727
3325
11904
16661
8338
9888
10609
4253
14322
3016
17241
9418
6174
12152
4421
15412
17631
1027
3792
8085
17076
16020
6746
6351
6808
9618
15053
14896
5202
13508
5569
15018
378
2958
15802
3826
5879
384
15199
5328
17045
11379
8823
481
975
8846
14968
13410
8563
1623
6842
2205
14113
12850
7808
10045
13077
5640
333
3529
13357
11957
10782
4048
8814
9491
11751
8306
8043
10625
341
14415
531
8565
9167
2814
4900
4938
13406
10454
12394
3643
8745
4667
9444
15276
13869
16866
3898
9961
16761
1673
6371
15025
14191
17305
9798
6216
14009
912
3502
5542
16170
16491
16948
13535
11439
5244
11566
7867
17870
12621
9045
2465
13784
9896
10974
5866
14907
9752
14319
4227
13400
3496
2143
13741
4294
2876
12936
14763
1530
16464
2834
16689
8636
12524
13631
10216
74
2267
14116
3602
15845
1937
5806
6730
12886
15056
9838
14512
16116
5556
4662
10136
6073
7509
15359
1941
8218
15602
1031
4983
3852
12909
13982
12250
10435
17452
2812
13672
8644
8768
12532
16823
987
5633
629
9979
13463
10655
15430
3917
12992
12646
11528
5790
13738
1810
1321
1737
7023
10131
2223
8367
6258
10391
13128
3021
14000
5214
15693
9790
997
12475
14165
9664
9766
4686
14048
7094
14727
15934
2084
12689
11591
10280
2585
831
44
2115
10778
16119
12925
17224
17667
4540
4273
8319
9781
12566
13303
7557
12137
9120
13743
13462
13940
17406
387
2638
17291
14220
4615
11419
11657
9114
15196
281
12950
13137
3873
11963
901
3563
8527
6539
13436
17575
1997
11151
11903
8849
14886
3211
9596
17853
2865
5230
14453
17267
13354
4418
6652
5760
13674
4530
12426
9139
75
14864
2532
8383
9762
419
2559
3562
17183
16500
13661
7270
4606
16160
9605
3691
6000
17442
3573
8610
17265
15232
3149
4009
8299
8269
4229
6630
4646
14598
17571
4796
3817
9482
14444
12686
9585
10068
5728
14136
1087
2367
3249
15567
15681
729
4345
16183
4043
9384
4153
6049
13670
3118
2293
1404
8030
15818
5221
17312
326
10953
11560
11382
11977
15455
1148
9157
15653
6061
6136
12931
9795
10630
16458
1136
16635
6575
1077
2277
2227
11462
14715
17487
1977
8909
7148
5868
16029
7369
6543
2503
4548
15170
4777
2158
3803
11116
17235
558
4618
14240
4131
2886
14872
487
17582
5564
4498
15721
15317
8443
15775
12794
1099
2258
12793
16757
11024
2589
3047
17118
11695
14463
1342
140
6772
14757
10618
4919
9249
16802
6757
13499
10627
13056
2643
13162
4125
15332
10576
16949
8142
7927
3293
101
8352
17587
2740
7834
13180
17334
17281
14103
7076
17426
3970
11760
877
4525
10723
6999
14020
17844
6586
17292
5738
16698
4648
4894
17194
8462
10893
10715
6592
3628
6955
7539
10231
2980
8850
8024
13950
15492
12610
7028
8002
1902
8288
5960
9295
31
6821
3468
8394
7846
4557
10668
17630
12564
5166
15028
16336
16415
998
10098
4454
8009
1719
1191
2260
3719
10008
3475
11866
8450
1487
7762
116
13152
3225
9127
2147
17478
6064
10913
4107
5563
11499
813
13929
9593
13651
4588
4948
8215
2173
930
1607
11193
3424
14980
14656
4561
13340
17230
4981
12611
2786
1424
7739
9171
16677
8174
5920
3092
1107
17516
10227
11467
441
17759
1913
14187
10822
6653
2372
10930
1168
6181
4663
12781
15281
14766
5161
13148
14831
2145
10163
17179
11897
10907
1513
683
17551
16098
3000
8886
10555
12962
2000
5695
7769
5448
139
4432
14789
8048
17747
13834
2286
4859
12272
9366
13004
11582
15146
2621
1249
9064
2078
9938
13262
16655
8294
5407
737
16032
3544
13636
2074
9440
955
12158
3611
13251
16205
14411
8279
8245
5074
2406
14039
12384
17677
13764
11482
16805
15231
795
347
14910
14271
12402
10802
2414
15800
3899
3187
2757
7189
13791
1089
4103
13685
14607
10917
2037
9669
14855
15007
8817
16947
13592
17603
5804
15547
6615
7263
13671
2992
17669
6195
5139
2210
16266
12740
7128
14612
8807
8219
71
10587
14887
2118
6829
6629
14307
12882
8331
4185
4461
13645
10226
16680
2230
6803
2554
10371
13759
4957
12036
6255
6276
5660
3682
1036
1070
4062
6040
15460
3210
6263
4326
14255
14094
4899
16138
0
12067
7639
1515
2113
16342
713
12280
16784
5451
13395
5344
16400
1370
12555
1397
1143
15134
7416
3121
4533
5770
8785
5928
8875
38
1291
12588
12845
11396
16310
14775
231
1091
15624
15526
8163
10507
11859
12817
13993
5793
6231
986
9905
4404
9256
9855
17221
11148
14806
3962
2011
16533
14329
3349
12149
17302
13789
11100
7986
3024
1090
11186
5391
2467
16235
4322
16881
2879
13420
2508
5502
2624
5848
3397
9857
13211
5578
398
710
13481
11372
10199
16490
10021
15489
15529
7396
2741
14310
10168
10682
5711
9502
3144
5737
17137
8698
8904
12974
2387
715
9946
14110
4117
1558
3221
2083
11001
14597
7455
10157
6039
14730
610
17561
5639
4072
3062
7181
3688
4313
16721
5275
11047
435
9518
6151
1163
8470
8921
3394
10946
16648
6313
12680
659
7828
2317
12339
14252
9361
404
8932
1570
14231
3116
13783
17475
7552
5641
9720
3085
11768
7988
7095
11242
9755
8958
5600
17740
748
5386
4369
13695
1763
7849
260
12332
7161
10568
6859
1072
9367
4856
15129
8691
12066
3028
7668
1523
14467
1875
17717
8839
12723
15143
14985
346
11336
5422
12758
13472
5002
1991
15408
9155
474
9
8103
8912
6767
12013
2334
6978
15272
17440
12595
17065
17256
1017
9377
15175
216
16579
16018
13910
7664
7661
9565
8363
1718
3934
4381
3141
9051
15698
12144
2107
7719
16282
12132
6138
6472
2824
1651
12417
13515
17362
7757
4521
10873
665
1792
2276
2261
11972
15540
10244
16297
4251
11231
12612
4578
1346
105
2201
14716
1210
8366
4490
164
13796
5376
16021
6192
5082
7420
1704
3387
6595
11236
10349
16426
15413
16096
9685
5746
12128
9184
8910
902
6783
1205
2592
3800
17073
12518
13566
16002
17828
10691
532
1587
12059
17129
11090
2085
11159
5983
10781
10372
9734
9818
6050
15469
6287
3656
3802
2804
3042
2987
9003
15768
5339
16109
7317
11919
16084
10933
15874
2989
3867
12352
11019
2476
9393
4475
7586
14297
14040
152
11044
4933
14630
6145
11696
10248
13896
8018
11986
7006
8534
15759
4739
13854
1363
5456
3778
5028
12913
10669
8324
10800
12628
11471
3559
4337
11295
4111
14221
5132
5194
265
12912
7785
6277
7019
15493
11872
7312
15644
4361
14733
4476
5322
12557
5010
10205
3108
8723
14720
2937
6373
15978
16972
17387
5652
9024
2541
17612
13516
13293
3446
15194
7359
11394
11028
9671
1832
14121
14813
6640
7920
354
4504
2232
17804
1083
11275
903
12039
7333
6176
16656
10178
3972
14287
1835
7504
9081
13831
3841
8431
2566
13085
17283
416
10184
10581
13301
6026
12356
6656
16365
2356
13599
17835
2673
17407
17240
3710
9845
4348
15685
8129
14654
10616
16685
10527
6703
5483
15923
1478
962
15862
13176
2076
1720
17185
2779
7377
12878
11279
11023
5908
7687
1912
16520
14290
17546
7673
8730
14228
16132
5964
1225
12395
2894
13018
15531
16662
11052
4041
16219
12997
15879
4188
1414
1584
11374
16492
7956
5675
13072
623
11615
17254
11928
16447
4905
12613
1678
465
956
14991
2516
4638
6441
7583
9551
13224
3637
14976
5500
9025
2404
7667
12231
2540
6401
15380
6144
11399
10463
17476
14857
13156
6047
11056
5373
6754
16062
15246
2529
5544
7930
11368
12859
7709
11460
16846
14077
9615
16914
15103
4362
11189
16553
4893
241
14086
2838
8626
641
22
72
7651
9739
7072
926
10871
1812
1878
3831
13325
17473
17742
1097
13494
2398
3147
5299
2718
8913
11676
9636
14440
13734
12194
13020
6124
2747
2455
4216
5145
17080
1474
5661
4500
3783
9519
770
2024
7694
2946
6765
16616
9409
16085
14465
12497
14900
10617
10152
15643
15741
15530
14634
3958
15047
15927
3771
15512
11351
6274
1074
6511
9467
2530
12693
5043
12070
8430
2788
15574
1198
6612
37
10984
11017
4602
4424
13191
12224
2916
8899
8469
14480
1212
2122
15203
3470
4576
9423
14827
15371
3207
2472
1963
8371
3877
3125
11344
15736
264
7493
3193
2976
2512
1702
6411
13520
6690
15064
3633
15910
13610
17309
10638
16136
13629
15282
1746
16967
921
15206
2425
1750
16874
1980
3821
10462
3667
10117
4335
8903
10733
11281
17683
13642
5234
3546
14207
17658
6075
8453
12026
7246
853
6891
10468
16499
16182
5297
14725
10251
3407
7677
10035
13192
15611
15506
6866
16684
17456
14769
3689
7609
14066
1529
7230
12510
11954
4129
16535
8946
6525
11706
16509
12004
15865
2629
2165
16993
13919
9398
14581
8685
3192
15369
10654
14242
11736
214
5588
10395
1427
6904
5011
12015
11546
16781
16621
13183
4266
160
859
17004
3721
5850
7201
1324
222
10489
11878
7378
9600
16384
3242
1650
13985
10192
12831
11034
17018
2706
12667
3552
5050
10770
14114
15181
16978
6221
13025
12870
14112
17507
601
3305
11852
14876
6558
14987
15773
13735
12933
15227
9864
4354
5127
11013
13433
9926
12903
10447
3948
486
11191
5278
13914
13532
8824
15713
14962
17085
9147
5573
4163
2480
1178
9042
7132
2895
15929
9087
11703
10424
2297
17112
9187
11406
8748
6054
4698
11544
14622
1015
55
7499
13559
10056
918
7570
15363
7247
6752
11353
10951
980
7697
10246
7187
12276
2140
15356
12186
12391
14653
7438
11929
15670
17274
2543
9019
17827
3863
6882
14760
5419
8495
15950
13774
8956
17653
1813
2891
10835
5186
17436
17084
10300
2665
10818
8992
13069
4965
14053
2109
1972
6473
13367
10016
5182
3226
317
8953
15437
3288
16033
11661
3818
12784
4029
62
8906
7888
9756
11324
3657
2679
2307
13886
8500
2925
11926
15898
1786
6862
3787
16980
1247
17374
14070
2650
5522
14487
11630
15585
17854
2075
15209
3152
17861
1717
3780
16341
2388
13000
12285
9374
1125
17180
9481
622
8522
10908
2364
14284
15612
8410
14298
860
17778
6965
11208
12182
14155
8620
2073
2845
4669
17867
3504
17887
1771
7110
14408
6452
6414
11542
11669
10538
11605
12008
10309
13084
13416
11423
4457
8106
7963
1156
8398
13580
9526
8797
10052
10753
7498
14862
17341
324
13574
2702
16008
6778
8086
12223
2860
4855
14639
7659
4950
11375
10139
7789
764
2082
15516
16283
16780
5890
12102
10127
1237
8001
8868
13043
14881
1888
11092
15699
9196
11995
13376
6784
11811
6516
4703
42
3581
11761
5742
12622
17023
10275
16089
8972
15292
15014
2772
6338
14911
7217
5991
17738
3686
773
10772
166
13644
1357
542
4403
8274
14115
8736
5936
17523
3200
14765
1677
7149
9772
1904
1239
14717
7142
6056
953
13259
15660
8634
8098
2737
12669
10496
15167
1505
5068
10313
14313
15435
2325
6587
11737
9084
17091
3284
12410
11343
14246
8250
7409
15154
11787
8484
10574
11604
5684
13960
8755
7463
10024
7265
17882
8482
6134
7252
5913
11270
301
15646
1778
14555
3336
11126
9908
12283
7373
768
13912
14402
12234
13440
439
7118
5462
1481
13812
17202
598
11253
1348
10635
15912
6566
11334
12274
8188
13062
12153
11457
9891
13534
5499
6697
8044
2746
16676
8539
15474
2831
1528
1664
1322
14274
6440
14167
13010
3096
11416
2378
7565
16457
2224
6544
8055
8408
16682
9699
12385
15376
7397
7936
16437
5484
1909
2042
6814
9887
14724
8856
3968
14589
3837
2094
5237
10540
14314
10386
9122
4612
7982
2068
3820
9431
14308
7053
7274
6434
925
12083
16528
11525
11840
3767
14386
13375
2957
11825
15989
5429
15866
15638
9375
8861
7981
201
6486
10870
7454
7331
13295
2440
4740
2591
8333
552
13702
637
9525
6387
17324
6941
12085
17543
5591
740
6202
4436
17650
6635
13405
4941
4277
12324
8449
17010
12052
17328
11493
3486
3449
5341
5420
2368
3425
3308
8567
5381
15320
5290
2970
11288
14707
10689
16732
8168
7400
4913
697
9216
7324
11846
11137
16703
523
630
13861
4311
7877
2843
7612
12031
5559
16454
5229
5355
2762
3693
15495
6514
7918
7725
12639
12225
5662
8262
16012
11025
513
6548
7905
5537
2168
1359
12165
6406
10789
14125
16639
13312
5260
5034
13171
13563
16990
16190
2888
15156
15842
732
15486
855
181
7294
14811
13762
17529
8031
2885
168
10931
17704
3434
9344
12788
7904
750
475
4288
7054
1526
17626
3476
14941
5359
8924
1456
8364
14281
8572
17496
8080
2867
6927
11971
14382
13963
3480
2729
11551
14975
17646
7439
16442
1965
15760
1332
2707
9543
16911
2873
15038
16360
36
1197
2868
9592
4793
15501
8377
2962
11305
2362
15720
6557
5994
1736
3205
12439
9012
16938
11627
17443
15633
1847
1415
6934
16252
1665
7813
8933
1465
16285
4996
14491
7786
11672
13214
3678
16054
3593
8281
16430
6760
12847
7713
1534
302
1429
12240
11745
5834
16435
8936
1671
7387
17339
12979
10565
9039
4318
11771
8311
16186
1386
17636
9461
14479
17319
1106
2190
776
6418
2
7282
16828
5316
2863
8351
4040
1807
3189
14143
6225
8917
1026
2722
17036
9920
866
15830
4916
1508
2032
17563
4505
11765
13620
14061
15395
5371
7313
10833
125
5374
5996
2228
17469
16609
12796
8022
13706
12964
16151
14853
7581
6960
13235
1432
8966
4507
16074
6907
4324
1096
15113
7427
14492
5096
2245
8586
8185
621
15684
7074
6692
8775
6149
3629
16212
13485
11809
2850
9620
3252
10273
13039
7594
4179
15946
8207
9940
1595
9656
17634
2614
1121
16854
7064
15792
1391
16853
12519
14820
3179
5340
7121
13648
12259
5100
5204
7989
2381
15462
13800
6172
1544
3212
5929
10485
13223
2221
9635
2597
17453
9192
133
10412
5643
1841
13173
17140
5939
3930
13937
17368
17780
8557
226
10065
1838
6460
12812
1223
15151
12329
17032
16406
8716
467
6104
14979
11959
11658
9915
4165
17089
2452
16619
12365
17019
15255
17280
13898
2905
17068
7606
7747
3031
13368
15963
7731
2051
6597
2124
12694
3567
7551
6299
8897
10765
6809
988
16309
8498
14194
10109
14843
9768
5239
941
12568
685
11810
8139
1857
3566
1915
431
7162
4797
17090
5379
340
12987
3858
14268
6393
5158
13867
12881
635
16277
7134
10825
16452
12005
16570
16174
13871
14435
11235
11107
15318
58
144
7332
12581
8851
10460
8980
10714
15377
10315
9875
9479
4137
12327
4808
1765
7741
11700
17570
5266
3357
7065
17289
3540
108
1016
505
10771
13733
6720
14305
11489
894
10969
5284
451
10436
2112
9369
5798
16902
11797
12074
10180
8385
6681
1824
15618
14152
8832
9807
16634
16157
16629
85
2300
11931
8717
8997
8821
11870
1183
15622
2899
905
17552
12970
1209
1009
809
6139
17154
10677
1504
16842
4330
16601
14723
13493
6671
9225
5016
11815
7607
7003
4974
4709
10872
14085
8993
6476
10387
16130
16501
9732
8608
1994
10331
7863
16597
9128
13361
9472
9380
5914
5767
2978
8656
14427
17628
5704
4184
15821
9688
9351
2039
15942
2809
14563
797
13492
6820
3490
2991
7796
12433
9657
17277
1814
4449
14709
634
11401
9866
17856
10531
7837
3382
2044
17746
15541
16097
132
15922
17697
5437
13941
17219
9209
9917
1692
13336
1722
15389
2095
8477
7548
377
7976
14624
14075
8019
6943
5441
8340
12578
12422
1910
17104
4732
11647
704
1093
7316
10704
5984
12398
9037
10657
16176
2955
5465
12956
10979
9601
17249
17485
4159
6705
17714
9056
1597
11960
8589
15482
519
16546
17792
6950
7728
10891
7163
14588
12647
1901
6719
4883
7839
9653
822
17191
4278
11261
15534
14466
2141
5602
11133
7931
916
11239
14623
11429
15112
17394
1422
3878
13104
448
3716
13106
5786
16711
7835
4954
255
16588
16915
8739
1129
726
15748
1725
13757
591
12916
11985
5404
9159
10878
259
2963
13343
13814
12708
6019
17421
3886
12906
3651
7089
15803
17520
11804
1697
11899
6992
8008
7916
13951
12769
13026
10155
15264
5926
1428
7678
369
15766
7600
11226
1565
14369
2698
7782
11022
16433
2492
6220
1458
16581
2448
11871
17586
3605
2423
14072
15016
17042
9068
2235
10423
1354
4508
14269
5518
11203
6457
8726
8254
4101
8704
13248
15640
7654
5329
14885
1716
16191
4657
16813
7355
17017
3882
30
14566
12437
3464
4089
7398
17659
13729
4531
9026
15312
14658
2146
9063
16196
15900
11895
13596
2909
7462
7993
4596
9009
12363
13221
1052
5473
8531
17022
1629
5008
879
2507
2841
11264
3734
7541
2299
8117
14140
16817
814
6637
3137
1798
8458
1966
5529
5122
12535
1455
6807
2066
2635
8308
175
1569
620
130
15823
15229
17340
8738
14148
8149
6423
10941
5076
6251
5508
616
3724
7289
5768
13358
5338
7356
11099
12660
3078
16605
852
13169
12838
2703
8135
669
5335
6272
16106
7458
17676
9070
11580
9079
14457
17160
7676
6698
6527
4572
1468
488
15723
12726
8800
9274
4331
8758
17488
12630
4166
14400
15940
2999
9814
2050
10173
14198
17037
2687
4783
8761
10471
7850
4105
15751
16726
8035
1
7212
15409
4573
10614
4946
10334
8693
9327
10071
4992
4524
3940
14869
4767
14137
12199
3750
2669
10025
16316
2684
2418
8635
6400
2642
6686
8568
4222
8863
15560
9464
12978
2911
4439
6120
13801
12516
10388
5154
5224
11660
8323
172
1834
6391
5516
2975
11927
16973
9853
3083
508
13236
16387
9936
16388
4220
14472
12799
13584
17348
10206
9606
11614
4106
16381
13079
6110
8287
13967
10306
4594
3850
6777
8843
3945
6550
15588
4701
17414
13595
11839
2504
8974
11065
10985
348
17419
9800
15772
6938
7075
4907
7436
3342
3687
14997
1411
7278
1113
17001
17358
12883
218
16199
8403
11084
12331
1659
7529
2271
3672
1738
12776
1328
1032
15694
10202
6925
2959
12377
3404
3536
4791
12172
17447
12851
17467
11040
10680
4390
11632
5678
2330
5506
6366
236
8119
1033
7523
5513
2852
16244
12000
4182
8526
9560
9154
428
3980
14927
14212
14419
1896
14454
7501
4989
5264
12490
10632
14097
8789
14409
3146
9594
5885
3869
8516
12695
15679
8381
4679
16150
15188
11300
597
3126
4017
17054
15201
6561
11257
16273
1170
11085
4510
6108
2345
5558
1817
8950
2483
9827
14384
1769
430
391
3454
11280
13351
14477
16428
11728
14590
16837
1335
8613
8318
10125
9503
11010
17169
6467
1933
1103
10198
15664
9571
1922
4024
121
17213
10774
13657
8224
13577
11002
10649
12561
3805
15128
3400
15172
15955
4402
9046
9210
5184
5363
8143
8925
8252
13407
7279
3789
13617
4779
4152
2872
1522
1395
8524
5375
3618
15470
10927
6570
1245
6919
3824
15654
11164
5478
6963
11345
14678
12848
4682
5853
15407
5133
15451
6160
5734
756
12105
13157
1848
11367
6905
14834
4464
9714
6288
10746
11296
4392
5883
15552
6322
12050
12455
17363
3998
2028
7895
4023
7906
16643
868
2471
1548
11984
12554
13570
17239
5431
9221
10213
17058
11806
9474
14940
16519
80
6405
5014
7873
9612
12548
14059
7284
14327
6424
2612
1899
1368
2709
10827
11254
14378
9968
12779
13238
1423
6712
13761
3717
8926
14260
8478
9725
8935
94
13234
12763
847
13280
786
11079
5177
10072
11213
3685
8778
12841
1193
2997
8819
15374
10193
9830
16765
11532
5819
10413
12080
2342
6432
9914
7167
14809
14334
2655
6596
14680
16120
17830
4384
11882
3364
3124
7210
2514
6748
12941
2983
8354
9589
15388
10826
16121
16996
12014
1040
567
7345
4412
16327
17086
12666
16583
657
4586
6011
2375
10147
13873
12528
5681
4655
7643
8573
13041
10694
11704
11567
4174
13417
5833
8858
10017
6066
8081
16785
8082
16241
17838
9791
7068
14079
13794
4487
14034
6731
5352
13384
13388
11511
17320
7358
4303
11009
15355
12456
13470
8200
931
10735
9077
13473
15686
5151
17397
9986
14780
14584
2777
2896
3595
8729
3786
15349
7285
12981
14752
2793
17308
16858
11978
11221
840
4497
14533
1640
16493
5685
12141
9715
888
2727
9826
4320
10314
11644
4994
9723
11648
10599
14519
17515
7991
12607
2748
17752
16135
4360
10120
11898
8982
8195
11444
3444
10121
11502
12362
13641
13387
1376
9976
17745
6761
8591
14884
3834
10598
1591
3507
13705
12106
16760
13311
14509
17885
530
12048
3564
6541
12922
17785
10767
1675
8781
6739
9546
2848
15756
10338
7484
9515
2780
4666
5134
7293
153
11936
1582
6178
3264
4554
3660
17654
9633
16551
7508
10656
12159
17663
17823
1499
13904
7660
1728
16522
15042
16595
8496
322
14580
4075
7605
4069
14540
15626
9478
12482
13319
11970
9400
4799
7203
17431
5140
12266
12825
2825
1071
2922
5367
1990
13360
10597
13415
3601
16811
10889
13218
205
17847
3497
3746
8231
7749
13710
2699
4990
9284
16214
8038
15461
15092
3236
14248
5781
14401
1388
12874
8130
17187
15449
11733
5533
14481
11486
3634
8930
13392
10679
2319
3897
5156
17401
3040
15752
15287
12202
5899
6617
2019
14856
12296
3279
204
97
1797
6377
4962
8894
14437
14370
9529
17726
1829
12191
17797
917
5686
11717
4482
11310
14455
11796
10124
6959
10026
911
11178
2584
6333
15228
13206
16814
17660
7510
11043
4609
13046
1450
12044
6973
6413
13526
6916
16474
8433
2949
3294
16651
8165
4982
2579
6668
17770
3154
9435
5334
1643
17039
11102
47
7357
2430
12658
5970
13266
7482
937
2588
14933
6581
13016
17041
8415
7392
1988
1286
1596
12057
16603
8873
14578
16653
8777
60
11405
14824
11752
16416
11217
16234
5350
12536
2547
827
16845
12662
5764
939
10935
6876
14799
3508
13243
1059
3037
17609
16871
15871
14173
1866
4218
11576
4599
13875
17218
2942
1472
15061
5488
1365
3743
98
8653
16979
14546
17269
12088
17263
8444
9044
711
7300
5101
1514
10211
1280
11328
10398
9821
6645
7599
12441
11308
4832
5495
194
10415
10817
14549
5032
16122
17790
17101
1387
11256
13807
3408
10884
564
6350
4240
3002
211
7975
10499
7746
14186
17879
2870
3267
12104
3950
10965
2509
1367
13286
15716
10027
7701
9927
2994
9123
9925
8187
4532
5475
2789
528
244
3849
15242
1806
4650
12565
10812
4949
2212
477
5305
16859
10604
12374
4665
14863
14445
17554
5736
2274
4817
16313
13731
6270
10081
15779
9583
2640
3461
4906
3360
13446
8887
15790
11283
6795
14642
63
2302
11767
13261
349
8010
15635
7689
2552
8428
7240
14100
12904
7775
15895
10934
16812
11167
3374
2953
16836
6571
13371
7102
10197
6183
10718
3804
10316
2496
1490
6860
12407
5231
4898
14490
16693
5023
5930
7131
7649
13632
16696
4046
3263
15185
5171
13709
6680
16333
15115
4124
9599
4073
10469
8194
8267
11490
13245
11064
9490
7535
274
13575
14959
11073
9363
4876
6133
6873
13102
1636
6135
17590
14935
6542
342
13585
9137
14936
3
10397
4257
16756
3607
2907
17727
13155
9877
8161
478
15331
13274
5849
4903
4626
5248
1462
777
9557
8154
1172
10270
11402
12146
13899
12701
4582
6477
9773
1115
12247
7058
8181
14781
15195
15322
1735
14894
16770
17318
5485
9690
9532
14126
5794
8084
5087
12800
8380
11837
6609
3870
5311
6344
4428
9218
14531
10816
11598
2222
4692
7386
4964
15098
15831
17464
6086
9823
7858
12626
13543
9165
12317
7603
14604
7619
11503
2690
17451
7283
2996
327
8004
14019
9956
8862
13930
10433
5315
4795
781
5922
2749
9208
5372
816
1706
2344
2064
1248
13099
17147
5580
4064
3654
12353
17540
4189
14015
4071
12830
412
6503
13677
5774
17116
9395
9424
11524
3378
14388
8891
2352
6046
527
4346
14379
2801
17288
1869
6052
6815
15405
5445
16317
11348
10461
6459
7042
8689
13012
13722
757
5083
4030
4437
4180
12750
5832
4049
8770
10615
2842
4395
16806
15314
14565
8436
2939
11339
6033
9438
613
7046
12937
3001
126
16599
9203
2973
2887
13615
7237
12226
4839
8211
4619
830
13614
10299
1976
7996
2893
16865
13848
5358
1486
2405
8327
11602
7848
5289
660
15477
17606
1492
7437
16061
15165
1726
7797
10971
10187
10452
8879
12888
4604
16407
16832
4977
14413
4472
17510
12030
15533
9846
2316
4483
3257
2030
10856
16665
17082
9538
11192
6903
7171
6497
14677
12787
4516
3484
3842
429
13768
14241
3929
7589
1132
2956
885
7480
11005
17107
8890
5517
2498
16006
2003
6713
3964
3673
6918
6353
4339
3876
6482
16847
7584
7929
15041
10374
12012
14239
17574
2424
1378
7865
2106
3423
13186
1419
14542
17562
5693
16645
14527
12424
1975
4670
13136
2441
16124
8127
16144
9072
11325
11014
9486
8841
8257
12549
11646
5723
8126
10721
3868
15221
6227
3391
4261
13935
2421
11908
12183
1872
7106
9987
1311
17757
8461
4291
9577
8058
5551
6776
2129
10708
7209
11915
8072
6169
10500
9018
12326
7555
12348
5424
7082
8939
11496
8803
3414
12467
8776
14449
4976
4805
8239
14263
1947
5160
10831
3845
13350
14062
3442
3748
14131
16180
16742
9010
1666
11842
2400
12915
10785
6971
15661
5287
8772
12589
8621
3265
14954
14767
6318
12479
8722
5664
6094
14460
17706
2207
9793
4922
1275
454
7874
3711
2847
10963
3755
17489
15762
10628
3914
14326
15573
7227
14391
5482
3166
14756
9579
1649
2479
16466
15924
4265
15161
9452
14024
11138
1028
6230
12544
9784
2859
1213
10863
6540
16446
7653
7980
13897
15050
3379
15628
12756
15976
17220
3113
3928
15828
15364
5427
7306
10693
13552
12685
11663
1048
3864
3114
16617
15429
15300
12990
11583
14174
12656
14505
14695
7691
493
13908
10880
16803
13213
6594
14358
8314
3058
14657
4298
1546
8672
5937
3471
61
11003
12707
5036
10506
6560
17314
15457
11204
426
3171
16133
6888
6428
3631
17850
15708
17483
7297
7621
12942
16574
9067
12129
9706
2920
4059
3260
4824
17113
2816
3557
8370
17874
545
15323
9251
17629
7992
5978
1804
16649
7696
8553
13719
5382
11061
2644
2213
15383
12054
9748
9930
3835
3112
16424
862
12313
14514
9696
9852
14660
11881
12523
13618
16298
17425
12875
14416
2196
5957
13829
7029
12496
4603
1723
14071
2214
9356
4091
16764
11791
15465
15902
6768
1653
17189
13892
3937
1525
314
8665
9507
2067
6823
13756
6728
16660
6521
8955
8147
3838
11518
15988
6667
2523
10427
15938
13975
1612
553
1510
15668
7391
7353
13713
6360
5349
5665
2120
3064
8981
5196
11535
5033
3006
9907
4681
16125
15726
16706
10840
6504
13628
589
4486
7799
14830
12062
3959
5696
6986
3068
3823
14754
1038
10099
15848
13752
16695
2485
1822
10047
11585
470
10633
325
5745
16218
2869
4800
4537
15722
17749
10001
5809
14017
1021
16419
7559
284
4090
15024
3105
838
1964
4011
4565
3087
13760
16790
11682
11163
6095
6224
17007
14800
4491
9048
7537
17765
9082
658
6396
5464
6212
1361
15069
6141
502
4364
15819
898
2742
17737
5608
7952
1905
9641
17366
1755
2187
7119
11483
2104
8357
10740
2522
10305
15833
15500
12738
8304
17542
6060
6348
15714
15868
10989
15710
12218
14396
3050
11421
16051
9456
13451
7717
9020
14591
4691
8272
1604
16625
7180
13740
14996
10303
148
15901
13548
7665
15680
6380
9644
3278
11442
7899
11741
7833
11838
2700
4352
2602
1932
3668
17611
11449
16091
262
15838
14961
5601
1060
118
1552
15780
10858
13101
1020
1062
14897
8854
14441
5944
10883
12342
9548
14889
6679
3933
15933
4577
10972
9997
8441
7502
3851
8240
16330
1401
21
2773
3609
5072
14185
11947
2002
17403
6643
9227
16795
9889
8017
13193
14841
3253
15580
11341
6675
17337
8617
13317
9945
15223
11775
16361
11541
4249
7971
3168
10964
8669
12513
12316
7784
2898
7718
9421
15886
12457
14664
12641
4231
9555
15497
1001
1484
4054
16508
10002
2616
12167
4835
3577
5226
5826
10921
10059
12028
12463
6341
12452
16311
13862
4451
16420
1338
7225
10345
13287
5725
7165
1235
1287
4018
9582
5647
3206
455
17733
6498
15411
15672
13372
5830
4419
3174
8633
6367
15452
5687
2505
12076
4260
3732
6750
2125
5201
12719
2603
6248
4286
8544
14692
17161
17272
11398
15078
162
4515
15604
13726
368
8804
6861
8588
10196
5592
920
17364
2580
12597
5715
8541
9252
959
14224
9862
316
14399
4170
4757
14602
6074
2618
12341
9341
5579
13590
4677
2649
5119
883
4714
4036
16544
1642
12347
9588
9241
15683
8810
10997
5503
16969
8782
13005
3384
11101
7804
8708
800
5698
4401
287
3726
10095
13204
960
6148
16936
4747
13268
13755
17832
3271
11224
15597
13779
13142
8752
2138
10274
3332
2385
6633
5771
2206
13655
12156
5435
5104
7087
8677
3222
8032
11392
16090
6495
10703
5860
4201
848
12586
6456
15656
6420
12131
13345
11734
4788
2535
1670
17687
8162
9007
14999
15884
17468
14037
14668
2265
11559
11548
7123
1227
7882
785
15592
16445
14012
9207
7827
10648
7795
6308
3592
8362
17064
13792
2478
6157
1993
1507
14277
1329
6967
12605
12469
4309
8214
5020
7987
9533
7067
4697
5209
192
17428
7879
14906
14867
14337
6533
17172
13635
7932
13390
2696
17673
15919
17470
1506
6041
9584
4325
17099
3943
3151
8232
3375
8133
16101
6790
804
5735
7840
5400
10839
2903
2251
6321
3436
10888
8389
2359
2256
6234
12375
8423
5655
7090
9345
11634
2761
15478
8845
1532
1317
16209
7465
2004
5501
13275
10905
3074
6326
15184
4943
719
2919
3533
2889
4397
15783
167
1006
14385
165
1714
14153
2667
1076
1732
3537
5498
6623
5536
2285
13247
1051
2148
13421
4847
14969
3232
17457
238
3829
11053
8670
1754
17537
14482
14632
3951
909
239
11149
7114
3450
5646
10304
1135
2370
1849
1489
17303
7235
4300
2420
11420
16143
3675
3395
9647
2179
16907
4816
7349
5370
3665
7878
13623
13208
5273
14681
3859
16068
4891
16650
633
14436
261
7381
15636
13095
12734
13666
10080
5916
9442
7712
3966
825
13521
15703
17150
12117
16618
15118
2830
2832
9496
10571
11860
8918
113
1233
14594
9002
6466
10876
11828
12839
5065
17764
684
14458
11759
856
14808
10283
7444
3270
4285
4358
769
17163
9259
7222
8645
7984
12768
8050
8725
17402
17370
2437
992
17373
11945
17567
12673
1731
6740
3296
7061
7978
14162
1351
8071
5903
4995
3043
86
14661
6725
8969
9301
6161
6007
2878
2272
15326
9910
2630
6958
15767
13540
2294
5671
161
5778
17556
6239
16633
73
8255
10687
12947
7452
12442
873
15659
4717
17642
6090
13624
3885
1078
3538
13313
3695
3955
11311
6053
16690
16048
11026
12288
9329
13348
2513
7853
13496
1416
14934
5730
17678
14762
17231
1025
10062
9922
4234
3647
10601
8968
6164
13717
11522
10162
10444
16104
4380
5654
294
1800
1014
15297
12111
13846
6827
10498
10445
9769
17696
4149
16308
9005
5211
2340
13893
3625
3915
4986
8831
4643
9090
7924
4420
13824
5938
15211
8309
600
17121
12325
8087
6670
7328
3854
13270
2237
1241
6634
16262
4284
3167
2156
2676
9118
12293
13024
6016
16248
10603
3889
7100
11350
10219
16999
4489
11112
5246
13258
12020
382
9487
9028
16640
512
10359
10730
14093
6811
4690
11110
8005
3145
16045
3291
5403
16862
17761
9168
12081
3984
5992
16399
3331
15009
9822
15003
14671
11786
17455
17481
6264
6724
6152
17771
11600
12295
5576
13502
3094
16992
14758
817
8813
10824
15346
191
13297
16746
4872
10929
9242
5348
13700
13166
7290
4882
14250
1793
8915
5710
1863
7933
15140
4861
4341
10948
13454
4258
7706
698
8401
11731
3584
16620
3844
7016
5689
6332
571
17360
12009
7627
4597
3309
829
14568
8425
8172
1073
13533
12297
5169
11617
6106
12894
7183
6855
8742
7947
12862
7997
13506
7457
8480
16769
5029
7343
13196
14200
11494
12115
4541
6839
16444
10662
1843
13074
6836
1228
10419
15055
5452
705
3574
11229
14261
16451
10041
6850
7854
2386
5692
11487
4315
6388
8233
13742
13439
15987
12264
5191
565
11896
4468
3825
6837
6598
1310
304
1846
15904
14663
15704
12446
17236
13500
9300
12712
10096
9514
4411
12617
8978
2810
9425
15299
5471
5064
16007
9697
16015
10980
5487
33
2105
1686
8293
3622
15556
13198
4675
14522
10904
3365
13467
7562
14146
11680
6315
16807
5603
13718
5747
4208
10312
14375
6023
13447
504
2564
8128
11876
11268
5310
10225
6501
11122
4904
8600
5035
11139
13999
11070
4813
4280
11016
8334
17815
11685
13294
2287
15966
12305
6849
4143
7109
11948
7636
5658
9738
16251
16708
7412
16771
7702
4769
5792
8416
1589
7970
3699
14541
2745
11318
2828
1891
17035
1149
8942
12526
7432
6911
17390
10791
3474
16024
2426
12416
15375
17290
14773
5754
5048
12506
13339
16264
10360
15333
9186
11758
16339
15406
4299
12791
6628
14272
13478
5560
14051
1803
6830
17694
14356
5707
14104
10859
2960
3163
9146
15798
10516
689
16975
2689
15587
6278
13797
819
13070
14122
783
7488
16009
9778
4734
3315
5717
142
2154
2328
3745
17536
874
1625
4605
10422
4658
5869
16432
2625
15523
12770
13455
9965
11103
8959
7634
15849
9742
2677
14967
11380
15572
13591
17750
1703
4936
7630
2563
12567
10164
292
9813
1298
5298
17760
8373
9191
249
17378
14195
5416
9963
225
15341
9231
17688
3598
5031
2998
424
13438
5761
7113
3238
5595
6794
5027
16720
11277
5894
2357
6080
7192
14133
15911
6342
6601
14636
6499
4379
6759
17528
8189
9567
2853
17781
124
2188
15782
8705
12136
3807
5240
12242
671
13037
16397
15667
6673
13489
854
3995
6339
6267
3926
11125
15433
17286
14074
17814
2324
2733
6607
7602
7257
15434
15647
11118
17266
876
7430
3158
15275
4827
9747
5056
15583
5618
11545
7844
7292
3543
15328
3494
14430
491
48
14825
515
15440
3896
9741
995
13658
11447
17889
4025
9465
8735
17568
12863
13837
560
11177
15252
5872
2093
11651
3453
14238
10137
17077
15928
5362
17131
12075
2336
14728
2473
1141
4871
9691
2238
15810
14197
13974
13269
13505
12509
3777
13253
3183
12582
16340
16867
17802
2185
9960
2189
5532
10286
16392
9437
6113
12789
17196
13277
7876
16158
3178
10602
2117
14354
749
8155
12797
1082
667
3086
13423
12373
7829
11861
1580
7144
15786
4589
10957
11117
2521
14627
2373
3302
11526
17734
9316
8707
17212
12211
13601
11552
6792
16352
765
11373
6532
12835
15812
3907
1406
13962
13850
2487
6933
17819
8934
6780
6370
8432
7648
3283
1583
15225
15491
3277
14774
13386
2077
8209
15793
10061
2193
15712
13889
1566
6062
7197
590
11547
9370
17681
12449
13798
11520
12636
15240
334
5812
2921
3775
7442
3621
14331
3586
5319
8406
11448
1853
5823
3019
1700
3560
70
10660
6451
4422
6402
10207
8358
16077
14973
702
270
16810
9948
2013
12801
1808
10032
8360
17512
3765
11813
13212
6879
642
17530
577
11395
5203
7116
7763
17775
11182
881
3904
13422
16758
16929
13773
550
1263
4773
12951
8332
10337
9055
12216
15956
8412
1029
13443
1438
4818
9178
6425
3034
2183
8079
656
14050
7560
6654
9500
14832
11505
460
7408
8714
363
4685
16137
13966
1630
3990
2666
8657
6020
11354
10195
11980
10308
7527
4552
16304
13233
13310
10144
16950
16359
12710
25
13254
3301
6361
8901
16173
17751
16271
3008
16229
5476
13727
3201
14915
14984
17391
17809
11214
2010
736
4118
6296
1894
15093
13468
15743
14368
15771
14164
11377
10214
4499
11778
5228
15273
1842
2839
13817
1256
12248
11711
13781
13260
3764
6618
5006
1041
2070
11111
8986
9417
7685
17503
17296
1753
11248
12837
12765
17184
9204
14558
469
3545
13663
10169
15324
999
9312
8345
8555
4927
4493
3181
9162
17322
2877
13836
15832
8696
17381
8528
16737
9441
9200
2815
2475
4715
7354
10729
14047
11678
10023
3762
5457
3429
8931
14561
9135
9390
3164
15606
17499
5815
5459
12306
1639
6867
9501
13536
2545
5528
16614
5257
5225
10570
10208
10020
16037
7724
17581
15916
15650
12055
15354
12333
15425
13701
17527
15555
11619
13165
9325
13200
14340
9206
4264
13571
17497
2023
16952
808
2144
3942
11606
17502
17614
4044
4680
10731
13973
4177
10696
4453
7286
14753
2846
9050
789
3175
17316
6316
16793
12657
15244
5149
4819
5906
12815
7716
15591
17662
11753
17709
11245
12640
8802
3165
13959
10004
15340
6071
2246
9860
8971
5787
13579
6362
16965
3316
14525
13769
9686
3725
10666
10067
991
5924
548
13562
9745
15044
16829
11735
16610
16819
14560
17168
4592
6009
16494
13720
10909
5619
15733
14320
10013
2560
6614
17127
5293
3390
15159
17229
16663
7563
13151
17074
10135
5243
14418
7518
14089
8260
7597
11054
13058
8285
9185
5128
13907
11667
7847
8353
6988
844
8533
4683
12644
11989
1911
7295
13328
11265
6662
5589
328
872
7503
743
2913
3953
32
11701
3627
15992
4081
15918
12895
9563
2127
17466
2716
1008
9897
8487
5935
16189
17597
3412
1634
14279
10058
484
16373
14149
11816
8874
9092
9016
5235
11317
1816
5141
12963
8361
3822
3214
11613
2060
15215
9036
11205
12298
9224
2988
11188
9569
9783
5102
17892
16983
10252
12383
2596
16431
13050
9883
10874
16003
1293
17715
15100
350
432
17883
11744
8703
9733
2199
13952
9726
8604
9530
7585
16906
12995
16755
6127
11901
14265
3735
15870
9643
11662
5447
1030
4274
2139
14223
1598
7753
12056
3790
5700
1615
5292
6651
2826
12328
1417
17821
6610
5385
10624
12633
2459
2176
1561
2197
11705
12492
16623
14524
9547
10487
15598
1373
1622
16787
3282
11080
8405
14057
8842
14735
8628
12065
10243
8376
13560
10063
13003
2431
8400
10786
12920
6070
6244
4347
5818
949
7415
12671
12357
6574
10545
10254
1668
12189
17480
16540
17331
8625
7663
13491
10495
438
6926
4012
9516
15441
4501
5024
4828
5303
10672
10085
6249
14196
8585
16354
7374
12069
14822
10326
16736
4716
8951
9195
17321
2413
3784
14983
6320
674
6465
16468
10911
16154
3893
5895
13414
16338
14325
1729
8911
8263
3405
457
3524
2321
2350
2474
1080
15578
6111
2177
7573
16166
6659
34
10511
16201
8369
15119
7368
9188
6233
3202
12512
1921
5449
9257
1498
15456
11979
7078
5553
8328
15141
1836
17767
3090
392
13597
3883
4452
9183
7805
7111
1203
276
11641
15305
2785
6454
3525
5294
3991
13877
9782
11749
16486
15737
14608
7553
4063
2735
12163
10218
3138
10091
14606
16796
4546
14127
17377
14417
11671
5525
3982
14577
15738
3156
14904
17245
336
2289
826
7857
559
11424
11762
16838
5075
16107
4733
4194
16299
5861
846
812
2346
14022
13553
4852
12047
9085
11799
1442
4918
5408
13604
14844
6751
16671
3744
10572
16899
14902
10367
3373
1037
3371
7477
1914
7214
17755
8614
11722
8243
6328
718
11282
14942
1801
1830
2601
16367
9140
16206
4037
521
7384
9603
11939
6770
1340
5901
15067
15970
16410
11529
4798
7494
1973
8820
15971
16139
15043
16873
1586
15825
1356
15490
7566
4719
9744
8409
20
6817
10995
12507
8680
6642
8727
10867
9967
10865
14147
8112
10340
2397
3916
8923
12953
5439
115
14938
4237
13613
791
17722
4869
2043
3971
17222
17382
15930
7008
17842
15421
1854
10906
3921
16456
15731
17056
3569
15423
13554
12027
11712
11337
7043
6616
2211
16966
4857
5330
8158
7248
2678
4520
7245
16075
4617
9574
2108
16892
15579
14593
15590
9138
9052
12939
4399
408
16034
675
2539
10476
6188
14237
11360
6894
2705
865
14243
10855
13302
16213
6565
9262
17012
5342
13032
7812
2365
17251
16968
6832
11340
6337
5190
10201
649
15404
16390
7774
12505
3827
15774
14209
14650
5312
17351
14777
2924
15894
3848
12552
8169
8647
3516
11363
9776
8105
8502
8812
14655
6262
13586
17195
1300
10769
16358
10101
4162
17837
1962
1412
11161
14778
6331
4233
14088
7026
4171
2620
4243
10186
8434
3553
9062
3999
13487
13843
8336
15727
13994
8497
16222
3135
15293
13809
6906
9477
5893
3060
1288
14536
11925
12498
8180
7500
12946
177
16712
11864
15386
10915
3965
10578
8919
6173
16448
11068
10486
16294
3796
16927
9033
4952
4522
1385
5212
3782
2355
13396
4760
10239
10000
1265
4470
11917
3203
8711
14134
11937
9413
6167
9102
2849
12399
16255
17599
16417
13141
5613
6116
16534
8003
13598
12853
14670
9939
7928
8034
4336
2692
1266
5543
394
6854
15982
9236
1925
6381
17002
3663
14913
8479
5261
3806
11742
6841
12706
5827
10233
12975
16997
15039
2724
8914
15632
16429
7048
15565
6736
7698
498
12559
9017
3306
7105
12677
15505
3285
17182
15068
15525
8744
17675
1867
10140
5584
15822
1898
4745
12698
4077
2099
14543
13109
11400
17329
9373
14285
3674
4355
16513
16004
1971
6306
6900
5494
11481
81
13679
7512
2619
15233
15794
13385
1979
14585
15298
3623
13419
16594
6889
11018
16332
16724
17632
10750
976
17294
2672
14289
8136
14569
7792
11361
14381
8719
4825
2884
2121
12663
12715
14309
4122
5486
10569
14990
12034
1494
608
3119
10517
12249
17416
17156
3348
7135
7811
4070
7571
8235
6884
9611
3020
9796
4463
15163
15496
11407
7360
12824
16658
12858
518
12071
7158
7483
14928
15853
16669
16834
15507
5842
16939
17800
6582
8743
275
14101
3402
3241
16
11999
12282
3526
1137
8929
10768
12576
593
2269
8937
9095
12935
805
13437
8199
3229
9308
5909
12984
16103
14828
16702
12033
5417
2778
11346
10898
9730
14450
4979
8559
4506
5729
15261
14459
14729
759
6825
16839
3575
12967
3583
12994
79
17379
6856
13704
4425
4743
3276
6446
5233
5649
10075
11180
11924
13161
15878
1260
3989
7831
8676
10949
9038
14635
13425
2263
5993
10253
652
14171
14288
182
8876
11201
8523
3828
12279
8592
5393
338
10643
11694
5206
16916
8740
7825
13138
14669
14662
229
2659
7921
444
12219
7372
137
16626
16729
11507
16933
16153
3269
2394
10797
10520
6604
16848
16816
403
4282
15166
3871
10890
1375
14387
17491
7721
5115
9840
16272
2739
4407
5625
6682
16536
12400
15334
7140
7710
3944
14748
16537
3014
10055
4942
16932
7383
1211
213
13686
2059
4634
7429
312
13639
6788
6089
12460
5829
11299
16700
16413
4969
11902
9493
6229
15031
3196
6126
11146
16576
7816
8990
8741
3072
15230
14111
1641
7631
14343
9610
14787
17359
10684
3590
4099
2086
14362
13335
10670
8509
9974
410
14713
16718
17608
14264
14833
8902
5624
9261
9628
8053
1408
217
775
5888
10524
9678
14405
940
6796
15431
17494
11609
17702
17831
4536
8068
13363
603
4328
6471
10675
13923
10177
4333
15527
664
4953
10864
17040
13646
4911
2583
15619
8241
922
4961
760
6632
9707
308
6219
6323
12542
8519
15198
2393
14737
2463
16069
4758
2338
12972
11179
4865
10364
440
6928
11081
9255
1831
2979
10685
6247
15695
4753
2244
7441
1930
9107
9570
11763
10573
7682
9032
5838
9609
35
1960
17857
10560
8407
16646
17772
10122
15379
15613
14154
7772
329
7219
7531
10795
17798
6364
15652
2837
1571
16991
16554
16357
12177
3801
15575
1151
17700
12252
14761
14316
8801
15400
16226
1477
6
587
9983
15254
10490
17858
10438
9658
17693
2171
15052
7020
15890
8599
1879
7903
6496
13522
725
10861
6246
17766
12844
6359
3669
6085
17332
12174
3130
5865
10321
12634
2569
8570
4661
17548
12254
3704
14300
5966
772
7961
6524
13627
12649
9480
16970
7872
16350
17525
16754
14064
8771
15
17226
3366
15144
16909
13561
8347
13879
10600
4687
5081
17445
10170
10474
4785
17409
10421
13667
3779
15220
17186
6125
5155
12590
6345
2606
11921
3117
15960
6886
14373
13383
9693
15040
16148
5069
372
10405
12180
14056
4008
4888
4834
6966
5593
16105
9212
5510
15183
13931
16060
11715
16884
9735
2151
5179
3910
13772
15178
7913
14188
15706
3110
1195
10232
767
14529
13528
14860
10853
9065
13184
15522
16912
104
8040
4973
1131
10039
7983
11699
7375
6480
6819
14273
12891
10847
2259
14644
4301
16887
9848
7943
10093
6771
8882
15353
17253
15740
16118
11039
9205
2320
2562
10223
10284
11027
3731
17146
3228
10575
6211
12884
250
12653
6589
15138
17298
9587
4858
13746
3093
13133
14294
1592
13115
14018
1524
17059
6556
10185
6084
15958
65
14461
10982
2363
13662
9429
9142
13945
13947
1699
1023
11323
1192
7159
6773
16377
2377
3275
6744
425
1564
11041
8396
11649
11826
16652
5799
6252
12704
8791
17613
3139
2904
13464
15021
5638
8667
17335
1035
13135
12873
2527
4528
4759
1167
8543
15876
16326
981
6567
9030
15145
2626
10998
9288
15735
12001
8265
627
9130
1923
4636
1480
14363
525
15584
2605
6368
6010
11097
9276
3097
12454
2312
7154
13048
2162
13527
2116
15463
1098
4915
14102
6793
6017
6404
12311
11769
1236
15126
12651
10146
4568
10808
1968
7365
15373
5571
12618
15839
15503
3814
14042
17736
7091
14293
2807
14422
1616
9591
2781
4985
2794
17162
9558
10113
11007
8301
15639
6676
17839
16844
4631
16195
717
12471
6935
337
14392
4853
2743
3472
6987
17665
11784
1066
3751
11691
7421
17008
17623
5948
2531
7382
7370
12739
6931
14339
16086
3005
5263
10089
3209
16986
5325
13594
9302
11588
16851
10028
8121
8356
17105
16855
4509
15212
3059
9328
9381
6684
11389
14083
6336
13290
10922
11720
366
10743
129
13458
2723
17637
11422
12201
1987
7743
16910
1333
7469
14333
16964
6522
1278
6398
8212
7998
10479
11303
7914
17793
17610
7822
11952
4254
5932
14142
16849
12206
17622
3620
5279
6269
6975
556
11154
16386
10042
2775
7999
3157
11851
4645
1124
8302
7889
12661
9202
11157
4456
4674
11292
2047
3255
5180
357
17237
2719
12099
4221
3578
3458
1452
4002
12748
10293
11322
15109
16913
17304
4088
14888
4246
13490
6915
9580
5810
11452
3761
14804
4192
8280
2744
12277
16240
6185
7517
15350
11781
2061
8485
12160
10070
4513
14507
6298
4085
15962
5998
4652
2182
8322
5198
615
10661
13318
9724
7881
1542
12778
11718
2708
14958
16353
9340
7737
13529
13342
11227
7880
6490
9640
12256
9258
11530
13977
16541
17651
919
16497
6806
9379
14190
12485
12440
5170
1043
8242
8697
10882
1740
908
16110
9096
10843
12451
11365
16637
4203
5282
6268
5088
15906
16830
9112
17744
9158
15691
2964
41
17713
17495
11162
17579
8945
3740
10776
575
15207
9008
7330
17088
13514
1661
16981
17545
3220
13482
3479
15302
248
12006
5670
7641
2149
4802
6936
3432
5078
17142
2392
8860
10302
17369
11935
16512
1381
9966
69
16055
17178
3652
10073
5900
13777
11459
13283
557
13961
2506
16314
6715
7010
6349
10221
3591
3356
12263
1305
332
1864
8609
3482
7818
17806
2348
6990
780
3794
15447
17110
13242
14474
17323
8552
1200
13549
8145
15267
16260
12772
1451
7125
12447
3063
2103
17355
16059
8205
9311
14688
9447
8011
10204
17174
4587
12600
1394
17128
7040
10622
16200
3069
7598
2570
4921
5395
1501
16073
16165
7476
4889
11510
14870
14257
4610
9792
3286
6896
11498
5554
3514
14352
3463
3487
5583
14964
950
3233
1251
15087
2062
4481
17125
6130
9801
8529
11262
1221
2575
1295
4181
3451
6330
4756
12865
3445
7177
1350
11875
10536
8643
7318
3224
3109
7761
17881
9468
151
1446
2280
2337
9632
1929
16274
9248
2098
5150
14169
6376
1568
8724
6395
1045
12173
15101
6546
8300
4581
8615
3902
6166
14226
8994
8949
6993
17769
1739
14691
15645
17233
17811
5188
9874
17299
11790
9304
13167
1034
10478
12484
12940
14180
3649
13132
7722
16672
12900
4864
12836
4109
13665
2169
3903
14145
17103
5324
16044
7337
12382
6868
8551
9484
10947
661
12502
8104
3459
11523
6613
4433
2445
6845
7592
16799
12049
2401
6678
17260
4574
7940
11312
7145
12948
5547
9718
7342
14960
12257
537
17264
16779
14768
14222
14330
3204
6346
1218
15674
8732
15458
7948
11232
5479
9228
3321
9899
16411
10165
8595
3352
12842
10083
3715
10920
8282
12511
8618
17055
10559
3579
824
12954
12176
13880
8594
796
7803
3758
2353
7151
17730
11565
11087
1818
8637
14700
14489
2254
17638
1637
16268
344
5942
2519
6159
14443
6813
10747
307
14406
13177
7819
9022
11574
11780
445
4641
7319
12126
5923
7060
10102
3227
3712
13808
6898
1208
10480
923
5777
17144
2468
17029
7170
16959
12118
9497
5121
11391
16295
3791
17279
13567
9978
10084
6764
5986
16856
14350
12154
14108
12692
3237
17338
17011
12521
2721
2611
1352
5013
16827
8157
11195
15319
7595
10758
11071
15370
1667
13750
14091
541
12423
15121
7004
10151
15607
11298
7059
10119
1150
7450
13291
5599
16585
4806
8390
1140
11291
11623
15630
300
11830
1880
15535
11850
16569
2945
8830
4332
815
16963
3645
3927
4781
15205
10074
2444
8624
15979
8033
16833
11046
11913
3954
11293
563
4139
2568
13980
17070
13453
2730
2610
4928
9263
6507
406
10647
13483
3548
15192
9740
446
971
16208
16954
17030
16872
11654
1232
4206
11430
8225
16117
7783
14376
2598
11173
9473
11558
10830
6627
4790
8150
13634
4622
16681
12122
2384
6952
2940
16405
10339
15983
14068
16731
17126
6275
11922
7695
215
14230
17165
9568
7305
13017
14001
3576
4584
3234
11692
10978
17504
1949
9698
15637
5892
17735
11153
17384
8454
12594
11321
6758
7133
723
17890
356
12494
1364
7104
5972
1243
6683
8920
11207
1270
8329
1011
8474
5967
10993
17508
13921
17458
6003
5800
7629
15811
17262
9106
15742
3936
489
2358
13401
17787
8349
10296
2617
10537
13513
5394
8928
15033
9226
1710
13920
12078
884
10341
6131
4367
11549
2331
4164
17596
14722
10866
1984
13498
9729
3053
16375
12130
14772
1826
9313
13087
14878
3268
12730
5380
4466
14107
11509
3369
13338
407
11011
4378
17075
16487
4511
8828
9520
974
15984
8867
3061
16450
16958
12969
12267
8681
3738
934
7692
12287
16898
13252
13858
12828
15075
6487
8512
17768
4052
5030
13680
17762
10796
677
11709
13022
3172
17038
10885
16628
5657
3420
9397
9314
13507
12016
4993
4034
17096
1102
13086
7699
11513
14786
2502
14324
13821
6051
8456
10976
1518
1956
9460
790
1068
12674
745
2726
4939
9439
7115
15621
4263
9880
2565
8996
9334
2657
14044
10673
6458
17371
3513
6407
16460
12822
9485
12155
3979
5058
7596
8916
2938
5568
11171
5383
14214
1327
5135
5763
9700
7364
2200
17343
8330
402
5623
592
4389
4252
3875
2482
14084
8131
11608
4438
1435
6025
12043
10760
10710
10130
6209
5648
4630
8384
9324
5343
1128
17643
6088
3297
8583
566
4970
13664
1628
8026
5989
16560
17400
6283
10748
4160
821
4988
3140
2462
13222
6036
12604
716
16220
2607
2304
12619
9869
5644
6093
13366
11688
13683
2040
8898
303
4886
6443
14551
818
7514
15027
11127
10790
13802
13643
8767
5208
9812
9169
10728
11949
11403
11855
5405
5106
11625
17048
10763
6137
9267
4712
2253
8455
9076
8884
9716
13053
2366
12432
14063
15135
696
15815
811
17593
4862
5679
10342
16675
15941
7446
405
9900
1654
8253
10726
14703
15045
1772
3091
15915
8292
8750
8970
263
15372
2056
3931
5271
6944
900
3413
4809
12127
180
2950
11723
12614
12731
11184
7807
16552
1978
1360
9668
5541
1694
11124
13986
6128
1220
5980
6132
13284
6335
16035
7637
16572
16290
14995
11808
3128
10977
3180
17506
8878
3003
5713
9619
10390
7492
9890
5496
15605
9885
5130
13736
9912
15829
8869
2578
7638
9401
4484
4469
5555
15549
9436
7915
8816
12515
5951
6029
358
5055
10805
5574
11950
2488
15785
7191
8442
3430
6641
7184
2126
6908
16286
4340
6745
10241
16013
3101
4987
11777
2283
6156
12022
13998
1307
12676
15288
13547
927
2333
11848
5701
9299
5526
1608
4172
11469
13911
5910
2935
12376
15236
4242
14739
8178
4082
13144
9850
15010
9613
2821
15278
10105
5388
8641
14348
14081
4388
2628
8234
10745
12893
3298
4512
10779
5219
12980
2915
9649
362
13863
16868
17000
13429
15595
2111
4812
8422
586
915
9359
10651
186
12733
3011
2764
9536
11246
16441
6948
12334
14600
15715
8941
9672
13006
10928
5251
15476
12810
3856
5433
16529
3244
4095
2637
1277
17432
4270
16749
4766
7674
17412
16586
10179
17655
17741
11194
12959
11215
3355
7779
10379
3603
7732
10505
13461
2470
4006
13979
3565
6369
1679
6983
10811
16334
7787
8679
9572
14423
13364
12358
1161
13282
16434
6989
16383
12620
8629
7633
14468
12491
9581
1491
2408
1516
7485
16178
1789
5628
6559
6232
16901
8855
483
8579
15615
15498
13126
12577
16039
11477
15944
10751
3153
6553
5366
16071
16005
1631
2910
14513
3795
2534
11095
2432
4275
2829
2020
1669
17417
3679
14579
10621
15189
10759
3057
1301
1345
13225
10780
1900
476
12378
5630
315
10361
100
11575
7767
11988
16402
6835
4807
13108
12396
17365
13352
1563
8221
14446
11347
10149
6340
15709
12073
7188
15981
6198
8640
7985
12058
10133
6436
3055
11141
9193
12318
7034
10171
12458
14946
13122
14027
15095
17034
5856
13828
10134
10030
11779
7733
3872
3266
7200
3416
3320
6399
6782
12714
14956
8639
11556
5217
11847
9634
8655
197
5103
15046
14621
14438
11062
15424
17243
16791
15662
14925
11329
10459
7253
5195
7525
290
2627
7086
2178
7443
1733
14351
16385
10307
1617
5425
510
6838
16563
15035
14431
1285
13856
4880
7275
7966
7954
501
4092
6143
15824
744
17078
4130
12945
6914
17203
546
16667
631
8848
524
14673
6877
9630
2674
12237
7049
16025
13246
7120
2217
16265
3912
13300
9199
17252
8957
8881
14043
4447
4224
5274
10720
10554
3401
3798
17408
7174
2881
379
3690
7179
4738
11089
12435
6885
583
120
9287
4353
3433
1644
14903
12138
13906
8429
15947
9787
2460
4093
7155
12322
5877
9405
1117
5220
12982
16145
9676
4684
6092
10166
17439
3127
279
14366
5113
3385
8763
6034
12562
4448
11517
6223
9115
16615
1044
700
12393
4972
17044
1758
15139
4583
6569
8074
10475
16998
5091
6797
10276
7031
13019
10143
8317
11912
7229
1369
17539
16891
7770
15589
9399
5705
5538
4051
4967
2347
9969
7092
12664
14738
17648
3411
15548
10194
4488
9749
6065
1179
14982
8210
13805
14847
14118
8124
5835
12919
6663
10330
13890
6969
17199
3527
8806
11570
8569
4357
16344
15362
11136
4748
17607
12275
5990
6260
8895
93
10404
15996
2890
5839
5270
3333
90
9175
10054
9266
17383
13356
9368
10327
4736
7868
13840
18
9457
3035
13474
8452
16231
17136
1315
3421
753
7097
16284
754
171
11975
17330
16223
11247
17386
16532
13028
3809
8674
11029
8092
8386
7172
11456
1398
5318
2407
5497
17803
5107
2661
8518
9149
12175
11594
14899
10543
5216
10681
14645
12187
6427
2546
841
16066
1862
4699
4849
7098
13114
7224
13426
3111
14478
871
13445
562
14166
13049
7473
5183
2069
7267
9789
6743
92
4534
15494
14321
14105
3572
14554
13100
8090
9759
10556
810
1730
14383
3505
9260
9319
7127
8042
17601
2941
5402
8571
13687
10350
15903
15952
6857
16985
1056
794
11030
2782
7549
14909
14067
14643
16843
4975
2571
4226
11997
16606
17242
3159
14721
1856
14106
14783
12464
779
11707
15006
10914
5124
12124
14849
516
2670
3280
2553
5265
17813
12591
6626
11637
13607
8273
12465
4720
1745
4815
10409
1953
1645
1851
7033
9230
5300
15629
9993
3303
13480
423
787
9651
10552
3439
6238
11216
13868
9549
3492
15089
15896
1521
5173
17352
5548
8202
8176
6357
1240
16955
15271
6435
13811
8938
4283
7129
6455
17372
3361
17880
730
12556
2262
13818
1683
924
15969
14920
16343
11145
230
267
434
11944
11098
15690
1609
3733
6529
11199
3909
17739
1680
4639
15234
5732
3493
7545
12403
7561
4191
1578
8542
17743
13090
13517
3707
14610
17817
5097
7912
6924
14217
9578
14276
7610
4223
13895
7298
7547
3757
6910
8632
12120
3370
2604
2654
16922
9428
1177
4067
3993
5635
16607
5269
15776
7147
2275
17808
2754
9844
16666
13178
14943
6775
15347
3104
10234
2014
3760
8305
13838
11827
14006
3044
12208
5426
15294
7720
6802
3901
16028
4814
5650
16100
3653
8549
16280
14567
27
9383
11495
6114
16517
10564
13034
11156
15951
5759
16752
16485
14776
2928
2180
2766
11933
1344
13885
400
17208
2538
7513
16542
14547
9746
7635
13509
16396
9586
4161
321
12934
16470
1766
16741
15311
12629
6257
5086
1392
5080
12312
5581
6203
7618
1085
11035
9614
6279
12470
143
2150
9173
11160
13127
15985
7250
850
12764
15239
13969
2984
5527
3741
3642
1493
5152
1981
16886
13160
15381
13826
57
3339
6028
3888
1959
4477
10272
15304
10862
4608
2714
17093
9021
16325
10987
16957
11438
3317
14144
13413
10458
10722
6478
12503
7213
9975
16278
4998
11659
14493
7085
14495
9757
4027
11844
12135
5492
1935
12292
4005
11385
6518
7969
15961
2966
10961
9197
5368
5847
7322
10161
16878
2291
14953
11716
17566
16924
6749
1983
4792
5668
4267
1775
15539
7683
12060
4198
12531
16303
14456
12007
16917
11916
9650
6008
5766
11115
9825
16000
7035
3048
8525
7402
1253
2270
5902
1554
1887
3353
3847
14605
6347
11820
4241
1186
6874
13047
8815
9659
10352
7672
8603
1541
8683
636
16580
6117
13381
12089
4098
4083
4550
11131
15450
3376
13991
15559
17538
13344
2871
9722
8446
10138
3511
10437
6024
5857
15432
15689
3568
15649
8481
2930
15418
16559
6940
17598
8576
5432
13523
12627
12833
6242
2725
14759
7938
1377
8037
1876
2556
12540
10389
1463
9616
14659
14779
15127
3857
1380
2279
15277
2417
2339
9040
5982
11237
6077
12911
1042
13510
17573
4885
11244
3107
13477
722
12354
16254
9858
7734
5413
4150
687
16230
9469
14448
9923
9093
5418
8191
7681
2166
6081
5837
10744
16905
2756
12103
9349
7856
8564
1005
5001
15291
78
4078
14851
14213
45
8387
393
12696
14206
17216
16883
7727
1663
11121
1281
2914
8499
3131
17616
8596
17618
9550
7965
11075
11358
13239
15791
15844
4268
7950
3664
16370
7869
15509
10690
12025
12414
12585
8413
8472
16725
4104
14254
1160
17301
12269
8503
14227
5288
5019
6576
10191
8983
11725
16773
6669
7051
11590
4
5137
11274
5346
16908
7620
1954
7280
7204
11645
3714
16315
497
9466
4053
16465
6417
703
8538
15937
11338
1672
16423
10262
12094
11390
4896
8063
9799
4169
3737
7406
3571
914
9011
7139
13587
16894
14179
5095
7942
14109
343
15091
9454
7977
648
6696
12547
9463
12958
1759
10393
1985
14141
8659
9916
7564
3199
17460
3624
4763
1575
1273
1229
17016
6317
15968
9172
14470
4467
3049
6042
4614
16687
3343
9406
2855
7141
8505
10938
5164
16935
7755
17114
15063
647
9108
2653
12702
2954
190
15926
3132
13603
15755
15905
43
2609
13996
16287
1556
11793
11802
7859
10488
11082
8296
11168
10521
16549
845
15827
2461
16108
13990
9310
16155
4693
6305
10892
5816
7156
8144
13971
16707
2660
13140
5886
6685
5467
7628
15642
6624
14687
9001
3709
5709
5131
11727
1756
6700
10378
15176
17404
14275
207
6584
283
15017
8793
14814
12244
3612
2379
15854
880
7
10653
10815
4937
1182
13616
6831
13739
12064
4065
6204
2517
14905
10525
17595
3881
15174
2447
452
11190
13117
16324
17273
4539
6729
4377
7056
8695
9655
12816
584
12448
5612
4725
9590
12854
6954
11147
8159
14837
13763
15358
3185
1698
7459
6237
7236
15187
8865
15210
3161
12635
12389
7005
7838
12190
16238
2292
14835
11272
10
8094
2369
2458
10111
2022
12107
5870
17430
16292
123
5596
626
15001
1715
1362
4230
13647
10290
15634
11607
11877
15836
6439
5921
5249
6515
7505
1509
17789
11586
7379
15387
11697
5079
16951
17197
11393
8838
389
16207
16654
9131
9410
11721
4135
5147
7002
6508
906
11631
8648
10549
4156
8530
1860
17816
4940
5308
12151
323
16023
11853
10160
16331
12278
1924
13859
12504
9190
14944
8184
6512
15218
3661
17438
224
3012
3589
3403
17015
8550
16471
13823
3797
12798
17424
4197
14008
1320
11905
12217
6154
11072
16017
727
5620
3865
8837
6528
8341
10956
17860
1594
2382
7941
5364
8315
2026
1602
5531
14710
9703
422
16538
16604
1144
9617
15719
12415
17621
7261
14484
15245
9170
13539
14965
4262
10832
13403
7707
3884
14652
8459
4021
11951
11144
14025
11814
2001
10265
4668
14096
5199
2456
13149
14873
16134
9495
5904
10066
13205
1691
2170
12529
12898
4752
7751
15012
15920
3997
13660
9235
9321
12961
12996
1685
4276
10986
14854
8998
15111
11596
15563
15813
7745
10363
12401
13849
10332
16366
1599
10674
5296
746
7329
12864
14130
2567
14599
2255
17583
7690
12359
13430
1545
12281
2683
8197
693
6547
11693
7475
13081
2412
10094
4959
14923
7958
13788
1946
1540
9728
9174
9309
10038
2494
7759
6755
3985
15627
11320
10590
5949
5039
595
17671
7726
7800
14618
4042
6664
13965
9126
15717
1134
10128
11900
9283
5659
11269
1443
17248
11612
7410
4833
6674
11776
15795
15438
269
17051
14718
13014
11521
8339
17437
6121
7824
12593
17049
12917
17534
17066
16530
12473
7138
7467
14193
7448
9357
1676
6869
17276
3095
13820
8229
11000
16568
4726
16937
12134
12090
522
1482
2266
13649
12097
7925
12889
3359
6431
16161
14357
14286
10351
15321
3312
7418
10966
6851
9119
6962
14705
17198
14898
8379
14424
5953
6045
8421
3198
7893
10783
15459
11113
17707
5007
14646
10108
1734
8650
1790
9275
8504
12819
15082
14161
1943
3530
609
4010
1219
9109
5175
9483
3659
12300
10129
10298
11656
4887
8686
12687
4728
707
16800
14564
13341
8258
2952
3703
4429
11466
10724
2091
10087
13027
17617
4654
1861
11129
9832
82
16578
6913
3808
11568
10142
13565
13851
2623
12543
1787
13369
4292
7234
16463
1560
17315
14199
17317
9562
12973
5594
16245
935
10912
6250
4559
1461
3335
13712
15973
10044
10566
12489
1950
11273
11543
16041
3398
10411
4642
4356
17258
9886
15889
13066
12061
6254
13546
13373
3437
11366
3080
7778
13139
10285
7742
5000
17345
10515
8284
2090
13916
9071
5988
6563
686
12387
10562
11743
11785
10541
10448
7426
13600
9285
8445
3626
10297
7388
11665
7776
9909
1224
5852
7228
10440
14647
10228
7754
12745
2351
14473
17013
5626
1646
7077
2495
13391
2477
1517
12203
7866
15448
4458
4141
3960
16498
11104
15816
9035
9842
16337
16472
10333
3922
12866
3319
15325
14496
17594
17133
4459
16931
5851
14393
5398
3313
3639
11468
9962
9223
14978
7593
2186
15807
16469
8765
5320
17791
10879
7070
13882
15925
17845
14367
4176
13209
4821
390
11176
5042
15086
11066
8836
5112
5491
13775
6606
747
13857
418
1576
6605
2110
12846
9392
1890
11088
741
7884
4158
7389
16565
8251
706
13315
17071
6843
6150
12716
10810
7164
9808
5871
14397
6774
13362
2174
1479
2736
8399
13054
3248
7380
11198
16369
14426
12729
12645
1897
7558
1421
3351
5961
17003
6035
6733
16550
892
1303
6590
1471
10385
1693
8905
7268
9692
1130
12368
3235
12725
3988
4784
2641
6319
5607
1600
13589
5663
1527
1553
17270
11223
8883
16093
11573
17869
6863
7195
12245
7166
3976
383
17333
8151
14434
14520
6555
15060
11450
2466
13766
3956
15072
12286
1497
2314
13038
7671
6695
2986
11757
6545
2770
11355
14360
8335
17852
6426
11829
17615
14523
651
761
16079
7544
12688
4416
3018
9981
5073
6013
2411
16971
15337
15256
13558
17418
1809
13525
2422
14972
15471
4731
11241
14974
11012
1088
10238
12932
1457
17708
6445
5934
17786
12255
2982
17840
6102
12480
12411
12806
604
6732
8706
16801
7453
4441
12360
9362
16946
6531
2944
12087
12139
12966
14704
9239
17644
10819
8056
12957
13675
146
11801
9903
9054
10356
6946
15136
13903
16408
12413
11432
10996
14138
2202
2435
13776
459
7901
13230
9499
4878
4269
15213
15754
6895
3478
10007
14679
11309
6523
5855
9269
10761
8109
7650
12985
17472
5406
15394
3304
9870
16112
8619
9977
3644
897
5090
5667
4209
13164
10335
606
12879
1189
5272
13063
15329
509
3640
11610
4750
293
8597
6789
11886
15022
4514
278
4394
11212
16613
1815
4344
11643
10542
7990
17115
14939
3515
9352
10522
646
10006
9408
7468
9254
11290
353
11364
12807
9211
495
11238
14712
8852
2399
14338
3551
16425
10709
309
4751
7946
10683
11140
2240
10311
17721
447
9215
5672
10663
10159
3932
7037
10804
3895
11209
7939
6717
9290
4787
355
3289
4417
1358
7758
10069
10717
6438
5716
13888
8337
9913
7781
1689
16404
7445
16778
8007
16928
5791
666
8153
5718
14181
16673
11384
7611
8192
14420
6271
17459
437
16923
6422
16364
13932
9621
12999
16734
2243
17190
15931
11461
228
6142
3501
6619
14404
10029
14672
963
12419
6410
5629
2457
16976
585
3007
10348
9332
3287
15814
16185
4186
8787
7896
14128
7486
8720
10446
2308
9595
13992
17731
10242
4710
12700
1215
9958
695
11074
11252
14651
16239
16455
15599
8774
7532
16864
1075
4929
15403
16561
2016
6537
5572
4310
10611
1204
1067
8580
10924
16826
17690
6433
15290
15517
7032
9291
16320
3023
12813
4383
12495
1926
1216
4157
16259
16596
11571
4119
12927
466
8582
2711
13891
7231
5919
9450
9317
5262
5676
12762
17578
10403
12235
10281
9828
17826
3027
10813
12598
6984
17005
9780
15806
3701
3994
14398
611
1399
15204
2313
3381
12573
2033
11332
3705
668
11655
14270
8411
15993
7205
12986
5880
8792
7815
13813
15122
10504
7424
10014
5189
3774
15746
3594
2167
2822
6055
5567
16516
947
10046
13111
8602
9521
11854
17577
6289
247
4695
17200
7348
15310
11673
49
14026
9527
145
1092
10712
6791
12082
14582
11454
5836
9153
11527
13195
2577
1708
7522
13878
4644
12665
9786
16543
4066
4564
15999
2329
8822
3938
3815
10050
5582
5733
5846
5941
3539
13668
17217
16804
12659
639
8465
14963
7766
11497
12024
17569
3512
17244
1206
16087
17891
3467
6462
10158
6397
5025
7176
16772
12944
17061
3503
1469
6354
5977
13751
3071
14267
2972
13249
2035
2409
3218
9597
16376
14575
8605
10258
411
6286
14336
8783
39
5472
5009
1709
7944
5143
5952
15991
8270
15081
5345
1181
13460
2576
17083
3447
16674
7417
4478
17444
14098
10320
13803
9906
14031
16162
889
680
14553
2481
8075
1439
13031
8397
9105
2396
14030
11263
11932
10368
3749
12771
5891
13125
14210
14711
13257
10697
8476
5995
2791
12717
7013
11301
12434
5740
11008
13103
2783
15243
13626
8226
15536
1757
10103
3148
5843
17060
4423
40
12856
5227
4473
5470
8186
3162
7705
15594
15147
806
15338
17796
11440
802
5755
14743
9136
7995
15601
4502
4087
17893
12284
7063
10383
10820
1187
7934
7288
11884
5060
6187
14312
17433
11463
2017
13578
5353
103
899
16010
10018
728
4127
9646
4214
4061
15532
1688
2048
220
5539
4271
11120
4735
12142
15641
1903
2851
5084
13060
12766
9386
2341
784
9047
1207
15856
15266
13497
17050
5256
16072
13316
15764
6833
11909
4897
15671
1618
7646
3307
12481
28
17763
957
8325
7887
4134
9843
4334
16043
12337
14038
17518
15943
399
2827
12230
12
15149
14517
14095
1276
9350
6343
2587
318
15357
200
5874
15222
16379
11397
17367
16751
7979
17794
10328
14685
12654
8111
14689
2380
3671
13064
5931
9710
14682
15270
11251
13279
2454
13924
14676
16930
10629
17130
11278
3328
6706
11755
11618
14119
13119
9407
12727
6968
15058
17807
9057
517
6828
7662
15648
9354
15784
479
16328
13469
954
16473
16026
5397
12428
15479
4689
17028
15877
4239
8062
2969
14280
4281
2525
13296
16745
7182
13029
8491
3358
12243
4462
8064
4895
15663
4694
12366
2080
9717
242
8359
8424
4112
5817
8134
14948
11042
7385
16835
1222
461
1828
15079
14850
5841
5862
13934
10343
9921
6059
11475
14353
415
2326
12112
10079
3635
3608
9145
10347
16879
6786
17009
7556
10481
3419
1109
1214
10741
4114
1881
12045
4523
5399
13082
14371
13411
11434
6763
14365
9492
15675
11817
5267
10644
2079
16630
17132
11516
14201
17247
1845
4094
10322
9233
16704
6294
3978
653
5142
10434
16345
7972
7346
7215
13995
14826
14033
10593
9731
861
8690
1257
386
14631
11349
5712
9663
6021
3324
5822
14412
8375
2250
6517
4951
10788
7310
311
15065
8152
17501
5291
449
3177
16956
9770
10676
1614
3518
11991
15682
5052
7122
7208
7714
3892
11211
17674
5614
15617
8249
13989
4217
15378
12522
12759
5125
16527
5205
10742
15820
14032
1086
11501
10945
3322
10589
13107
14861
16167
26
4215
2038
13374
8298
4193
8668
46
15678
13913
10955
7401
9220
7909
10766
16506
272
8228
17393
2194
14805
7096
9271
4028
6599
134
5054
17145
10269
16744
9785
14955
2686
5323
8096
6997
1104
7964
14475
11803
5521
1127
2631
10399
7242
9771
12133
16515
13143
14318
1656
3440
9297
985
2902
17108
5959
9000
11973
4056
16427
11297
9513
5241
5577
3299
11626
17711
7335
10896
12679
15279
14782
9839
8
16659
17349
8076
17027
2395
15544
8675
1885
7588
9253
221
6358
15778
14785
13399
10267
7572
4570
11856
13153
6949
8833
9322
13408
7617
5455
12929
15623
7994
6448
12404
6573
12861
13767
4492
8751
2490
10988
397
16477
17782
1343
9713
6307
2172
13346
12608
14699
7520
7198
11633
9489
10773
11327
4575
3456
16380
5093
16225
3500
1624
413
17238
7495
15881
12795
16988
9296
17724
2436
15995
4323
14698
11228
12304
1430
7206
2428
10854
1761
13023
8737
16302
12092
1242
5750
7211
12121
14216
3077
6644
7652
9281
6491
10053
375
13852
13347
9372
12571
12918
7009
17395
2402
1764
1928
5192
6961
16564
5557
14282
6241
7464
4867
482
6982
14914
14879
12444
10798
14945
12643
295
17729
2844
1444
13322
53
1744
15676
456
7892
17788
5377
12921
3197
3736
9430
612
6655
4688
4560
5357
16256
2152
13276
11417
5561
3483
2820
10968
9991
13918
16788
11966
8388
5979
8217
11713
8016
10857
11795
16443
11642
9607
3392
10493
5590
9015
16188
17356
8039
3082
11833
2897
712
2593
10040
8927
7254
12852
13519
11729
15893
10150
13545
14292
16480
3489
5276
14740
15076
16412
12737
13630
11096
8790
14891
5714
2912
607
1284
7041
6660
14028
14156
16518
1101
2813
8734
10937
14742
996
8069
12811
335
16263
13707
5218
1272
1574
13073
9152
10844
15481
12896
7366
2248
11835
17135
10417
8536
15504
9268
4368
2561
5172
17415
11032
5306
7820
3115
6300
7117
15296
12198
12699
10529
12038
12308
10848
8077
12537
6429
2586
16694
8101
11428
6394
16670
13795
16011
13326
14633
6600
10279
11792
7615
10582
16253
6991
1751
15083
9305
13708
12887
16057
12583
1770
13145
15360
9176
13815
13844
11992
13382
4175
12421
3532
6363
13778
15280
5927
7777
6822
12808
14629
2797
3367
6282
9043
10877
2710
4625
1448
15096
828
17410
1601
9689
8372
9289
17572
4228
17859
7143
2464
3428
6449
3054
16664
17471
1839
4232
364
16362
16496
4250
16714
5840
5138
12260
2926
13203
14947
15770
11314
6753
8261
13853
7669
8110
10494
994
6470
3655
7730
17031
9531
17446
10707
9414
10755
12880
1535
2524
2049
10900
8622
14035
14556
3939
1791
1577
15939
5540
7622
4934
3256
11726
17069
12262
11485
1467
4673
9931
183
4820
12388
14874
913
3520
14552
14163
16701
5268
15295
11319
8392
8268
2572
15855
4080
16942
14504
14346
15750
594
15062
6058
6189
1920
6812
3662
16063
5015
11114
1871
14840
10725
8448
16031
5999
15730
4563
7578
14858
11819
11890
5259
5796
4033
7711
10453
8718
1741
1998
7715
15734
14332
10034
3377
9608
13692
2558
14816
16363
4305
9443
11036
17689
9802
15718
8395
13690
11289
8061
948
12209
7352
291
15217
8699
8227
7926
2204
1620
12872
714
13304
8156
17712
7169
9680
4696
16216
7729
15932
6038
1488
6562
2732
681
13051
11106
14747
12938
1562
4372
1606
14041
15897
6123
1855
6379
10607
13355
14176
16382
11956
8515
3630
17843
367
2130
4406
2136
5247
8702
15307
5307
15568
1821
6082
14992
11287
3729
3770
12609
3853
7320
1657
6390
17620
7136
4877
8811
2281
2646
14701
4730
15935
3262
13158
17310
17668
9433
863
8520
10623
14317
1611
12742
6030
8029
6312
9412
4047
5785
16644
7666
17591
11593
3554
2759
13331
13057
5801
15306
2233
6206
11683
16022
10991
6201
8418
6091
11891
7304
3756
15309
8880
5314
9704
12018
688
6048
6631
1162
10259
6834
5751
203
2784
4444
13725
16715
8348
2647
10432
9705
6742
4138
13917
10557
5
10078
14503
14215
7178
8967
11021
8799
16305
7362
4307
1022
9774
5017
2918
4431
14890
7107
11968
8853
964
2765
10200
5414
6068
16562
11383
15765
11451
266
13711
5302
4629
15339
15169
2656
6109
17427
17306
11484
15990
59
4343
10183
12575
3341
4022
11352
14219
4038
6625
5616
1837
1573
5765
7157
6551
7124
2053
16409
6519
13327
4518
2055
219
12164
4803
7765
2518
8508
15521
14183
1425
6593
4097
16371
12746
15415
5067
1184
9279
4721
11369
12724
1906
9404
6805
4297
5875
14080
4794
16052
1652
8223
17152
12683
6215
4410
5907
4026
10705
500
731
17645
17549
16612
9750
10508
17155
5071
14929
12157
16593
1934
15342
10992
8900
8827
240
6442
5845
944
15805
16312
14714
9835
7011
12499
13968
4595
10807
2544
16099
17388
7266
6378
13894
2715
14790
5621
15070
2701
8419
15834
17639
5896
14810
10278
15444
4984
5389
11577
150
10610
8177
4704
9088
5474
9089
10292
5814
1366
11386
3070
15488
9964
417
4772
17209
5985
5788
7281
16548
15107
15026
5105
10636
9666
1230
6846
11879
864
8870
9517
7428
14731
9237
14998
17684
11962
13582
15099
17255
3713
15414
13202
1655
17600
10019
7962
16306
12720
14771
15208
13
14295
5703
6505
6738
13359
16587
11172
17033
891
9537
12291
371
10886
4623
11259
68
4140
16141
15097
10295
16372
8575
5047
9422
189
2790
2720
5252
12914
6756
7907
15397
8264
3722
3793
6699
5489
7809
10394
2497
9180
7852
5653
3466
13799
12539
4846
7153
9982
9163
1194
3338
4706
15483
14403
15669
8805
4761
6155
843
8244
13551
8125
5286
5854
4391
7255
10801
8616
10561
16083
8216
4142
6037
4351
11747
16895
709
2515
9539
16401
2900
3292
5509
14583
2758
7411
11170
9094
11800
5697
17522
12290
5146
4866
11048
1371
8662
1238
6710
6469
12072
12392
11443
5165
1727
2695
14538
7900
14073
11197
9166
17151
5604
11702
16296
1961
1538
14917
17257
14817
7968
16378
3843
10408
1783
10692
6726
11858
11200
13427
1420
2977
1660
12890
12802
12971
3846
11621
16065
1112
10377
17732
7524
16571
7256
4768
12989
4580
11836
15454
11650
1053
11155
11869
4912
2738
2015
1948
17521
10482
13524
5094
6412
5162
9453
11326
3098
13389
17547
9445
11730
16346
2796
13105
8840
13737
12459
17670
3184
7511
8148
6186
9779
17531
4238
7955
339
6226
5748
721
9133
9876
8070
14464
6801
12232
11940
16600
15084
12857
15558
16705
6741
9804
11746
6579
7616
8984
9954
2528
2268
17361
2226
3065
16202
10700
13786
4057
8138
1309
4474
9829
13123
12642
6704
16507
15080
1145
14550
6591
2856
4854
9540
2451
14693
8116
14770
5744
11069
9415
6087
14690
14476
13278
11805
8834
13194
13884
12493
14488
1304
3495
10182
11964
13872
14060
17181
5789
10659
561
10716
2857
10658
1185
14922
13307
11433
13216
11639
381
14184
6714
17555
17295
4775
12215
7624
10414
5387
4930
17820
13055
14342
5784
1250
12386
788
9911
13044
16502
16590
6256
4400
4923
14355
4838
2018
17801
13694
10247
15330
13129
10591
3718
16233
14970
12711
12246
15826
11557
7771
15974
17784
11387
15908
14303
12487
11181
8000
1418
10799
735
15048
2581
10925
11284
7199
16982
16875
1500
7249
10734
9957
2875
14151
5045
12637
11794
3426
9277
4365
12955
458
4211
13116
13397
14189
2096
11967
5480
6995
10376
2181
4547
