5440
11899
4545
2188
7511
14513
3505
13984
7890
14290
1821
16556
16541
8290
13962
16202
2280
15561
766
16837
15201
1378
6524
13131
12368
15313
6975
14129
11907
14443
12903
6637
10574
2463
17378
4653
4974
310
17787
7222
8321
194
4711
10187
9328
15258
7375
17049
10468
808
7542
8740
6611
14318
875
15666
14573
3618
9382
16263
420
15594
15580
3935
17026
10076
13389
9135
986
11440
15150
3745
6107
1748
7347
9310
12712
7709
13576
8327
235
11524
3239
10016
13667
12880
13008
174
1957
7331
8938
7490
1785
10498
6918
214
7436
12882
424
505
16318
5863
14690
382
3675
9644
3636
8771
17730
13727
10664
9835
17164
12249
17372
14660
2917
1726
9469
4507
4842
16813
7981
2553
13165
13475
4523
3913
11883
575
1204
9962
2032
799
664
12445
15281
13098
17469
5721
17598
17207
14501
10351
12375
9440
13039
16341
11574
10346
10507
15056
5920
7256
5073
14328
9348
4236
4606
4749
1992
3813
13532
11131
3638
5386
971
15887
7628
11427
1358
1096
11039
6698
1003
381
2201
3679
1994
15500
10022
12989
4742
10776
15140
7958
8933
12596
3335
15230
9204
14666
15601
4107
8006
5466
10626
13793
8940
17503
10673
11009
7117
1001
11823
11149
11607
830
2606
3629
8377
4755
15058
8619
3256
16847
1334
394
3169
5773
4595
6801
1912
15003
9026
3991
6718
7250
14852
14248
3151
13848
15479
6715
1847
7530
5962
10655
8242
6704
2760
743
15615
1298
13531
12924
16666
12949
1303
13926
9206
11084
4493
11224
10087
10279
11551
2967
2826
1563
9035
561
10397
10666
10982
12784
12762
17335
714
11414
6850
11499
13799
11637
4069
8346
12365
4957
9759
10084
11360
17510
8906
2397
1635
402
6667
6427
14897
3182
8722
11625
16915
15927
5226
3358
519
4501
16422
17848
3970
16430
15525
11353
4951
9197
949
5856
8139
5165
3965
11923
11868
5136
8580
16778
17636
13385
15461
9405
10090
12123
233
15820
1483
14313
8747
5595
11838
13124
13697
16336
9390
9660
11597
11135
6609
17468
15075
7746
13921
12241
15193
12494
8171
16309
17891
3148
15825
12511
8137
16295
4142
10845
4367
7362
14138
7306
2384
12613
4114
13026
14061
2052
14372
14275
14827
4500
14794
6878
15652
5067
10922
14715
5586
17651
14371
6973
12231
3492
6472
4401
5173
4255
17050
16179
17595
11397
15454
5218
16279
12313
9413
10924
13120
11718
13524
1021
17786
12668
1647
2259
11033
8464
14951
7923
15255
2669
14235
8574
14949
2359
12626
5984
6020
8929
17885
740
4030
278
10371
16642
15262
9498
3038
9788
17178
10432
7885
15146
13614
4769
4109
16559
3314
6338
11614
8595
9223
3793
8735
15269
12225
17785
486
3599
16797
9535
10654
17707
9907
14644
7218
16600
5873
2160
369
10023
7501
16453
6926
3265
7104
13324
16685
342
12878
11148
4617
15060
6597
4250
7721
15489
5031
8252
17613
16978
13645
2253
4891
14399
13212
8227
13053
16923
8572
11161
3093
8878
15945
12002
16324
11808
13179
9229
5492
14938
1933
15344
1569
479
5426
12553
11756
16871
10422
17667
6139
2007
6795
1353
713
12582
15238
8783
5642
4374
12501
16940
6227
15343
4135
217
17077
8636
7210
3725
6263
10851
15803
4296
13158
7056
9549
17748
1017
3569
13048
530
17846
4914
9168
168
8562
13942
14499
17650
14757
1916
10535
3572
17589
12251
579
7086
9038
15319
9298
1069
5687
5068
1759
8022
17749
4191
15791
3806
8001
12686
619
7786
14887
1090
3266
15871
8218
8825
2742
10783
10009
7184
7277
9617
8298
6331
2128
4903
9086
4610
390
8787
538
14322
12496
6848
10627
7901
7980
735
9928
16084
8052
10746
2185
4123
7607
9130
1523
16925
5909
4615
1261
643
4166
1283
11021
2959
16913
11257
13860
10884
3914
321
11755
13023
5129
8590
7761
15700
12777
7475
4226
6511
6285
16678
13915
7833
1002
12525
9561
13857
3833
5738
15450
14304
10640
4384
5023
8634
16225
11108
13676
9128
8656
1136
14540
16383
8074
10069
3883
14854
12725
7302
13288
7212
17176
467
876
7896
9751
10579
13955
12605
574
14983
15790
15648
10538
17042
14788
16154
14844
17204
13618
395
14611
8462
6488
17888
7911
5982
3824
11912
5934
7622
7417
7123
7769
17679
14667
4771
15795
11302
528
5002
10638
9343
6190
196
1271
11600
7156
1377
3657
10199
4516
7899
5844
5412
10440
15930
5799
12557
5523
11633
16311
11086
9787
2365
12265
12787
4446
280
16020
5759
13063
1281
15826
10853
10323
122
16604
7967
2284
14792
12669
1894
2759
14800
1919
14989
17768
11832
12690
15897
1352
5500
2663
11560
4148
2214
12907
13297
10965
14060
5879
11722
2921
15364
11023
13679
11411
11364
1070
7025
14714
190
17036
2682
15838
17753
14665
872
15205
15548
6675
5271
16830
16245
1773
5944
6526
10117
15807
8359
9238
11535
13925
598
6733
4685
8884
2712
6058
8611
2503
10116
15562
11164
2076
12342
11751
15045
6245
15774
1088
17006
16228
14910
5155
660
4429
12155
3047
6847
15156
14880
12610
17889
1817
16706
16997
15342
6862
2272
4630
4144
15764
15597
14531
16066
129
6069
12609
15398
10015
13512
37
16452
13643
7912
10803
5772
5108
5244
5495
15675
798
5987
521
7285
2118
15678
3782
9805
4602
31
10504
12267
9306
7824
6711
6398
3472
17073
5584
8631
16720
12524
9803
11056
6968
7468
10295
7014
13017
8456
2783
17343
13176
15644
1178
9134
11141
7807
8999
12573
7031
2525
10385
9670
13838
3494
7944
134
7189
6028
2838
7419
4269
4435
1308
15242
10421
8405
14065
16285
13171
16952
17149
14245
9011
17887
2778
3553
6186
4676
11396
12114
6032
12638
5918
11566
5297
2459
7943
17449
13630
4682
17692
393
4036
5120
7884
4659
3361
16829
1844
17288
8641
11889
7810
15537
33
9485
9823
13084
1142
14599
13428
9975
13064
1399
10689
2570
9188
3775
16643
1568
4425
14189
675
14105
7059
16653
2841
8039
9030
2862
2090
13631
17402
14007
874
1752
5567
2632
13930
908
2157
1524
5659
15738
11128
16001
5150
6161
2476
10311
2868
11362
5284
7489
12863
14414
2109
13044
8971
1180
13874
11156
14115
1794
5174
146
10158
7009
6859
5915
16236
13284
14080
15926
6481
7149
17279
17739
5033
15253
6224
11568
5639
9890
13229
2343
1783
448
16974
6423
16805
6752
605
8984
4897
8217
3374
5587
6891
7002
15831
1167
4878
1868
16375
17809
5620
17803
9099
7050
8724
14612
16250
3543
11564
15435
6884
6178
8269
8707
2576
13922
1231
14418
6923
6586
5957
3220
7892
828
1691
15940
7948
14662
11897
1169
3188
4390
16055
16392
4115
9656
2298
10883
220
4330
8495
14428
1578
15422
15448
7872
14345
8190
3840
16724
5350
15017
2528
13859
17270
2980
12965
7654
9782
14755
976
7122
628
3567
14655
11620
12210
10177
12836
3951
16046
16400
10420
14706
11058
334
2006
1977
260
7474
4794
14911
5770
4597
16557
3641
16502
16611
13776
8555
4790
6425
4293
7908
12821
16892
15266
6663
4837
356
13166
11885
12868
15977
10850
13916
9360
13662
6295
3435
3959
12175
4160
2573
2091
9331
4263
5480
13934
11847
6550
216
16439
10607
16948
16361
10267
16610
5122
14634
10109
1379
17560
13455
13660
17330
6323
11344
13853
343
2339
7700
2517
7091
14279
17451
4804
8234
17431
16133
6886
5265
16232
5499
1413
4840
16467
17152
12930
1587
5179
2445
1060
6649
12818
6443
4639
1993
2261
716
16939
16374
1700
16479
13911
17682
2767
12169
4934
1217
17218
3057
1490
6491
1948
6114
4585
15587
8581
6960
3382
11142
2252
2306
9974
1581
6301
17290
555
5487
3856
12706
7005
14204
17734
8576
10543
12899
8672
12618
454
3125
1087
9737
16271
6116
1302
6317
5283
340
12189
12200
10563
13546
8311
9
7403
3990
5019
2658
2610
7539
4547
13425
16357
11316
1927
1640
8683
14645
14427
15368
16344
410
6510
944
10265
9846
10552
1457
15046
8370
5076
11219
7004
9506
6143
16705
11829
14771
16877
5725
17566
10589
320
16728
13661
10286
14431
9211
15563
4391
7834
6366
11806
14870
1215
8843
7994
11775
9454
15975
11750
10649
5762
16811
12100
12038
8167
3028
4832
2224
10592
11231
7693
852
5808
4088
16123
5293
3120
991
15982
4100
12360
8486
3126
9594
15217
6244
9426
2515
5943
11705
5761
12769
10418
5816
9592
7082
13015
16893
9087
15963
2105
17735
2618
2912
12051
15901
11289
9627
6126
13355
2462
14516
7770
8196
13232
11105
17676
119
11598
2572
4001
17067
11815
14230
15747
11127
6692
9706
11277
13356
6684
6721
272
17295
15781
6928
8704
13875
12397
9682
15307
12684
9555
7224
3198
16732
1983
13564
14027
9145
2232
13602
8842
4340
4149
8313
4831
16418
17577
4725
9074
3400
12688
9179
16967
9687
16863
2516
16352
10792
5640
1638
9917
16852
13192
6033
3321
1438
14686
10758
7085
8231
3634
4612
1485
14523
10645
10210
2549
8945
7070
15943
6321
17720
4960
1106
13901
7148
10854
1150
6201
17522
11379
5329
16930
10749
5818
12964
4730
1462
14990
5319
4013
7312
14203
13536
13827
6901
10885
6828
5997
3894
7685
15166
725
13168
14858
15022
6807
4133
1963
15244
1652
3035
1113
13837
2919
9642
2667
15677
9571
9101
9591
5078
2244
16659
6352
14449
397
14670
14735
6634
9856
6701
10708
5563
1536
10285
10890
12904
17285
7591
11704
13036
1648
7815
3488
15074
4900
2856
8306
8888
6969
4136
15276
4977
6658
2436
5925
14437
5034
11015
920
10206
9817
11199
5933
1471
9284
6113
3214
2267
7776
11936
12789
604
5608
10065
12142
15732
8570
495
14718
13309
2351
15085
13169
3710
14019
8667
13451
8860
1520
2454
6588
13420
1836
12078
4752
1513
8442
15104
14828
3025
17518
836
3590
14504
12216
5726
7731
16793
8817
16281
3153
11320
7182
719
17869
15412
1805
325
3030
8210
11741
6589
12343
1121
12697
15746
10241
6297
14772
3261
6501
2465
16445
13929
965
12116
5187
12446
17475
7749
1082
10208
13674
7681
14752
2004
16443
9111
11482
12176
5111
7286
8425
5285
4663
4623
2119
10865
15224
9227
6599
11512
10032
15334
17201
1910
12021
14012
565
3639
10727
16399
13579
17397
15596
11952
8848
14679
12348
9552
8868
9190
150
9153
6156
6894
10268
6122
257
5503
4800
3257
3586
8410
8065
94
12942
5564
2030
11406
2869
17088
15414
14932
2448
14684
2930
13347
13644
3947
15151
11327
17545
16554
4211
3870
1741
6730
476
6924
17511
9929
10769
12011
16249
9721
7664
4221
13795
4025
12758
12510
1504
7976
2876
2696
11433
15633
2502
3019
4306
15962
4431
8571
2294
15020
13109
5961
7642
15518
15917
14738
4172
3671
15076
10572
16253
4750
17746
2578
13790
17896
13335
1519
1250
17308
2551
6446
5895
15971
7170
13623
11494
4861
5318
8317
13993
7989
5951
16843
13556
4040
13625
6221
1391
14509
3055
11300
3600
10190
6079
7575
11870
10661
13376
8578
7165
4890
11826
14765
15925
7288
11971
6877
11273
6837
17815
11541
12037
14977
14211
17640
6608
12825
17153
12101
10510
5416
16943
15885
2670
1347
9521
16027
10290
9967
9131
1547
14919
16264
7297
12302
16588
16382
13604
415
399
767
12353
3585
11888
14042
16186
17625
5662
11618
286
17168
16608
10014
16694
9888
5501
13233
5548
7477
13016
10236
10093
3714
5583
7710
8179
12612
4798
11292
17868
15195
4972
12748
14657
693
4066
8785
2444
9085
8272
13939
16456
12052
14208
6549
5897
2089
15388
5874
13888
13807
7311
8253
4110
9887
9902
13394
9827
16274
15898
13337
4944
14713
8496
12936
8516
17716
7402
12590
712
15404
9465
1651
10411
12018
9792
11455
16094
2614
15522
17882
14145
7723
5114
4632
15164
6368
291
7559
16044
9836
10741
6455
1823
4388
4629
16842
12782
10893
112
312
7682
3873
5704
8418
14301
1035
11849
15533
13963
16983
12940
8156
17144
14874
3595
12946
14110
16223
5235
16831
219
10623
121
12969
4067
13550
6403
12593
16928
17877
16004
17266
8055
6022
14220
7384
11966
12439
2337
15345
13983
4308
14361
9070
10973
8700
13806
2861
17189
5006
7338
17543
14948
8663
7650
2883
12447
16896
16330
10620
5858
3024
12591
11999
13735
6346
11404
5036
2536
1943
16471
7985
8541
4311
4558
14624
17520
15970
9649
11866
17281
9185
3131
640
8857
7737
16538
10829
9324
12754
10531
13687
776
1969
2176
12846
15671
11201
16414
7657
16516
3439
6645
5941
17159
6943
16493
17358
15531
12810
6585
188
14481
16327
14994
3515
15382
12515
14457
4168
2175
7028
3911
4855
13954
7353
15018
6390
3571
15650
7057
1269
16755
7733
2103
10126
15069
6793
14954
11013
620
950
8373
7115
4231
13435
15296
4298
14114
12674
11143
11057
14009
7376
6577
3075
9960
6774
13642
11745
7374
2473
15858
2389
5322
14331
1747
15393
4999
6199
2143
12195
635
15035
11254
13714
3318
6152
4201
14107
5148
17065
8594
15667
8011
3735
8296
10228
12516
3018
4532
5814
9895
8546
10149
16922
7395
3496
13025
2028
12124
2044
1173
4747
8831
8383
16251
16527
10960
8793
17685
466
2873
8877
7171
7119
6433
9158
15810
4254
9319
14315
14340
16963
17173
13359
4476
3260
7730
15282
2405
5847
11916
13988
12290
15693
15120
2156
1831
13741
4029
11743
4770
7309
11886
7753
17197
17352
13558
16454
1982
11810
16241
6215
15815
4439
5243
9701
9473
7516
3197
901
15392
1824
6203
16043
7674
16873
10750
11043
13458
5677
15758
2456
8003
3267
14091
5168
14702
1499
5214
9001
9573
14629
13797
5793
17422
5063
9604
1687
13587
13632
11213
13112
8102
9940
6617
14731
13897
7537
8996
13765
13895
5428
1437
4604
3514
3048
6554
14424
17183
6158
13831
5333
2260
4984
12991
13628
12987
2607
9244
17105
9923
14320
7862
7584
17479
2988
17743
15874
6060
10902
15114
3982
176
4392
1454
12202
6089
3152
7707
12209
8840
12592
14385
38
8439
1751
9290
5693
5849
157
13404
7510
5438
5157
3240
6289
12491
14002
6644
843
14131
3008
12943
12793
15457
12642
6999
10733
5691
10934
3932
10134
3156
10186
4084
15197
9451
1272
8101
11359
3424
16498
13588
3432
497
704
7088
665
13305
4655
1646
4898
10989
5968
2033
7450
10742
7529
15769
5211
14519
9439
12184
7610
8847
17724
1034
1955
10482
15102
2865
13841
13055
7198
5192
2973
16889
14150
1388
10059
13103
8659
5632
1267
6232
9949
2249
5178
12252
3701
6803
1085
9020
11657
5490
4346
11169
3740
5989
13032
17621
6959
10533
8582
4106
8457
8569
10171
639
3099
5953
16365
8645
9870
11461
459
10796
14043
16507
7620
7038
16510
126
15624
10710
7952
2828
5963
6319
7471
12990
6286
1218
6977
12860
11674
12307
11615
10971
16408
6029
14583
6256
9704
9259
6685
4219
12533
12921
1304
10701
12544
16248
16120
533
13184
13296
14569
11094
6217
15385
7683
3291
313
14551
6739
1595
17614
15442
15517
13818
14339
2048
4721
5740
3380
15626
2627
1764
14976
17407
12040
2686
17645
11709
2827
13538
17472
5147
9386
5118
11124
14128
3037
5439
15271
7668
7079
8166
13117
7168
12885
13719
10315
10911
12461
1468
6146
3090
2604
14233
6270
5992
15311
1978
206
6023
7150
17212
6958
4336
12531
17025
16931
1879
3619
2799
6353
13338
7492
9177
7648
12673
2077
16347
9044
8592
6713
2797
10639
17690
5453
16814
12735
4592
8050
10721
1735
15726
13880
1570
7089
17337
12493
12558
8222
13141
15136
17244
16553
15973
8535
1494
4926
7694
6085
16063
7153
4395
10289
7624
4134
9470
3899
11948
8115
16397
187
17163
16782
14196
14815
17843
863
8733
5105
8780
6591
1669
8071
5452
15079
9828
6237
8494
14838
5753
11523
10202
17166
5291
6727
3993
2440
17217
4583
15782
1094
10734
15052
2002
16028
7705
1091
11529
5260
2617
8484
4563
15543
2602
3596
3919
16286
14868
3459
16576
7391
11150
4337
16174
5609
5942
9799
9586
14734
16989
12720
16233
16770
6226
10722
13594
5689
8948
2915
2227
10021
9699
10714
14397
11774
10056
10899
5623
14986
4965
14243
1814
7440
3388
6856
13820
10778
2764
8691
4688
13898
242
10231
9880
17669
11107
13253
15571
10835
12386
12817
11665
12731
12366
4003
4433
14532
2327
17413
11732
3523
1792
15110
8648
5463
10561
11251
8782
10705
169
10391
7497
70
14760
5538
17528
834
4467
15219
17341
16537
10544
17321
917
12749
12088
5921
16535
11266
17673
5286
14603
12894
17578
3442
4091
3154
17507
8876
6381
13513
5554
1775
614
14239
17160
14511
7118
16025
16885
13718
16934
10808
17348
15931
6078
14112
15622
6784
1443
1453
17318
2942
13094
4719
9830
3536
6612
13066
2391
10998
15339
17819
1332
12838
8070
17339
3689
8960
11098
526
10692
9958
541
12828
864
10196
13610
9175
10834
12359
6908
3812
12394
5093
7238
2421
13557
1875
6541
8729
6496
10247
7566
12870
6456
12191
1743
8240
14434
3971
11101
5249
11176
2385
1667
181
5461
11012
1189
50
14605
9708
17103
11189
3258
1233
57
3520
7808
13611
4320
5007
16237
4389
6303
12804
3183
6912
13317
11432
20
1442
13510
1597
6361
13670
2761
2184
11522
12398
6930
17878
3245
2141
16034
8881
7772
12304
509
14595
11917
16050
7855
4554
11643
16772
11537
7350
3050
10240
16722
1615
9971
4006
10807
12389
10019
8018
17666
4700
9073
7847
2270
457
11530
304
2648
5508
2932
10204
823
17419
12815
13752
13903
634
1630
13750
733
265
9013
4707
491
1363
4627
13416
7563
11599
10767
133
1429
5431
3350
12733
2690
13823
8788
3884
3784
8151
4194
7917
16170
11193
7044
6710
2064
608
7804
16849
6518
11875
5602
613
5845
6821
10788
153
5455
5323
6593
15842
8770
13250
8026
10138
1357
16543
366
15607
7588
14035
4542
12008
14463
12156
1256
15221
1567
11980
8852
8385
245
9389
14046
1309
12909
11928
11090
6805
3598
2288
5361
16068
17893
7767
8051
14021
1789
7289
3538
2560
11787
9467
12227
9453
16809
16278
13353
5924
17606
6557
7473
11846
16014
4631
11670
9484
5053
2247
10450
16525
17015
15547
3545
7577
4188
10364
6399
14822
14050
7729
11796
6997
5964
3118
14422
8402
7060
12532
13833
14106
1961
5981
890
13597
9025
1542
12143
8380
5792
15250
6503
1292
3558
13785
13095
3499
16112
5967
16433
1120
12438
2311
12410
16182
7317
2787
17575
8950
8053
13402
10333
7010
5315
15432
6476
9228
17755
11061
7259
5880
15617
10946
2150
8985
8037
5104
13152
12466
8226
17689
1761
11415
5415
7732
2820
5373
7926
13361
258
7324
7054
8073
16976
8550
1098
11383
14720
2740
5685
1201
7868
16048
5747
3872
7112
12377
15877
1899
10494
2994
9258
8919
3930
4456
5366
2152
13021
13003
17504
3650
11789
12093
12205
11217
17876
13786
17297
13257
5357
10843
11331
7793
8041
17683
6165
2934
11576
1095
5804
2206
15703
7027
3667
1440
13311
9640
17355
11641
1856
6164
805
17841
10895
350
2704
15373
8920
16991
15890
8851
15861
12084
14548
11243
2250
10912
10978
11181
14898
10695
3032
8789
8038
17235
5107
10604
12847
3501
6184
12658
15908
3311
3157
11126
5303
17540
9794
11927
11035
13496
15185
9508
7706
12331
3310
1387
11891
10837
16126
1402
12955
3368
16356
10312
12255
15566
7276
16058
13137
2630
4284
8375
8813
15569
5601
4097
4636
16731
9184
3076
12033
8818
12992
9122
5183
5805
9125
7354
17389
4228
11874
11140
10054
13100
4249
1701
11995
16191
4654
10120
12418
3326
17126
581
2916
4323
11206
12086
2595
9186
13301
13798
1876
2101
15845
13065
7564
1654
14985
12726
5822
8184
8330
3002
2411
17101
2584
2643
2174
7349
1238
11824
16124
5292
1202
1750
10529
1270
2677
2634
2744
16775
276
7107
5481
9765
532
722
9924
17649
6953
14335
15497
10672
16372
6315
16176
16222
10098
3964
1911
12193
5825
7
4428
9221
7411
10866
2059
9254
9301
7695
3831
5978
12023
14973
3662
164
771
14155
5370
12049
7418
3137
7582
8165
237
8905
2946
7129
12757
16396
5233
13384
7634
296
15405
7653
10896
7918
12947
3016
3984
3163
14198
10044
14326
14180
8369
925
14158
1297
17037
5641
13936
729
5991
9129
785
14747
332
9861
17844
15144
9274
3992
10491
9335
16167
12962
3254
5715
8485
15247
1796
10861
10855
2171
9997
2268
11410
17117
15492
17440
2228
4556
17331
8000
15830
6686
16484
138
11381
253
1580
42
17552
155
9432
17332
17790
16291
4809
9004
11706
17224
7741
1236
4880
1322
14392
11807
12938
17604
2519
5560
16429
8482
14901
11132
15293
8134
1628
5339
3180
11478
16267
3353
9378
13710
16339
12529
5771
14394
3299
11760
8077
7071
8085
15381
16531
6712
16523
6017
10416
5437
8251
7084
15989
10353
12458
8626
3458
11893
9874
4089
3945
13950
16503
13251
10635
5916
5225
8937
13507
2999
9090
7183
15192
5939
12285
13480
4157
2819
10197
1282
1132
4661
2729
5
6527
1753
11104
9626
5488
7017
3747
5180
9735
8652
17342
11480
7055
15169
12320
7947
3857
10222
7982
7569
9999
12523
17456
11707
11340
10412
7157
12408
17277
14779
12826
10999
6655
15379
7180
1866
13082
8701
1101
9431
13199
5782
11776
2015
2554
8160
16081
11422
7945
12164
2417
879
8267
3699
4482
7805
6084
10712
8981
2134
7606
10183
4041
5710
11744
963
13724
6082
16355
17818
14831
9349
7223
7476
4057
5653
12465
17298
3159
15932
13396
8088
284
1245
10730
4076
443
7902
7100
15936
14474
11793
10336
9616
4777
11417
2395
2406
7939
4503
7065
6304
11676
15907
597
671
12881
17284
5521
1312
1756
14435
16329
15446
11263
3376
9767
14647
2374
16683
12614
17292
13225
9337
2703
16118
2182
13525
534
7265
10143
13829
13410
3369
13633
9543
5018
9652
10534
4353
4055
5527
398
3140
17813
12819
16505
2687
5760
15370
15640
6133
16696
2142
13826
12330
35
13871
13054
10299
1047
12499
15231
2364
11786
15995
3851
13058
9165
2051
6474
14517
9256
8994
5852
3755
6418
87
13781
9010
15362
15496
12076
13259
11091
16641
1340
16354
1683
3648
11746
7343
13743
12728
8588
6542
17862
16335
12632
1530
5577
4848
17175
8479
7996
7281
10817
8949
15589
13626
6530
4075
3680
10542
9452
14543
13777
4603
7229
11994
9069
12318
6048
692
13460
12199
9959
14914
8337
14775
2338
17195
11001
16206
7727
6279
16472
17011
12551
13530
4834
6208
7765
16209
5141
7703
6935
8460
15194
16059
11179
13357
7076
17259
14832
13445
17688
10723
9905
13316
4908
4470
6863
5590
6873
9560
15050
2530
15006
14309
11731
5061
8624
2975
2717
10358
4430
7053
10985
13380
12498
10214
13582
9643
1220
144
10520
4350
7405
396
3283
6892
7077
7798
3124
7280
12639
4943
13876
5057
10862
13129
13221
10410
13861
12350
2860
12622
8731
1170
1518
11876
12300
11304
2137
2730
17450
16449
17038
16619
7069
9789
345
7503
11341
2857
15083
12048
13682
10347
15821
6783
16661
10963
13567
7972
13427
1414
9023
8718
1227
16951
17081
7699
2849
3866
16111
274
13478
15836
125
9578
16969
6978
13646
13255
13879
90
15466
17241
7155
14291
1559
11623
15778
1210
15220
9296
14285
11053
14236
887
4424
4720
4159
9427
11937
5636
5922
15267
4822
13872
2177
7422
1346
2164
2377
9174
1509
13383
8094
11790
15301
15371
14121
439
8968
16459
3700
3814
3109
13302
15126
5320
15655
8028
897
17018
15918
3485
3923
11158
6465
865
4697
7158
10669
3412
8975
17514
16883
15586
6409
3827
6706
8505
15493
837
12431
5875
3986
9596
7291
15096
16127
4477
11303
16886
10012
12874
10089
1043
17760
8917
7126
14034
8790
10074
794
9973
8215
13502
3088
13961
14663
11663
12412
9132
4359
3933
14103
10293
11591
6677
6258
955
13202
680
8422
8746
15611
12666
14727
2746
12879
2153
3524
5004
11076
7479
11545
8720
15756
10773
4534
7205
4258
7287
983
15573
11685
13705
10657
3177
11514
12390
17661
2588
12032
4995
15100
7006
14478
15015
11949
13767
11407
9556
14089
2189
11068
16707
4423
17801
6330
3673
15614
256
1760
14766
4787
17839
6109
6631
2011
11831
16369
14
170
10968
3146
9395
1772
8107
8213
12480
12954
13076
17254
16345
3294
4628
17171
254
13128
4756
10061
5354
9645
10229
3453
5946
10147
7321
17453
7567
13654
5998
16718
12416
17157
14778
11418
15413
16213
6213
15964
11081
9295
13156
4578
2875
378
6954
13269
6839
360
7618
678
2908
14695
14786
4936
14375
3997
4634
11087
12858
14620
17867
16679
6981
4038
12538
8392
12275
13586
9203
7448
3476
17275
5231
2082
9018
6155
7121
16116
7708
15206
6389
12974
11894
418
7609
7398
14565
6755
5589
16946
549
1008
4042
11259
4525
2483
17447
7446
11420
15770
3727
13038
6976
14357
12929
8316
6876
6284
10243
16674
7022
12559
8528
11374
11064
16838
13545
16960
8928
14303
9565
6916
12505
7327
4543
15658
11020
4991
7562
16180
1678
5571
16949
6888
16801
477
15853
12434
10501
14802
1265
3064
12423
17693
3617
17492
8391
14200
13067
13336
7763
6088
12165
15663
14963
12136
3889
11419
17420
6343
8451
12308
10085
10170
4183
8942
9992
15636
12691
83
13467
14277
15173
982
14069
17563
3682
9377
5644
6934
1083
988
12588
5655
13756
9462
17350
2017
13501
12244
4480
724
11510
1259
1611
2983
16302
2046
15154
11473
6052
12707
13079
17546
4111
7535
2898
16954
11119
14419
2113
17828
10685
11684
5931
8510
4780
14404
10062
9619
11879
14710
2213
8360
4681
7364
12887
9061
5219
10927
9526
17531
6192
10795
1279
11813
1376
9063
17061
9631
11594
10460
16446
7159
14278
16992
2590
644
5134
4962
600
1105
2420
9478
9934
12734
16844
8491
15577
500
11572
14227
1869
9195
1529
17525
1240
7435
637
9398
12958
6335
14386
12765
14830
130
10427
6413
3880
3497
39
5467
7864
14966
8766
5552
16421
12467
3535
13635
4151
1109
3223
16428
7029
5566
6952
2180
11421
8560
12996
8630
5186
1467
192
3581
3660
7441
12388
1577
8035
12770
11651
6676
5889
14631
17256
17367
8517
3378
172
5406
17840
8414
3588
17703
4117
3464
12056
12420
12346
11202
17599
5633
8314
14311
2075
928
9512
5720
294
1067
12260
8103
10601
16451
5125
5728
4901
10703
17169
16616
15429
3978
8387
6492
17594
11612
85
6313
11693
5510
13339
1766
2513
10221
3471
10976
14817
13007
7960
12869
9423
9315
11664
9610
5025
1275
15657
17328
6705
15737
14903
6753
15359
5788
7568
3273
16665
14212
12436
9593
17527
16166
12181
5356
16959
11489
1941
10139
5172
11329
341
8040
3193
9689
4138
13534
6376
11678
17529
13387
9901
2334
7143
11539
487
8016
10156
10415
10719
4772
10048
4647
17570
7386
11543
3285
5307
7750
1122
13706
4734
9250
10966
13479
12109
338
4910
12469
16717
1585
12349
17116
2786
5201
10280
6148
7975
1342
14704
2943
3635
15895
13465
7715
12146
14460
6045
16239
16441
8822
5149
13522
4447
2480
3345
17213
3367
11976
7325
918
9477
13144
8308
11210
11839
14184
16897
2168
4866
7739
14600
1573
1593
14206
16207
2379
12453
17278
6499
11182
10330
2302
12291
9715
7138
1284
9472
1466
12099
10756
15330
8772
5472
6726
373
5397
15288
15129
16759
3522
2070
7946
1516
17558
13805
8340
15232
4847
9922
17723
15884
15325
1242
13373
1108
8710
13319
9692
13711
17170
10622
2697
7487
16203
1285
8585
17435
9505
9653
8201
2954
13087
12583
6971
16071
1556
13896
3587
5095
1665
14533
17390
3669
2464
9058
8282
4020
4382
1857
3305
1811
1656
3344
17327
4967
12540
6737
10580
8244
5047
5827
17346
11261
11816
1501
7955
6271
8512
15846
15896
4214
15730
322
11005
12122
3394
7133
8164
15198
5505
17740
10939
14607
13819
1931
8490
7826
3013
4220
1417
13285
16387
15395
13504
3709
5530
14369
572
3201
7572
225
16961
10263
17515
17055
6031
14219
14661
4544
13944
2369
12705
14972
7950
1662
12253
15183
16848
7863
16163
15498
14439
2308
10674
4906
5960
16996
4432
14865
16168
17007
14295
9933
17756
347
788
16942
9666
12245
8820
16749
14087
9867
7852
4412
17002
3516
12247
5634
3771
13473
14709
6606
205
0
9133
17083
14379
12920
14310
11154
7667
4624
6030
9281
9897
9648
7491
11780
11953
5893
958
13130
9014
8157
4209
7239
15351
2531
1203
5423
5681
898
3612
14712
3730
8163
3768
8130
10370
6810
14047
5013
15736
14307
12594
12385
6722
552
3839
14156
4699
1964
12857
10340
3803
238
5112
7092
9909
1478
4703
352
17539
12309
522
16135
14553
6759
5385
9441
7759
7252
1351
3728
3744
13197
17048
11188
2529
15530
6175
17537
4827
2995
4291
11078
17446
7340
12944
7968
67
12831
17779
4437
3306
16482
4027
15322
11720
12254
15062
2940
9141
1463
9532
8172
12144
16530
14816
4240
9613
6167
14527
4726
1842
14596
5482
7298
6889
2872
2815
5717
7294
16941
5194
4942
13450
16477
2470
633
3234
12945
15768
16478
1237
6095
4727
8455
7269
7247
1892
14446
5424
12627
13073
7103
10375
1123
5341
6042
7274
4813
3231
8449
8862
2646
1252
12293
3975
7235
5813
17642
7546
3043
4620
5664
2587
3451
6607
17113
3683
4799
16571
16362
3083
12896
12362
4600
17477
5184
6275
5628
14465
16283
3557
6104
9107
7049
14942
10133
5380
6804
6505
2335
6575
14270
2000
10813
3754
14628
14825
3355
9033
11968
1590
7969
5900
5094
15570
16634
8545
11860
2305
12196
2222
413
8187
7973
6988
17671
17376
15274
16846
1989
2263
3916
16073
10047
11828
9507
16300
247
14334
9181
3763
6533
11902
4929
9755
6150
12565
13056
9492
11975
13485
9717
4004
3071
15784
4164
7552
180
12798
14040
10449
6196
7613
15910
11812
14960
17024
13046
6268
13730
6571
8329
8754
4567
17895
4121
2013
8031
10938
15054
3053
816
13981
8706
5820
8436
15656
10615
580
8633
9847
17142
14855
9650
2728
6202
10618
8241
4345
13300
11809
15329
17461
8601
9529
5368
6138
3518
6785
9628
8816
17835
2846
12367
10459
7711
15427
11610
8148
7523
15312
6922
4802
10872
10223
377
1981
4484
5578
17314
17858
4103
8471
15749
3021
9138
4596
9567
4398
1928
6871
13617
2892
387
11008
16850
2804
2985
6910
8469
10233
12177
16282
12128
2774
16009
13573
32
13663
10193
12414
9176
10447
8488
4488
13864
684
5160
17012
12287
1364
1072
15785
13497
882
8412
13969
655
1848
1139
5389
10406
13980
13528
17371
5102
4329
17287
14819
2278
13208
5975
226
2707
8863
6220
6354
9603
10667
5396
7663
4678
1710
7921
17890
16999
1832
13004
13150
12118
16701
9251
5969
9754
4803
9812
473
2314
9697
9574
3304
8223
1643
4002
14783
1223
12563
7937
17125
11783
11694
12950
3039
13286
1102
11125
2753
2997
12700
11445
13012
11785
2495
3622
16198
9372
9028
4651
11819
4927
1550
10489
14618
12030
16064
16284
12861
6171
11988
10007
10178
10020
6734
2081
17754
3034
11242
621
5840
6820
8716
14545
16268
16872
13894
10517
7906
5614
2879
3279
9303
1126
14293
3200
9813
10629
15275
148
14980
12129
13549
5362
16823
16711
7358
11180
14683
3427
2220
2550
5083
17833
1564
17351
1971
3879
17656
309
17855
7675
12823
705
16926
10092
915
12791
13175
5866
6174
7882
7109
16132
17463
12866
17495
9783
2675
17781
10031
10739
4034
13763
10046
2053
11339
8682
140
9908
12089
2475
14680
6322
13070
11588
9253
13446
14323
7712
7796
16436
17291
5205
1383
3009
1333
16450
3697
11083
5862
16148
8228
7687
17021
13738
7346
15228
9550
3761
7919
7472
8900
12576
4304
8703
9430
14866
3855
16684
15670
1386
10160
17853
10539
8295
364
10648
6897
10201
10779
17344
1147
7219
14171
5706
1607
11603
14689
7105
3164
17027
3695
4348
10108
11449
10952
7655
14754
8679
8429
17229
6996
5855
17349
13886
11428
893
7821
3205
13280
10696
9862
10356
2524
747
10476
11093
255
3850
12743
2923
8548
5670
11742
15556
9966
2926
464
15284
2140
9821
9732
15692
2547
11160
3210
16917
1484
7221
4070
728
9136
10433
2708
16825
14071
17230
14175
10257
3178
5193
6944
7701
9994
4937
7337
11264
779
10332
7068
17519
2545
5207
5565
16313
1685
8808
11025
5407
8150
1343
6254
12741
16364
2301
1694
3408
10784
5494
4546
749
7905
5091
17368
9282
10556
3062
5266
16095
12147
6573
2664
11412
12483
8264
6948
13813
13500
2110
11444
15863
1359
7355
12334
15628
6061
1042
11348
4643
12809
4053
3597
7740
15523
14883
1431
12276
9252
5055
4046
17800
3212
8305
9537
1403
13810
11629
1914
14349
9601
11363
2579
17242
6672
10996
460
15902
1974
10603
9606
2754
13720
2458
7453
8650
17619
13782
273
6144
618
7811
7673
811
2373
17794
544
1432
1997
9981
17187
11986
4290
3447
12751
6277
910
2599
10691
17804
3443
7261
839
5555
11647
7127
9149
2694
10815
15847
5716
17161
10652
6883
2130
17860
1830
1498
2442
2789
5712
451
12257
8815
2489
16710
15287
12105
14651
9728
2520
46
5668
6643
13108
15800
3325
10129
14743
4056
844
2768
11673
1161
4753
6163
9684
16817
11830
6062
6071
16803
1159
11666
15557
8268
3172
12834
16561
8728
9212
6439
10614
1475
9843
4197
7345
13973
15873
11714
13574
13637
16566
11394
10234
4985
582
15532
9678
8614
13551
9798
11538
1852
14228
14185
16060
2685
13772
8655
5306
4774
12057
12963
14878
1118
14351
3203
4657
17648
5242
9057
2594
850
4016
7237
2446
11557
3379
12761
2652
10901
14950
2217
11821
16719
6129
5116
6882
12152
17069
56
3706
2821
9741
537
13779
9182
6920
2057
17009
8713
11103
10438
15856
12042
6881
4687
12462
12082
2380
14167
5570
6556
1626
8309
1073
17028
11658
13996
938
13555
13047
8557
4899
7368
9279
15406
14917
15180
9554
16855
98
15645
11703
6367
13847
8297
8202
6024
11366
11740
11011
16738
2199
16675
6291
9214
8416
4814
16258
6064
5448
7135
13040
11595
4411
5189
1029
15839
3885
8509
8676
5667
2847
5138
11890
2423
1930
15468
13089
13027
10809
584
15289
9771
12805
6699
1456
11661
4549
10777
16660
4915
9516
10095
6674
10633
9882
994
1874
13653
11357
12911
2689
17441
6596
13539
7196
13099
8936
2131
13390
7604
15401
2398
16157
15411
66
2490
8812
2368
6893
14601
11833
14664
8761
12704
11906
4174
6913
12226
11682
11938
17752
12797
15157
7356
9376
10486
13920
16303
5210
7421
9126
6536
3042
13613
6396
4265
8902
4363
3448
6362
11958
1089
9178
10011
4497
5573
11328
12132
7483
8326
2701
6664
6525
12449
12937
15955
14265
10462
15490
14514
10393
3232
12242
10282
6092
11726
13801
9711
11579
2345
4341
15208
13024
6294
17131
3931
9116
1318
2499
7030
13262
9520
15036
10597
12774
10025
558
17294
13327
12282
15913
1738
1226
5404
9341
15441
10043
8757
6497
9544
17017
462
15574
298
118
11616
15009
5949
1370
13433
10906
15097
4448
13468
7456
11525
13115
6757
15459
6786
16686
17165
8998
6461
13619
11139
5629
8220
7614
4000
17387
1299
8445
12601
4283
12643
12250
773
10145
1244
8319
3343
2962
15576
9366
12273
1765
12756
16018
115
4092
2539
1158
10207
12571
557
6483
4626
9092
4576
9614
11840
17847
7258
11398
8743
1033
7639
16820
10760
7185
17338
3046
5798
15750
17019
8664
8859
2640
4519
885
17799
11547
13751
8105
16638
16147
4105
9202
3429
11554
2782
15099
4841
15248
5877
4086
8925
12806
3766
12786
5797
3789
7545
1063
1793
1546
2580
1286
3779
921
5253
14452
13146
17148
15980
6528
11003
3426
8681
11278
2292
9029
3960
14164
10316
16614
6073
10339
1055
4087
13264
16652
14294
12779
9679
8643
6680
1326
2187
2063
951
2097
13811
13627
4565
6632
15528
10471
5062
573
3007
14780
13322
14032
17481
10659
15303
8379
5755
6864
16389
14484
1944
9364
1812
4487
2215
8759
2115
12812
6520
8293
5741
2167
9340
16370
8719
1594
4445
16632
12850
4782
10662
10153
16629
5749
3005
11147
2154
14086
12574
5474
2723
17271
12223
7404
13314
15091
9255
277
16312
9636
14892
14284
13270
346
11246
14300
10114
1531
13441
12906
10152
12897
13476
12444
10355
12811
13665
4735
10558
13261
3352
11648
2902
14643
17208
2743
7062
14078
1421
9762
3607
17581
9077
6168
7977
16691
17521
5496
5316
229
13991
15724
9763
15089
9730
593
12982
3937
5352
1551
15575
10755
10752
4324
2179
1906
13049
10485
8193
5973
16296
13851
12126
8911
16733
11559
17273
8646
11233
5126
5699
11859
9447
3510
3848
6349
1051
11356
11434
16692
3858
1642
13499
11403
12354
17301
11282
4499
8332
3828
16737
15317
2506
12495
4645
13695
9700
8827
818
15067
7052
17123
2936
10252
16615
9938
10693
5559
6080
14656
15705
14257
16526
14750
10878
10053
1690
8275
7842
17044
9844
12604
8112
17133
9355
12440
9825
7348
3955
3661
759
3130
12981
11533
8500
3243
4287
3705
13678
11114
7335
14493
7602
7406
8381
16417
5254
14135
16927
4132
1704
13223
8883
11191
6625
16343
1533
4894
5551
1653
4589
8835
10916
16859
12170
6025
8518
800
17793
7502
16184
9991
8206
4823
6906
9322
9800
4981
855
8430
16323
4048
3954
7241
1706
12883
9267
16026
8017
6986
8398
10018
10439
17762
4339
1666
8195
6422
15357
13671
8421
17319
15337
13252
3386
17718
11080
11621
5491
10840
7941
4460
4358
16918
1599
10790
13092
10005
8894
4706
4126
11881
15619
2378
5533
10434
6493
13464
16110
5485
15132
2034
11047
3270
11690
10113
1730
109
16862
8885
4561
8979
3551
6012
1729
10988
756
7881
8991
16289
4625
12781
12065
13863
6404
14885
4252
16827
13976
12545
9091
7254
5090
14066
12364
7635
15584
2649
16234
17480
15162
11542
1942
16224
13977
13414
16649
5610
3652
4892
6264
11288
17763
4574
6687
16056
6748
7134
16185
6098
9840
13281
16761
1278
6344
5622
9486
9879
15595
412
3658
1855
4101
11864
3907
883
10967
11454
5513
17807
2062
2543
9780
6239
17373
15834
6345
12711
1788
12715
289
14162
3263
13698
10631
4591
14515
17425
11805
4413
1166
14564
11279
11453
7519
16637
13369
10436
7887
5882
12662
14201
204
8366
16447
4014
14528
5744
175
4104
10771
10831
5906
14137
13205
14031
3329
11797
891
5842
2424
15706
8481
14194
1507
5175
14139
1254
3385
17584
3774
5166
12432
15061
7459
12637
4580
13083
6371
7486
979
2265
8654
2363
10079
2016
2633
17886
17810
11185
7990
6861
281
7809
4527
6792
8009
9066
2443
5215
16153
3309
905
10296
9459
15216
14821
2290
16497
17635
2808
210
16293
5304
3478
17167
15928
12708
15711
8690
7314
1804
5582
13111
9059
7814
12266
1970
17093
2563
4846
16547
4548
7310
3508
15341
3059
8354
14412
9034
4948
13447
16306
14146
5464
10532
13891
13292
10404
10925
329
12370
4152
9894
1461
14485
11342
7094
14944
9658
9720
2521
7394
2390
1163
5365
8493
10518
14363
12984
3637
11702
8225
15625
6480
14675
987
8454
1786
8114
13260
7527
189
15462
12392
12284
2485
3166
9996
10909
4472
7075
7434
12816
14030
8734
12034
2009
16159
12317
15124
8600
17000
10586
6316
8492
9041
7141
10452
4795
7880
11631
11729
3080
440
12322
15353
14195
5656
2433
12053
11337
4717
16514
16546
14062
7231
11507
3664
1718
8637
4792
1294
4015
17155
7999
14058
13892
15237
3698
8246
1672
916
13331
11038
13188
3777
10212
15697
9192
12087
15145
13812
1617
8501
1841
10104
14740
5929
2315
7633
17147
10369
15717
10842
16070
15649
9445
8709
7854
15218
12311
15954
2949
3149
14623
11920
13986
14237
12755
10313
5398
7873
2024
12221
12730
4761
7400
15294
2350
16091
3381
10770
16971
12098
4713
10859
1135
13542
14253
4050
4859
8100
11851
6187
15567
2613
11275
4153
7894
9093
3431
7755
5890
9918
11483
9877
977
1022
16069
10555
1664
9217
12178
6105
15013
4361
17458
3743
4555
2888
4093
2526
11441
14232
14296
9311
16520
3320
1850
8606
16214
10435
4376
1865
12356
13569
17741
15251
5927
7619
1149
14574
9262
5367
8335
7140
5547
9688
14746
12256
1813
2102
3066
17524
13382
8147
6777
15449
11558
5657
658
14529
8892
14996
15264
244
6909
520
11639
2275
9769
10394
1959
10731
13854
10469
17714
587
15415
5030
16924
8753
8828
8896
683
1973
15386
17767
2431
6487
3800
4344
703
9661
10516
9257
9287
15236
6902
1712
12077
10331
5970
1115
9309
7801
5647
5071
13162
2522
5369
8712
6982
14581
2836
2486
9551
2412
5275
11370
5342
13609
202
2413
13287
29
9904
374
2151
9352
4127
15673
2510
5191
9942
13771
16769
11045
10926
5592
23
4728
16542
7351
3006
2661
17282
10004
3348
17357
8138
15966
17670
7933
11262
9236
4779
7549
8136
4372
16460
12775
13350
13334
12773
13241
11109
15309
1153
13800
4665
1151
14077
14957
17316
4864
224
2146
2850
12041
234
7466
9474
36
8927
9579
6764
11309
10444
13110
15592
5894
6765
10124
5119
5506
17362
1999
5443
8247
14580
11031
15323
6314
6327
8668
16134
5391
17300
6162
16730
9647
7827
16189
7795
6841
11416
2735
5133
2376
11961
12634
311
1315
11526
10761
2356
1041
15336
14192
9075
15227
3170
10997
4140
3887
4277
6207
15158
7680
16779
10037
16726
4512
14095
10365
1331
1605
10735
5569
2662
1186
6419
5707
5901
6616
15760
7367
3207
10381
9285
8146
6780
10493
13707
13578
8111
10891
10388
2498
1734
12451
5983
6411
551
7439
429
8865
14907
5468
6145
3121
6468
9189
4677
4598
12624
15725
4208
7081
14975
3752
3927
15072
17124
1749
17347
594
9884
4256
1361
3398
14448
6210
1382
12584
7965
2375
15420
11129
17698
9399
15391
2731
17639
16194
16648
1592
2041
8149
568
5256
13965
16524
17675
16735
15680
8189
17070
8750
14321
16655
13598
13177
16799
13360
2546
5923
1014
8890
13448
1455
5509
17870
3519
12415
12699
17232
13291
2511
1255
7151
11730
8918
14210
13313
10287
14472
15032
802
6814
14377
11497
8362
3583
7186
1527
7329
4426
12268
15546
9475
8331
17433
1806
9438
16434
3896
4407
15553
5121
2106
17381
14530
11901
5857
7199
9750
11844
6849
17415
8607
13945
3758
11898
1411
16270
16007
5281
13323
13289
4738
5576
13240
12289
15733
3482
14498
15699
16320
7305
8007
17177
11777
14406
3525
10913
246
2812
1197
9196
8879
13672
15582
10800
13691
13703
12321
6914
14376
7215
9950
13041
11962
15310
13273
15541
3724
13517
6375
13075
6038
3274
16631
17493
5054
12554
15021
1433
12166
14157
4987
13562
16807
7301
8965
4203
17470
12539
5731
3237
4642
2552
12841
6855
7216
3655
847
6041
14070
17861
17444
3653
2933
16762
7818
10448
12066
14732
2802
17141
12357
11915
9848
16215
13378
6106
11555
14267
1380
7401
15
3327
4085
15793
2296
4128
2482
5221
5375
6044
4732
9725
1213
15754
9154
5158
1887
14490
9575
6097
1655
13234
17725
6402
707
16746
445
17053
3810
10894
17484
17512
8176
15991
15243
14813
15823
12421
3483
14613
7131
12071
14261
6622
3195
17501
15502
12437
14459
15665
17039
8952
16879
11290
9757
8086
1074
1176
13178
4170
7554
1398
2958
9860
4867
4858
2533
6053
8499
17188
13267
10869
10326
4351
9749
3981
14055
5579
2756
16786
3190
7037
1419
12541
422
9171
10964
7799
1015
6283
8256
7550
17106
12102
11861
13700
11430
16480
2890
8586
11492
4475
8277
17128
12301
2623
8534
15501
17326
7886
6690
7284
3910
9883
10568
6290
13147
1833
6576
384
6288
617
5489
132
1721
9910
16882
9288
585
16635
7382
9662
4956
9558
6134
16177
13669
6825
13721
7626
5585
15767
15117
5287
11371
3613
4238
2666
9078
13490
15521
10066
10754
158
7304
16589
6003
16128
14930
10914
14433
14840
1791
1566
2986
12966
1900
12873
15119
15177
5864
15629
9930
4731
2655
9939
13161
1422
15559
17665
2823
16140
15105
8521
7003
2271
16100
11758
12399
263
1778
16780
14149
8963
15535
10045
14262
10823
8245
8893
13375
16671
1601
13583
11162
2657
14000
7412
9932
14982
10704
17059
16864
9006
14726
7860
456
1257
1920
12848
5420
4775
17627
10357
3656
13940
11155
11892
5561
17013
13226
15689
5976
7080
1208
7605
10762
15623
9283
3646
14863
15044
267
4347
17729
1330
4155
4406
9391
1066
17029
14619
15300
12262
3753
12983
17437
15987
3616
7839
508
7169
11211
2036
49
3712
11384
15988
10644
7686
11921
13559
7822
16006
7154
15333
9397
17162
17003
8732
17567
179
6068
13348
8230
6230
376
8257
13580
3165
5526
6580
10154
15495
444
7787
9672
2853
15879
2900
7385
11747
3696
7408
1693
6169
5257
13403
9590
529
12599
3925
6018
4518
5519
13181
667
6328
6125
9243
16624
14497
4605
10478
15992
7617
15475
16626
5454
8076
13432
895
4921
14947
2848
13884
6736
5800
6581
5917
17261
7574
10132
825
17668
6766
1141
9208
15848
13659
4162
16623
11121
15081
5220
15751
8685
13533
878
1374
14051
17731
5996
14350
14028
11044
143
7959
5581
11469
11602
11305
16605
8036
13668
7236
6039
4289
6707
935
7114
10932
2434
11604
1044
738
11956
8127
5832
8355
9156
13204
13989
9553
7178
10513
9764
6945
9088
7536
3663
14218
13620
13565
6451
7666
12039
14617
16947
16141
6067
5377
15033
13650
17179
17196
16956
8887
12682
14416
15203
5422
12119
357
16808
13418
17180
11640
4072
11667
10974
14873
11115
9503
2939
10687
7496
4575
5360
14207
6600
3202
627
17597
15239
9747
7819
10818
831
4400
8407
8473
15167
8923
12212
16448
8024
9137
2279
3976
13491
15130
15882
13142
11221
5001
15664
10868
17738
11036
10235
317
2453
137
13050
3323
12580
3296
5980
4745
11959
1065
15170
13709
17814
6966
16149
6933
11925
12233
13220
3114
16474
388
5429
17130
9963
12027
17008
866
5905
14393
11196
4526
14969
1084
8069
5690
9746
8350
6197
10320
8408
13154
6880
10833
17100
2293
14174
3844
14807
17593
13227
11192
6984
8939
14945
13648
15506
9260
13423
16019
3691
4017
7465
4490
9108
975
15891
15934
3842
2830
2899
2608
12324
8775
2427
17834
10354
1768
6458
2507
4622
7336
3726
11435
5928
10928
7113
1112
12939
428
4299
15719
9062
185
5258
5732
1733
16086
7106
9237
5348
9055
8627
7823
2905
2056
16483
16884
236
14408
17243
5724
6179
7637
6242
3065
6802
2924
8568
8579
553
2262
14336
2186
15473
17324
8520
3070
17158
2706
16468
12617
15402
16075
13652
8098
15178
5841
17500
9608
1917
7095
3994
11373
4178
6762
11871
9347
7090
17120
1714
2851
1517
15851
5575
17663
867
147
17517
15010
13590
4033
10431
9416
13655
1116
11265
4043
17530
5399
4232
697
4945
15028
14891
11527
6867
12454
17535
896
9056
9105
14001
2840
11472
4108
3086
3423
8858
2785
1715
8289
16508
14943
15133
10070
14808
1249
12790
12281
7058
13979
4807
6778
12455
10759
14541
5493
8821
5345
1571
9415
16368
1936
5786
16212
14104
16485
8791
15348
4443
16337
8023
8265
4805
12822
14549
6225
8613
14163
525
6157
3723
11677
17884
4917
11343
7262
14826
17403
6065
11205
1986
11934
12131
10429
13155
1037
3760
7722
13560
2678
10224
10341
13101
1406
6964
1774
3085
17766
6477
16580
6392
16636
9278
2404
12635
8688
10832
10083
4315
14674
8675
3056
16878
5099
8046
10794
17697
3297
4566
4216
3100
3611
6832
5898
5458
16867
7556
7785
16839
8632
13398
15187
5040
472
6879
89
3977
10980
6628
11225
13527
1763
1755
12709
2218
17274
7048
1661
2100
11236
13174
8935
6896
1815
2758
6357
8475
5140
15922
12800
1888
13696
5159
4577
3000
8662
3953
4757
9304
6539
11842
4463
8951
4237
8738
5767
2991
2501
5075
8612
8348
3643
9375
13830
17258
1127
12352
1395
13206
1633
2237
8515
11552
407
3315
12427
1314
11811
1538
17199
10628
6228
12732
15976
6010
5135
9198
12004
6360
2770
21
17414
12917
11318
1808
11495
11152
9351
3787
3854
7570
13471
1675
4060
15249
14567
5267
283
9205
11299
9580
4130
12536
484
3247
16290
162
1589
8057
13953
14238
11887
13825
13769
9226
4158
14426
6760
16714
15222
5553
11653
1525
1837
13568
2126
3224
15911
7328
17434
12808
3036
14925
5229
6519
2161
2909
25
13045
3716
8638
2178
182
11983
7534
8212
1321
16304
3063
1020
14671
9140
2104
11778
16810
3119
12426
16768
2210
5384
3888
15610
15065
16609
14366
12344
13910
2120
13615
14436
778
14464
7344
9271
16767
2577
2752
2316
6578
11028
9036
9495
10455
6466
14984
543
6980
5742
17269
14305
1356
8433
13474
10259
1502
13885
6379
685
13762
475
9163
13840
7074
11827
16555
4982
3809
15367
6812
803
8503
10492
14946
12923
11323
6638
842
8640
1939
15868
3826
16160
11173
15814
13368
326
13060
12862
1722
12603
3175
8932
2204
13210
4051
11668
14250
17334
13746
5790
4941
10591
3632
11650
8474
9106
151
6191
2508
11136
9632
8404
4393
5279
12358
16489
10034
12716
3209
8723
14811
796
4821
12085
1019
16521
10573
14319
13589
8364
858
5908
12472
11649
17713
12508
11222
15773
22
8302
11652
559
912
12303
12153
12182
12693
1168
9852
3138
11082
14979
3384
6311
17238
14370
9326
17150
4905
15639
3498
786
6579
10262
8737
3900
6551
6840
4418
7443
5669
11896
8653
2950
15182
1904
14803
15935
8478
15809
642
10876
152
13059
16358
7232
9100
7504
17203
15434
9703
11425
6646
10189
11632
12721
4766
16987
11153
14476
1371
15111
6087
8066
2088
8099
13681
8468
3853
13508
3162
318
709
14535
12305
17076
11711
16965
6635
15116
2796
8986
9476
506
10700
9808
10684
14776
13817
840
8260
11070
13494
14154
15254
10549
5355
186
2747
14936
15687
10828
7481
962
9620
12477
17596
4978
16407
15855
13170
16205
14415
3987
7930
14882
6979
6659
5784
8079
12382
9003
15263
2112
13511
2229
17732
16898
7867
3433
2559
8674
15564
16488
2381
5417
7020
14510
17478
15118
11321
16740
3734
10923
3029
2929
72
10590
5950
3989
4644
2631
15125
2196
2012
4327
6406
6574
6789
6305
11324
11247
5676
8551
12855
17386
17710
14041
5087
9064
9915
9334
5867
5611
17733
16716
8358
7045
10209
14367
7225
14268
15520
9021
17115
2149
11924
10609
222
4613
9705
2505
12237
16415
7747
13498
16822
6640
17091
2620
16577
10551
3786
5363
15377
1081
2784
9300
9224
8221
700
11583
1621
6604
14117
9417
12521
6746
16998
6426
4007
11738
17487
6083
15190
6787
4375
3820
11919
16487
7226
2755
8409
1625
4099
15511
10947
15723
3222
8021
1039
3173
1448
3950
16781
11880
1953
17240
16275
12960
17094
13599
514
13379
10608
1277
6683
92
7907
16109
10040
6754
14534
3194
5359
10164
2191
2989
14124
4441
13290
527
14344
3493
13985
173
2209
8694
3456
862
14924
2020
10766
13924
4649
6603
15959
1771
13442
3060
8044
11172
2449
200
4671
8124
8259
6308
1225
4882
17439
12598
1840
11935
7792
11863
1207
13330
8575
5883
16155
4925
15256
12332
13113
3040
8453
6414
5035
14330
2938
1843
16156
4579
7698
8345
607
7900
17262
10220
14968
351
14014
1251
10310
1234
3128
10856
2693
8483
9801
12926
4826
1515
6938
17513
9517
4112
11624
5079
474
1185
10567
7857
13245
15965
2221
16491
12650
12840
17499
1381
1990
11234
3027
11519
11361
11856
8015
6547
3449
16196
6794
12680
14742
1056
16522
14716
17377
17185
4397
6123
4071
6543
2025
15025
10470
3461
14965
14079
3570
4449
8012
13139
9488
17249
10594
5711
16033
10564
7174
8487
9849
14761
17464
3736
12409
10583
15209
12518
7139
13814
8281
5064
4888
17333
16795
6652
12865
13419
2504
1329
7360
14222
10321
10442
4474
16796
4833
8921
5176
4074
10192
5686
3776
7551
13489
2586
4947
11207
5255
14358
5692
14653
12905
933
11841
2738
13372
16195
15175
11293
16326
6108
16603
4540
9718
17082
2159
14280
12768
2481
1045
6470
4873
694
10374
16688
13431
8243
12973
1696
13439
17366
9172
3847
1790
16880
13745
11504
10836
2026
1742
9374
16103
9525
880
10464
13326
9418
2931
4849
11672
10050
4381
8363
9314
2037
4871
5700
4689
17030
3509
54
12922
17556
17811
9367
10163
9514
8671
3654
8725
10082
8995
3626
12429
11436
8285
4196
11249
14906
17184
14113
2605
2328
12020
9053
4975
539
6136
17722
2733
2488
13622
1776
13068
10957
1926
11170
5660
6961
4778
3942
9676
14451
11734
11319
16161
17590
15226
1140
2401
9155
16340
13943
10317
10426
8109
11656
6671
16944
14453
10805
2225
5326
14933
4479
16579
6694
2165
687
3633
13283
7897
12476
7098
15752
14913
661
4881
15458
14159
6618
8299
5238
7253
12854
15460
5525
11401
8874
14461
783
9401
13900
3026
1737
409
502
10270
15389
3711
5045
8566
7431
12376
2065
1503
6970
9344
13935
7578
14143
8117
17046
8762
9634
12595
4179
13998
9083
16861
17323
13449
4045
10218
7861
1171
2355
1526
2793
17609
14169
10511
9892
12677
11204
11772
7507
16788
3564
3891
10953
11332
15338
15112
11534
7956
9855
16416
4380
17283
11589
481
10454
10271
6844
12413
11476
11496
1114
4365
8300
6900
14673
11713
6339
14915
15095
9625
3798
10141
17616
4257
5409
13014
2636
8961
3332
16242
15286
17443
10477
13000
17416
10571
12678
4539
6620
209
17234
17099
5313
13237
4552
3944
12295
17114
10055
5387
7083
4673
10595
13708
8866
15953
485
5809
2877
12512
16331
8946
16587
5794
12889
13279
10537
14625
17095
5049
9976
1800
6
3337
9380
8216
12047
16794
7244
17058
9353
4233
5872
10857
16586
4959
9540
15743
15057
2194
4976
3054
2612
10863
17600
6522
15306
17496
11550
9605
10839
14005
14820
4156
5643
14893
10300
6324
17016
14053
9482
17827
7672
9060
15478
5358
9273
7467
4310
7373
8262
16712
16401
6749
8014
953
12892
6990
16754
10781
15813
12117
5646
11532
2435
12060
2139
3614
1975
2913
5200
15777
4709
7571
14736
2798
2615
17555
13134
3262
1138
6697
3757
8419
2716
15107
16654
12338
10820
3437
17579
14432
3445
161
17210
6141
510
6623
14602
14562
3602
13726
96
3364
14403
2172
10560
10291
12190
8278
10502
2537
16534
8972
5421
7848
11065
10481
14068
17448
10621
7064
10490
5185
5151
15757
15078
15464
1119
12829
8966
8083
11041
14469
7924
17773
2642
1689
10294
3874
11727
15268
10230
13802
16518
5907
7267
8386
11399
10569
16076
84
5722
8123
970
9170
1705
8625
2348
11295
10877
1369
6057
4869
7035
9005
6563
9548
2478
2811
16010
8666
11784
2977
12044
11184
4131
11716
17215
7177
6796
15801
5743
12278
9072
8161
2829
13975
12187
12647
4259
2911
14492
3838
10724
5977
4318
3791
10864
9944
1777
17245
2047
8271
5110
5456
7697
5937
1049
13883
10172
15291
14636
11123
13523
17047
1555
6998
2067
3830
11307
2644
12713
14582
10203
9357
11203
13570
13481
17680
6049
11765
2713
7096
9109
13329
15704
5432
12009
6682
8209
9824
14067
17745
4528
2038
8749
3708
1317
4032
6993
6719
7296
6485
9183
11241
17062
12373
17251
2870
12740
14221
13413
5780
10081
17031
11479
17384
7341
470
4531
7984
9834
4276
11462
6326
10006
198
17263
12702
8376
12776
15068
6688
8610
13606
14421
984
16590
4328
17289
16912
7766
287
8915
5544
11918
5032
15470
4068
6436
11764
13362
15613
13612
9067
3651
1976
314
327
17706
11855
12649
1038
9104
11274
17320
15066
14512
11982
16052
16065
15397
8751
4234
16802
5783
2078
11017
11767
8180
17392
12406
6904
13722
7636
5853
7773
13855
11392
3631
4638
2372
4185
10057
8315
13028
9242
16736
3403
900
4271
4920
12340
16229
5756
12497
16092
17536
15529
14264
2242
290
11113
8132
1048
13328
3392
12474
15789
14759
16540
149
207
2566
3566
5888
8605
16894
15487
16049
14560
2650
9388
16646
10399
15878
17304
9523
4912
13540
3370
17686
16200
12149
12407
6627
227
3112
3837
7313
10897
10874
1728
6101
6386
10987
14217
1071
9913
191
13114
6454
7565
16117
11006
5556
12381
4387
11066
8104
15023
12514
9979
10847
11843
15804
16751
16024
11571
6252
13453
12951
1739
11029
8042
13077
10972
15796
6070
6751
12173
3804
5781
2039
4760
2635
9016
6054
15938
5652
15961
3208
9032
7953
10981
16854
3413
6336
4763
2843
3790
1922
5599
34
17424
2484
10219
9623
3517
15690
1481
1216
7451
2329
1246
12470
3098
8537
9404
9320
16003
14298
16373
1816
12113
11358
3395
5392
11229
13736
7597
826
16381
5694
7220
2407
1960
9796
8608
2287
15683
17880
589
11007
3829
4762
2399
14991
11389
6903
13276
4521
11286
8799
13717
12138
10248
8458
13277
11963
13828
3143
751
7195
16317
14003
6121
1230
10593
14004
11931
3365
5325
15308
3136
14384
690
16413
6771
2645
17246
9312
7390
1636
5483
1668
3022
15438
17498
11715
1891
5301
15418
650
7836
16031
324
11848
6590
13715
12914
16308
16818
3609
8538
6416
13852
4971
6223
10424
12073
8954
8882
5504
2653
16351
15872
8692
11869
17547
5022
6469
17400
5529
16517
8943
9665
15485
7790
10144
9200
10550
3756
4568
11882
10052
13207
2303
2460
5688
710
13999
17382
8593
7380
4535
10503
7387
9952
8564
12036
9321
9419
3610
11748
13354
2333
6002
10993
12993
12310
9400
9510
6552
14520
10599
16481
15854
15445
10386
4302
7438
16743
3615
4616
9863
4481
13740
4785
13243
10322
10451
240
14862
698
7249
10821
8334
4588
5952
14723
10307
4120
16756
10261
10575
13469
3287
16042
15128
3189
899
4332
8444
17317
1839
718
17112
426
892
10547
1307
10314
911
13183
5713
10920
806
4718
4852
8727
15641
13968
10035
11291
10683
7586
6479
1680
13443
731
6561
3417
15471
11464
695
6661
10137
9054
14995
15171
5216
6750
10506
7230
4695
15019
10617
12337
10067
13970
6615
8133
12783
16630
8312
9394
820
5546
12333
9696
10585
2884
4494
113
6829
16804
4187
4601
12292
3389
10588
11769
12137
7995
12141
13405
4955
3251
3805
16085
3142
2243
12471
774
78
10255
2834
5776
3324
4282
11680
5052
10782
10647
3286
5139
9723
14773
15273
7146
7242
13850
8204
9756
5152
430
3554
10174
333
11854
16099
1867
4964
11470
5663
14092
6621
550
13964
959
17190
9577
10948
10612
13505
12586
16090
8280
1441
1650
1390
16812
10175
4902
10308
11315
13520
8870
13381
16663
1160
10195
4958
954
10775
15084
9499
4222
3678
12035
10515
4275
15761
5203
9712
13933
4764
13870
7190
4102
16319
2548
12978
1622
8567
7377
14678
8200
4667
2718
5436
2565
1702
7273
16558
2346
517
15155
11820
11575
16000
993
7714
10526
7425
14769
13230
10625
6153
2542
17553
12222
3605
3903
5335
2719
9582
16115
10382
4513
9710
12661
8417
688
5796
16874
5097
4031
10395
9161
16353
8563
15396
15153
10915
11710
4498
14845
3217
5457
8020
3957
16723
8480
414
5498
3440
6266
12948
1784
1649
14518
1196
8261
8129
4316
6890
7415
9868
7413
12425
5972
8556
14884
13249
15305
411
12417
17374
7849
16378
4572
3233
8322
302
2866
9936
5886
12280
15407
9487
4204
8427
16432
2340
5768
5204
1232
7553
16193
15092
4319
11548
5545
9562
11223
730
17482
15204
14188
9600
17354
16269
9201
15981
17674
9098
15740
7512
7101
3316
3862
10849
15428
9102
6929
2396
5811
10718
12934
10073
8756
13543
11443
12979
9569
16748
11130
4009
9365
16816
16023
1027
15365
560
10363
12288
10990
7383
15728
6610
14263
8635
8276
5865
6118
319
4360
11004
9421
10979
7716
5899
14380
5224
10166
2833
1209
6523
7691
11079
12104
16977
6035
16158
7066
17491
3905
11960
8726
7409
2726
16438
5014
10791
5650
6937
9325
8110
9743
306
4506
9533
16129
1325
12217
269
8853
15734
13808
14166
11060
15143
14638
2035
13320
1164
15519
11970
14260
10125
3338
15886
15986
16669
17601
14033
13488
14388
8049
3939
16776
7015
16986
2235
5930
11561
13018
790
7920
8514
11773
17135
15302
8657
15593
10956
12297
13673
1736
9050
12055
15526
2965
6731
12326
1522
9826
14588
12908
10577
8082
12719
1859
7525
17550
2914
2318
416
8288
11687
12430
12621
741
10362
9245
4405
16292
9564
262
10611
4907
16572
14444
16175
1544
14836
24
689
3434
15390
11458
2320
2493
2269
14796
8452
8934
7724
13035
2388
10521
6691
6775
9530
5394
9639
14199
17063
10292
16012
15043
7940
8188
1487
1708
11166
16752
16455
758
3357
9363
10051
12745
14835
6486
14927
601
9793
111
15786
2286
15191
9119
3334
17379
7203
16403
1692
9964
13656
10127
16385
6281
7040
7856
13122
14101
15616
11932
15979
16766
7589
9384
535
15748
1579
11280
16857
6293
9669
8621
14454
10945
11655
6059
6442
2621
5910
4261
5990
15958
6050
4416
12760
4913
4884
12185
12701
16342
10232
14190
16650
4225
6219
7482
15631
9611
218
13105
14364
12625
6014
231
10441
2166
12640
9403
3351
8301
15659
15549
10867
5631
12687
5591
7181
10524
6206
3647
745
14905
13792
15335
17784
15437
3414
12401
10068
4522
8597
2990
4454
4464
13677
10049
4442
7369
10900
7783
14928
16806
2072
7024
436
8623
15968
9361
1
3781
5109
4716
5542
16905
12094
3484
9542
3401
5408
11075
3608
9998
7188
6696
1632
14958
2266
15841
2245
11285
904
2014
16107
2428
2518
13774
4994
14359
6791
1473
8303
8072
401
11069
10566
1262
9615
4824
10802
8447
11617
1545
1688
3623
8891
10729
15374
2568
16993
15038
16379
4184
9955
7248
6509
15849
14902
669
8287
12814
4193
4198
2824
11313
8411
14790
195
8908
5736
6333
13753
17032
1674
10405
10272
1629
7093
1030
1834
3542
2925
2971
5081
545
2114
3559
9317
16980
12547
12803
10408
8800
4270
6872
9024
13440
5757
14635
3363
6987
15797
405
7283
14756
16077
15662
6099
12183
1695
871
9065
5919
7859
10488
17769
17588
11900
8258
15653
14477
1006
2234
3825
11788
3738
9522
14841
5705
12083
14381
1574
5447
241
4364
12852
14677
6745
1012
8801
5153
6233
6678
13069
14682
12010
939
15005
2027
3490
16865
13787
12530
14346
13908
5364
6819
17857
8573
12667
15739
1177
7097
8898
9583
4797
6205
8415
2611
5758
13133
8263
6387
15453
13415
12490
16856
2867
13265
12724
817
14038
361
7643
7039
9970
11046
7649
546
14801
16272
8699
6355
9169
434
11250
1260
6374
14570
4143
349
4609
6231
7612
13395
17659
4312
11
450
1327
10651
117
8784
4963
9778
8931
854
7540
4537
720
1979
9437
17875
16739
2001
465
5128
16670
2806
13308
3491
13203
13370
14888
10425
7245
12207
17726
16105
16909
15049
13995
2367
15775
6154
14867
8384
16230
5765
15349
17696
3904
7308
4511
7067
6394
10407
13716
348
4294
13219
12886
16089
873
16826
11913
14085
7322
3303
17772
5188
12620
15514
13881
9117
11022
17302
11801
7913
13563
15292
17806
7206
14691
16945
1465
17370
11692
16032
682
12959
9043
5541
5295
4953
17216
596
2325
2951
10848
14059
14209
15829
3996
12520
15889
30
3552
16093
315
7656
8811
6135
12913
9584
1864
14557
7316
3815
15783
9234
2211
17223
6500
7561
16744
12611
4924
11112
6063
3875
4278
17459
11701
10324
17874
1965
531
10378
793
14594
10882
11972
4059
15245
10402
9143
570
4710
14725
1511
14468
15163
1809
7495
13194
114
4968
15840
666
17821
305
2698
13503
12986
4241
14193
15181
3783
9716
7407
10745
1407
14241
1828
6782
17467
6857
12422
15762
17193
16442
17
6898
3014
15463
6464
9157
15298
15602
17607
3117
1428
17060
483
14554
6636
3785
3246
14818
2392
17586
15451
10744
1155
2695
1100
3526
2773
15792
7720
5300
14405
9275
14900
12646
11354
3737
15189
9494
11267
12463
17033
2058
2966
6452
6408
4969
1679
14918
10499
6380
3729
17107
11171
6019
2148
16819
13438
7677
14849
4758
16727
1732
16929
14441
11686
10736
1349
11724
856
5986
10717
9589
12327
9607
16266
7293
5764
10918
12648
9110
12517
8644
6512
14024
15941
8642
789
15233
9531
16190
4061
10888
2904
15860
282
15378
12186
3717
8029
13492
16828
17585
13978
14953
1949
8774
17873
10283
5621
2074
10944
12341
11926
14522
9383
8056
1954
17138
2019
8353
14962
1319
8649
15540
7662
13031
3672
2700
12503
2720
15714
4551
5161
7993
11567
3507
17737
3801
5658
12722
6865
11762
14466
17110
16870
6131
16220
13437
5624
3196
6428
14354
2207
5568
7928
6312
3788
11245
13086
17532
6830
1345
16197
417
1224
5058
6384
8796
6320
11721
9978
4065
3528
1206
17569
923
8661
1905
849
16858
10148
17227
5115
11857
9546
11338
11165
16911
15880
14658
17363
4286
2216
14843
17430
1031
249
3731
1902
11725
368
4285
2955
13699
1849
14584
16936
6858
4245
16598
15257
14225
15904
942
4415
17641
8060
6444
10380
12587
5282
6963
13971
2582
12481
16121
7023
2447
10392
14332
17797
5680
9815
9685
16047
14356
13967
4175
3946
9814
8776
199
16254
9618
17637
17194
14787
11997
4458
7192
13547
59
5698
11276
13766
4438
16314
102
9713
3302
13005
780
17154
14133
2715
10642
3685
4607
1341
11904
15545
17022
6265
12832
4812
15285
4098
1036
7042
17631
11034
2135
4886
6110
5462
4083
7616
14119
8767
4740
4
10886
10078
7594
15030
4355
6047
3537
17620
7372
8118
16835
3123
801
3282
4806
1450
13519
3808
1528
8544
15578
4923
15776
15916
11308
8953
1591
12315
1165
1192
11269
3690
12384
9941
2751
11903
1248
13882
16113
7001
15555
11608
11208
12890
6495
14693
15745
2256
13748
14696
6397
5277
14964
5029
6103
4137
3563
16287
10826
12602
5826
1452
7033
1699
8395
996
2144
13298
1532
15142
1276
13107
3225
12043
15583
12188
3102
17476
9039
8525
8097
4786
7290
8549
17580
15122
929
16644
12577
12198
7843
11739
1606
480
14365
3415
8145
6198
446
4887
6927
6514
3573
13702
1273
3092
13937
3468
7424
12168
16932
6601
2386
8741
12589
1676
9612
9903
5227
1212
10281
6717
10475
8005
17859
4491
8191
14037
17108
15812
17829
6009
8270
11097
15504
13030
6006
13931
13734
4394
14763
5395
10793
498
16122
7630
16051
2776
10258
16035
13157
4478
6243
3105
6180
2854
12988
13093
10038
9084
2944
7983
7275
3391
9265
11500
2079
12901
13783
13374
8154
14094
17777
4095
13299
15818
3221
15816
16398
1430
14136
14401
7646
17831
3271
5885
2534
2133
13887
567
11757
15591
10453
2647
13548
7754
13399
2714
9850
9633
16199
10811
7416
1023
7778
1596
2616
5678
1493
10390
12500
4189
3640
16097
9622
3603
15742
8861
932
11717
2822
2426
13484
748
16596
15315
13575
453
2132
2425
3067
6435
11628
13224
2889
7961
1521
3446
13216
16346
12685
3307
12312
1367
17849
6247
16895
6001
1219
14170
17702
285
10238
12898
9222
3264
14026
1393
17096
7988
17325
10278
6302
9455
1148
17802
5290
17845
15947
4865
9748
11587
10632
12127
5248
5486
8830
16500
6507
64
1822
13624
9587
16920
15712
10099
6689
2061
12148
8033
2859
9464
3110
14182
8450
1619
12405
5512
5170
14659
12872
14500
9969
171
6372
15637
3241
1682
3769
3956
12238
10810
3765
3890
3457
4587
2240
16689
3397
11795
15071
14073
13957
8294
11679
15713
4559
17562
2589
12064
16045
6077
14214
1767
3584
8463
16437
17643
9460
14877
17872
14850
301
5562
3688
11580
141
10181
5299
5514
12976
6531
12218
17429
11501
15510
12492
10986
11611
5615
14592
15027
5665
4314
17634
11145
7191
3438
6994
7813
1598
8794
11581
8152
5371
8955
12054
16227
6630
4421
13456
14904
10188
5914
9291
3354
17488
8068
13367
17151
15134
14708
17174
15888
8620
9428
17792
727
16539
17695
2147
1107
17423
7593
5859
12956
3936
15903
11852
11642
2998
14652
15765
1937
4338
14029
3407
2699
293
16404
10182
4895
5372
14556
7187
1253
562
15159
95
11368
5146
10361
11272
11367
13913
4557
11695
7779
8506
17247
1620
9891
10606
13923
13794
2145
10122
5892
5273
14455
16247
17005
4828
13577
1472
9779
5340
16139
12024
4213
13561
5836
4817
4079
9664
14558
13187
6776
12968
12015
1996
5163
13294
7323
7718
5850
6965
8748
648
2871
5098
17747
6340
7264
2591
1396
9663
1076
9538
8980
11546
4459
777
10751
1745
12456
203
2626
7389
3677
11800
10950
4450
3133
1005
104
13104
15731
12723
2317
990
9009
8850
5425
5450
636
10660
2323
8437
4538
10992
10075
7270
14587
6370
16906
7461
13352
4349
10605
15651
11252
1486
6300
5848
2672
14475
13386
8067
12788
726
16310
5787
4096
11459
16054
2066
6393
5971
1582
16568
13340
3074
12314
14337
13572
13690
4052
10042
12795
16376
10328
14084
9007
6614
4931
9213
6905
13106
15358
2487
9968
12459
2705
15213
16256
16625
12067
8438
17395
6412
8477
10670
15326
16277
8673
7162
5038
13228
12853
17838
8680
4200
13407
7832
6332
5835
1464
16798
8841
10008
599
10253
13140
16394
649
13495
4759
9773
10150
13809
1637
7361
807
16333
4743
3167
1838
14130
16276
5171
8730
12927
16171
16721
383
4641
14896
11910
12468
16316
1500
11488
7806
9734
17035
11151
9450
17299
10536
2414
17145
6535
1293
3544
17551
8155
17408
17412
14096
3255
15618
11771
16990
4279
9819
5237
2281
2277
271
813
15346
2772
3242
11314
11515
734
5635
3428
8836
6015
9872
8249
15950
8768
15850
17264
16973
3003
15957
1266
14177
10128
5515
17548
1934
4357
2264
5477
15073
9898
15681
3938
11228
10168
4536
6200
10690
4715
1288
17783
11487
8349
14173
17401
1075
742
363
15384
6714
5261
3568
6670
10969
6989
8365
16622
2419
14646
9946
10376
11619
3235
11708
10559
16777
16017
7689
2382
211
14525
4724
11438
7891
12698
2394
9674
4979
7925
16008
3113
6329
11244
2766
906
9276
13906
15551
3094
15859
1725
646
17136
10389
12633
6915
3967
913
10466
17385
6562
10334
14908
8803
193
792
14724
8839
13844
15899
8237
17104
9159
3906
8279
1744
2203
4586
7938
2527
10656
9536
2358
11297
14282
7903
17072
16002
15026
1552
5324
1505
15408
6955
16908
17221
9752
1998
1584
14777
2765
8660
15716
985
3834
17345
17660
15040
10725
17652
4362
11349
4496
13804
6194
14057
12552
11168
5092
5532
1016
13136
1698
11216
15137
4904
4988
14889
16950
6788
17214
1535
7725
135
3620
5413
12672
10663
15131
4918
8143
16573
5649
5289
108
15691
7797
576
715
9490
14148
17883
15297
1539
10161
13832
14347
15505
166
6272
7929
6383
11987
2125
3666
1061
13344
12224
13125
15684
12623
5733
3289
13256
14417
12298
5403
14151
8838
11699
2083
2810
1673
3540
6732
5451
5314
2762
6475
5854
5337
8159
16334
12158
16784
10105
7835
13078
668
5077
1350
5817
2592
3330
14537
2920
9667
8080
15808
17280
15539
2564
17427
4169
17612
13994
2574
6140
10110
3513
12160
10804
4077
10298
10881
10921
11768
11330
5645
9677
11544
16244
5737
2045
3565
10565
9307
9241
2790
6214
1280
8034
16494
8714
11074
1496
15806
10297
4167
2918
4342
7841
17615
10578
5904
13529
16231
1295
15552
12556
7991
16595
14978
14921
8320
14741
2858
10785
12802
16582
1011
12696
10479
14118
12694
17776
2080
13608
1878
12925
1184
11227
7111
13815
810
630
6170
11239
17466
14283
17272
4729
1458
10135
14721
13796
16702
9113
6027
15433
8229
13321
12485
17360
9496
14430
16602
3276
1446
13607
5861
16656
14153
17045
17127
15852
8912
11178
4218
3097
5746
12090
1853
16815
14614
5648
14462
7625
3155
15579
10816
5588
12833
5401
5317
16183
17572
6407
10309
16938
9239
10094
16216
9082
3924
8372
1709
14018
8310
6565
2895
13789
9900
1420
13689
58
16464
3694
471
15621
14992
5445
14088
5080
17544
1410
16693
7756
9468
120
1313
15029
9501
12211
8967
11481
9681
12519
6602
15141
14506
10467
956
10396
1144
11322
7397
8435
14806
3739
569
10562
5605
4118
3575
13401
17356
11174
12581
12867
9598
12072
1491
15828
4021
6420
13733
4280
16785
5754
11260
16402
15447
566
17892
6365
9027
14017
14216
12813
11700
8897
2300
7061
14423
16390
12746
8773
10682
8596
7508
11294
7865
11040
17119
12371
1046
3534
5821
468
11447
11954
3644
1444
10304
8708
7032
5935
365
12504
12928
11969
8798
3044
17311
3106
16633
13739
6568
2629
5803
6471
9042
16262
441
12915
12766
4465
9471
2239
2008
11375
15654
15634
4705
3687
616
14140
5810
11752
16970
10205
17672
1810
17603
14342
6453
10159
14390
9466
4836
1951
1445
9945
17087
3835
12830
11569
3322
4028
3926
17782
9668
9829
9841
16461
14952
17605
6440
9457
11671
17267
7914
1104
7669
5903
11712
10905
11378
13845
1360
15969
3503
4326
1389
5730
5050
10523
7142
3684
16252
1470
8440
8615
11779
9857
14348
13345
3104
4303
4856
5932
1110
6484
8396
15252
13554
4195
2136
1368
9147
1489
15332
5860
6350
6836
17202
4744
11350
995
16836
8126
6816
8558
2681
13406
11134
13821
9624
7132
5336
10910
17004
6811
2928
408
14333
2410
14566
1803
16145
2832
3084
14122
11198
5887
8956
4996
16021
11050
10675
1561
9719
12103
15632
14649
3902
12228
9547
5190
6936
7744
14141
5574
12063
353
16106
4594
15354
3312
17798
6489
8536
4119
5213
455
15148
708
11763
12074
13271
1497
14922
12270
2725
2603
14579
1405
12194
14939
4889
213
15503
15722
16079
8059
11395
11334
8116
14875
8401
1058
8128
9385
14793
5434
5834
9919
523
3591
3150
10748
15718
13215
9698
4246
13778
868
8186
5723
6624
17699
6868
13091
3732
12824
679
15174
16265
5673
6806
3450
5812
1239
11032
16851
12240
10728
14044
1474
3268
7173
4486
15138
4883
12157
4838
4321
7102
2347
6410
638
15088
12473
10162
3741
922
10119
6899
8872
9768
11508
10017
2953
13990
2230
8677
4530
14302
270
16297
4949
3702
2094
9096
10613
10702
1697
9293
7515
7871
7638
53
9458
6395
15755
5020
2255
5516
12070
11049
10111
16698
1711
7125
8502
8745
11346
13096
7271
7608
354
15059
11609
2219
13315
7202
12801
10277
9297
17894
1898
10275
6951
5298
400
8814
9513
17409
15669
17483
9951
14288
9180
10943
6537
15376
15715
4210
8844
10643
12931
7485
7771
2408
3416
16868
3425
9231
17137
8941
7979
4504
17654
12269
5524
706
2005
1077
16104
490
6008
14923
14934
3421
9448
2477
17719
12028
10191
17225
14642
3045
2099
9899
2809
5223
13675
14229
17757
2523
3823
7493
17236
16704
17765
14048
4163
13483
7307
9972
7957
2409
1366
4453
3579
13664
13638
11947
14482
15568
4181
12600
248
15012
16388
16150
1780
1335
13941
8904
11517
17646
16763
5026
809
13258
3592
8916
13725
11582
501
12597
11475
5511
6093
8019
6040
16578
11798
2941
1068
5695
12736
15805
14988
12656
10860
1576
1641
3802
7631
9191
15709
14056
3836
8618
7370
12652
5418
11562
3746
1199
4844
9089
2208
10026
10699
4781
12478
4843
4317
7207
1009
1787
1412
10276
7590
7728
11753
14711
4783
1385
7524
13521
13364
3500
13899
4224
9463
5117
1639
7932
15270
15998
17074
3495
11770
12162
5328
6112
11467
2116
3985
2624
4932
13436
11287
6642
12374
1439
14072
6826
14491
10036
8374
12670
2844
13775
12329
16366
5791
17638
14798
12994
1423
28
17864
11759
3145
2254
17200
5870
15819
2969
2992
13552
16435
1757
16599
4553
358
12729
17728
15694
10264
9094
9121
2979
8855
3665
14745
13342
8120
14093
482
3393
1723
8903
10071
7791
13366
4662
2816
6962
16386
14176
13452
3582
17764
4619
15002
3555
11688
15383
5626
421
5671
12675
11683
2960
6120
8959
753
6985
8864
11940
14687
15483
12248
11733
5734
14378
14183
3915
2878
1404
2896
15053
8990
13784
857
14871
8232
3917
7447
13213
3111
6280
5246
11027
15638
9695
17490
4679
6813
7641
16800
2651
4468
5169
14758
11513
17205
14956
3693
15909
14739
9246
2974
14987
7047
16492
7738
9714
12975
11369
7670
10142
197
6885
13043
17248
672
3489
2575
10496
9422
3969
3229
15642
10806
3179
3892
2842
17489
14749
15780
615
15259
7359
6833
7163
12171
7742
3548
8786
16039
9722
9985
8047
853
4010
14187
478
16914
10379
5376
10184
14593
8810
7916
1324
14256
14247
10786
8807
12657
11402
2794
7217
9097
3405
9071
11200
5537
16380
11630
17051
8809
2324
5142
7966
13641
15272
12259
331
11256
13072
13890
3562
3218
13011
13647
15355
3674
14829
2003
590
1488
8341
8093
5959
1801
11520
15152
14269
12400
3095
12380
11669
11232
15229
11978
16962
6817
5060
4489
15477
516
12679
7036
3033
17396
8091
17494
7514
8084
5269
7910
6626
7978
16968
14374
5751
3371
2750
946
17237
5748
10658
4784
4788
1305
4385
9152
14833
7371
4062
8697
8665
208
5435
61
8559
3141
16119
323
4928
6854
15400
1907
15951
934
7883
9216
11268
2415
11878
16584
16426
12856
8781
6662
3512
4686
17313
11634
9336
721
17655
5234
16288
15647
17711
15946
12546
1991
1154
7869
8695
15698
17778
14872
2344
12875
8758
5478
15682
8203
8845
2807
8181
15527
17102
10226
19
13238
15857
4292
10474
4229
15419
6845
4417
6262
3721
6405
6742
14252
2659
13193
13457
9831
15121
16131
9443
9889
4325
9248
11055
11996
2370
13274
11577
17220
2069
4675
16548
1860
9456
12402
11002
14438
13148
14916
12095
1190
943
11905
7789
4322
1557
3871
4113
15686
12203
10530
6708
145
11117
11446
9921
11197
4514
8880
5084
17122
1062
9142
8765
6818
6716
6373
2540
86
3606
3052
6124
3475
10679
17626
288
8669
11054
1300
14413
5954
10789
5383
12246
12710
6735
7895
7782
15380
14063
10473
13470
998
8508
6809
4023
6000
9127
9588
5388
8849
9702
17293
6702
16469
14639
838
10935
14507
5600
6401
2541
4961
11388
17750
7437
2906
15184
17664
12537
11240
3001
9305
8497
4369
15123
9289
13164
15837
4154
13761
15787
3561
9896
4205
781
17561
9637
6359
13909
8284
4262
3748
16787
8140
17632
3867
10678
10121
9758
12522
14606
2018
5869
8797
13185
3362
15318
961
8658
3031
17842
7480
7736
15280
8795
9461
17774
659
4633
4916
2748
11825
13408
17717
8489
6779
6463
17789
12335
8530
10013
12935
16152
8424
389
13190
3521
14251
8628
7464
8197
5497
10352
7547
17657
10349
3082
583
17206
2882
3058
5379
15416
6587
1719
12952
11237
7234
16834
4739
4666
13358
3107
7517
6506
10887
7748
1618
7130
7176
3
17701
2771
5085
8498
10
10254
10949
1426
6276
10244
12970
14805
10665
9280
16916
8524
15599
14621
4646
4569
10086
160
8651
3199
7964
8976
178
15833
14575
16273
8698
6431
2961
12550
6569
8043
1316
10185
7743
6130
7509
12578
11596
12139
9240
14161
16255
1092
3649
12219
14824
14585
6172
13037
6679
2557
10306
2236
9986
12507
3452
9434
10028
16181
835
9693
17583
11516
11979
15604
13417
12884
17865
4854
6026
8846
16845
6159
15423
4839
13295
8974
13167
251
11448
9954
14480
6532
17172
2452
17353
7878
11728
3108
391
4660
1877
13791
8511
782
1174
4590
2736
10557
16536
10216
2439
15077
12016
3692
15484
9210
1436
177
4146
13246
14400
1612
17445
14191
2874
12893
16528
15674
7717
1980
8591
3817
7144
2692
4650
12022
14700
17454
8219
7560
1214
14797
656
8048
7499
16465
14100
17146
12062
2947
1222
386
15277
14641
6267
16425
4505
1451
12479
14013
9876
4457
12488
336
5263
9272
9599
10995
15172
6709
11393
14325
15034
17068
12714
2922
10958
16890
15881
9912
5427
13085
15585
3288
5015
16891
1287
1987
9766
4037
8958
5469
9151
3816
71
10630
3949
4377
5430
8361
15744
16137
6251
13239
16466
16745
7816
9534
1895
15862
15439
97
7987
10239
12742
1183
2416
3772
9731
7784
5016
13865
15290
16377
1681
9420
9775
1093
11230
8194
6572
316
9885
8324
1770
10858
9686
3979
12395
9859
299
10377
7931
11867
3228
7363
4712
13948
7971
4973
1059
8045
10245
15661
7830
3541
869
11584
8054
13422
2231
7469
16902
8895
6513
1128
15160
12192
12161
15701
1903
3295
4510
17704
4307
17361
17406
14812
11077
4471
14410
12961
2722
11950
9838
940
6142
11691
12133
7751
12487
2451
13001
6767
9270
6299
9327
14697
8238
6051
2322
4611
4875
2901
7034
7414
8988
8873
17421
11183
8547
2567
16201
14409
936
8543
9146
5829
12653
15234
9651
4801
6695
7780
9207
5177
3135
15410
425
744
686
5059
677
4335
6869
7164
1416
3462
9911
17066
5331
5550
14373
8533
8504
16257
17538
5332
15476
11586
11955
13325
1449
2680
3722
5017
7573
12794
16715
458
16742
6369
5051
924
16869
17505
15560
3390
12029
6482
16888
4670
3174
13275
4815
9387
9266
6449
2123
4396
15161
11965
17564
8239
7432
11390
3843
9745
10616
82
7629
13235
3463
3068
11365
11014
3011
1032
14144
960
16866
8739
13081
5597
1572
14768
870
3317
17658
6566
330
6447
17041
15314
3089
16612
10637
3811
1713
3187
5024
8323
2609
1137
12998
9740
5197
13757
11072
889
10940
17209
16664
11253
493
7257
13391
11485
4165
7658
13601
10553
13904
16011
5714
4206
16470
3764
9727
8367
981
16792
4922
6548
3718
10694
9446
4227
2010
13182
1795
11336
764
4990
1600
3340
7846
2
17644
8978
14023
13760
674
8755
15482
15598
9990
8235
2803
11914
4334
17134
427
4810
4300
13211
12528
7684
652
14215
17721
670
11312
13463
12115
3331
13029
8886
11347
9215
15064
2181
5353
13332
12654
6570
8356
5236
9570
259
2307
10077
3713
6815
9878
2996
5999
5310
7194
163
1024
11099
5679
264
3929
11556
8577
3773
14231
8423
2336
5230
6318
701
14126
2050
12560
14090
9318
17791
3961
4373
5247
2383
13307
7428
1886
2628
9638
2273
14496
15542
11506
12796
1026
10335
11000
9286
13172
5008
15210
8924
6641
7962
964
17056
8371
8459
2432
5558
15798
4473
14240
14445
6831
105
2471
999
16955
15844
4584
13629
12737
14329
6235
10269
7429
5598
7647
10936
6115
2637
15283
8907
5539
1602
1157
15515
7013
17080
2673
12572
1052
17426
7318
1762
1296
4571
10970
6090
8096
13231
5321
68
16101
2042
2863
6741
13843
10519
14178
15007
1660
15600
11120
1548
6508
6654
7665
15609
3349
9019
9167
3627
11451
76
13346
3845
1560
5708
6255
6100
12441
10091
16900
7600
10873
11194
13143
11085
16088
10140
5351
9920
9292
17462
16406
10249
13515
11601
10103
8208
4714
11026
9502
4793
2117
17306
6173
1908
6240
3328
17795
846
2781
16699
6400
300
15536
7268
10732
2727
7427
902
14020
15554
12339
14494
4970
10830
2299
8689
10302
14398
91
7522
13102
2403
5349
13972
14685
7233
355
17715
5994
1079
13138
228
6181
860
16533
13090
4640
3502
14202
17825
3668
5144
4331
14039
8002
11895
11391
6094
14327
9539
16411
14099
297
16937
17211
16391
14473
14120
10962
3096
12641
2494
11439
16613
2964
4058
7555
2880
5871
14308
4952
6013
16143
1935
5066
13842
16673
11509
16860
15350
8183
15720
15608
7410
2814
7319
15867
3920
2349
972
6494
15900
419
11429
8603
11654
14728
12045
17611
2258
14389
14804
17691
5005
8983
14848
9509
2497
6583
5789
9839
8095
17629
657
6127
524
12140
2197
17084
5039
4466
5752
14668
3531
11092
5132
1703
4599
12608
4483
10366
7147
2864
1311
17812
7295
696
15630
10841
12859
10338
7332
12283
4190
40
10024
4455
12031
16617
6257
2982
4550
8170
4723
13010
15870
15444
2155
7462
6555
15047
14352
14458
12486
10634
12097
16725
7521
1769
14486
11973
7936
10636
681
5196
4733
2885
6660
702
1825
10797
15544
10646
1397
13693
13400
4748
15779
1289
6309
15695
9302
7120
4094
16729
13127
3134
13873
11792
2479
12785
8721
10401
7193
11144
4150
10889
5484
4082
4509
11474
937
16574
13472
1627
754
16575
11613
16040
5956
12543
711
17758
8837
4177
4268
1945
564
8532
6188
17822
746
7652
14242
15090
4751
12220
16108
4419
6950
9162
7661
6824
16395
10641
9329
17438
4877
8617
17405
6723
15772
4722
1947
7007
1125
1348
15865
11766
8792
1798
3470
15799
5411
17523
10709
9230
4879
1268
4264
13701
11877
1323
4217
8970
13272
7494
4533
8205
13033
10505
931
9956
10227
17805
11073
13459
8446
15635
17506
6991
4272
14810
3529
2561
7595
9802
4614
4054
8274
17436
15082
12013
12125
8997
16260
15331
14382
5974
8333
11698
2910
6096
10446
5414
6657
3550
5154
10747
12411
9609
515
2825
3244
13487
2169
14598
16061
11214
17573
16490
7858
11822
14542
13126
11095
9931
3298
3372
13482
11409
7954
232
968
10509
11212
7866
6457
1355
17871
9654
14471
10010
16550
5520
14258
11089
11563
9012
886
12681
5878
5876
6558
8291
12391
14955
10983
12764
859
12744
12396
1883
762
15324
14289
2198
4885
13593
2319
12299
15729
9330
11884
6515
5106
11984
5374
8684
4768
14774
6799
12091
10136
10097
10217
12363
16783
11933
13541
588
4796
12206
7817
77
6504
2638
12957
7692
3469
15086
11977
2362
4215
2248
3556
12562
8255
13684
4746
16332
12548
5729
11437
15534
7922
12174
15278
17473
14861
3230
11071
14255
215
5683
5327
3819
392
27
17788
8944
10002
5572
8670
6781
7592
16125
1229
909
13318
7211
4078
16208
1558
6763
7531
5100
3863
10677
2289
10343
7893
3430
10372
2331
16682
563
15948
16038
13209
12387
969
5308
8185
6538
5009
16594
16144
4176
6911
14699
5402
4819
6222
10653
16350
3818
14411
5123
4693
11578
12294
13349
13737
5958
13858
997
3227
8969
9209
16910
504
653
8106
16501
13755
17817
12336
12606
919
5684
11592
1609
2788
10907
1950
11325
11118
14577
16618
7399
12628
1684
11930
3236
11990
9984
814
1301
9853
11457
9407
14703
8705
631
13254
11248
518
1724
1200
2342
3301
4862
8030
1375
5264
4570
6728
11146
73
8957
15279
2886
15924
268
5145
10033
16114
4933
8696
107
3477
17502
16301
3129
16695
2779
14271
10765
12569
6382
3226
5250
8824
3206
5522
602
11681
4789
16142
12876
9886
6650
15316
4909
13764
9350
2558
16130
13200
6348
6334
14823
16519
16210
438
12012
10484
12204
609
14909
6055
2855
2835
11423
4243
15426
17109
9247
10348
1354
3127
5089
7445
14383
14762
16164
7632
6238
10514
17574
7334
9795
17064
7063
3589
1802
13584
10000
494
16325
5701
6956
12747
12542
2981
12081
10112
303
8178
17001
15474
676
9742
4005
10994
12286
3576
10384
9323
14387
7596
13516
41
4371
1549
1264
5993
13153
4893
6666
1663
9148
7775
7172
11116
6769
16349
15360
16367
17391
13919
5137
9804
344
6534
7110
11298
12475
7915
9124
16563
8443
16486
12645
8470
1717
15261
9655
3624
2309
7696
10472
1923
8802
9356
9566
6790
328
11177
16013
8973
12379
6212
7844
3041
1962
3238
14959
3272
14847
16348
14961
3797
14764
16621
12799
6516
3832
1851
6211
15001
6151
6656
3846
2684
15643
784
10173
17808
4618
17086
2945
6668
3346
9402
13371
5113
8158
9595
5819
16628
11387
3422
9881
9436
8428
14064
12433
12296
16789
14729
540
80
6074
6306
2739
10443
5202
13732
14134
6128
4427
359
17129
10107
8678
9379
13
17633
4223
12839
10619
6724
14630
1610
2226
757
13351
17364
4180
4767
3103
9873
3275
17315
966
14111
4541
5594
8144
12347
12933
4073
1918
6072
3621
3486
14076
15299
14886
3122
14791
403
15974
2688
5769
2745
8343
13020
12727
8125
6584
2935
4573
15892
4529
1117
16165
4811
17198
10266
13816
12151
2741
17602
10246
7963
3770
8008
3577
1372
6269
17097
10671
5675
6852
6417
10522
8583
15565
6364
16680
15199
13526
11281
8250
8760
11696
15149
4621
9965
13723
15039
26
14597
6545
1897
16509
5096
13581
17023
13461
15467
13424
9818
717
14036
1025
10624
11794
4684
442
14142
1477
8254
5027
13196
5156
11964
11048
5830
2556
9047
1099
13377
10360
14025
4870
9051
5881
8599
7200
819
11215
750
9842
3342
1925
16029
8647
52
17705
5902
17497
4116
17486
6559
15627
12482
5309
10256
5182
5442
9409
15994
2312
12849
16935
13742
7644
55
7777
3077
2341
15304
2366
7879
3707
10819
6773
3015
12663
2096
12079
9948
17608
17681
15347
7992
9927
10001
3934
10463
6066
8777
11802
6234
8552
7379
15983
603
15165
5823
9373
4980
12977
4868
9791
3012
4564
13603
3659
9339
1686
6430
9414
7208
9906
17516
8025
1782
3530
11531
11814
3278
10337
5195
16645
8318
13341
795
12007
16393
250
6429
12845
15676
8829
7339
17222
17863
8507
1604
11450
926
10373
7671
5131
7393
2127
4698
10541
5199
7543
6347
9784
12355
13822
10151
6076
16015
3506
4440
17780
3377
9371
2205
16933
15581
10437
12306
12005
15688
11638
14590
11761
947
12214
1929
2674
13773
15766
10165
6870
17305
11137
9935
14993
15864
16658
13333
1211
9444
1010
13218
3072
10540
128
17708
1054
2668
110
9449
13393
14213
7758
8061
9733
7478
14722
7627
15696
1400
14343
6949
16887
2970
3703
14420
17092
4124
1263
10698
15993
11836
1394
14616
17571
7713
1512
13997
15956
11993
2597
17576
4081
7124
884
7299
1401
492
17565
3642
8519
10398
139
16657
2622
11858
12630
3720
14609
10582
1000
2837
2881
3360
17622
2583
5012
11991
7526
43
16102
17830
447
15843
4366
13788
511
12763
12820
6467
9515
4989
11063
3409
17303
6160
2845
4383
3139
4829
512
17526
16904
6081
9871
815
13116
11817
9338
279
5940
16690
7831
3881
3901
5945
3454
12019
15179
4835
11466
9299
5674
5479
17557
12058
1827
16833
17233
4690
1779
6992
14306
16495
4049
1758
7255
2469
13180
15424
8476
1188
7160
14857
17751
2441
3504
8390
16585
10480
8913
3876
3962
3396
15394
12660
15135
17265
5046
15147
9809
4352
13918
7659
106
8004
11382
7548
14767
3574
513
5774
3704
1339
15727
15443
13747
16243
10975
14539
8947
17816
16607
1588
6438
5000
9435
9483
17418
2430
3216
14851
4356
3878
7949
17647
15679
3715
4090
12201
1966
75
17736
7463
2801
3532
13002
5666
14941
5936
6564
10600
3211
8715
10274
6834
14920
101
15937
5042
1901
1258
5779
10350
5549
10301
1175
2257
12323
5347
15452
12435
2968
14860
17881
12236
2073
14074
833
5241
6337
9504
7615
3339
10602
4593
1565
12351
4248
15409
5735
6149
1677
5400
17132
9527
6385
6770
16639
7752
3794
11111
11133
9993
8989
7998
9433
14809
662
15321
12111
8527
3333
7533
14402
1716
16764
11791
14317
2792
12428
1097
15223
12871
16475
907
15455
9820
10058
1193
2326
16005
2233
16592
16062
4820
1007
8211
5955
2295
12683
1873
12403
2313
1537
8347
3185
16473
5222
2170
16371
13856
1365
17286
2737
1146
7213
14550
15920
1506
11943
5393
3796
3869
12271
9576
8092
4983
14495
16677
6462
5209
13051
7726
10430
5074
11974
16753
184
15101
3767
1492
7278
12767
9166
7197
5517
17761
3406
7579
14730
11505
1198
17630
1228
1968
14744
17143
6363
16899
14608
10305
3792
6957
11106
8397
5612
10587
11385
4754
14926
10483
15469
10417
9015
5330
14998
15480
14181
9557
8977
10242
16562
13409
4267
8604
5390
13728
17623
3248
16457
337
13553
10400
2360
10180
2321
7000
2437
3963
5312
17253
2978
14286
11351
17296
10548
3049
8823
10383
1896
1080
13744
9358
5947
11195
6325
3670
4274
12215
12772
16074
12316
2246
81
17775
877
5262
5785
3387
9790
5088
2093
13189
7640
16703
848
945
14640
6941
4935
3983
15507
12827
15978
8993
6341
15893
11662
2512
4161
13151
16758
243
2251
3527
9218
6424
12629
3168
372
6720
14856
17239
17250
3859
4192
16982
3250
17534
9316
11929
4295
16513
14273
13893
8153
7651
13686
7073
370
5884
15425
13282
11102
432
3799
13649
6445
11675
13666
5239
14931
2654
7392
12264
13236
14314
4212
367
13694
3436
12448
17452
7623
10130
16359
6117
6119
2893
7315
14223
239
13912
7128
542
6947
10917
1459
13956
12059
4648
362
12837
2086
12369
16984
6932
14008
17257
4451
7820
3347
14737
11037
2514
12842
3004
1181
9926
14929
6703
2780
15042
7452
9726
16138
10497
3313
12659
1306
2993
5709
1575
3742
5580
10740
10387
1858
4354
769
14971
6592
11536
5912
9786
957
7498
6421
8248
3300
1435
3958
15491
12443
7505
13304
16444
16307
16419
13411
14244
15996
9392
13952
16757
8926
16549
10706
2596
13444
4080
12261
9079
16057
7116
8686
4199
13477
14940
13312
1064
3293
13600
1004
12535
5596
3966
8378
1631
5718
16315
13902
14967
17394
2422
11345
17549
11908
2274
4560
14467
14097
2800
3215
14234
2581
16627
13992
14272
11735
17398
6388
6835
7484
17307
1659
12902
10525
9489
13636
2352
14075
3995
15207
611
15660
11424
8565
6822
6218
16620
1344
7087
9410
9690
7209
7888
15929
5041
7812
16082
7581
8702
1613
6091
10237
17090
5703
8142
16462
6034
17228
4409
17219
13595
3399
11804
9103
7951
8889
4562
16747
15200
9345
1731
11998
17465
9833
5130
11660
17624
79
7909
8854
5535
16708
4850
595
1130
9000
1510
2593
10768
11521
17040
17771
17192
4940
2927
1614
11989
3356
16597
131
3087
14259
10716
3467
15240
11992
16832
13596
11957
14226
699
14015
7228
16907
11209
9294
1415
165
3308
7762
16078
13195
6758
5305
14707
15612
2555
3383
12154
5837
8587
625
4791
9139
761
11622
10931
16246
9635
4039
645
7802
12718
1882
9232
4147
2598
17460
14937
5471
5217
13849
7137
16240
6241
12258
4207
15972
16567
6613
8058
5802
12180
12230
2129
2532
1291
9822
7300
12279
9481
5839
16305
11939
6182
571
8804
7078
3366
17252
5630
9621
6743
4452
12527
11463
4378
15265
8075
14102
2963
3115
3952
14552
15494
17428
3877
1111
1408
17268
7837
7011
10456
11941
7774
14561
9694
2538
14395
1320
9425
5672
6460
15811
123
7018
9988
14591
2710
6056
12792
4997
765
1409
17471
7008
11528
8629
4517
12912
16187
7021
2138
12263
14859
626
17432
1616
1890
8982
6653
8199
16151
1863
2276
12780
3593
8121
824
7935
116
7764
9673
10096
11408
4669
592
2022
12172
12017
15708
9989
1508
16511
17684
8342
2023
6490
16192
62
6432
14544
2544
14688
12383
15985
11301
11749
13247
14479
7557
7326
17359
12900
11782
11477
10345
3676
16606
14681
14098
16504
14895
11326
2283
4485
8819
4765
7500
12619
8806
5382
11270
266
3973
1932
14881
1807
7874
12393
5604
12918
6827
2068
4966
14578
2098
10681
14179
5851
16384
11062
16083
14508
11922
16668
13947
11498
7719
1608
13022
2354
99
9114
11553
9120
10465
9738
4186
612
13692
13145
11636
7426
14274
6448
3252
2903
1434
16412
5618
5162
3280
3604
6007
11585
8266
5405
11697
16218
11335
10801
10419
10194
6253
9776
9709
12404
6437
9264
2691
4242
10825
3404
5696
12910
10738
5719
16499
7970
10030
8529
10879
7303
12750
1938
673
10904
3511
9393
4260
8616
8856
16734
8639
8901
1924
14010
1221
3922
5245
16771
13657
3547
1337
6282
15919
9022
7246
8778
3418
6540
8063
9893
3191
6102
16405
9497
14586
15603
6037
9037
100
9545
13421
3686
16988
4930
4998
3868
7828
11096
7845
4047
12120
2757
6874
9354
2173
9040
9961
4876
7794
7676
10461
8292
8526
11100
5801
3292
2987
13621
6310
17826
13839
5534
15605
7853
5638
4702
3466
4736
14440
16080
1562
10167
3290
6729
4515
8930
9630
16881
10942
16036
375
13263
5037
404
3778
2467
13713
15707
93
3204
10413
10041
827
4524
5985
6598
6176
6995
15456
2683
13862
691
7528
8192
9774
13704
10213
14281
1131
17687
11909
2304
5343
6246
7788
15835
12534
606
1671
13217
17694
13749
11465
4461
736
4122
13729
4776
5346
14470
16676
14705
17618
7396
5763
13537
8010
3441
2387
13731
12891
3988
3999
63
13867
13278
1384
4333
17034
1967
16496
5444
804
8769
7152
5028
851
17662
6838
2665
4950
11187
2679
3893
1053
12695
10937
7734
2353
2660
1028
8472
3821
7026
16322
5593
9671
7942
12003
5896
14297
15352
903
9864
3751
8742
1862
15225
8393
17329
11834
14672
9008
11317
11590
941
17404
9724
3898
16821
16030
15923
5410
739
11059
7601
14132
586
4444
6567
9220
5259
14799
11471
5637
6797
16957
12232
647
16979
13846
7444
9500
12046
13088
732
10955
15168
10100
5240
4680
2195
8352
6011
9144
12424
9411
5311
6772
7704
6250
1040
3968
16363
16713
14299
12121
13097
433
9052
4370
967
423
11605
13634
13173
4652
2562
14676
8338
3186
15139
9753
12464
2852
6004
16552
3419
13688
17852
6273
136
15440
894
8389
14626
4863
14981
6177
5208
10146
11042
10581
5181
1447
16583
12717
15113
9987
15212
8922
3886
12585
2121
17191
10787
15939
5661
17582
4403
10903
1241
8962
623
15997
14006
1162
6356
13928
2775
15037
13310
5846
12579
1740
2282
5103
11218
15741
11052
10102
14447
17850
16591
15912
6185
16975
5272
1720
8717
10527
469
5446
5627
15588
17312
10088
2721
13907
13429
1913
17340
9680
16409
1134
5021
9744
4939
2937
3533
10838
4845
8131
15620
8032
7997
6594
3912
12895
3091
13640
5995
11490
8286
15875
770
13592
14622
15949
2492
17592
13683
13866
5294
8467
1152
5302
14368
13392
307
15106
13160
15403
4182
15041
5531
4305
14254
10179
9123
6521
3455
13242
12843
2418
13824
11157
10215
973
15914
1634
16221
3762
8448
7365
5795
14505
9797
8752
14165
4469
2957
10959
15127
11491
9359
3918
14312
9396
7012
5251
14324
17455
7108
13062
4420
12372
16298
9781
8622
15115
12134
14627
14879
13754
12676
3560
6021
10368
17591
11122
11723
17098
8736
16321
15246
3219
17043
797
755
10200
15186
2496
7599
1871
7877
4851
5072
2163
6036
6921
6216
16921
2897
10327
17089
14650
6744
15832
15430
14935
14116
9225
13123
9845
10799
2732
