6486
8374
1460
14512
13382
703
16812
14706
5297
9861
12789
4919
10351
652
11242
9881
11957
12736
14795
8416
13752
16965
13178
1545
13529
5876
5807
2988
6170
2339
44
10487
8780
10616
16331
15967
14950
15886
10769
14154
13258
13167
14763
1086
911
17097
16912
12004
14862
12298
10016
8769
13115
14476
2072
223
2062
11323
13333
6812
12901
12806
13025
11564
5193
4787
10185
487
304
10365
14234
7381
11331
17701
9863
4318
3458
1807
11611
16041
5834
7260
10756
6888
14233
1988
2739
8607
1171
6119
15344
17546
312
6318
14101
14695
7686
7753
7680
3008
12100
15866
3622
5575
9266
16717
8279
13719
1173
8575
17392
881
15199
4960
16326
4315
15107
11935
7614
1778
14980
6007
11667
10056
14599
2386
15166
3782
8706
10381
5435
9338
4452
8261
8752
13131
5429
13293
3659
17686
9170
12792
2011
12473
10519
3155
9230
7563
15759
5000
15334
6814
4962
12130
9013
15422
459
10486
5868
12435
16070
16544
9326
1867
14460
1640
16405
15378
12380
12195
5719
642
16503
1388
12078
6445
9290
13242
11007
4784
15363
14629
3313
989
11111
160
1188
7875
4526
12767
1080
14478
14704
2886
16345
7320
6433
8466
11120
12611
14357
3336
12313
4400
16798
10087
13745
8335
11893
1391
9225
16200
17727
6122
10393
1784
6427
1615
4595
9860
7913
5857
4259
17220
13231
10110
8041
13168
6669
1546
3487
14192
13933
16588
14674
7964
13739
7298
13471
9665
6381
17681
13187
8278
6447
2587
5300
15654
13434
5449
2631
15952
9020
13570
6366
7074
13088
15672
7810
7638
5965
15099
8832
8801
8620
17130
1412
583
13488
5328
9810
330
9726
16513
7339
14459
6265
11014
17201
5372
1384
16003
5530
17242
15708
6477
15919
11586
12083
11992
11420
2708
13514
10020
9161
13207
15705
13114
4799
15081
5924
930
11414
5693
8354
2018
17648
12273
4926
8089
7954
6850
2754
959
7677
7360
15415
14988
15155
7492
1816
816
13761
13817
17249
10289
13156
1700
9824
3075
3845
15745
9129
8327
3968
4016
14366
5612
17473
14309
1195
12122
11470
2098
15150
8615
6544
15195
8746
2318
2468
13556
8217
12598
3959
7784
10450
614
8123
15638
14652
15027
12094
3684
16860
6463
16610
17246
5744
6059
3533
2084
15782
5411
17842
3662
4362
762
15716
15389
17090
15733
14869
11247
8814
2131
10055
17408
1828
10890
11496
4081
9132
17365
11500
5238
9541
5866
15065
16160
15365
9585
17263
12434
1105
12520
10607
12002
6647
10660
13412
4856
12560
7756
12862
16724
7001
3927
14029
6922
3700
17604
8961
17131
7663
17530
12433
733
2041
14676
8333
17241
11890
8914
16374
16570
10258
14936
12526
5707
1660
12643
6865
6324
9226
7802
2077
7645
16006
10300
11840
4197
10678
15291
4997
2197
17597
15574
3508
4077
10195
17816
4373
17855
16362
14324
14299
16273
9112
10294
2602
7306
11632
14342
9853
6470
5228
1760
12362
1217
16689
6334
1556
13882
11461
222
12340
11030
15675
2998
9120
14927
10232
16598
4637
5350
13712
16031
9838
5590
2865
9612
1308
6727
14786
7437
16194
13679
5294
14731
10940
765
9232
12480
13138
12790
15357
6424
6113
7863
15437
7879
5311
10379
15463
4214
11689
2818
12269
14042
10384
3843
7039
12030
16583
12311
17417
14465
2598
2410
2753
1927
6831
6672
4367
12548
4666
17456
15040
16738
4123
5211
9410
12741
16672
17561
12206
2724
2460
14680
8263
15294
15227
14611
17142
12224
15123
4833
8656
14433
12432
9906
10101
13772
15676
8264
16755
8899
12112
514
11844
1981
15138
12710
10425
15385
5157
10088
5163
3277
15457
1788
9282
6367
744
5738
14998
5079
16571
1718
56
4909
10252
4725
5714
17339
13482
2683
4755
3673
14955
3903
15351
7037
15978
7972
17510
3887
8293
9091
17554
8467
6737
11273
14094
17377
13149
11725
8553
16028
17494
15979
8502
8289
6836
7662
7734
9178
13220
4251
7110
7244
6180
7693
17296
17784
2178
14938
4969
13346
14040
13152
9804
7459
1762
6337
8407
16657
6885
15670
11052
15473
13559
6080
7085
5110
162
6688
16277
8892
4982
398
16620
17446
6351
2216
1119
14865
8861
7483
12828
17894
16254
1266
4055
5357
17158
14175
8897
7058
7716
7222
17497
14563
15941
6333
9564
939
1121
13649
17466
2257
8978
11824
8727
5994
8951
107
11394
6101
8463
68
7247
15587
7776
17449
4082
13079
3660
6725
7702
16311
2027
11011
6570
1338
14797
9508
9889
15700
14404
6024
9532
1502
8188
4340
17395
7361
3554
10081
6774
9134
8879
2398
14694
10356
3039
6134
12267
17622
4580
10647
17711
13910
16317
2189
3724
16461
13630
13700
8286
7908
9723
2816
1413
7713
6004
8441
4894
9350
112
14275
4565
3771
17184
15730
17413
17354
2158
6893
11399
3263
11350
13297
13323
10610
15235
11177
8066
8697
15088
7165
3116
7253
9042
5619
10878
13425
10210
12749
11774
9967
8166
14138
17700
10715
14019
17478
8277
13275
9262
903
11113
10845
12140
7830
7611
19
9989
4904
6847
11732
16377
14966
5375
120
7876
1841
14518
13638
13247
368
7329
3469
953
5309
4381
15693
4441
17803
5147
15003
12563
16707
6977
1724
14267
13609
3231
14452
3103
12183
14408
6412
4457
476
5548
6000
13305
6934
13107
6792
10240
11400
9428
8493
15148
14519
7572
17148
4883
7888
8617
11231
12152
5241
175
8508
12787
7851
5930
2832
8287
1985
5476
5842
8209
15044
5225
14804
13230
3238
6076
2896
15873
12189
10429
10720
11238
10624
5920
9106
4757
343
12328
8688
13999
1632
137
7935
294
1176
4030
5174
4760
11861
16719
14492
15439
14782
1140
14000
4248
3338
4420
2622
9426
9908
477
12293
289
14386
13146
8721
5594
8943
10038
12265
11554
10716
450
526
17331
7011
14719
16034
895
9284
8367
5568
16002
988
6696
9241
17081
15125
6926
6838
15902
4791
12281
6371
9204
15821
8098
1288
11907
4715
10854
16364
7117
9647
3525
3778
2775
4662
6269
15931
8366
10238
15086
17310
5997
630
8704
14210
7706
15905
560
17387
11115
12326
12543
12868
1911
17174
7531
14657
12249
6294
7113
7556
1946
9543
9562
13686
1229
16621
11488
14837
13748
7246
3089
6677
5597
9895
260
13765
10295
9971
11535
10145
10828
7419
12616
1342
6361
684
1341
16066
15875
16639
3912
4633
12416
17537
7932
9716
9514
16691
1884
15043
5116
349
16360
11600
438
13148
16622
13035
4468
15633
11943
9358
12565
8683
11371
9840
7318
10132
5024
9075
15836
16872
14303
2156
2420
7739
1973
12900
13259
2328
5808
15382
9685
12365
4946
12007
3808
13807
7259
13296
722
11830
15891
3807
1722
4923
8100
17163
2828
7446
15607
6408
8159
16820
5583
7034
10452
6898
12049
1150
6712
7471
10311
2076
2391
626
17052
8954
3880
7348
17748
14411
14765
15089
9687
4839
14287
6002
15032
16166
2649
10469
12464
15470
14533
11289
7375
15847
3488
13316
17805
16447
8486
8251
6563
3667
9905
4005
2890
14021
7391
11871
1371
9897
8736
2489
6639
9357
17572
3053
10377
7993
5611
9936
1122
2091
13855
1912
11599
506
1250
11576
8798
6129
5164
8885
17509
11520
9073
9027
4900
11594
7711
11869
15103
3496
14965
4874
4719
16890
6472
1006
726
5236
13920
16599
7378
2589
13620
11310
7582
6631
2212
4979
10362
16282
2270
13288
14564
11104
12203
2888
13697
5687
1633
17198
9330
5065
3056
5240
5862
11001
12719
562
10735
13456
10227
181
6121
17817
6154
7587
1853
9268
14069
15049
375
5259
3546
16932
6374
2833
75
9945
80
4547
8546
5008
6259
9048
4043
11553
3158
5816
4375
11721
17595
2552
6232
14530
9573
10205
6758
14766
15015
1579
7812
15266
16301
15083
13836
5453
938
4399
960
17458
5778
567
15953
7995
1797
12090
15765
13281
3806
7386
2884
4117
2144
2362
978
14556
11702
10606
2989
3977
2291
9646
14859
403
3393
4519
1609
14076
5507
5809
10691
9769
858
17804
11692
17431
3631
9614
14855
13897
4964
15880
14283
12951
5170
632
10390
5563
5559
17063
8867
12382
5018
17870
13934
2559
10062
7948
5689
11750
13498
8564
13243
10257
12052
6021
6261
13400
12479
14181
16473
16885
5660
17329
6869
15159
2543
14664
10630
7698
15350
14506
12834
9096
5070
4628
16793
9610
12845
1218
5642
16232
6925
9678
3330
15372
9203
8939
990
14490
15425
8626
15680
8419
1528
5735
15330
12988
10705
5613
1145
15443
7121
12338
13024
5266
13118
16104
8625
15436
13617
3852
11290
11232
17373
9914
15055
7076
5542
4578
12126
8724
11762
7859
17006
16032
15094
9966
14381
887
4574
10222
6183
5527
924
17799
6133
1031
2113
13204
7309
12886
10525
3454
15692
7628
12080
9964
10667
7014
11602
2213
2172
5799
12619
4429
10663
14286
5037
3441
16566
4803
4062
4722
7233
16162
12454
8045
3835
12625
9289
12744
16646
9381
10376
13659
1093
2964
13147
12648
8689
5292
14933
1000
16803
12047
5130
13496
1976
12665
484
1644
16124
14485
6013
10714
10884
4258
16909
1278
9029
5794
15154
6456
1178
6916
8541
9667
10349
2368
8506
7719
16644
9956
5566
2872
6055
11785
17102
9874
9662
499
15644
7817
2541
10855
6112
14606
8064
3240
3405
11204
189
12451
9722
4025
10359
8641
5175
8997
7412
12733
11424
17691
11515
14358
17815
17056
10118
15565
2445
17671
6409
14805
16048
9540
14771
4201
4607
14041
3135
4277
17531
3797
13295
5335
7710
1095
4435
15283
15358
1849
2405
7708
15137
5287
14261
17278
3306
6685
10008
11975
12743
10348
17360
12929
14231
2306
13767
12297
12264
16439
8021
13113
9644
17406
15116
17540
17112
1261
3909
6522
3344
14773
3416
16310
4164
8081
420
6779
5938
8819
11402
8823
6131
17270
8478
9774
17252
13837
5020
8700
1915
11261
412
6684
16596
1036
9741
3025
4285
15170
5598
4590
8729
11582
14006
3565
10013
4074
13774
14092
9511
11675
13805
10841
3493
7501
1297
17424
16512
4677
4675
2697
16400
13508
17314
5720
3651
1240
10858
10080
12718
15804
12581
11269
5561
3937
15096
1630
10564
6968
15738
13005
13390
10339
9399
12997
5495
5763
7082
11693
7164
8020
17525
10962
1936
17299
16706
11878
8383
12247
1366
8087
16350
1626
4940
3686
11791
1116
8513
15272
13208
9825
14683
9904
2605
5331
17573
7153
4108
15926
7619
2558
9077
2679
12687
5442
15983
2204
12178
16592
9778
6686
2512
13757
4989
3709
1405
16223
17822
16129
5553
6172
17448
8929
17827
15042
3086
17624
5730
10278
5664
5465
4955
12529
6749
13450
5958
6889
14395
14315
5190
13042
14201
4351
6920
13516
3225
17782
5504
7655
11265
297
13460
14431
7048
16325
12784
5272
15854
11112
11218
5310
9976
5822
6697
17222
15456
11110
9219
11297
2956
4450
2987
16365
2827
9342
1158
3741
9806
11390
2146
10873
16642
488
1510
4663
17858
8524
1056
11336
6958
509
2519
10948
2682
1899
11299
16193
8377
10368
16658
7056
12691
8030
16023
8926
12418
2962
14872
7768
10834
4297
15556
8793
1390
10743
13306
11607
15216
6053
13071
11551
10560
13128
11256
1499
10889
3404
9520
13098
14173
3936
12354
11506
5576
5155
12525
9808
15794
3530
14458
646
6465
9263
13126
13966
9012
17592
2616
131
11598
4877
15626
7896
12742
11540
15598
14696
7024
2981
11889
16775
12135
893
9970
8329
10219
7283
3891
12773
2900
7510
11202
2934
9406
3262
10007
5096
16700
496
17634
8662
7098
8019
9142
10516
8424
15761
16521
14398
6464
4973
9754
1561
12128
13375
12308
10629
5522
4968
12261
6315
4432
4604
12390
16925
22
14067
13673
10649
6389
7135
1538
1951
14469
2078
7852
4800
3549
10568
6551
3435
16716
5268
194
12804
11516
9701
6276
11860
3694
12844
12703
12217
15276
4948
1365
5753
2693
15082
8339
4291
1467
17229
14987
3604
11733
10862
15937
4635
8151
3033
15519
741
8589
3073
16551
2852
13873
13064
12158
7197
6741
11657
507
1286
16801
7886
7779
7090
7925
482
8430
9734
16995
15164
8409
9273
12637
12192
7084
14457
8538
8655
16415
11483
12339
17253
6541
17627
15752
8763
6033
4903
14505
1763
1044
16868
15247
11195
2982
9478
11469
7669
9960
17623
2451
15802
8678
4931
5634
9446
11942
1053
884
13050
17792
114
12633
8224
631
1279
571
7924
17845
1900
15818
3784
14017
7884
1614
7479
8133
10814
3079
4192
1731
5803
907
2732
14277
8256
3036
8352
4529
17873
14698
2219
992
12722
15588
16736
12427
6215
14636
271
17468
17326
12175
3970
5050
12040
10139
1941
13743
17043
5520
10273
6588
17437
10883
11427
1207
11418
6748
14265
10181
11966
15023
4451
3030
9395
16089
16951
10341
4592
17575
5478
16189
9055
5953
4718
2617
2502
4105
16425
16208
11127
10789
2549
6644
9984
395
16563
3624
12400
11355
9683
9702
8485
1901
16496
5929
16351
4808
10245
2015
4320
14888
15900
17260
6244
15189
12890
13356
13764
5700
1128
8051
3274
14409
6401
16617
17266
14639
15658
6012
10023
10271
2367
8679
7347
1061
7529
16182
407
5939
14905
13136
2947
17836
9636
4986
1500
9151
274
11696
950
3283
696
11005
10974
5332
835
2826
17292
15354
12677
16674
13506
7990
4737
1968
7065
14043
2820
13976
11446
1422
1376
16676
8008
10852
8622
10140
1663
14070
5934
8418
5516
13177
5104
6500
2601
8881
9374
2093
5578
14701
14686
14963
9797
252
1771
10766
14970
12013
2667
8118
60
3356
12632
9776
5888
3258
12615
6632
16037
14289
15929
14620
10224
17830
957
11781
12904
12042
1923
15395
5320
12144
9452
10156
17512
1846
15052
824
7636
4011
1442
1673
3400
61
8716
7114
4390
12374
7029
15890
17574
3923
4802
6579
9438
5049
5962
11994
5513
1975
2951
11778
9244
3213
16417
14499
8245
6982
15617
6755
1274
1362
4311
12583
4640
9237
10835
14437
1377
469
17445
6217
4627
17601
3540
5002
1446
17076
4404
10818
3647
8058
7352
4793
11981
13532
6765
9699
17502
2851
8226
7261
4416
11279
2497
2958
15685
13364
10036
17764
503
193
14435
7326
16507
14989
2342
3357
15282
4485
6064
2302
7206
6149
3046
1215
205
1139
8623
7895
3114
2019
11467
6636
1690
13040
11443
13237
16449
9654
7240
12721
7880
10409
8399
6360
11
14020
9471
2007
11103
12001
1441
9982
10876
6081
10708
2365
3969
9684
16876
30
10541
7408
643
10076
3763
1693
16649
7495
6935
7170
8768
6532
16005
5754
12774
6896
11099
7984
5409
7975
15401
7275
2296
2835
7120
17653
10566
10095
12184
987
15254
10440
11984
17137
11609
9603
5960
13225
4334
3424
15114
9745
553
15112
3222
11020
17223
10085
16179
1588
12597
9506
15630
11454
811
12285
11493
9445
8599
10811
5624
17521
1803
4328
12210
9691
13399
441
13385
12898
16231
5864
8124
2660
11575
12521
5184
16997
5154
7839
352
17587
9537
1666
11439
8807
14152
16278
17434
17689
11303
6509
10342
12600
12775
576
14586
4841
8440
1810
12871
5419
13632
17390
16539
17732
10850
10651
6220
12320
2037
5565
14939
11293
2175
9695
7985
1600
402
5923
6174
9968
13725
4231
10618
14784
4437
3451
14364
17079
14089
6736
8781
14842
3574
14127
4202
14860
14634
7079
17096
14273
17275
16497
6536
16536
4918
16174
6108
16448
3290
12113
15605
14609
10247
8189
8168
11845
4527
10684
2048
15861
8358
16601
11537
7304
12309
15852
5443
8006
4495
11199
13308
15488
12343
913
9412
1263
3704
7044
18
10483
14174
2153
791
852
10893
16260
17640
10179
14929
14792
13309
15602
17228
12540
15136
8517
11841
13335
9267
11835
8957
6010
12017
8473
14142
12542
13392
11022
14969
122
16000
3567
4378
788
2209
11628
17463
14317
13694
2972
3895
4205
13721
1318
1777
1548
759
11627
9019
8119
2426
14418
14591
7458
15249
12968
8197
10001
13902
873
1525
16548
7575
8732
11240
6648
10079
13255
14464
17032
831
17053
4467
2141
5692
3287
8653
2527
13521
6587
7461
13988
3947
14344
12580
2408
12367
16426
9913
1474
11687
7543
15773
17216
9547
17245
1453
4019
1898
14144
5213
14723
1448
8733
9015
6739
7145
11171
288
5667
13685
12827
7804
12913
528
13444
12973
9146
2877
6284
3621
4491
2350
7588
7133
5665
6683
16155
15012
9249
2624
11230
11814
4009
13494
9413
17282
4193
14708
14900
5371
2876
1511
17098
4268
7591
10662
17176
10659
9286
10847
10253
10739
5529
17605
11562
16436
13549
11342
6710
8315
8909
13082
4146
10161
7700
7466
11372
10936
8207
10633
4336
13442
17146
13815
6562
7509
9184
5658
12348
6561
415
4766
6416
6815
1473
13157
6661
6805
8555
7303
2936
5231
3176
7081
2661
2973
6740
4698
14631
9555
4189
6753
15531
12396
70
10477
4868
693
16122
9542
15014
15465
6929
5209
7956
14818
6474
14419
13020
11549
10831
5139
17027
1587
1022
737
14681
1372
10840
12216
15936
12384
16117
17078
15414
17810
17459
9299
11271
12163
8660
14819
17457
9420
3382
1425
295
10627
16073
9390
14168
11374
3371
11726
15874
8220
12156
2265
12006
10644
8803
10190
5394
9618
8212
9277
11054
3997
5064
993
691
12277
14044
5698
8606
105
12649
13579
8703
6882
16742
9536
10717
12389
10439
9727
15258
555
15754
10304
9283
13355
2796
1052
12644
3842
16265
4729
4458
4861
7795
1315
7140
1730
7297
5900
1949
17720
14109
17062
8154
7128
15105
9792
15404
7111
3561
9001
6297
2474
15832
2170
12117
9026
12028
3428
532
4264
14225
4726
10484
6767
4230
394
8756
13422
2546
8083
15459
5401
11292
9346
12715
6945
16515
9470
9270
601
17485
11790
13500
15064
16186
14951
12791
4284
10433
7281
358
15281
12705
11904
8498
1213
7506
14621
14498
2977
11176
15413
5631
8735
3186
6442
9661
9919
16067
4732
10764
17210
6894
5189
11836
13464
2052
3609
5588
1486
6995
8941
3485
9709
11742
3193
5056
11352
3953
13330
2585
6816
10965
14238
7464
2164
6127
14847
16084
4501
9171
11277
9242
3049
17272
8457
14206
2069
1567
4313
10562
14645
9868
12622
4710
9389
13905
27
12746
9522
10703
11047
12655
198
16329
8000
5080
15512
9704
4453
15368
12330
14835
14984
1083
10358
13013
4540
8120
13760
1299
11548
2629
13826
12978
4473
16096
2251
16992
15449
10988
6787
7564
11945
4835
11181
2829
15366
123
11719
7998
2482
4331
15259
14472
14503
15597
12401
12245
8309
902
8535
6571
13307
11978
3102
6871
2492
2139
6576
4703
14666
11356
2031
13436
4522
6887
2347
9006
4623
17736
6502
17376
536
17235
11370
11392
17239
968
2855
5055
3538
15703
5604
15571
7189
17165
6763
1505
3345
5810
16164
4539
9127
5919
7845
16813
13277
15944
17673
4122
11397
4977
10264
6181
10256
7922
3522
1766
15726
951
7103
13605
13894
9595
10086
6250
15131
16135
15912
8581
10575
3868
15661
15966
7406
7383
6362
1300
12865
15722
9023
17283
12949
10188
10021
5007
10082
12276
6075
13429
932
2402
8753
1562
13322
10243
1196
15786
14594
4933
5791
12279
8963
14858
17382
15026
8344
12796
16935
12574
8233
13378
7616
3381
10899
6527
16843
17789
4913
14481
17335
16939
8107
2437
10313
12678
12881
9037
1423
2136
17484
17086
10941
1707
16766
4305
15491
17848
6302
8860
14565
14824
5103
10061
14137
7793
11498
14644
3595
9782
10401
17347
4824
59
7900
6668
10218
6461
12897
15256
14689
3141
1458
17215
8940
17890
11360
15394
16864
3203
11081
17009
9565
7356
12291
10908
1749
460
12982
10150
1779
6120
7143
9034
10039
15362
7078
7918
12802
14682
15075
6692
9111
8922
13969
14062
4536
2068
15190
4316
8669
12922
3510
10004
17772
16589
17776
3846
2127
15331
8965
284
12506
6526
11737
13600
15930
7444
10367
6992
4029
5239
11006
12280
6452
10599
11699
15257
1312
10745
1334
12036
8567
447
4216
15214
2612
2319
897
9602
11754
1836
10043
17363
16737
10223
9735
9705
14511
4319
14915
1837
5585
5457
5762
1669
4875
7162
10286
17250
5341
8637
940
12075
11738
2217
7317
6930
5887
6073
11050
3343
5663
16546
2623
3464
10157
4323
13414
173
15452
933
11874
12174
15691
10094
13287
14693
23
15715
13755
16794
2481
10938
13797
9211
13750
17145
11206
4204
2380
1964
12218
4121
13111
6724
3264
17483
5308
3995
8007
15202
17596
8969
13366
3556
10375
17427
10887
11079
10458
4748
10829
1547
13781
11651
2749
15803
16625
12171
13038
8085
2312
14456
12536
6524
9890
16640
2645
1515
15323
16761
15279
720
8039
12795
11481
13302
8384
10394
12911
16252
17635
1744
6496
2879
3217
8231
12821
11581
14318
7620
5221
9556
1378
5295
2745
16810
12698
3180
7855
15508
9939
2705
8548
10196
7838
9375
3550
2186
4899
3734
16699
1957
8122
3043
10471
13790
10956
8202
8215
11462
296
5360
6754
6420
216
14254
4591
2438
15667
17693
5081
16727
4811
5143
12439
16867
17004
1725
3973
5159
17188
2514
6608
16538
12873
727
11910
2320
14777
10071
10275
16861
3930
11923
14510
2809
4785
17016
928
12513
8521
591
10284
8979
1498
17433
13939
10282
127
1851
7548
9902
10100
11233
919
6698
11545
3410
2457
15337
10987
16687
4804
6325
13870
6050
13607
523
2518
16705
2483
10130
6287
7905
7299
7182
17886
13846
3894
14811
6574
15106
3244
13643
17661
13759
16745
11037
12121
711
13590
1794
16772
9136
12062
11255
14688
5817
15271
9206
9538
15226
5025
8271
12551
14218
6530
16026
2448
16578
8652
6258
8078
2314
6746
6225
3515
13598
10588
1403
15132
4823
10151
16387
6222
1069
6764
16786
9972
701
9927
10997
5271
17779
10771
2329
10584
15616
17092
2442
14600
17284
8270
14426
15736
10991
16946
5838
2440
12847
10724
13878
14613
5716
876
9765
9070
11578
7687
3147
16802
12301
14776
9706
55
7583
17227
14583
12186
3042
14121
14245
16506
6990
3212
4801
10614
1436
11766
5203
16216
16768
14447
8813
1496
5988
14524
4250
12537
4776
16097
3063
7193
11683
2088
12808
4252
8515
140
15490
10548
6019
6520
9864
5354
147
4304
17313
13956
6955
1965
9427
4273
3139
7050
16420
2630
15713
8291
5382
1160
1077
5389
13161
6347
3423
16397
9846
15895
15427
10713
11137
14742
1891
4219
10551
8284
11051
2931
8427
4524
9016
5191
10545
11021
7747
1694
11311
1852
1060
15619
3461
8191
910
3743
815
10075
6584
6531
530
15234
34
13002
8609
14103
15010
12307
6216
11266
1889
17026
17774
13653
5745
689
942
2648
5985
17747
923
11220
3866
12088
5275
4414
15084
13373
1750
14015
6431
16974
1387
425
17544
497
17883
5741
16007
12364
2132
8037
4911
9202
12500
9348
11665
12979
5541
12386
7181
13449
1768
799
5632
8747
16690
11482
15343
4520
598
474
4292
2620
5990
11179
4554
15586
10923
12091
13282
12370
3389
5756
14772
7962
6595
5603
9990
1233
16996
15620
5047
9278
2466
4053
3905
3791
14846
8125
1125
214
13993
8460
2255
4788
7055
16587
12134
7465
4616
10494
16196
7989
5004
2917
2944
15834
12237
7761
3584
5998
150
612
12059
6895
7271
11435
6410
802
6759
11308
1798
13731
751
13289
4876
15606
3318
7100
704
4783
12197
5889
6971
1509
6794
1752
17851
17839
13863
11026
10168
9767
9118
8290
7754
7878
12353
15545
12610
8976
7136
7258
11547
486
11215
3568
3118
8250
17401
13965
11601
4546
5445
17075
13724
2002
347
2785
3786
17066
8398
1668
14806
13866
17649
11593
16094
11715
11283
15008
14176
11899
16568
10424
354
10646
10886
4282
12133
13930
17709
5306
2087
5076
377
14213
13945
4490
11473
1832
15599
7967
10688
11143
5772
10885
13994
16677
2529
14084
1367
17261
17856
428
8754
1427
5728
674
14365
14135
4975
6902
11922
4360
365
8163
5084
6762
7045
958
7201
3955
13081
8633
14240
11094
13239
6482
10527
2803
13327
1959
9384
16030
563
13044
15889
12043
8942
3716
7796
10689
9737
8464
1495
16531
10074
322
7019
14886
14699
15973
10592
16429
1696
14626
11358
1070
17195
14552
8068
6914
16051
13435
7904
8675
9578
17862
3655
15575
7083
7069
2952
6193
9885
10973
16263
1831
17419
3619
607
17730
1952
12287
11900
2043
13343
12841
3032
8831
16960
13695
10327
16378
5705
13615
5852
4525
8370
16942
14769
2012
2938
13489
16255
12009
511
57
12278
10645
12368
6793
577
6997
7195
11833
2795
204
4257
12402
7697
4836
6978
1677
2948
12652
6489
10788
13718
7679
1454
136
1305
8025
3368
7970
10208
11620
6662
13889
2327
17811
12954
11034
17108
17508
10248
17581
14146
3187
7023
3090
11460
16805
8145
11647
13439
16547
3821
13410
4115
8671
4007
14513
12916
9397
780
12260
4842
3100
6659
10166
11962
11998
1428
11539
13227
9575
15590
4488
5715
17136
6619
5580
10602
14253
17487
14292
17714
3096
5925
13103
16720
13158
5484
12809
16559
8283
3080
15000
5044
5339
4951
2304
8002
12584
17687
3142
6375
14607
393
15841
6467
16242
2740
10964
5141
13134
6226
9867
8063
12717
15559
16564
8082
4570
17841
2822
1770
10338
1918
10567
554
2180
14779
3227
16258
16069
5746
1665
17593
3600
10492
11416
254
595
4569
8712
15095
6966
10117
11100
15805
7658
806
9411
8380
9826
14930
1177
5811
16146
1222
1733
7944
13931
1917
3105
10626
8018
3392
4970
16168
5654
10009
12200
8500
4384
212
1782
8876
9650
10014
12681
14095
14012
6479
5937
3643
3906
2286
7699
16701
9401
17325
10677
4222
10521
4750
17547
11804
10842
8565
15446
16
10352
1126
10297
14027
12274
14125
2712
5628
3853
6989
15535
7653
14356
8728
6426
9352
12720
8297
15504
1212
16735
16376
98
15296
4499
11870
4147
6068
6462
14543
12333
3260
11183
6153
2364
11650
8805
25
8636
3182
17186
13481
7405
588
4089
14483
15589
17479
12642
7480
1953
7809
3113
9670
12639
14397
16443
9583
520
4154
7200
17668
5674
15510
929
9719
3931
4476
15975
14156
9635
12867
3235
7279
11429
1244
14235
13768
6046
7207
3965
12696
6040
4394
15047
10676
17565
12672
6693
4271
10173
17405
15507
7533
3066
13448
15980
11873
9274
14920
17761
15238
382
4806
12045
778
17040
10989
16957
7330
11364
570
17423
11491
6070
6061
1290
9252
6663
10749
8708
8838
7469
9834
17534
13196
13800
8368
13001
2789
3038
3329
4786
10682
4109
4280
16370
13384
3233
10587
17308
13513
15826
7642
14861
14401
9212
8237
10880
1564
11982
1027
6266
3904
5486
14184
4376
10048
6549
4093
4226
12115
2162
11697
4895
7031
13720
13173
15813
3764
17237
7125
1857
5775
14550
5137
5392
3708
3809
5334
7225
9518
4397
793
15572
706
10528
579
2953
16190
158
15438
685
15133
16754
5346
16063
5492
11383
3289
16321
7389
10926
13416
14521
1059
6504
13823
1406
1674
9961
12818
833
14241
7490
4826
17674
6391
798
2409
414
13055
3569
5523
9816
13861
7581
16404
12947
5995
9801
7821
7931
9943
5177
14123
6773
7813
16891
9714
13923
2231
13352
13932
2838
5410
5935
14416
17491
12984
865
15501
10643
17065
12783
10879
7891
4049
14764
1276
10577
1843
1984
12272
9461
13223
9183
4422
16593
14759
11156
16509
2109
4870
8426
6801
10986
645
437
15327
13313
15793
419
17168
14351
8998
2961
13163
16292
13383
7137
166
12283
9621
11170
8873
1076
182
9689
3777
5112
16479
2974
14807
15375
13698
4228
13510
5186
10019
6404
5459
17654
17025
5959
239
9666
6175
17166
13000
8489
17355
3491
3914
6706
13844
6229
16464
5540
9331
944
8325
14350
16227
5261
17461
3333
6436
3397
11268
8884
1521
15290
13845
3003
11327
8096
10491
1073
5012
5074
2322
13310
9729
16057
5713
3611
7666
9928
9926
16076
13188
8046
4158
8117
16202
3501
10944
8190
17420
11221
11758
11797
1683
15846
6804
2799
1370
13280
8519
11362
6209
1485
15838
16055
11955
14826
9715
1331
17369
12385
3536
15428
8052
7593
2744
11065
3322
17755
5987
9525
5703
8476
1504
12559
10149
10937
15640
2374
13007
6998
12025
1037
17808
14161
4431
2194
16988
11519
16533
9697
4087
1706
11532
7416
15701
10119
10963
5813
6137
5881
9686
13003
5552
11107
13940
9003
10836
9590
8436
732
4602
4873
15576
9177
8391
14707
13256
3678
17443
9400
7425
16181
15635
17385
2498
1914
6251
6986
10535
6583
3712
3822
7979
4571
879
10321
11585
12794
15563
13393
15062
12538
937
11049
16859
4743
8140
6224
8993
2869
6931
13563
2054
7933
4481
8465
9072
7224
9795
14832
17028
4936
12111
4346
7323
15855
3638
13344
11559
1746
7694
12023
11276
3387
2690
16403
13059
14585
5586
11282
17641
8518
273
8442
7124
1345
2751
7388
13525
11968
10526
2479
2006
7801
2524
3072
10459
7892
74
1392
6558
8767
9682
4798
10728
12026
3242
15240
8435
7284
7005
3439
10153
4825
16330
15061
3151
648
2893
8262
10537
6825
15051
14711
6278
1291
3484
6666
3769
6243
12872
9467
417
6124
9632
16118
13758
17500
6320
7938
14054
7703
11451
10550
11618
12173
1383
5468
5338
16184
3944
11718
11842
14751
14179
2613
8382
13862
13791
3975
956
8105
17030
10467
5460
14517
16991
9740
4272
10112
11404
1888
10260
830
3380
15121
13184
11341
5779
13459
14873
11997
11325
13077
2907
8779
4425
14310
14194
14734
1309
8355
1930
7834
943
3594
9053
9779
14728
7536
9033
16886
3156
14013
17610
2928
15068
4126
6069
8890
367
4965
5379
6830
10134
5230
925
10479
2949
15284
15278
187
6681
7173
8103
4229
5135
2081
3625
8601
7882
15831
2140
16291
9736
871
184
11882
7236
14016
1408
12431
2035
15851
886
3793
7516
7221
4332
12851
11053
9608
4563
1823
16442
7729
5472
9157
8651
9486
1686
2349
15115
11891
8420
3500
6640
9392
2101
9201
3099
15829
529
13558
13568
11710
3179
15977
13427
4286
17740
2106
11623
3759
10512
2555
2044
8
2387
17205
12215
15236
8295
14917
16896
1501
12335
2056
17769
12554
8328
17652
9336
3528
3739
5277
13738
5963
17323
3320
7030
8912
16478
11012
11638
5069
14566
12145
17099
15246
5905
10597
2458
3375
4163
11032
7942
2308
6658
16270
180
12515
2626
15562
15217
14660
1235
207
362
172
7321
5251
5606
10634
15618
5181
12892
4817
2959
671
608
2939
1993
11664
2615
4892
5991
3115
14576
9081
17352
17041
3061
4342
10306
10216
10411
15076
2755
7519
9454
4200
7632
9370
16416
14075
8054
954
15819
602
11210
8296
6654
8774
15261
15824
11423
7765
8313
9160
6596
3815
5869
7301
15268
5526
17409
9068
12027
12934
3285
10609
2741
12093
14558
4816
16778
7234
14559
8750
5681
13362
10767
10661
13729
202
6288
16924
2906
16941
16760
6915
4651
14690
11524
9207
9925
14368
195
13497
1013
12073
6052
12981
2282
14187
5131
5098
16990
10625
12136
16602
1419
6944
12089
15423
5760
5556
16835
9200
13959
15320
1710
10785
7127
10369
7455
11972
6682
10504
15056
10102
4238
8003
15622
13572
14191
9856
37
15016
10547
12762
2520
4747
12977
4287
16613
10200
1191
613
12304
10229
10371
4215
14954
534
1854
3052
324
14237
14212
11920
17639
3157
3327
2841
2403
7160
14956
14735
8534
6365
11538
4828
947
7210
2757
9065
16245
6782
7994
12448
979
11419
12879
11241
16209
3620
3414
5373
11217
2538
3456
8450
8401
11484
13049
4442
7322
489
9858
12068
9385
11767
16237
6652
15788
16656
5217
11735
17193
1050
10186
8895
1294
13874
15183
7991
17119
6078
14107
3982
6937
1928
16086
3024
16916
4880
1281
14679
12777
10793
12423
293
15579
7035
13546
7513
4865
1032
4630
8525
13562
1657
12839
6018
3319
15580
17515
224
2726
2390
8773
3494
16709
6421
7099
649
15063
6257
13326
3888
17814
17806
1620
468
6238
3312
2544
14584
11528
8605
13588
7656
10901
2104
8194
9492
9291
3130
17341
15339
3661
14750
3425
10497
8654
9143
11704
16842
513
12971
7540
5650
283
13022
2279
10959
16059
16150
658
7667
17669
16525
10032
10293
7059
3836
1622
1136
2486
16830
5260
15523
17202
9304
8156
16235
2341
17153
13577
14489
3077
4797
11802
7936
3798
15615
7902
2260
15359
15127
2536
538
5288
13714
5538
12098
6246
4459
16666
8776
7016
3270
13744
11663
11149
6564
8221
13519
4006
6979
13737
969
16042
10783
7384
14665
12003
17204
9135
15011
2465
17183
5374
9292
6557
7374
5717
4276
2971
15295
380
3256
9056
5926
17058
7397
6141
4714
4395
2287
15989
10639
11617
855
13536
31
16929
5544
8417
2966
11386
12481
619
17255
6430
8562
8028
2133
10951
6199
11653
9456
11346
2528
8072
7363
15911
10241
6650
13881
12048
3630
9814
7576
16110
3191
6435
8244
5911
8180
17523
522
9624
6991
9753
3205
805
11227
13478
3770
15732
12671
2635
5258
12836
14001
6268
7733
6077
3163
13269
17182
3943
10077
4619
14377
2666
4774
7467
6399
5771
3742
2504
10242
6176
13856
11184
15770
10438
12799
8539
7496
13619
7167
4573
16306
17486
2393
8242
6552
13183
13860
2650
7010
15758
5482
2226
14976
10262
9250
6423
4566
5042
6716
11748
9043
4430
15262
10357
17044
1863
14140
14573
1296
13430
17143
775
12683
8799
3029
17877
10894
2940
10041
1437
5033
4387
10636
3004
6231
10595
226
15141
2780
7204
786
15988
14004
10015
4294
10034
6311
17707
16475
16961
4550
9193
16837
1089
128
15947
16068
1487
17425
3373
5564
4354
15943
2406
14762
14906
2154
10287
5052
8301
14227
17089
10057
1117
12282
8213
17562
777
11823
58
1550
4066
17298
14515
822
12877
6909
9519
14400
5653
7903
7633
9144
4303
4612
8385
16950
10952
13027
8408
9382
6599
9049
5531
2359
14525
656
6560
5038
6973
11441
13886
9809
15823
8097
16697
2369
1407
6963
9750
12731
1624
1124
12595
4196
17475
16224
7717
5172
3020
17450
14655
874
16976
10992
10666
4584
12608
331
17116
8863
2781
8075
6132
6387
3571
16010
2701
12728
6664
4805
15225
4879
597
8067
8069
13592
2480
12810
8275
13652
8579
568
15388
5922
15460
17059
17726
17801
10580
5790
14114
11003
8243
15302
4500
9436
9301
4720
17638
9008
2815
13250
15046
5303
7350
12910
3280
17713
7969
1638
17621
10621
14968
339
14867
1439
2937
16246
12760
11442
479
13189
5891
2022
9568
633
4844
5245
3520
26
5909
10093
3490
9746
9637
5573
8777
81
748
8241
17083
11969
14159
76
3801
6379
10916
4733
6419
10701
13642
5567
2142
6996
7612
14405
7567
1658
17106
4165
2196
2805
435
2556
2047
225
10569
10583
9479
13086
10460
16074
14160
10996
16983
8931
13833
10449
2647
15561
8787
14879
5546
11152
13509
5917
7639
13625
5914
7554
3751
1230
15117
3593
4472
12493
13484
2258
11139
17642
4262
14815
5090
3671
327
3293
15779
15963
7996
167
3137
17556
13468
580
1040
16881
13711
10025
16152
3292
3321
8223
8844
17825
9841
12594
1675
16865
2343
7205
7955
7116
11138
13898
6550
15018
1795
14335
4712
1842
4682
10255
4896
12468
5218
7175
2272
15467
14306
11004
3349
1531
9317
12253
10084
6047
9180
9257
11834
2394
43
7402
15961
1783
12266
11225
9388
3765
9300
13047
2506
16307
9509
9584
11813
5870
11148
8794
16828
16014
1156
9285
1819
11499
17248
8953
12079
2297
3794
8228
11044
14580
7824
7643
982
6625
17797
16713
11147
4967
8905
7757
9196
12103
16025
9977
16214
3924
12409
1320
21
1182
15637
709
5051
6280
14717
672
10683
142
9493
12735
17149
7981
5742
3275
17175
7325
7387
15218
7522
9246
10631
17787
9733
9002
9827
5126
589
2995
2036
9058
10641
12866
12562
13495
502
1621
6198
4085
10385
11391
2850
15791
12168
14691
15314
11765
12666
17039
4935
16018
4424
1435
14202
10757
10506
8182
11919
7418
1833
3674
7212
14185
7026
13914
16458
3730
15582
191
6884
14830
2275
73
1527
11503
7847
11608
12138
6151
16234
3183
12876
5706
13543
16333
7692
3111
4051
6547
8184
7769
6163
1518
7683
4398
10843
3958
12645
2878
16075
4523
16455
2914
15731
10920
2373
5525
10091
13917
3512
9866
12449
3711
3417
4508
752
1514
11486
238
6130
12963
11264
14562
4830
872
5092
492
12275
1236
7528
13858
13658
15178
9781
4234
14892
6742
2836
1822
10392
4278
2074
16776
1381
2788
11729
14871
8076
15760
307
6860
10704
9751
12436
11603
2300
6606
10539
8390
17743
2927
16053
16784
17717
1481
10204
3474
11669
13298
1333
13070
4057
6242
6795
7715
7038
17303
6605
11970
6957
8014
1272
16879
2264
2889
1097
5244
1742
15070
5821
13033
2664
10955
12729
16126
2864
1363
16595
6272
9922
4542
15393
12154
5974
5961
5940
10549
7622
467
14415
4150
1699
14392
6976
550
10573
15688
7343
17555
5835
2317
13010
4820
16632
1758
13706
14048
7603
7123
1868
10006
10175
7507
3637
10638
121
10759
5123
17262
7407
12780
6868
1672
14538
2942
16897
787
11635
13888
1532
13176
17600
10054
7431
1566
1809
6162
4735
15466
5322
16440
15090
14839
2562
17381
15
17518
5497
6306
13251
16380
15867
11361
4433
9880
4440
5641
2494
9192
12811
9441
13938
13628
8872
12403
9852
4449
12041
13831
1368
16113
8388
10202
5111
12517
14260
6573
12751
9836
2638
6397
141
9271
5363
14081
12310
1162
14480
1799
165
2149
14276
15034
6016
2593
12966
17768
14479
4180
14230
5395
17630
7032
7002
5286
9351
16421
4528
8363
4910
9591
13462
2897
3014
11985
4445
823
10897
13947
2184
15489
5755
5501
4072
1814
5178
4683
2395
9433
1433
11322
14473
13539
10109
3133
13693
3467
16817
8864
6147
17477
13892
11294
7644
213
16537
11724
12179
7364
16609
4614
14603
1702
153
2030
629
209
723
16816
543
12160
3311
145
9419
4981
10656
13662
7520
3164
17147
729
10848
14802
11302
9988
15712
2563
2337
6487
4218
9223
14278
5562
8004
16560
10480
2059
12425
15652
10905
17882
5133
9442
6750
345
13205
6471
4577
10570
2407
877
15019
5978
7168
7866
11662
10820
11329
12854
8917
12589
10493
8918
760
5291
2980
14848
13380
14647
1029
16838
1098
5787
13036
14269
1736
6732
6407
13486
10226
130
841
16651
14605
7573
16335
16954
7293
575
9951
739
3406
15673
1612
13548
10089
2046
11796
2698
8554
5907
3145
15908
3239
8196
4335
12516
14474
8670
1174
14376
9559
676
2295
4364
2177
3506
12346
1608
11089
4613
9725
2891
9813
1806
3917
7920
4544
16176
16752
13713
14074
6641
17647
13569
3065
7089
6575
13690
9793
15280
7080
16980
14320
7705
10427
12388
10234
13463
2766
13553
16233
9510
9648
15840
5208
163
17583
8598
13929
5270
14200
17271
6660
3986
8280
2399
4756
15308
13458
2079
1347
4068
13058
15432
12522
9297
5986
14454
16379
5302
3663
7786
13499
10495
5269
15411
13066
8102
1961
3146
3207
6545
17122
13238
10265
13174
15168
3472
15970
7249
12861
9952
12915
4393
16785
14931
7203
11136
1649
14421
7580
2122
16528
10752
10613
4660
15835
177
8858
5325
8495
2857
14746
4794
14079
11314
8364
424
2636
15592
15945
13443
9321
12148
2979
12230
12302
17775
2777
9823
1285
15557
16847
8150
13849
11288
10579
321
169
12606
14540
17179
1429
15471
1568
89
0
4572
2628
17578
7966
14575
5424
10456
259
12764
6600
962
15346
8603
15806
10812
3994
14874
4493
8431
8557
12225
17411
8786
16500
2511
10892
16934
5254
1087
6622
3819
8260
17219
2024
2115
12693
5627
6507
9009
10798
10024
3492
8170
16574
3232
10846
12623
4991
4609
1907
17217
6781
8248
1346
286
3607
11760
5661
13794
3802
9347
14561
17746
15293
3942
3748
3215
11490
12651
5671
16430
16071
3296
3753
15764
14809
13880
3818
3129
13518
9593
4359
6313
2644
16895
16040
1526
12568
5396
17230
1894
6604
12647
8528
16079
6809
10784
15956
7835
16714
10115
6096
16303
12254
14910
7547
6918
2103
5505
3012
4211
4515
3552
3738
5299
8015
16887
1635
15585
10366
12153
15157
11126
9580
12415
14916
5118
8816
16818
4901
16947
14526
13338
12116
9788
2652
9743
14162
12387
12646
267
12157
1519
11226
3572
3519
14959
16685
5085
12491
12165
2767
17049
1400
6875
12714
1054
12986
7630
15152
3305
2425
5305
8468
1950
12076
7178
5867
4907
16316
14475
17135
10303
7115
8848
16013
7054
17545
5439
12953
17660
373
11816
11780
12063
3316
6723
17863
8414
5815
5028
11659
10268
16614
3772
12748
14281
11752
12972
4667
2203
7239
6975
851
5312
3823
1974
1932
16017
679
12779
5289
14803
4792
12155
15777
17488
9600
4321
14423
15699
677
13722
13374
12235
17719
4581
11464
10073
8569
15976
16481
6372
9561
5124
2404
14424
17150
2887
11895
7959
13515
13740
10654
12488
13684
8745
16367
15332
11927
16472
3166
5780
13479
15462
16147
10782
14727
15798
6635
3421
15820
8365
4746
11894
346
17586
12803
4436
10958
16072
16553
12492
8433
5770
12577
1613
5633
15728
4377
3210
1354
1476
2033
3009
15492
16294
10761
1172
6679
3723
7941
16344
5833
15500
500
464
5145
2311
17045
9405
6540
789
9468
16723
11192
1939
2338
8057
16857
9279
3021
10445
4810
15387
13708
3220
1455
5144
15433
4065
10290
2397
8784
1997
14010
16188
6829
4917
4388
15165
8022
17733
13181
4889
9339
143
1323
3939
12219
6788
2238
3342
4301
10555
4187
15024
6674
6158
15906
812
16989
5317
3874
4406
5636
9574
13440
1303
4001
3016
4101
8559
4809
15809
16921
6611
8802
8868
5831
10263
16207
17203
5349
11755
15609
6115
14500
14453
2411
5512
14617
2382
9459
9995
6328
11229
11876
8930
5702
1780
5321
11027
1557
2608
6263
14375
11901
5749
13061
14877
5282
3437
12824
14078
10192
12895
5399
11385
5150
8219
13640
4691
6203
7872
10165
8432
16375
3473
17813
9762
6848
2706
5774
8563
12241
4461
10945
14312
3123
7219
17048
7849
13398
9156
8916
8696
4255
3035
2716
14130
1634
5430
14662
3869
2228
8311
3479
3175
3022
15984
14209
3733
15058
7676
17000
6638
16039
11999
16262
17745
1811
7315
13320
12334
16688
6577
14700
16527
3444
8373
14713
1084
12476
15167
4047
2247
4396
2965
12482
12614
8438
12607
6883
10635
16088
11340
2
14341
17285
82
11911
16519
15903
11931
8160
15974
12912
7808
6713
62
11730
9425
17259
10106
5936
6841
6234
1414
6279
14947
2750
16261
12164
14429
11061
2333
13922
17696
8642
3498
12944
8137
13726
268
72
13990
16218
13727
3471
10152
5800
8403
5670
12737
599
1560
14953
12936
14270
6649
12673
17857
10925
735
9209
17232
1512
14889
14527
15477
11566
11862
5554
10317
15816
2500
6335
16557
6109
5045
7101
4963
8421
15681
16871
12289
12725
3827
8677
3883
9983
1679
12546
3224
16413
9169
9117
7180
17480
12682
6861
8797
9031
2082
278
11375
8452
16508
10895
10042
10515
5285
4338
360
11784
610
14996
5761
12604
1584
17557
17786
794
6009
2769
6165
7695
3453
13092
4225
4136
3434
9948
14560
6594
13351
6190
1648
203
7736
7185
13958
2592
14205
16628
5768
2325
5227
6156
4988
13944
17704
7474
14656
17548
1606
8304
15315
3626
8828
3861
11272
1404
379
8883
9386
13043
11046
4579
5102
8055
3779
3586
3502
4480
8908
11510
4383
4168
11315
3526
12590
10184
15776
5764
6734
9220
9586
16424
2422
7928
17254
8350
6745
12960
10591
4275
8471
11563
4139
13736
9337
11964
1919
9981
6087
14332
9594
894
3194
1520
7146
6811
16615
682
9718
8088
3897
7731
115
16744
4143
10696
16796
15239
15212
5736
13409
14031
17211
3291
2926
7344
4054
11859
1426
2651
905
16431
7545
2225
3251
12745
7286
9460
2280
6451
7217
6434
13985
15476
9097
4267
15483
9551
11965
13538
1190
2916
8316
1539
9078
7319
13608
15198
14071
392
16535
5083
17319
7251
4888
3553
6270
3110
7118
16999
15163
6308
6585
4409
10838
1237
1793
10415
10193
5912
7404
13106
232
1246
17739
4080
2423
1155
3999
1490
1627
14667
14326
9499
2224
2814
8047
5694
1287
9953
9710
518
2289
7354
9280
7457
12107
6970
16081
6518
11892
480
936
13135
3960
11703
9463
9166
15399
16462
6617
16494
12987
14778
7493
605
14523
2432
17398
6443
2476
6235
4753
3269
235
335
12472
1033
8619
17759
4530
2157
1264
15702
9462
4927
15398
4827
13825
3557
1517
16320
13053
10144
6071
14147
5452
12952
1969
11153
15232
8896
11417
17015
16653
8627
5801
13200
13285
6458
14840
15461
15311
6607
5827
12263
14767
6093
3532
17379
5830
17460
6440
14753
17798
8252
14387
8497
11642
4676
4033
3273
15101
2685
17337
13321
9345
14973
12455
16128
11633
3950
11249
13623
3732
13353
9313
10250
5206
9790
11986
11971
16402
11521
8238
14668
4650
15790
16332
13089
16726
16392
5739
1142
3804
3504
4312
2689
9789
1791
3714
4938
8574
13301
3658
9343
12238
13785
551
14391
9994
17632
7722
17760
7333
11076
882
14658
10246
16962
11178
14343
2315
13029
8877
14256
13676
246
17570
8789
7877
20
16696
5406
7623
11929
8852
10903
16767
8043
5176
5652
1655
12010
10097
10664
16807
17128
7723
15001
15441
10816
16410
6646
3254
10113
7844
5477
16389
14616
16229
10546
4934
14052
15424
9924
12995
14284
1544
5668
7960
9041
3618
6555
5977
3640
12909
2412
15950
539
11509
766
15263
9323
15482
28
1839
35
4745
10214
13524
13621
7138
7242
5212
15412
12571
10673
13571
3470
8032
12371
15828
13394
11284
4657
13264
763
11409
3011
17304
17498
9901
5425
4052
15645
8936
11523
10741
5826
10652
8470
4516
8571
9145
16061
12697
1704
6082
9402
2542
1529
15524
3101
16831
4322
3388
12021
12459
15093
4943
12074
3230
3378
11674
15629
5503
9799
2746
3108
9329
11164
16428
16968
15474
7641
3093
15521
11819
1477
5899
7999
13890
8458
1483
2241
17305
13975
9047
8970
13816
2200
14946
9
14601
11140
17110
4356
9954
11777
9254
15560
7794
16116
2449
1386
15185
7846
666
16226
15367
970
4555
5117
5767
1397
4343
17628
6834
1041
16967
16156
10207
1231
5659
10209
359
9887
13877
10729
3204
3993
442
8395
11577
12011
11223
7007
10563
15048
2057
8632
5886
11928
13618
8629
8701
4869
1463
1307
17234
13989
776
13083
4098
13533
3854
7358
91
10435
8093
2844
8360
5996
13461
6743
15187
525
12447
320
12631
15406
15567
6949
8920
12535
1314
13143
9898
5699
9829
8674
14567
5967
12257
4176
2894
16721
17874
16683
2762
12325
9645
16441
8871
15391
5091
38
12191
5721
17697
7961
6623
17364
5336
4212
3117
2346
2385
15299
2920
440
3603
2665
10047
16809
5447
15450
2515
12233
13974
11896
13754
8111
3679
15342
8902
8234
6138
15207
7678
3648
5255
12295
12996
6303
7268
11825
14663
15924
16667
16579
4881
14091
14912
17101
5792
16127
3803
13349
2000
16749
3223
8149
6166
14992
3265
15161
14436
13132
13104
12699
6057
12051
5413
914
14226
10333
2880
1065
344
2659
3876
15409
16884
4551
2534
16634
2728
10430
1219
15475
1925
9269
1885
17302
4389
5017
7652
14082
1565
5115
1543
9092
4615
4370
7290
12756
4568
463
896
11786
1873
3824
7417
665
6459
11858
2058
690
6194
4496
7327
1410
10801
11019
681
4971
14649
4763
16708
17051
16489
13419
1838
14340
188
15364
10748
10197
14198
10124
1948
13386
16268
12667
399
9109
15734
270
4067
9190
8594
13379
13762
585
14904
314
2301
17336
15627
13372
11811
13469
9660
7190
3578
12466
7701
11091
3820
6336
8772
6778
14659
8726
7532
15741
3448
14588
2783
6913
8870
9599
7018
9500
11854
5324
14983
803
15858
16163
12656
16594
15381
2950
17543
9557
12239
14361
421
3221
15842
15196
15769
5380
11134
16328
11655
13779
7930
7500
8645
848
12547
4503
17218
1047
12256
1167
11194
11677
9582
8542
5273
3697
1701
12000
8177
12102
10040
12930
17590
17613
3457
14911
7542
12324
16396
13661
3682
14417
6539
3885
8824
17807
11712
326
3478
6227
2710
15180
14208
12998
13108
584
15252
14329
3581
8392
12483
3019
6492
8310
2383
16327
6714
6428
16336
17834
2462
17853
3850
10910
7398
5463
11753
13961
12626
3668
15659
6839
12110
15059
16119
7798
5122
5863
7848
15865
15173
8829
8216
13171
813
9935
8749
5885
13368
1002
371
3795
16747
85
17527
9576
16275
1091
17338
1578
10865
17629
1671
4567
10600
3261
2642
16698
1637
12582
2932
12118
17085
935
1593
622
12221
3201
9398
6164
7586
9783
8691
13997
4531
14637
15584
9248
16986
594
5071
5545
4987
1967
14529
9732
4233
5220
7598
10502
8146
41
17107
13268
8379
3717
4166
11471
1306
1275
15669
8672
1208
16663
7122
7759
3896
11749
16049
2313
14944
3865
16412
11809
6136
3543
8566
15593
363
2152
5752
10669
16679
11228
3928
3719
6356
1910
1445
2014
7738
5898
10325
16394
5777
5832
12211
15228
14290
1214
10518
11180
4127
13159
3418
17104
4521
16352
3160
10796
10623
5643
7476
9933
15253
1123
12071
12306
3350
13709
2763
11335
16149
7635
17584
5849
14068
12932
12840
827
2770
644
6694
10503
15611
15454
15876
14866
3234
8198
14370
12700
745
5968
7552
1039
2453
6475
7921
7926
10111
11717
4454
15497
10211
14451
87
8695
14596
2234
3173
13261
1185
8585
5467
16142
4599
12985
8425
12882
13636
7829
3402
4073
2922
7751
16556
7307
14307
11550
6985
385
14838
1916
6972
13229
17178
16466
11208
11224
12223
641
5216
12014
12695
6114
14055
12069
12176
15901
4167
5156
17785
15909
17849
9080
5456
1748
14488
13657
5183
17896
11155
5256
15631
14466
6239
1977
15526
3401
13021
1643
4886
1728
3325
11344
13139
6094
13155
9915
14115
9987
6126
8434
13292
6853
3725
4246
15843
14808
12357
14096
11989
16665
13770
11387
971
15907
2721
3120
17499
3374
261
15017
13004
16554
6283
1157
5010
1030
13428
5893
11071
8331
4288
15621
1720
2344
14610
17612
15487
8300
1785
9757
1074
7267
3811
17452
12959
15374
7017
14504
12420
14102
918
7688
5860
10315
16015
176
5913
3981
8911
9985
4419
5980
8785
12437
17012
16286
11544
9631
17019
1267
12544
2901
8590
16287
8994
16878
17716
11720
14166
14232
12713
14825
1418
16353
9125
258
4693
15517
4028
10534
15864
12208
3236
14249
3649
3134
11160
14756
1038
11916
11897
10791
2633
4349
14724
3783
16944
16501
11543
8222
9050
14189
3092
3462
1631
11810
2143
10154
269
3249
6454
16804
3833
14896
10443
4412
13626
15612
2723
17010
4190
6642
7748
12974
10709
17190
15993
16437
2625
9316
3990
5948
15020
14614
1277
3419
1920
7053
15050
10163
12444
10417
17138
11557
5119
2691
13286
2021
15143
4120
11106
16476
2331
13946
5365
12077
11938
7497
12395
817
201
12658
13646
3992
17532
1209
12393
11925
4709
700
9696
7155
10123
7555
13656
861
12638
5712
5162
15857
11646
9391
9786
4597
8827
11036
4265
9069
17091
13868
5120
8411
16313
4893
8406
7910
8650
4912
5473
1575
10668
17072
13056
4863
4867
17505
2933
436
2797
5743
9911
495
17349
639
10947
17462
10670
3705
3615
8348
3605
561
4358
6776
17370
764
15318
5283
12137
6377
7869
2919
1462
7837
6169
14768
8511
4557
2632
6582
17393
3211
10529
6339
17164
16718
9652
9845
1715
16444
332
12406
10556
3664
13031
1507
10322
4131
12629
11731
3831
2195
7707
9588
8013
16956
13116
13942
9396
11117
13235
10619
13084
2842
1592
5685
13119
14217
13046
16203
12359
13883
792
12680
10954
5171
11798
6777
4263
12684
13663
9760
4897
4309
16806
1590
6378
5957
5326
7949
4641
13544
15205
2991
14487
4857
3676
10198
16423
1716
11536
9693
11643
14541
1893
9938
5330
7314
11626
17244
10727
14314
3268
11707
4355
14132
13505
3507
10967
8319
308
13109
1599
9521
17177
4834
8049
17695
17893
4339
16883
11072
3106
10236
7296
13575
14259
14229
2918
14822
14182
1358
11474
9490
1776
276
6628
10863
14793
8949
3198
10543
6441
17029
548
9794
1642
14444
9515
52
8630
159
7441
7227
6388
11795
4851
4300
5850
16450
10581
11542
17833
10220
6821
17327
14578
16664
14035
10320
4702
12621
10407
3097
4434
9045
7036
1493
13067
1551
9044
3169
10231
5196
5242
557
1596
3703
1494
15416
4149
12246
16922
13052
12024
7088
4593
15408
11016
8356
4078
2513
3005
16790
12530
9435
14928
14619
6329
1444
6125
9469
7912
13650
17591
6437
6512
984
14378
10617
10853
1328
12906
11449
12567
1356
7550
6529
8944
4631
4410
12726
8592
7184
14383
11057
2643
9822
8113
10143
17071
11570
8175
2233
13986
10031
8898
17046
1909
6056
7763
12352
9592
1883
9308
15329
494
12864
7012
9088
17383
6086
11597
15176
13786
7104
13776
8561
9186
16597
17820
10501
10457
10444
6102
7670
12394
10261
10707
1149
1906
7947
1255
7448
5884
10978
11048
8614
14661
401
8174
16334
3580
11440
6067
5026
6900
9862
15431
13850
3208
7774
7512
2017
8480
6312
8595
12392
5005
3789
15458
8514
6316
1259
7345
17103
1586
15568
955
9617
7841
11326
3324
7245
17659
9544
1115
12706
1934
16342
9567
2715
13413
14814
2064
1708
15305
17001
8682
6393
7021
9172
5970
5639
1992
12321
15486
1085
10405
7714
6218
16308
16253
12509
16739
13202
2066
9046
1878
12670
9175
10402
1108
13810
9692
13324
8061
1800
3890
2326
10203
11987
5861
1902
11661
768
16298
11298
7158
13291
16643
16348
10700
14158
13257
13420
1253
4075
11700
2718
8604
11812
6008
16982
11827
9843
5072
13574
2108
12405
9663
9873
10799
12446
13522
7957
3588
17362
14733
17754
17683
14133
12587
10259
17800
12829
17161
15577
8547
6211
10985
3070
3766
51
6476
8545
7157
11158
8249
7783
10596
7316
9361
10437
2193
3178
647
8009
3304
15242
17665
9958
287
5059
10397
10957
12170
11709
6810
3749
15792
13818
2222
1143
2606
3144
10148
15747
5906
2430
17414
15134
13376
15098
2599
9942
14715
16903
2568
8487
10648
3535
5398
13424
3851
7651
8453
6768
1359
13594
15566
1987
1014
7771
6891
11373
17472
6936
8086
2576
6523
3656
12336
8456
8775
3856
517
15812
14430
13154
13363
14427
64
1451
16725
9387
9403
7485
8062
16561
9064
15922
2171
14640
16220
11285
12702
13854
17309
6827
15542
8448
2935
2188
10049
5805
13182
8982
10466
9530
6206
3431
2400
3758
2883
3727
4862
2566
10531
357
12475
5134
7762
6292
654
15596
9639
17667
11527
750
5390
8469
7797
10442
1326
5032
9310
15750
16549
15742
7254
376
15651
915
3996
8294
9907
7606
2986
7087
10679
7929
11956
3548
12303
4949
5908
2034
4655
9121
15698
2417
5776
457
16085
13407
16577
8090
9680
1100
1617
5066
8722
9319
15650
14714
12618
17790
10747
17050
16204
4446
10927
5733
2604
9891
796
5167
3925
14410
3188
3339
5551
1769
8690
9275
11649
7860
14039
10746
2332
7646
13612
8543
11018
8551
12498
16975
10622
8225
747
17489
4517
12407
15689
4759
11244
8282
2908
9830
4401
15041
9429
8522
9930
15356
13051
13266
13783
8341
11561
1924
7152
12926
16998
6304
8680
6295
1210
5647
17682
8765
10121
6196
15992
11820
1114
5158
4564
7923
11411
17317
15506
16558
15421
14921
11438
8210
975
2713
16452
8195
11413
781
4266
16045
13299
6255
15505
15653
5673
4483
13019
10806
9247
108
17675
14243
9036
15608
7868
621
10773
9394
9728
8693
16251
1284
17723
3991
178
5068
15636
16158
10299
4744
8717
17643
17447
12641
15429
15573
1198
15097
834
11610
10882
3726
15273
3666
9857
15124
17594
1298
3177
996
13567
15810
1947
7366
11118
10305
1958
4279
472
8162
6449
14403
11465
15656
7864
17522
14642
99
9871
5895
4235
5984
15237
2020
5348
1616
5785
9688
4270
1667
9549
11029
15149
12167
1468
16046
1802
2067
5252
13341
7560
16791
2582
13702
6221
15135
2155
16024
2063
11463
4999
9025
12299
14884
13201
9028
13348
16324
11097
3372
14740
10942
2073
10228
6673
10030
17185
14843
1313
1396
3855
13710
16641
9439
15530
7179
3867
4380
4976
16445
5475
7376
14982
7842
7971
6460
14997
13908
6624
14551
9700
8741
6322
16681
3505
9787
3314
10000
17361
6879
3127
2595
11875
1204
688
12634
2603
7443
1469
4060
1536
2111
15735
11502
17838
531
16834
4221
3475
10468
106
10296
15057
12613
2695
1380
9039
2854
17397
8173
47
8139
434
11187
117
4159
2674
11722
9101
17524
8204
13554
6330
16877
9488
13692
7438
8663
11313
1011
2765
2791
5023
11406
16078
1471
10069
11512
773
16963
10608
3858
3652
1153
6690
7049
7741
16945
4329
4773
12690
15860
15520
12942
7432
3057
15153
12833
6105
3154
1821
10928
3216
5555
9844
9022
16821
8972
5517
17181
12878
12316
230
11917
9017
3945
6201
3541
16295
2384
12421
2452
14455
17821
13879
17728
3551
3069
15221
3755
15298
3646
593
6210
10946
8193
3623
12596
7574
1826
17662
13454
8001
10849
6038
1735
6808
8516
8501
5215
2526
8239
7997
14675
7439
14247
10360
2174
6099
1962
253
4183
909
14834
17251
5418
13691
12838
967
3878
15959
10538
12757
15201
2560
10423
6837
8491
627
6299
4037
5169
13644
1607
13995
1168
5391
15120
17767
11248
11108
12288
5708
6908
795
868
15781
10949
11932
12469
9407
2579
8477
4813
14002
10632
3735
6494
6256
15892
1751
3940
6835
8865
15039
12817
11837
10122
15209
404
7151
8610
15126
15594
782
16637
6720
9748
5060
6906
5205
12341
13345
2100
7690
10344
12786
1130
2655
807
13241
3698
12801
15534
9802
8907
9738
14922
9929
5932
13477
12258
10611
6382
9535
249
3297
5323
8613
17307
1045
11867
2992
11596
9229
11822
14434
13359
6665
490
9362
8886
9376
15537
13073
4643
2223
6747
15649
5202
9199
1049
17680
3354
8945
15877
2761
2639
13336
4107
8634
1682
7521
9763
9791
7270
17840
5407
17773
10686
3911
12452
14851
15347
9123
10697
8332
13493
2548
9494
5726
4391
119
9546
1224
9222
3351
11207
5368
4561
11770
12193
12104
16285
15558
4983
8059
3922
2256
9444
1480
17439
821
8187
7161
14673
17213
13715
14760
12752
12669
13580
6910
7263
669
12029
2010
11529
13541
10354
5723
17854
17832
14170
1680
16703
7983
5099
4427
10612
13164
4195
5438
13318
14913
5656
13403
9421
1713
9011
10857
5672
13895
994
8673
13809
1594
8842
4353
9218
6020
16276
7551
4325
7025
8509
13527
12141
7805
13501
5222
12461
1004
6983
2812
12096
13474
13039
11743
6106
9483
12220
2837
8186
3870
15360
5151
11096
16289
13906
5795
2573
8820
4832
2588
15079
3412
13707
6023
13396
2663
11494
14291
5470
4730
6702
2924
10199
13080
8811
1067
8378
7826
11592
9416
17315
11295
3091
11347
493
2118
5640
6823
16670
4769
4210
15077
9099
10329
5950
8640
3516
15025
2574
12859
11209
3455
16083
11403
7541
1282
279
2353
6950
303
15451
430
14207
3796
17170
1057
4974
11384
5581
7887
1757
1482
3172
11685
3529
6797
10142
7399
13233
11431
15338
125
14322
6386
12636
6117
4463
14148
11961
11983
16751
3150
9642
13591
13401
2990
14710
5243
13312
3398
14442
10860
8804
13983
8635
12271
14003
10046
17506
9363
2381
6091
7229
13734
15182
2310
11843
3774
640
1865
2847
11534
15349
14196
5451
2817
10924
13970
5819
16782
15665
14163
13193
1324
16361
364
1361
2557
860
16618
5608
5839
4090
15310
6886
13452
2516
7720
4236
15419
4838
7338
1847
3422
9014
13491
17442
7187
6192
6417
13531
13741
8560
6565
12903
7280
8071
5278
1895
7223
8342
406
1079
6870
13127
5638
1850
8815
12398
13342
2720
2276
7132
10331
2444
17528
8157
1581
9598
3695
1118
12660
1112
12252
10961
17281
13248
6015
2198
14461
14709
17729
17744
715
15723
148
1549
8183
10702
9604
1348
16154
5584
6469
515
3966
16715
11146
9167
2871
8299
4172
2490
5605
7139
2120
3125
11990
6406
15706
13775
15287
13418
6405
4576
1075
1063
5572
4253
16486
13112
8934
3181
8178
5146
7657
10334
1265
164
12943
1860
1662
13991
9087
2232
8484
11267
17684
2427
6058
8510
12889
9921
15312
15442
6517
5187
5820
1133
6667
13951
7353
7435
2166
504
11866
10078
14971
14224
6954
3752
13955
14817
7631
9572
16304
13769
6700
2243
2145
418
7013
3148
9251
3813
1355
11865
8866
16465
15485
11318
7625
3310
1443
9534
3295
17517
12533
6959
79
2737
5182
6048
11159
17692
4822
221
1569
8759
8240
3566
5765
6345
3303
8330
5854
7313
4208
16863
4137
2614
12609
12653
14172
16693
15317
10328
16994
3785
7546
16019
4448
14190
11024
397
11526
7671
5644
5188
5675
15074
14893
5602
15668
1585
12763
2268
15853
4044
13941
16349
8723
17474
7340
12108
15600
9886
15546
15604
5528
4535
12566
13475
6240
1470
3938
13583
192
10921
8134
10642
17763
15030
2210
8461
10336
13437
1081
12410
7370
17542
4198
15479
12351
7843
5
12463
8443
16271
17368
16704
2607
1024
10050
10474
11951
6612
10699
9236
15054
11073
14670
17334
4761
1131
7800
2336
14214
3559
15478
13611
237
10776
15102
10461
71
16484
14829
1028
10826
10671
12408
5003
2473
13595
16027
9912
10655
1066
1817
2727
3628
900
5095
8073
5804
10571
1576
15033
11572
8306
391
10412
7142
3524
16167
11902
6394
8127
7696
10225
9311
3877
16393
14266
15067
7477
17868
15264
277
13952
15005
3250
2218
3332
1859
13311
15613
15548
16972
7982
7183
12066
11673
8305
2657
9487
1492
3701
2267
13582
9628
9800
8755
3613
1310
10098
17399
8361
16213
9755
13633
13102
1789
4026
8402
3348
319
5655
5474
12231
15927
8005
6385
4492
7760
7423
15292
714
11082
12918
9100
2681
12319
3047
11165
12917
3271
13093
3360
5073
14571
11305
1897
17121
2619
1129
13262
14367
11864
1792
8840
7491
10794
16908
3560
14937
12556
9377
4740
11197
659
1664
14897
9940
9210
11173
10446
5030
8312
14008
2714
6171
13417
2930
12204
7192
9489
8394
14272
17088
12989
3848
300
4256
12874
7958
8343
13179
14088
7640
17864
4207
12429
5105
5397
14632
10406
2335
4751
14064
5896
16125
10640
1589
11031
9849
13490
5093
8657
2168
6355
423
8830
1781
13370
11015
12081
17372
17144
13891
8847
6148
779
11793
2173
42
17679
11083
8826
15444
4905
6513
6534
16151
2968
8024
14925
14882
9676
12022
3429
4644
8048
7934
3645
3272
9475
16523
13354
5480
12724
8459
6363
4994
1260
17214
9383
6495
13315
15940
12227
16120
13639
13842
1754
7302
7553
4088
6566
9505
15783
15304
10447
17289
6771
8357
9851
9884
2485
8782
1929
10665
3967
13919
1295
4245
11457
3067
11492
8128
10578
2870
12344
14486
9440
2768
11805
2839
590
4374
7015
2123
3045
17796
13777
5992
12514
8265
15142
6314
8396
17520
10318
2248
964
16369
15697
4239
14334
10574
8856
6912
9354
471
14881
7950
7141
1450
11328
664
697
8205
11263
15175
15787
11200
12812
12485
4701
88
8878
4020
8836
6
16180
14128
14962
17412
8580
13099
6072
11857
16673
8889
11849
2215
10911
7066
10742
14754
10272
17529
1197
8158
12226
13249
16979
15727
6947
14183
16851
8992
5498
7027
17771
10980
7803
11166
10532
4469
14060
12993
9962
17793
10432
5599
15336
12019
8647
12422
6878
9418
12124
3308
17374
11604
16607
14258
16898
7978
15158
11407
3299
6952
2700
7584
17802
9893
6901
11365
13687
13263
3104
9457
16678
8859
13492
10774
7415
4076
5423
10966
2903
12180
6589
14053
15104
6719
10500
9119
1337
12146
14496
8790
3690
15711
5402
16103
8874
3702
5378
6546
6556
9533
16390
1010
10389
1747
15696
17812
11511
9451
14248
4038
4045
14650
17037
3206
2584
1880
6537
12250
15453
1986
11074
10809
11251
12569
2181
1879
16733
15914
11086
12016
16459
10160
4002
17320
15570
16608
8206
12099
11711
7585
1411
916
1154
8353
6863
11701
3228
11309
3131
9847
9189
10786
11119
8806
10832
17791
4217
800
17002
12060
16969
5941
6177
211
3677
16552
10765
15934
14011
2221
11746
11552
5614
5751
14180
15525
16840
1401
10939
396
4385
14301
5313
16249
9627
14470
15990
5040
5621
9138
12441
12855
4133
10777
14119
3060
16319
12640
15177
5549
7216
10734
4514
8962
5466
12740
5725
12557
4223
16815
8681
1206
10127
17829
10970
9179
1787
2418
2266
9529
10386
3859
4086
7870
227
7166
7454
10233
7597
14975
3555
92
5524
4852
13211
10174
17151
15373
4704
2016
9089
13792
2161
10476
6928
17861
9526
7764
15245
11023
17765
4317
4439
16824
10059
1864
1903
10821
1812
6357
7331
8324
628
10998
12305
1134
14354
5301
9495
228
6473
3926
9869
10103
11587
186
11175
4153
6319
6253
17115
2905
11883
535
12711
6981
11154
7359
13865
9909
14684
3531
4021
7735
14049
4350
4363
10605
7894
13967
168
13074
10044
10347
4460
846
454
6844
7977
9512
1978
5851
16314
4815
5684
17113
6273
7927
9217
14393
446
8449
8825
12664
17375
3642
14246
15778
6310
9643
1409
7194
4071
14373
2366
16933
705
1018
3085
14595
578
7562
7305
13681
4688
10819
3632
2564
15724
6939
7740
8556
17599
12187
6448
10129
1249
9563
6349
14546
8269
13875
1772
15210
17141
9239
2229
16694
2183
3463
4947
5333
14441
1508
14304
9835
17876
620
10817
17753
1966
5138
4680
14999
14313
15704
16347
9752
9356
17367
10933
11915
12523
9937
6044
13221
673
6904
1385
3331
3596
5510
10590
888
10230
7456
12259
3590
8292
3672
146
13408
740
5462
7276
1164
14462
11330
370
6785
12857
6498
3915
11565
4736
7911
17712
15994
1336
16633
12605
13317
1434
1192
10721
3294
9344
9855
716
998
8730
1670
15100
13095
13180
2578
6241
5547
8818
17824
16652
17860
16266
4713
1262
7453
4634
1943
5871
9640
6948
2501
12044
14024
885
6092
9944
11625
48
220
13304
6383
17069
16495
13935
1604
14547
7052
10687
10990
13015
14957
5367
5596
16926
7565
8321
6140
12119
432
9458
13438
3747
3337
4818
14428
9941
13802
6849
17300
9657
1415
15763
3935
14177
771
2261
14977
5319
2447
13198
3799
13120
17878
2028
11783
16109
12617
13125
2253
8211
11775
8817
3170
4307
13041
16161
2969
16312
4184
9796
3447
8307
3840
1489
13869
1071
2360
9366
767
12350
6634
14787
10725
11789
4178
4664
6559
15690
8412
13841
4553
17426
1933
8454
15080
12510
15495
10589
549
10496
16584
2567
1420
13680
3323
9504
7858
4731
156
14568
134
8621
16741
9455
7750
4169
10565
13689
9675
12935
870
9606
16585
16368
12534
2570
17690
3908
702
17603
7043
4575
10800
6167
9312
3064
15313
15998
14073
6802
17400
12109
9240
1147
15648
1625
2038
1107
2776
16143
16272
14087
10045
4749
17192
10189
2236
3059
16343
849
3587
3153
4848
16388
5506
743
14110
15197
7231
10780
77
9655
6237
15348
13701
2507
6872
1402
6921
6429
7589
16008
45
14193
10035
4840
10510
6286
15856
2967
667
2431
5750
1552
3972
14615
14732
16107
16702
5359
13441
1335
5793
14294
16914
389
7241
10251
15297
8165
5856
16386
898
6873
10628
456
11744
3776
5972
8036
11246
16140
4295
9978
17038
12553
3394
3563
8686
16363
4695
6942
12478
12106
12627
7770
10514
3196
5454
7823
6348
17054
17535
13780
8246
7901
15766
1151
16555
15642
687
7836
11573
3602
16650
14536
14569
6043
8340
17644
7724
2530
11680
8079
11903
15325
9832
15837
16305
12005
17321
15682
16279
17580
3503
11190
11453
11161
1062
8447
5880
15964
9579
3720
2298
4608
16629
13602
10382
5152
13273
16269
4671
12524
10859
4135
7937
4558
3610
10971
12312
13062
14945
866
7675
14712
78
4711
12366
6789
8267
8639
17749
2392
11787
7198
15527
8132
1165
7277
8536
298
10810
15932
17884
3445
17843
17207
3017
4684
17318
11366
8983
240
2039
16911
13402
2885
5358
15192
17359
15208
7613
10778
15844
7478
4860
9476
11415
7832
1871
2600
3657
8345
1611
5949
14086
7785
9306
6987
5711
5153
2676
3518
10804
7503
6413
5662
9296
12875
461
15833
16604
4224
7943
10803
8144
14468
14798
9057
15270
9932
1761
13389
6197
17703
3514
16729
6772
10096
15361
13030
15532
2357
8142
10312
12290
11151
8099
11017
17737
11013
2334
16605
7470
16869
5600
4411
2450
9674
2292
1417
12650
13446
1726
9899
1972
17685
10335
7917
416
7269
13432
2324
5951
15951
13782
14961
14288
9766
6548
4639
8853
16373
16418
8685
2621
5414
6783
13271
8044
15595
17199
12837
6503
11436
5543
13018
6822
4368
17495
6160
9668
7919
3015
6188
8618
4058
14726
11058
5094
845
7382
13337
1904
904
8179
9934
11452
11410
2957
692
10066
11213
2955
17123
12417
14593
7766
9607
2825
4707
7342
2792
11745
2124
8479
4327
8971
13197
2704
5814
14402
7379
12771
9168
3933
2053
15825
1601
15969
16102
3497
2641
2508
7634
3023
9491
5892
11412
2858
11348
1252
12057
2725
4985
12072
8387
1597
7558
5511
4487
16654
4696
4478
104
6370
1111
14914
13597
17750
11764
14018
5773
13026
8012
2436
14625
17734
5366
9155
15113
11168
7077
4333
4674
333
17404
11631
11219
118
16293
10511
7171
301
15435
16391
818
16159
14720
997
8334
15898
17844
5446
3929
1840
11214
5197
14678
10754
7889
3863
15671
552
12692
7226
8692
8092
2435
17847
2254
670
96
9261
16518
16668
14420
3001
995
10323
6331
699
13979
16530
11769
8112
2235
9181
4847
5910
15144
9298
2467
9679
10763
10813
16792
3872
15400
6425
17762
9083
12603
1813
9669
7568
8540
3028
9417
16540
4171
16371
16814
13160
13688
14918
9815
17070
2096
3989
1327
790
1537
13339
11062
16959
617
14250
1068
4882
1009
2680
13186
15087
6704
10637
6862
9233
12139
17614
17265
4621
46
6083
11898
5618
15808
7064
11304
11568
1293
7951
5890
10953
13012
1316
14450
7071
10582
2804
6307
12931
14037
16930
10419
2686
6581
15528
9577
3132
3167
3948
9833
8026
14022
912
12315
14384
8488
16354
7250
7682
10498
1602
3838
6505
1503
13150
7914
1491
7608
16572
16257
16170
1101
5489
12268
53
15771
14876
15928
668
725
3706
16511
13641
10316
1369
11952
4728
12470
9888
7965
836
14582
17539
16054
3775
17084
10414
9831
4314
6290
1046
15888
6468
9103
1654
4455
10915
1767
3362
13851
2772
14463
1563
323
2522
1332
16178
3814
4379
12327
14790
3639
10378
10870
12150
9287
5233
15222
16211
16175
3048
14323
1995
2487
15223
4209
8956
6063
4162
11831
1580
9524
5806
8960
9999
4795
8837
11109
5865
14032
5415
4369
16647
6187
1034
7426
8624
15657
6403
10388
265
17021
17287
12842
6919
15215
5087
10943
2913
15982
11010
15085
6252
11740
4134
2299
15066
14204
6321
13682
5786
5082
7827
5440
16240
2461
14440
2911
8462
7660
9566
9477
3359
3762
3665
3241
14821
40
10488
2771
3126
10470
9114
16111
11756
17568
12151
15128
10370
17619
11505
2025
533
4010
10364
17471
5384
11979
458
3964
7091
11713
1220
13696
3979
7256
16108
6708
11946
10029
8707
8084
2861
2843
1058
3889
12440
13252
5982
6598
1104
11771
13637
11216
14544
2533
10350
16636
15277
6157
9071
17837
8172
5403
2160
14338
819
6553
15022
16575
12092
13903
15484
6597
4056
14025
4260
2675
9126
1141
3081
11518
10601
10399
14653
12428
14223
712
15872
5782
5874
4859
2363
4031
797
4601
9335
10104
5214
14836
9739
15815
15396
14164
14868
14228
8950
14781
5204
8586
5781
11349
9616
1598
17780
9255
11779
2137
2029
15029
2227
2819
17636
14394
1268
7300
661
9896
14046
17067
11368
17538
10266
977
606
4244
11398
11075
3841
5246
4114
6956
6267
16267
749
9498
17389
603
14347
12458
651
15827
12965
6722
17073
4046
742
17865
10465
10557
9182
7413
9414
2187
10068
15694
4625
5993
7508
14197
448
15188
17156
17351
966
10802
8985
14687
1289
7394
16062
9359
6791
4170
8298
8938
15193
16661
9641
11556
15285
12095
14319
10770
17124
13121
2994
5704
11546
13411
16100
14274
12198
6488
11043
8631
2434
9772
4920
6508
12372
1922
12497
17109
8869
8738
11448
2787
9634
7650
8986
1223
11040
3680
10558
2491
581
12201
10308
8415
9480
13835
505
14057
4582
13191
5679
8862
13977
3693
11433
2904
11818
3731
6626
4382
16236
13936
9086
17358
2150
17231
7481
2640
14007
547
17268
10288
10017
10138
11619
5747
4821
5058
8101
3229
9074
3121
5201
11422
17677
4254
11477
14251
4293
12662
5097
7468
17162
6118
12814
12456
16948
8974
10900
17020
17564
986
15550
14624
5609
16949
2191
6455
7853
842
13904
2167
15719
8966
10065
8810
2345
11393
2760
13852
9882
7312
9807
6726
11960
12105
17513
11472
10280
10856
10330
13601
317
4589
11351
11193
8218
15231
9658
14545
592
10002
12518
4344
12676
4796
4706
10453
7255
9365
3436
13078
10710
1026
4475
11656
4884
251
10490
1741
13142
9148
5676
9626
3171
4957
15655
5129
6699
5210
17715
14302
4466
2005
15839
12412
16318
478
1692
10355
190
10434
7174
10533
680
13526
17125
4177
1618
2274
16035
7332
8967
3744
11450
11589
11009
5281
11426
14548
17396
11686
13821
13963
5875
7609
3754
17100
8731
7430
13665
1734
4941
15709
2976
10083
6264
16105
9322
17152
4118
8483
8808
13431
13503
9327
7324
369
236
3189
2273
5841
1270
3168
4694
17735
2798
12162
6657
12355
9066
16399
1042
10896
14308
698
14864
1379
16274
7209
6780
12015
12730
14849
15799
14413
12830
3107
8429
5690
8964
13334
12207
4417
9307
9214
4003
4925
8981
10874
9656
15004
8040
11395
15552
6999
12919
1820
3328
3837
2285
11993
7488
4063
1759
8474
5417
14623
9227
10128
17645
4471
11991
4942
6800
11380
3509
8796
7424
6877
9872
2590
17344
12356
15448
139
11644
17823
12438
7395
7790
6993
948
242
12097
13172
8070
976
1558
2376
14432
9812
3715
17240
17469
11316
6516
13664
9437
12487
3521
4237
13813
11428
9527
8108
3983
15309
13730
1555
5828
152
9355
16953
12296
11706
11063
14919
7401
6905
15717
12391
6643
15540
12893
17608
8504
351
12846
305
12848
9328
4543
12196
5416
9558
4622
4438
6709
3696
4079
13110
9404
13756
4456
16383
3037
17018
11691
410
15625
3486
17892
14145
3353
17297
10753
14502
3633
10279
2834
4723
15516
820
11196
14516
3396
7051
2389
16123
10436
10249
11654
14974
1302
13545
15002
8273
13421
14549
10706
16137
311
14059
12964
13279
2743
10508
8648
15171
17117
4484
596
13340
4194
9324
5897
3301
4091
9651
14633
7685
14990
11172
15243
16201
6927
9090
16414
4649
17516
9133
14890
5616
7730
12805
9949
5758
1375
5015
5873
2779
17023
2862
5731
8999
4620
17173
302
7086
2055
3200
7974
5737
7661
17127
16087
9102
4403
7371
6011
1465
7755
9649
9007
13216
16219
5620
4945
9198
10125
8017
12967
17607
17663
9245
17160
2999
4898
3729
7820
11150
13100
5570
8901
10690
15230
6277
1292
13278
16185
11145
11487
3685
16923
2505
8583
3247
1887
16627
9265
16001
3276
17598
14285
13215
8203
7230
14425
16471
15814
3284
8376
12950
16728
5666
2433
2147
422
16692
2577
17267
10396
7396
6191
4598
17617
7061
17293
10005
6501
11641
5734
2003
10507
15578
13331
12685
9694
11905
12314
5075
9708
5759
3248
7334
9805
12213
11077
5491
537
15610
2293
14330
9314
16340
10932
9098
6390
16892
12620
2190
5843
5352
14346
16288
10530
10137
12142
17651
155
6846
15119
16943
3767
8699
3511
409
7003
11976
11142
15109
12397
12205
3688
13388
7758
1216
15169
8143
2252
10851
4885
906
10099
11759
16711
5362
13054
892
6703
13371
12232
17013
5200
14026
17631
15632
6760
16244
12962
5192
16901
12033
13272
7109
10133
11558
9903
11135
12363
5625
1184
9107
14648
6274
15251
1488
8153
2013
7094
16419
11122
17551
8698
6890
10731
11307
14495
4423
8285
4538
11615
10931
2909
13599
9747
5488
4494
17346
16800
7119
6960
11808
11977
5686
2722
13433
8185
1629
13660
4690
13584
16482
8372
5458
6974
13604
12129
8821
7867
17646
11162
10598
5161
9883
9703
7393
9309
12404
8095
1330
16130
3449
4937
13561
2830
11679
9850
9900
5276
11377
16875
13195
5496
9785
9130
6842
8445
11008
8990
6943
16408
8389
9597
3898
7524
4866
16090
3409
2459
16092
9430
12923
14747
4000
17490
10844
5622
17496
5709
8924
5267
11060
3710
15634
5106
16730
13949
3589
475
1304
15677
16243
7537
17388
15789
282
2627
4497
8694
6629
17672
8855
10345
6953
16044
3946
15862
5229
8369
6701
12508
16138
4699
7429
1582
9378
12181
7199
6807
15092
4930
1078
1541
11169
3913
10866
5688
3788
9213
11852
9993
16686
6656
17139
14349
13742
7778
838
13542
9415
5577
16323
9131
281
16148
17031
2220
14964
10805
6376
9030
7042
9877
11694
9759
15147
12539
17718
4372
12541
13915
1464
5502
16567
14744
2086
12661
13735
33
7594
3237
13828
11444
4070
4606
24
7544
8558
867
663
12659
8254
10695
1019
4179
8725
12552
15455
5279
9784
244
11359
11887
14438
11571
10283
10517
5882
16710
810
4552
1876
16198
604
1254
5532
9620
12946
7899
17172
14948
17519
13447
9293
5569
11541
4812
13151
12337
16077
15848
12413
17421
6533
2240
2997
9353
587
10869
1861
11716
11950
6932
1322
5021
3174
16302
15628
11445
10779
11212
16300
16309
5601
7684
3907
15551
9162
10146
14622
17345
7188
4932
2340
5298
3246
4505
315
5388
3161
1
14038
3243
9552
8573
8258
4040
952
15721
3278
10685
7349
2707
4652
6085
11236
10751
17582
14935
2910
13771
2004
12169
9122
4645
2863
6481
14785
16787
4148
4642
624
2416
9630
14895
15849
15069
16874
5509
13017
1855
3570
13872
9021
10698
7494
3934
13406
6633
9528
7106
10324
15553
545
11885
828
6969
7475
4306
12927
5434
3562
11028
16280
9024
9173
11909
17057
15464
5248
353
14111
1963
6880
17333
8050
7780
17157
10722
13788
14215
17133
12561
4507
12545
3654
16101
8851
12286
12727
13194
4545
5946
8091
2305
14743
8968
6728
17353
14604
4638
908
13573
14279
15811
1461
9980
5626
8130
15643
1678
5487
2396
11853
6107
11080
2849
14136
13918
2591
8303
4653
6856
17350
3901
13091
2090
4443
4352
6799
7511
8743
10792
5022
12229
3974
15151
15753
15071
769
8176
17276
16849
4772
15942
8167
5262
1170
8875
1513
11378
3984
6940
13907
8413
3728
4679
11776
3149
11658
2778
17238
13222
16919
5431
8439
14845
9986
13391
15392
4474
7274
8959
15073
5732
16381
4175
11666
2517
16434
12585
1921
16841
15447
10051
11514
2321
15878
7856
3376
7428
11690
16082
15647
1099
5954
6444
11583
854
2182
12188
14934
17438
3088
9672
4510
2281
17576
15740
17694
7592
6088
15863
11708
14380
3466
4365
2094
4012
1247
16382
1905
12490
12686
1738
16173
2496
5420
15352
972
15883
9991
17880
12317
16626
6637
2102
1874
3832
9276
3450
16522
9367
5844
2199
3736
3363
10274
13981
1273
2709
8888
17279
7336
15913
13557
1394
11098
16894
1257
10872
4586
13596
16978
5089
337
15767
7215
4789
7308
13766
2107
12955
1534
4310
16905
16581
10972
12050
17721
10183
16153
13550
1478
9817
12369
847
54
4697
11354
2670
15021
14587
10586
4509
10837
3340
2684
15623
8527
9235
113
4506
6866
9215
5521
4958
9484
965
5534
1991
16984
16438
5921
411
12870
4765
4173
1982
2539
13667
8665
12570
10744
15181
17819
11652
5450
11963
12813
11856
14242
15541
1636
3159
16534
10463
4583
2128
14553
5964
8094
13896
2493
11913
12800
14501
934
11129
17541
8582
863
4418
14932
12969
12294
2354
256
889
14126
991
13928
8591
5160
5280
17881
3627
3482
8544
4966
11868
13530
1945
3288
8214
9894
2946
11388
11401
16514
12131
16011
2699
11640
17891
14894
12450
516
12495
12994
2230
3266
272
15555
3579
13244
12270
12177
609
231
8161
17095
17611
8138
12501
2126
7854
8259
3071
16985
233
1350
13328
14555
8661
7409
292
12957
16866
2610
3420
8989
13616
2159
83
4843
1166
11959
14379
7665
1280
12976
13773
12850
8446
12831
2915
3961
11130
16215
313
826
5249
11078
16259
16487
6857
1506
3689
11421
3893
17060
7727
14448
11881
6017
13226
11379
5903
3653
3442
13778
7945
7577
5989
15718
5036
138
12863
12114
10473
14522
10395
14199
13185
1440
483
1689
3957
8771
8276
16902
14725
4855
8947
9780
2309
5983
7262
5041
14737
4341
11396
16582
12816
16060
5928
7445
7156
5592
7093
17033
3918
1524
3279
4232
12018
14028
11773
12747
5947
4027
7664
6818
3253
15674
13901
2456
17464
16734
9622
5293
2446
3218
2138
13671
8405
1343
8757
13795
12159
8577
6041
13668
15817
5483
13581
11569
7449
7890
1374
974
5879
14774
17422
10058
10298
10758
3062
8643
17258
10326
5034
8253
5536
9141
10983
4102
15830
4513
6832
1479
8587
10191
6006
655
14491
7596
4213
3366
13887
8531
9431
15896
625
8208
17795
8121
15286
14902
12885
17664
4366
16732
1651
5318
7107
6586
8129
1931
4004
8131
17702
10244
9664
6260
14796
8646
15729
6907
11933
3040
4990
6580
5199
3152
9554
10172
10675
1399
4771
6528
4182
4337
10302
17879
3255
7601
14572
11121
12712
11332
5829
1709
1205
16907
13937
5818
16241
8257
2499
12679
9474
3634
758
15111
9333
14063
4534
5766
2284
1908
11698
11002
1148
102
1684
15260
13472
16740
2875
7068
8766
12921
2415
4095
6707
8529
16936
12199
2848
250
8572
10022
3433
10672
4426
16938
14085
17670
10307
8843
13218
355
9272
1641
10353
16858
11584
13635
8628
3810
255
7295
8428
17415
9302
5853
2080
17706
7857
5788
8147
12797
6159
2561
15204
2794
144
1869
1815
350
4779
2271
7615
7070
2050
8973
15845
12770
16435
2758
5840
10935
6327
16172
8932
16893
16591
9059
1639
14949
7351
1729
2719
15031
14857
6271
1484
9768
14083
6568
11235
2121
7649
6249
857
1727
6897
10658
9432
2580
13884
9777
4624
5195
1090
1339
4050
15518
4464
14870
1786
7096
11163
11025
6961
14328
16157
11941
8596
2249
7728
6671
6346
2742
6911
9315
1691
2323
9332
3317
14909
14534
7874
4603
6833
16446
1808
5108
12761
16106
1194
5428
6144
1723
5847
11560
10509
17348
11846
16873
14104
9079
8011
13246
1870
12564
8809
17514
17650
6204
14592
15920
17280
2586
10171
14446
10361
17666
17766
7392
17286
17111
2734
11479
3985
11636
3847
10314
14697
13253
8074
9770
7626
2001
15390
1072
3143
6066
10738
1714
837
183
9503
10092
12242
16222
10787
11792
11319
11624
6139
6655
3010
15591
2611
15275
856
1200
9711
473
16573
8507
6439
12065
8060
2488
14471
16029
13801
3361
9596
7159
10462
2278
6602
13822
13540
13978
4489
498
206
11921
14090
8505
10620
14878
12734
17609
12202
3988
13512
4754
17852
1319
2092
12212
9067
8760
16139
11995
1605
15859
10374
6519
12035
15915
7672
4157
7815
13871
565
5471
11747
2954
8659
5001
16038
8928
3298
10028
7108
3669
17024
7569
1048
16586
2237
11042
14598
9105
4849
10736
12732
6615
6761
12675
13733
10170
8227
124
844
13507
11239
10136
13670
16187
10554
3044
5062
16532
6845
6478
9174
9139
10310
13087
6770
8323
9916
8422
14891
3681
4151
6876
7624
14080
16322
5226
16695
808
17777
15417
11821
4950
14129
5149
9553
197
9764
14422
1913
1790
6705
13876
4502
708
7252
880
5859
4243
4008
1256
329
980
7865
1845
16777
878
8854
14372
17698
11736
6142
5683
1858
10291
14482
2259
11637
2525
15219
4203
6680
6027
1102
17875
2859
17432
11949
1382
3468
1844
15186
12591
17493
7072
9035
5680
7368
4814
1497
7787
4106
16169
1245
15714
9208
1623
724
2112
15774
219
12477
11035
7163
1877
12894
7291
14671
8705
16004
7447
17589
5455
17566
3761
13169
16230
6525
7009
10505
8400
14993
135
7264
10760
9264
6031
3998
2729
12383
15078
13350
4845
13085
17311
9963
14532
13629
5979
7515
1398
2065
11648
4462
7365
6592
7311
801
7988
6917
10167
9946
5535
16655
15371
17492
8322
5823
13916
13830
17722
14134
17818
9837
8351
13551
5031
10680
10712
2471
3829
13784
2867
15174
4206
14952
11495
6392
3760
2148
4777
16406
5729
318
825
17885
7063
16338
15341
14494
17189
374
13528
10604
12519
11531
1094
9605
13593
16915
12465
7861
3544
6111
11343
3513
738
8764
14216
5057
784
16099
7893
917
10542
6756
6490
16453
12190
13535
1258
340
1017
9051
17290
16488
15233
2810
1344
983
2553
247
17114
2618
8496
9713
6037
12123
17171
16682
5469
15301
15985
10552
13329
11555
2205
7791
2472
2441
11281
7605
3379
2125
13470
3635
16016
1271
8229
16855
15513
15536
11591
11333
4629
12630
16913
3370
5327
15987
7257
1175
10922
5560
5107
5558
12849
13037
14406
4299
9876
6054
840
623
6051
3058
4560
4984
17295
14520
9150
9224
4588
17778
13094
6402
5274
16645
5878
16355
14497
15511
7004
3245
7618
6852
9153
10755
1043
470
384
14863
10114
13170
13683
4916
11847
3055
10603
16937
6395
12054
2759
16490
2975
6733
13857
13210
13274
16457
10455
5426
5086
2495
14979
8737
229
9295
5364
7040
16832
4032
13405
13076
14325
6521
14627
850
10380
7749
6964
10003
14810
12768
2899
4767
14608
17342
7668
13236
3031
14799
15772
15955
13467
6380
4444
11803
10340
16239
10904
1211
1698
14009
8155
13909
266
7789
6084
14014
8181
12185
6731
16411
16115
17708
6859
10383
718
11936
14211
14507
13453
12166
5825
14477
356
2673
6341
6233
9523
6098
16401
5019
17
9690
13560
16825
13716
1719
3367
5629
13213
2348
15958
11270
3399
5877
12880
7452
3746
17751
1227
15583
14098
12527
8152
2846
16955
3978
14390
9294
65
13655
6614
6695
2571
6851
3197
11280
7627
10217
7816
10914
1610
8027
7953
8937
14293
17277
6506
8494
13072
17470
13520
7772
5383
8314
853
14775
7862
17552
15641
15288
2882
11337
12222
17288
15250
5304
8199
16748
2672
2061
6803
3564
12825
9372
4685
17094
6189
3612
17658
15503
14047
5557
5029
3517
10267
14791
14118
2269
11590
9197
2099
4658
2668
9839
11934
17105
2550
14061
316
6786
7341
7907
7822
586
16206
1187
4241
5194
11055
16797
7147
17440
449
6116
6543
12101
14257
2985
3636
5316
16112
14831
2351
1756
1955
7097
5678
9165
6179
4298
1745
14167
15870
1432
10750
7211
11243
17835
6014
10740
13057
582
8900
12588
3582
16846
4908
14484
10108
16770
4428
8038
16900
14967
14120
13957
7788
4953
10877
11306
814
3756
3452
6146
4716
9819
12766
12323
746
14443
8975
6228
9061
544
14898
4174
6155
15885
8410
2211
9147
4199
5901
15162
16493
10482
3740
10693
1535
13552
12701
9773
13
15229
1737
1449
11045
15683
3426
17042
7433
1353
558
2840
1329
6718
3465
13732
510
12958
12012
6751
2669
3812
8666
11237
6213
10907
6026
383
8034
14005
10982
10544
5043
13840
4708
15684
8664
11092
8946
9176
14852
5340
8913
8135
4296
8904
13485
8714
14899
14850
11458
14978
13648
4504
1530
16141
15710
9325
6035
2597
12945
7472
3951
15660
11588
3068
3013
6744
6128
5848
17441
14641
16819
6182
3886
6735
8687
1825
7248
1193
4890
2925
5219
9910
5387
3119
12555
9673
2371
10719
13984
4421
14628
15009
15795
14396
8711
15322
15923
5975
527
426
11353
3592
1872
6721
12856
11476
2921
8919
4995
4770
3707
2912
6178
12512
14537
4902
14345
7518
11201
2790
4161
12832
10400
13982
7177
7742
4408
8841
11621
10912
3691
2545
39
10559
16145
7487
783
4610
1431
5669
445
5344
9288
4605
5682
3805
5343
5915
7462
2807
9742
3864
5933
13101
3411
7092
5185
9875
5223
9453
16469
17533
7505
611
12601
2823
6123
7617
10994
13634
7781
9589
12505
6065
15353
7169
8492
13674
14677
11954
4648
14718
17403
11723
2242
542
2756
862
10337
14222
7504
8597
10891
381
4954
8281
1892
5347
11475
15904
17312
4656
16630
12937
3683
126
12248
9497
16228
9231
10868
15184
5623
13950
8958
7463
14833
8016
10281
9502
3591
16882
9303
7737
17633
16171
4104
5264
6414
16808
16635
13358
12234
2824
11695
5945
13097
17794
12194
336
12244
17384
10499
15918
17328
8925
4324
17626
11763
5265
10147
4993
2214
4594
1146
4872
5128
7075
10
4906
6411
15129
9000
13199
16491
6938
5296
12342
16474
12785
13627
16281
8578
12058
4929
4039
4887
3403
13224
13122
15402
8684
14262
12852
13953
864
11574
754
13804
1438
17366
15384
1954
3881
16829
8255
17482
11059
2130
7840
12820
9730
9473
8136
7819
3576
7022
16993
16771
4035
1595
12087
3699
15935
11670
7963
6090
13962
5136
4559
12940
15397
16763
15887
8644
16009
8126
12599
11877
7502
15496
5617
16870
11102
883
16765
4700
17699
16844
2129
11087
11838
11815
15581
16904
11434
9744
13455
14907
179
16468
5314
10418
15549
16337
7486
17454
3459
13314
13566
2379
6497
13175
3952
7385
9216
17014
11262
4878
8839
1960
11069
6152
4858
7294
13980
7310
132
12284
11953
200
13576
12347
1301
11682
6572
11064
9507
17159
429
15957
5237
12843
12914
5369
433
10919
635
9140
10159
408
6030
17758
7732
4646
14923
7726
7499
13847
8845
4864
4099
13867
15146
15971
5250
9082
6343
405
12948
11459
7534
4721
8788
2895
7897
17410
6001
97
3692
15307
15035
10808
6195
15248
14023
16346
4283
11253
1829
757
11850
7883
5009
6143
662
5927
14124
7355
4110
12484
2547
2970
11296
4626
5422
14252
5571
7939
14195
1764
14853
5408
2782
14941
14981
3932
16888
8718
7346
13796
5113
101
3098
6645
9032
16662
3879
280
15893
9010
14298
2808
3713
859
8362
11799
7807
7220
869
5812
15060
15662
4145
6933
3920
9721
843
5481
14255
14099
8709
17212
10441
14958
3326
15997
12750
1199
2355
7621
12823
5515
11912
6515
12798
12243
16971
12381
8053
14672
17129
15968
9973
8533
7691
15807
6480
12445
7235
12990
3078
13899
3527
15960
17453
8915
11807
9931
4261
9517
8272
17118
15884
15515
7095
10270
11533
10285
12008
7149
390
17567
9084
4924
10221
16750
15321
3386
10131
6074
11447
17710
13234
13381
5976
3962
564
8739
11312
2537
8023
13260
1571
15498
11739
15156
14348
6291
17724
12612
5824
16284
772
17402
5355
2413
921
2294
12399
2902
1457
12925
5796
7073
13045
5061
10180
14813
8318
3109
6603
16795
12592
1703
6368
11245
2731
4537
291
4361
2634
3128
16822
13124
3721
16358
4956
5148
7232
9380
15013
11926
12602
10934
11501
4144
8744
6262
6499
11879
7745
8977
4348
15720
6941
14072
15780
8451
3773
11345
17549
5448
13212
15326
14295
13090
17378
3902
6593
16612
5284
901
8608
3257
1856
15037
15267
7946
5519
2688
8029
2370
12120
9569
11381
13028
7218
466
5077
3383
2201
2469
615
14574
804
1516
12430
5591
16238
16121
11278
10292
8952
16212
4768
17725
14651
4096
1938
15797
11958
5016
9334
10067
6828
11066
1466
13032
5697
4061
6601
17742
4124
14264
10692
8795
16022
2662
12511
5405
6620
4470
13217
10408
17206
17243
17247
17859
12300
14363
3862
1092
13190
17077
4371
12055
9018
774
3000
14178
16463
7811
14942
7112
1181
7980
13011
100
14612
4477
16928
5048
2540
10984
12924
785
6675
4556
16136
8758
8734
9004
2554
10206
10523
12674
386
4549
10968
10650
15749
5797
5550
9997
14399
427
16247
9720
13677
16773
9369
13016
299
14741
11671
14388
2429
5845
17256
5121
12826
7538
11287
5677
8988
16134
6173
5514
7871
3162
14705
4015
5027
1755
17264
15869
196
10011
9450
366
16221
15007
2042
10881
16020
4142
1472
3347
12379
657
16056
2653
15529
4018
6514
1393
2752
10454
8935
90
3722
2738
16296
5370
4402
10839
2378
6453
9260
17585
15324
15499
15751
7403
16731
2105
11908
3573
8523
15140
16580
12411
16940
7460
1688
8532
3949
6042
6484
14783
13397
14112
14542
1827
7062
10410
15244
13654
14300
7833
8490
16177
11070
16783
14157
11274
1189
9238
11182
9408
1012
13284
8230
12486
15962
5436
3192
13511
7046
11660
13912
9920
17003
15172
7712
2523
10431
1088
6923
1896
16669
8602
5999
1834
2881
5165
6752
14638
9758
14880
15899
161
14702
1739
7129
9305
12983
6309
16095
111
9159
10867
5539
2703
5381
16197
1804
5942
524
3616
13924
86
1983
13483
12586
12318
8232
6864
14579
1161
10976
15328
13853
1540
5263
11794
491
973
1796
5508
4686
4670
16043
8834
7881
7377
7208
13270
4850
1203
15822
1201
5461
1695
7028
17887
7154
13008
6045
1035
8499
9870
7559
9281
1659
5479
13921
8375
17233
2165
16183
8576
3954
3006
2135
10871
15038
10277
4672
11851
6757
4807
17236
14271
11967
5345
4548
15145
6899
11128
17221
15036
1234
15369
13228
12086
15785
9188
13631
9996
29
12032
3483
6332
16856
16407
12688
9818
11772
11863
17895
4242
8593
11872
13789
444
695
11800
10993
12822
17435
3916
16210
12453
963
1351
5109
14113
10343
3825
13832
3963
5140
9878
3341
7873
8552
2377
16504
7773
10413
11211
15493
14736
16880
1882
12349
6400
11980
9550
5722
566
11090
1998
12531
6005
1064
4112
11157
1805
683
11504
11855
2475
13504
2583
11250
3391
14219
17615
9918
16743
13808
15340
9587
14738
4871
14685
14188
9623
10913
10906
14991
3882
2045
4482
7202
9163
4094
5518
2748
16759
13048
17134
5931
11886
17476
15355
16021
1583
2747
11489
10027
10824
1005
4952
11734
15939
16036
17209
920
8381
12788
14960
16356
17224
5067
11468
14143
9054
3857
14263
15194
13006
6687
829
15707
9811
12426
11167
8910
245
455
116
1248
9671
6994
218
14077
13153
10346
17371
3956
13948
8397
13587
3007
11705
10373
15333
9761
5232
3083
2609
12769
9629
7150
5579
6946
5533
15743
6110
15006
10823
1228
2263
6028
8192
13838
2283
12329
12853
4780
6854
8991
15965
7292
14449
10807
4386
2551
15316
14823
13415
14131
6590
13704
12992
17155
12815
1349
7952
2095
9947
16199
9093
13839
10215
13699
4775
5872
7186
15666
12373
9185
2083
6493
8742
1681
8236
17194
7647
11580
17504
12262
8077
4274
1008
11085
12835
3495
1226
17606
4347
7578
9571
6338
8710
13717
6245
32
17788
559
12147
10141
15775
14940
6438
2874
1523
16648
12694
6032
9423
17087
5727
1574
9609
15938
6730
3440
11817
6205
4048
17867
10833
15972
7600
10026
2733
8033
17588
6354
15383
14749
9253
12654
5329
2535
4100
4778
1937
15539
16398
6715
16931
9619
3523
13954
16545
7525
16483
7172
11988
2089
4944
3
17074
6296
8338
1775
15554
15603
1559
14885
12214
4661
6145
9998
14590
15203
4116
15757
2026
13014
17618
13276
8588
17563
2594
11455
1522
15746
5432
9040
13564
14382
16541
11101
17577
1113
15139
16659
12575
14854
9828
4596
6738
14203
4891
17889
17657
3757
14359
16395
11338
11456
17274
10416
3875
14100
12358
12462
678
12457
439
13968
10513
12067
6230
13332
241
10795
1202
11144
13487
5257
4654
1830
10391
8148
4119
10864
9481
14407
15379
13589
9104
12754
839
4512
17550
94
17756
12549
3844
12034
10930
4734
3816
16432
2114
2702
14757
11478
8512
9923
16114
2943
694
931
5235
11041
2245
15894
15739
6282
10363
15995
5385
6874
17036
16757
15255
7825
14139
12708
8792
7744
11914
4138
4269
7814
15265
3122
5353
2316
15762
9601
8740
16781
710
8349
10737
14305
14165
13473
1082
2873
2040
9570
12980
1389
2572
6202
10975
10105
6483
8800
10875
12
5168
8570
17257
1705
3599
15756
17481
17011
5691
12550
13325
1179
12236
17620
15386
95
899
650
1603
2246
149
10387
17343
999
7196
15300
1016
1430
17035
8778
5798
452
11480
1926
9371
1321
4669
3087
10472
378
5437
569
16660
67
17559
7898
13426
10902
14122
14539
7328
1373
1239
11668
7273
15179
1994
3190
17501
387
5412
2290
5724
6618
985
546
17503
8404
12716
285
4111
2049
9803
15224
1325
7191
8616
7557
3539
8359
8612
8921
12558
12755
14151
1935
10037
5011
3408
8268
5916
5969
1989
521
11088
1773
11339
17625
9205
6236
14149
6254
16619
7704
5952
1687
10070
961
1619
9879
10063
15053
14883
4059
10213
1055
11123
8171
16290
5971
10235
8035
13964
12991
10033
3780
2569
6364
4764
6769
7799
17316
6855
6293
5356
481
1866
16769
2097
6353
12628
16052
2646
7602
3687
14220
3884
4617
5956
10155
3830
16098
13900
5173
17637
13319
11801
3787
1137
15110
13622
5421
3476
6323
11530
15881
10422
10301
16836
1676
2678
7410
15345
9360
728
5651
16058
14589
8288
12532
14311
16910
14066
7604
8109
1109
16520
2060
6535
9379
13703
7390
3358
16889
15624
10732
3910
2288
713
10319
4978
400
3537
157
13820
11918
3335
12579
14171
13651
6824
15737
12689
3377
12467
9113
5784
7831
11974
7130
16012
4240
13404
2784
3781
2532
7272
13105
11788
8903
12132
14581
133
2694
14058
7006
2202
9221
6422
11944
15130
9531
16499
12884
2023
4036
15502
6025
17741
10825
17416
5342
15917
16852
10768
1940
1577
8880
7440
263
11940
11906
15241
2478
9128
306
11432
13300
1225
8274
348
2206
4181
13466
4618
3670
14331
12907
17391
11188
15868
10593
13747
8715
3214
12578
12573
10977
10723
6980
12663
13129
4922
9464
7473
2993
3545
12593
8235
2169
10212
9259
6858
9771
14244
6717
13911
4752
17082
2671
4129
16384
1159
9681
7976
11622
6369
15686
3585
13502
14051
12061
17269
15122
13232
8169
13360
7372
3138
9611
9548
11614
7421
13141
10169
6613
5078
14316
6305
5494
11116
2945
7131
11684
5789
7792
5944
17380
8336
3281
2736
2730
15933
6578
413
7214
13812
12528
9842
15468
5101
4097
328
13214
13848
11252
4357
388
2192
12928
10426
10485
7743
3489
16827
14385
13624
16080
3209
15991
13798
15269
16779
10979
4024
3768
6358
6418
14570
11741
13240
4042
3259
17340
16256
11681
6491
10481
3834
4532
4673
5014
9979
501
