1180
6994
7971
1209
9819
2683
2260
9869
7827
7363
16778
730
17848
15470
5419
11175
915
12699
13925
10945
3572
16424
4539
2185
9295
13330
15761
17406
413
8308
1269
2143
4565
2372
14942
4849
17506
11832
3158
14107
690
3526
2907
3439
3126
11192
12442
8704
1554
4290
10189
14210
1790
17583
6046
4308
9964
1330
11698
3000
10785
7051
14475
13472
8792
10613
11647
17850
16720
8763
13373
6311
15622
17483
13740
9034
9732
8539
9476
14420
12574
6636
17600
1638
13412
16804
6153
8205
331
852
5385
968
6592
8303
9833
15903
14573
7392
1232
13562
1039
8291
14233
17165
10321
15979
17598
2025
10636
3333
6966
2827
5796
10903
16622
8440
16907
16507
9868
856
8150
449
15598
14710
11030
4870
10687
7800
11105
5426
17229
8567
16477
3893
17053
2455
1250
3929
845
7590
13557
2554
2715
990
3060
10938
2018
16803
14836
894
9390
2415
410
16634
4274
15509
1526
652
4380
389
11465
1814
6324
7179
5188
17340
11751
5919
12831
8295
14494
6877
10832
11466
11892
1314
12989
12494
8460
9274
12754
13511
6650
1150
10756
15774
13466
8373
857
3764
154
14892
12385
13193
13543
8544
194
7154
13154
14060
2124
1007
1783
3723
13969
14938
4231
13344
15556
17547
17249
3652
5025
6028
8731
9973
2670
634
17069
15589
3236
12426
16659
4086
10213
3218
11515
13112
7174
9002
16190
7312
10857
17145
7091
3759
14115
684
6842
14562
9473
10624
5694
4626
7232
4469
6012
11016
4830
3559
10324
17004
9103
35
8159
16130
10802
10175
8336
4548
6174
8850
10892
2182
4641
8570
12171
11846
8701
1878
10814
8134
5439
14734
8354
13995
1909
3003
1760
16152
16783
3207
12359
13618
8442
6334
16278
13623
12524
3346
14865
10260
8240
5980
6495
15087
11855
8521
4500
11869
7980
11496
17178
2786
875
16958
10058
4593
5357
13633
17482
1945
8518
14661
9471
6223
6984
10675
1282
1074
14301
15006
7916
13158
6522
2977
6200
9013
16336
1543
16875
4543
7700
17391
13926
17214
5789
4462
5511
11715
6728
5329
4372
14689
2986
208
11941
14286
4344
3787
4055
11209
8718
1320
3448
12750
1482
14577
11440
13561
16117
2335
10245
5033
2688
2573
10053
14055
7650
9254
12488
16131
11684
4721
6785
11895
1897
14957
17439
12865
3400
8836
1089
9911
7685
1773
827
13680
7280
12703
8624
11485
1128
8729
11804
283
6710
13669
16517
6834
10781
12808
7350
3368
12064
3525
473
9315
13111
5297
3538
7924
16391
8983
16269
4430
10598
14326
11351
6502
12891
5062
7530
2317
11055
8050
15107
2551
16462
12529
5622
7346
9396
15736
1846
1901
5538
3586
9595
15406
718
6109
8192
4652
3071
11590
9282
3722
12215
16605
11285
14825
12562
15079
4291
6590
5144
11195
4456
4978
10513
3454
10690
10635
10930
4076
16021
506
16029
17511
5691
9215
11914
14512
7795
10571
15157
6421
12452
12273
1365
5205
2811
8744
14798
14667
14935
1755
2872
2406
1673
3310
14519
2198
8954
8692
3863
16502
7527
14179
5477
5502
13971
10174
14271
6899
10262
1524
17215
14132
3101
8188
251
13968
15765
11001
9898
16217
6048
11163
5695
3809
17320
10411
9527
11103
14460
12178
9070
8728
3009
9976
13723
9432
10114
16736
4777
12739
9472
14352
6787
16977
16075
1920
17252
10673
16738
17739
2902
8457
4223
4466
9957
17111
15744
3950
11581
5718
5045
11700
13890
7494
9559
10934
6752
248
6433
2170
11767
13516
5255
16326
2142
9233
4519
9557
756
14973
14585
11701
9655
13897
17238
2916
100
2853
2637
11730
11993
14293
4760
16976
6342
14788
9378
9498
5712
12977
17115
13732
3741
4281
629
7693
4667
10148
14664
3440
9384
6832
15923
5080
6106
9320
4990
8841
13066
16660
2945
3214
5015
17055
15179
10066
2431
6219
2948
14871
11221
7371
11256
7681
8530
3051
14703
4783
11049
13748
14046
5359
118
5461
2743
3831
6567
15511
5413
15290
6989
10063
3860
4702
13722
14435
6759
5339
81
17733
7720
7064
3363
15963
8625
1080
8526
12674
5680
10951
13829
3161
10258
4298
15005
17044
4122
10931
14429
16422
16244
5377
14005
6208
15844
4196
4886
3522
10509
13878
14108
16698
1178
1136
16404
16226
8231
2568
12737
9715
9359
12495
5821
14725
15293
2859
1199
15801
16987
14474
7366
8581
13197
15647
7516
2479
6254
11677
13774
2806
17548
6735
14583
4010
4802
4713
7184
6410
15758
10311
9449
14227
14855
6006
14861
1662
11132
9832
11554
3576
11079
16800
3607
14592
7155
4246
13020
15821
2171
11347
16337
11119
8424
7465
8866
7764
7454
15328
17039
2193
1741
3257
242
12812
12922
11250
16371
7942
13292
14654
15980
4844
5721
4560
14718
7778
731
3502
1418
1003
3410
17423
15708
1514
1770
14025
6813
14376
8465
3200
3588
8551
1100
14265
7873
21
223
9067
7141
13714
4883
6670
10845
16853
4939
732
7687
6419
14149
9400
10118
4015
14939
17161
13786
12028
8383
8588
16759
12553
6563
11533
2714
8123
6543
15420
15881
11765
4316
8615
1592
9606
3867
1440
9516
2777
2242
10834
5844
13532
6357
13701
83
8815
11299
1076
476
540
16811
13961
2485
12907
6198
4583
1202
10097
14302
11786
9097
17882
9904
3635
5076
12537
17819
15025
4674
15141
14963
15976
11851
3185
14684
8832
4477
3604
8563
12642
10004
11138
15795
1618
5585
12294
17507
7370
7680
5859
4972
2155
11412
15827
5191
46
903
12301
2003
6906
10775
9468
16922
7098
3037
13286
9123
3334
15526
15355
4021
12484
15495
9195
939
17638
12634
14513
3869
3533
6564
4409
1515
15706
10056
3966
6085
16923
13496
8946
1188
13288
11992
15119
1832
13670
17291
11575
673
6726
3179
11394
8439
3294
14020
17607
1406
1593
2365
15964
4761
572
15780
948
11815
8055
16178
3283
191
4263
9876
17274
17126
2753
6287
4826
9154
6833
13656
17407
10752
8286
3414
6734
3292
9576
56
4384
6922
13024
10711
1544
11402
1663
14190
4863
6551
10495
17639
2510
17185
13399
2820
10192
11006
5709
10928
16107
9538
11694
5212
9786
14364
14464
9840
13115
2940
12419
10837
7671
10553
8248
16832
2471
5471
3472
8491
10440
3716
14568
17683
1140
15077
539
9120
12916
5187
6273
12443
8732
16303
10170
14668
8216
3301
15625
17198
9389
4245
3829
4558
10830
10450
15667
4866
9192
11319
6808
12182
13245
10364
2883
15536
5122
10409
8644
7752
4401
5249
1779
15302
8454
16
1272
5779
10283
1081
1496
8890
14621
17883
8084
14213
10391
1596
14208
15690
14387
12611
10801
17405
12504
14482
7257
14006
16296
5311
13384
17073
10102
2301
9477
491
3139
602
16861
11591
14993
2404
6175
5046
1350
5370
511
5219
3021
2080
8183
7630
10684
2738
2047
15458
12460
12887
9781
15763
7659
11542
5998
16135
5648
5930
10389
8160
11077
16822
4862
17256
833
15825
8081
2680
14966
13702
5084
3093
469
3760
16084
17183
14389
15417
11683
12897
15113
14333
17136
4095
15016
6892
13833
11879
3394
7217
17070
14231
9256
3639
16824
8501
554
10377
12933
15678
806
14047
4056
9351
1595
6919
6580
12409
3651
8681
2794
10958
4532
7811
13507
9417
5431
15068
16835
1670
1511
6002
13758
13218
2677
3413
5525
5559
7198
12647
11000
1728
12702
712
17622
13362
2543
12421
3870
13005
16978
17139
15132
3482
9787
1701
6373
3613
4733
5861
15493
1012
2091
1041
13910
4191
12646
3001
7824
14278
3327
9572
14216
9940
11200
17575
3210
7185
6754
8979
14571
9148
14417
6939
11415
2897
7493
10015
14270
15071
11287
360
1803
3873
12837
8087
13839
5089
15106
17327
17244
13703
10716
6163
835
7606
14527
9166
16716
15969
3123
16881
9209
17167
7345
9140
16732
6624
258
210
1924
5497
3437
10082
10980
15720
4000
2020
2785
11104
6676
3432
69
4598
1115
1668
4914
14697
3449
2371
11528
17774
14687
14133
5116
4494
3243
6136
3505
8722
13716
7017
8532
9804
6516
9079
16891
15331
2093
2982
2973
4515
7788
8096
12798
6691
4979
15028
2800
4094
10538
639
16069
1291
8856
3052
2368
4335
16519
9849
9395
16413
11508
12144
3648
12804
5163
6926
6954
90
2223
12559
1642
17792
17286
13718
7598
8953
9932
637
5586
15187
9982
714
15878
1756
4236
12345
15630
2341
12516
9045
4614
13534
5338
6165
1923
11666
13876
15675
10273
6040
7050
9890
6771
6927
6269
4484
2745
9387
10149
404
3340
7305
16224
2801
4996
906
13519
5368
7235
8987
843
7581
1442
65
13773
15985
15849
6256
8469
6800
1651
9945
2466
12232
12213
11583
6782
17207
11357
4509
7249
7087
12952
11551
4310
458
3173
16673
17621
4951
5613
7461
15572
7432
11084
2901
1118
15377
3133
2537
17605
7958
3061
15138
7999
15730
1470
2309
14273
16630
7109
6513
11901
13537
15906
7534
289
12666
5199
17505
1648
2974
2893
8511
8214
6123
9335
1024
8304
8129
1876
8699
1583
8820
1363
14705
17040
13107
17728
11885
475
12538
1891
11037
13742
298
6715
8423
2559
586
1906
9371
11342
4907
4988
2393
6856
2588
9641
2668
16748
17125
13994
1463
91
6545
12036
7466
10657
12583
873
6017
17691
115
972
15936
2451
7462
4474
10435
15236
2881
15391
14768
4068
7736
5860
12743
2905
12002
4814
8621
1434
9549
6460
2503
8643
6961
15480
6940
1727
7309
3658
10073
11771
9884
3612
2950
15160
3894
11391
12245
12958
8151
5309
3202
14264
7199
3925
1545
10165
8616
1610
4722
15029
9074
14600
1913
4983
14374
6641
8306
15305
5597
10496
4437
10878
17710
1749
16744
9571
12849
12323
9194
14431
17206
10569
659
4275
4166
1354
1042
8022
15054
12759
6354
15482
15880
10912
6950
10468
5535
16944
16729
10925
5256
8858
16356
14160
10219
10261
5837
10891
11756
15489
14249
13727
12909
2033
17461
9329
16151
3038
16166
14272
3552
588
17816
15958
1235
8202
5646
3636
5351
14612
16393
7857
9263
12374
5766
14408
451
6463
12392
8707
10526
10153
739
14608
2759
2762
13161
15705
7728
10109
9126
13316
10030
17347
275
17552
17386
13824
11625
16320
9229
16795
15467
15873
15002
8901
3335
161
12935
9397
11111
8352
12980
7049
13981
6615
9968
5825
327
5628
14147
13783
4938
762
5227
17130
9027
9994
9015
7706
3529
9143
8802
15832
4715
10407
15466
11386
6968
14797
5853
4091
14053
10534
7947
1984
15872
17645
12414
2519
4699
1685
2563
2651
9210
15879
8006
8406
7173
13078
3596
9267
16414
7068
7130
10416
13825
13159
9157
7056
9900
4853
3797
11116
14584
10164
805
5238
1801
17309
11505
4980
5523
4418
12234
14651
3562
14468
16382
6533
2387
14805
11808
11964
11450
6941
10936
1061
4546
4648
13301
6448
9328
10481
3397
9324
11685
9152
10609
11598
1293
17640
10050
11947
5856
3528
13291
6714
14883
5182
9124
595
13517
13589
15049
6737
420
10177
10820
5768
6050
3517
7131
17140
11317
13297
11255
1508
9401
16329
1813
3901
536
5408
13410
5054
15170
7833
3488
2661
17726
6443
10309
13400
9043
8537
1965
296
14283
2168
17254
996
4410
24
15596
7339
10244
2735
5019
16843
5552
6045
4185
4134
10434
13049
16850
9607
17419
17624
4499
11691
15498
9455
3433
5017
8645
17270
12816
5333
6802
16899
994
10323
12268
10452
3098
7589
9873
14488
694
1677
1066
13836
108
929
494
2360
16797
1513
15900
2836
441
1680
16591
11366
1265
7721
4379
7821
15496
9969
16786
17879
14319
13039
16176
13929
4301
4332
8676
7365
387
8756
12292
4736
9564
14156
6924
3865
188
17742
6228
6685
14907
2724
6092
17205
12976
16814
220
8541
15180
2172
2235
2830
1624
5582
15448
13324
9789
1023
173
13423
10482
10320
9372
6371
4009
11909
11280
14561
13548
7994
16931
12191
8734
11330
9440
3667
17007
15845
8255
8922
15907
3274
7475
8761
13000
16788
8996
2186
3654
10836
6566
12057
17430
5323
1063
1791
601
3196
12640
15019
6193
9747
7881
8880
10608
17416
8158
1589
6300
9917
7448
16193
14596
2002
9046
7007
5367
2023
13896
16399
890
15749
3940
15766
9035
14379
685
11034
17188
11950
7809
13007
13779
9719
14972
17794
5784
7263
7653
16360
12058
11791
9127
14008
50
13667
15366
15901
13061
5829
8320
15035
15201
12448
8817
8333
3691
5854
701
15309
11629
16339
12482
9866
4786
12186
14698
17573
6595
11265
11315
8871
9023
107
3936
7046
6701
2362
9085
16847
175
7187
8097
3709
13657
17692
1698
7973
16523
7267
13679
6900
4927
14122
2294
5654
2778
4004
17005
533
4875
11395
2008
4758
11438
6617
1580
4039
3624
6780
15200
14292
6532
3197
16299
8357
6720
9151
10479
13050
13666
6084
4165
8112
2535
17451
11539
13649
16341
2532
3321
8292
2345
2449
17766
12381
15762
16209
9857
17169
4566
4637
9354
14858
14524
2846
12512
15297
1738
9022
7990
5562
9803
7376
11065
10449
2954
12380
4551
444
672
7742
6338
9939
13730
1848
1542
17521
3149
17828
2038
6825
5902
14864
1786
10768
10338
2333
11383
16721
13795
14327
405
757
16726
8609
11199
15703
17371
8622
17470
14925
9535
13035
2389
7149
11536
17779
975
15943
9634
3553
13311
7252
12032
4634
13728
9753
17737
4371
12304
2582
11994
16208
11152
1970
3271
67
12371
9453
6352
2169
6026
1376
10200
12069
2034
13535
2866
5824
16223
14773
17719
2013
11334
10104
6261
10981
14763
9090
1497
15096
9933
7386
12118
5232
3331
16252
9259
10959
15191
16487
13498
8908
8114
17232
10888
8512
3665
3481
15091
8823
5878
10169
6014
9047
17721
16258
13476
9155
799
6979
1010
11314
5178
5757
15863
2141
9355
15037
16994
3913
4947
5423
3164
2329
17375
15786
6992
9679
4156
1059
16079
12738
6804
10954
9946
7409
8080
16138
16150
7383
13269
13487
8417
808
2175
17631
9460
16664
5261
778
6486
1239
12773
11695
10436
12540
16354
4512
6117
11867
6131
697
10880
8193
3362
3906
10488
17553
4369
12
9410
6214
713
11854
9184
15461
8884
10208
3022
1246
16636
11826
13140
11486
4989
9718
15530
2338
10270
8569
607
17010
10292
5760
2984
1793
8743
14533
9779
10702
9386
16115
13339
10054
125
8437
11664
11326
3852
17730
14824
2504
14151
8031
8828
4709
15321
9796
12317
14369
5944
10761
2268
11106
11445
13580
12941
1649
12089
15542
9853
1591
9988
12665
1666
10402
7939
12019
15478
10824
5953
14135
3945
7117
2529
3580
1192
4158
62
16022
6119
4154
8543
6398
2766
15539
9278
9483
10183
7080
8705
7874
14716
7885
10294
9333
13279
3775
14591
9009
16283
10530
3225
9512
13805
14126
2277
3988
1896
7368
7544
4935
10751
2991
7367
5749
12552
11661
4283
13641
8980
9755
9058
16000
16819
10023
7713
3358
16168
5007
15149
7899
13396
5444
5814
6378
13156
5389
6030
3077
13763
318
5398
11689
8966
17887
3996
4596
123
17231
10599
12604
15408
2702
8105
9638
9370
10596
14103
1687
6637
2272
14911
11154
13196
7083
256
12830
79
4459
9874
4444
562
11797
16347
13738
12253
2373
9746
10423
12347
8483
9736
10233
16583
10085
2862
17749
12033
15891
17542
618
14522
17120
7159
5660
7640
16682
16272
15051
15285
16554
10155
89
2416
16919
15905
14876
9784
4518
4956
11123
391
15375
17228
2297
6164
4818
1229
7682
17102
14741
7549
2427
16999
17162
13848
5157
3132
6881
10544
11675
16362
13403
10643
720
16444
5366
10480
5758
1656
7264
3772
2037
12780
17090
9934
15312
2933
17812
10991
2039
842
17428
580
7070
2925
3446
17675
3085
409
2247
16766
16400
16374
3393
15731
3252
13477
10049
2831
7158
12769
17732
13644
7008
11680
17890
3645
8550
9265
9323
656
14719
8064
3995
12295
16957
26
5887
2254
11745
5330
14229
6778
6100
14616
9671
3788
4194
7384
11153
10770
4896
15837
10166
11009
17179
2123
8341
5463
11916
5284
8229
3856
868
1565
15551
14602
13302
15275
2525
6770
6542
3131
16030
9767
15617
6181
5
4569
10209
17390
398
1654
13081
16900
2495
11535
15127
17222
9266
15428
14976
14951
1134
3356
10876
7495
13813
16533
7568
11897
14150
11238
17112
670
1436
5830
335
13859
12731
1048
13492
7229
5376
17487
5109
13481
16173
11906
751
3632
3965
8435
9809
17512
13263
7977
8020
12337
2256
8872
14714
8409
16105
8093
15574
5759
11770
5588
5728
12752
9191
1477
17893
2325
5340
5355
15136
515
1112
5673
10508
2863
2526
17546
9101
4064
11092
12037
14459
13962
17666
17187
14558
11253
17824
7360
14646
11228
139
14314
692
3162
11603
14034
2092
2130
14804
13121
9617
1748
15
12217
9179
16170
10395
5153
837
17678
14521
6859
12313
6013
13717
8319
17861
13905
11532
12252
9613
1243
9494
4449
14099
5550
12114
5069
11733
15213
17832
436
15166
9545
9788
10847
9223
5850
1489
7071
2321
17510
557
4610
2024
109
10357
17336
11764
12074
3189
780
7422
3213
16291
10335
2694
15194
10819
9348
6768
15991
11922
8332
14692
13724
2705
3399
16242
17141
9465
10661
11600
11052
4664
13867
3916
2909
5053
407
15614
13988
3808
14437
9214
8847
14837
5064
15499
15508
11652
5548
8015
10331
14904
16801
16493
16723
13086
6667
8898
11884
2894
17271
6086
4247
16902
12108
11262
17134
13650
3961
7727
5681
698
4049
17124
10257
8952
12821
14504
11286
15204
5411
13982
15785
9582
3278
14611
1818
14223
2970
16985
5890
7201
15519
7175
705
16897
14686
2717
15451
11719
7029
17579
4431
10503
14642
10754
8559
10241
8940
6649
4205
17182
11544
9051
5667
2067
17258
17764
16033
11140
6807
10003
5999
14238
10967
2086
15571
6326
3801
5988
14623
1616
14872
6956
3601
284
5788
8650
16851
765
577
3521
11939
17123
10618
1197
3531
13559
15397
13945
12006
5291
7519
11849
15361
3263
16488
3644
1385
16553
10298
3577
13014
11830
14579
9444
8169
13048
3834
7954
953
4008
3739
5868
121
17786
8690
5486
8592
11969
7110
4793
11220
5569
6097
16014
10659
17459
11813
17218
706
7414
11096
4954
4315
8553
9012
3383
7688
9112
7171
15665
2927
11818
2456
6857
13628
16510
12183
14745
14735
743
15984
13571
9060
15791
5920
15249
8260
722
7668
5629
13506
614
15680
17021
8253
11194
6606
16412
8018
13510
7024
1675
15387
1808
8032
1787
8256
5358
16073
2571
13524
8785
16708
9056
1781
14051
5894
4609
16670
15092
7482
14760
1234
10229
6350
5875
9361
7328
8602
667
8130
4285
15507
16798
15899
11145
15767
2460
5277
9150
9769
11097
15244
1740
4764
11260
12480
3998
16719
13989
11274
13625
17420
12405
14074
14712
10547
11067
6177
2369
587
10637
17500
11921
15063
15319
7460
4745
1242
15385
9235
16667
6161
16156
14041
6380
16648
13275
12388
1152
14261
13536
13541
9921
1572
16063
5056
11763
2864
7669
15137
2465
4264
7974
10705
16338
8340
8363
5688
5932
12766
11866
4930
5620
11627
16856
12993
2751
8630
12717
11495
17348
17846
3570
1464
6875
15666
14503
17200
16335
9850
9591
12479
12012
10567
12866
775
13544
4994
15602
1992
641
6337
6694
1303
17530
13973
9170
11904
10773
1935
15197
13841
5494
6921
4677
6152
7183
13074
15041
1802
9983
12629
14674
13143
12852
9260
10854
13974
11705
13631
17016
783
12290
4215
2655
7755
10284
11697
15190
17690
5321
17211
3990
8392
11559
10953
9573
8600
1535
9486
7061
1931
6062
15798
9724
2767
9021
8405
6235
11660
7127
12318
13368
11873
10068
13768
5682
5823
5162
16566
13958
213
16758
16133
1828
13504
4131
1127
3361
1398
7804
4089
15181
16322
9691
927
12880
3903
8859
5905
17527
17845
9368
16059
11446
11266
14205
7308
9599
10714
1476
8860
16092
495
14255
16528
9369
15044
4864
1686
5460
15416
1785
6442
3948
16972
7241
16312
13457
5138
14015
11742
10336
571
15616
17426
2326
14691
14188
13931
542
4258
10306
2352
8754
10767
11758
14590
17460
17221
4617
9772
11734
8892
8467
10948
12225
15743
3828
6403
12668
16515
8070
385
16257
7702
2814
13849
2746
10125
2392
3907
11494
5476
5223
10592
2506
12413
12408
14057
6179
6671
7696
6962
6499
7866
1276
14794
4932
5317
7106
6589
8697
13806
14711
11775
14752
5293
8990
15457
17590
11984
9096
8963
10689
15337
8063
11361
11809
6202
6432
13480
7840
10067
5924
17544
9052
9745
17380
1611
8312
15080
14916
12623
15491
6151
5100
9342
8456
15672
7228
8436
11607
3545
9108
17676
212
8180
8116
2295
12970
5727
2044
16625
7085
12189
12127
2557
6363
7420
6937
7636
10029
11203
16285
5534
12519
6424
4024
15883
7907
14766
300
5302
3253
7613
4334
11829
2070
10789
2993
4397
6497
14282
17662
16844
12010
13262
11431
8564
17135
13163
5445
6912
16276
10089
2895
12487
6591
1905
13265
12207
12184
2307
4142
7203
17265
5174
2266
1994
17748
5609
15153
9171
838
1869
1731
11080
9102
2028
5173
2849
6801
10692
106
15433
17808
5081
14523
10438
14321
16789
3830
11790
7542
13375
2978
2553
3730
9897
7626
16545
1769
14599
11958
3297
14709
646
7917
7967
17056
6211
2420
2539
9165
17036
14835
2290
12103
17367
3272
2454
10433
3177
6655
8520
7540
10358
10098
16415
3175
8696
14477
3647
15125
14347
2285
15692
15278
15557
14237
15726
3511
437
6070
15357
13866
10739
14109
7258
5075
302
4556
2711
3609
10415
615
5325
1280
2562
4915
15965
9364
6270
14354
11723
1971
10353
14169
3476
11232
3871
16113
13157
15750
9808
16730
7487
3378
7295
13540
8640
5002
4054
13234
3328
10630
9185
10531
3270
6420
6368
16837
2514
6172
4662
6029
2828
8554
8274
14759
17019
3475
17706
13821
8468
9539
17713
5314
3302
5638
1345
9626
14926
6841
7569
6765
15322
8516
11573
6199
3285
16038
980
13347
12404
1196
621
3039
16961
8263
8777
17294
16037
247
5989
1457
12599
17474
17499
7396
13260
2496
3303
8167
321
9739
10724
12272
5884
10543
12112
2385
4434
6124
8822
11005
12931
7067
13180
1017
9227
14478
9186
1324
14819
17585
7972
3431
16722
17825
15565
16896
16845
36
752
3838
3384
12835
9756
16437
2838
13257
4171
14228
5918
573
16008
6169
16646
16430
7725
8285
12116
12370
14063
12558
900
14382
12113
16697
9421
2953
896
16629
826
94
9848
17770
9379
14736
2952
12848
13087
7692
8178
5151
4916
12651
11688
1175
14325
15104
11890
958
12815
6230
15324
9816
7092
12255
13954
11023
2886
13473
12081
390
16672
1487
9601
266
6929
16937
11098
11363
12990
7065
7734
508
2889
11059
5257
17773
12872
3456
14268
5292
17874
5744
3515
11802
377
5427
1530
4824
13284
14971
5645
2709
12341
17408
10566
2115
10368
10443
12567
2219
14880
741
15819
12101
10545
1582
15944
5835
10214
11407
15627
13463
5067
14487
5237
2098
13345
10696
358
13785
15342
9645
4574
15098
8249
16266
1435
12911
17393
1986
12176
12102
9356
17599
901
6893
950
2981
8888
10088
8210
8445
15595
17295
2134
16579
7521
15968
15939
863
12148
15184
17114
2122
13807
831
8948
9244
14632
10512
4572
6554
816
16443
16740
9752
8021
10729
4417
16359
16049
2105
1179
13576
5150
9054
8136
14624
3381
12969
15728
16317
6639
1113
15026
2246
11218
6276
5468
13972
4348
7262
4571
16241
17195
15097
5557
1900
10664
4507
3315
7359
12396
493
15274
14031
6797
110
1328
16116
17149
10466
8168
6705
2631
2834
379
8118
2288
3359
17581
15829
134
2258
11417
1884
6504
9997
15870
2253
11985
11531
8740
517
3816
3155
16707
11752
7957
8043
479
7841
16235
9159
6182
7304
6596
9344
11606
17456
17729
6033
4471
3188
1384
13455
6529
10398
12240
1137
7395
294
14919
7245
10301
10019
14029
12239
13607
11741
9690
11161
6987
8931
17743
4352
2822
14380
17436
13638
2523
9088
17081
4071
14329
4489
17780
5771
5933
4211
17264
9777
7879
12110
112
2468
15929
8316
14553
13527
9248
6405
1845
1518
9754
3695
2756
7960
3250
12764
17584
10649
5951
12745
8770
11459
17664
11085
10092
6798
9303
14370
11100
12300
8837
15924
13201
6678
4905
7948
3921
7905
8199
4328
10382
13741
4436
5436
12262
16773
8580
2152
8062
9409
7401
5331
2845
7839
13566
12767
17570
7481
10124
4472
3224
1395
92
15273
1996
2036
9452
12299
10844
13106
11699
5271
8347
2099
6034
2586
3183
10803
13567
4965
1915
2625
5399
4991
16366
10225
17633
17358
4804
13592
10927
16638
7331
2289
10539
197
1104
2678
13160
13067
1717
9205
7272
1483
9272
15922
1506
11961
14081
17159
12850
7553
10196
11945
4105
8250
9360
13266
1885
6266
4536
5617
10976
4762
4731
345
16530
9783
1690
6116
8499
6549
611
13872
11399
1676
1172
11076
13583
3452
15400
2706
5216
6340
10587
3617
15757
11859
13621
10093
16928
3908
12393
7444
11
13942
4028
17695
12169
12449
1195
7489
8142
1946
15015
2425
3151
12964
9082
16609
10122
7212
12756
7731
14580
101
11940
10476
7718
6945
7875
28
7683
9055
17000
2450
10128
17208
1622
11469
15159
2599
15775
11726
16570
12633
13422
15824
8885
6740
13685
8633
17283
16080
8561
17588
2151
4920
9061
16219
12126
16280
8369
10132
59
14404
5904
13413
14515
6644
10006
4929
14294
7641
9552
9650
5043
14853
17669
17652
882
9698
12386
7169
14844
16386
16408
13814
4779
5770
9714
886
1559
14306
10872
2140
8689
4647
6320
14309
11540
14918
16137
13916
13242
1875
8877
8090
13415
8972
13671
3679
1733
8389
12315
3168
15193
4078
3268
16780
2208
11252
14536
17383
17030
2641
2231
12618
16834
10362
2174
14791
5767
5808
16423
16912
6478
4595
4748
5229
1883
10699
7288
17080
12065
10723
3506
9636
5378
12818
14168
4582
15560
17744
9700
6019
16728
10806
7318
15000
12042
8345
17201
7686
1096
8723
9251
10366
7394
16323
513
5677
10580
17815
2985
12992
14256
1207
13551
4038
5679
11774
5978
13407
8182
5954
4037
3557
6305
6851
5693
10120
7222
10650
14747
1460
6863
13868
13577
1806
4424
9226
7069
11168
16264
9701
9775
560
17317
10843
344
9202
9635
8371
4728
5117
30
5384
5030
8638
6561
12586
5822
8121
4217
11316
17876
11924
6570
12132
17858
11828
7168
2628
16245
2613
9922
5732
10831
12882
4937
95
9642
15989
152
2805
2773
116
6473
6212
3470
6575
12348
17263
3738
8044
2192
13253
13686
13411
16940
1681
1358
3313
6185
16887
5926
15238
8839
5409
4140
12736
13601
12375
7564
17266
6314
4249
6304
4724
3159
16964
8082
4051
5320
5478
14967
6060
16990
9131
788
7118
2383
8074
16785
7077
16102
11397
2467
17250
8083
313
9604
8649
11678
7347
403
2011
11322
3693
4653
8968
1093
9044
2441
4197
14720
3329
5371
2043
7427
7963
2609
15116
6011
3608
15354
8052
11710
13690
5566
13642
7412
7926
3746
6020
16451
324
15384
8768
4573
10666
11437
15817
6971
11712
38
6840
14968
16273
2336
10051
1119
13346
3770
13712
17888
12165
12378
2110
627
12257
16387
9405
10913
7013
15890
13224
2057
12528
14721
5775
9865
13970
4354
2585
4706
5858
15330
1919
16612
15221
145
7206
15700
16143
8737
9385
9928
4744
920
7525
15334
7744
9596
4182
17398
4811
14192
6982
8311
13799
17366
17865
13903
7190
15558
45
12238
7253
11665
658
15928
16884
11191
13383
9149
1842
5372
6942
1830
2126
2633
9562
4948
5202
2315
12015
11584
3547
14666
7259
13369
6065
9169
7045
4942
6225
2400
12422
14254
8673
16067
1083
17759
6707
10970
10467
11425
1107
8124
4953
6722
16567
5068
1873
4441
4047
15638
4933
10230
16974
15610
16013
1281
4752
3711
13750
11589
1249
14594
6999
270
14758
11574
5997
14909
4063
15471
2101
8259
10969
10632
16737
16955
4475
10626
10033
12845
2267
16669
11362
10010
5782
16569
13746
15538
4701
9961
2061
8774
7856
2173
12917
4949
1547
11877
5871
10304
4501
12493
12595
14793
5897
943
3231
16325
17379
11279
8238
6220
761
6361
9314
12131
1529
6669
5618
8472
9178
1323
4413
6377
6466
2614
339
8919
12486
8917
16885
15263
12297
2605
6853
11405
16028
16411
11646
10625
17024
16968
10490
12424
13478
17328
6508
15998
14019
700
10654
16552
16271
12077
12680
12588
12026
10750
13246
9383
2744
5353
5568
10439
15454
12758
814
4458
6565
10909
14739
52
10713
8713
16111
8003
14531
14173
5655
17150
9084
1260
15770
6806
3322
998
14197
8355
6633
11631
1715
6139
1985
2572
10493
4987
17160
16980
17866
5036
97
2344
892
1122
17157
16889
14324
16574
3480
13223
3067
2555
15372
3889
7026
5740
12454
14923
1763
4726
6855
17118
10011
13637
17712
7208
11272
17220
12120
12287
608
1837
5636
616
12483
1819
13791
13639
15810
5846
5382
319
2955
9828
10986
12788
7794
5352
16279
5927
5245
14528
1852
6819
9937
7219
3717
10393
11258
942
3160
17629
9565
3817
5406
7607
1430
12638
14094
7714
4007
9144
12048
13376
14472
4613
7851
11029
13030
2128
10527
16290
5580
4898
9791
11151
13520
4152
11838
235
7172
7894
12011
14510
13689
11291
14915
3960
6835
15504
7981
9038
15103
3512
11434
12585
6232
9834
4592
3228
15038
17473
6509
13603
1739
7442
14847
3195
16455
15851
9463
17810
419
7385
14750
12919
13217
17052
16047
4806
7989
1684
2736
5973
2478
10071
15209
2610
10612
14749
2269
15843
1146
8942
16840
3548
15008
11673
14706
16734
10523
803
9280
10850
10227
13796
13460
12847
16755
14152
8252
7759
15920
14723
7979
6652
1692
2536
4549
3287
10390
6582
8139
17104
11056
7790
8374
5071
1329
11773
3955
10460
5661
4508
10326
8350
17515
13928
8827
14538
15370
15855
9183
17525
5272
12531
9560
16480
2699
17067
9163
11562
7251
5430
11428
4355
4559
15027
229
5450
5595
7535
981
10524
10584
1560
3527
7664
10694
11275
2271
1578
7407
4633
16592
6698
2937
13203
6659
2463
5519
6918
2721
10890
521
9004
715
9589
2701
17209
5685
4053
12577
7909
15475
16939
180
7438
15188
4773
4408
1444
13708
13318
1031
10905
1831
15693
8938
3675
11611
10879
10822
6681
16123
7614
7638
11458
5724
15074
3293
9294
12342
17017
13745
5710
17259
1404
9765
8878
1872
14206
17289
11174
15996
12401
3062
16471
15747
7138
6760
4118
10949
3115
16298
10218
5723
8138
3750
14185
7107
11561
524
7837
5872
6016
16963
12927
440
314
13733
1450
2153
9089
13664
3977
14054
9037
8335
5135
4074
2604
12779
9200
10798
12390
16628
14572
1730
15477
17330
10669
7592
4243
4304
8759
14694
6683
16637
10583
17741
9680
3815
75
7528
15389
2531
4026
6493
5865
15452
2156
17108
14756
17684
1768
14323
15640
3385
1005
11556
16676
15004
13817
1308
6514
7620
14800
2109
7943
333
5931
15978
10816
16647
1903
12596
13101
5539
9666
7337
16809
7221
7125
1492
3575
1402
16593
8035
13084
1392
432
1734
3783
15651
4521
3682
8065
2108
17818
10143
15938
42
7215
16892
8176
11475
581
11088
2976
5608
3474
13831
3853
12572
12356
12560
7310
8455
1213
16920
9797
8808
15804
17580
10484
15114
11070
14119
133
17061
10827
2457
7612
3471
11210
14677
3110
16448
7666
17630
2728
8384
3419
13569
9048
15052
5424
4097
6135
10232
12834
5374
7647
14165
4970
3659
15853
4503
13986
10180
10853
8236
1561
7234
9436
13851
2104
15722
14670
3238
16563
11333
17332
7380
7066
6252
2511
15948
15497
11534
7777
7712
3732
14630
6867
13295
8181
10385
4250
218
183
11626
5521
12950
10463
1028
7608
399
2059
15534
17107
9469
9737
13309
9423
12544
14101
7559
9258
15345
1696
8816
8813
2346
3405
6891
5840
14862
10286
10736
934
17796
1085
17051
15279
16915
1628
8773
10444
2163
4143
9580
14932
2629
1810
716
12474
644
711
5201
14910
5532
11995
13938
5917
4821
11223
3275
4361
8835
14581
8301
16864
140
7975
8479
2540
4350
14241
3920
14363
6931
2784
12099
13985
8606
15215
1263
11042
16547
4421
12656
6901
4904
7915
3733
17523
6339
8128
16831
1636
3543
7316
17329
9730
10223
2923
189
16794
3145
2919
3338
15260
10348
8717
1568
14485
6440
13993
11792
4650
12885
12476
14637
2662
16571
9950
10127
13006
9217
15796
5266
14305
5935
7031
11021
3117
16383
16929
14914
14789
9399
16295
12742
13114
11455
14451
8447
12584
8426
2162
4678
10896
7707
9839
11928
3261
10987
6459
15682
5332
6231
14312
4903
8507
5634
14802
500
6376
3125
17191
14702
15895
9505
13386
17705
1929
14443
16180
10515
5298
7951
6292
3748
7891
12206
3427
1219
6293
16015
949
10535
6021
15516
3088
11283
13765
5453
11181
7512
6402
4100
3043
8348
606
13420
13080
17509
2249
6289
938
16467
1882
11127
3203
4309
11211
952
5029
2821
3930
4564
17148
11970
1494
13681
16787
14540
7101
15287
3862
4841
325
13509
7983
6930
15712
4317
445
13342
47
9620
9187
3982
80
2825
10960
5967
11159
3582
11659
10308
12963
14204
11303
12097
2790
1121
9488
2748
6427
2350
15432
3846
8714
1102
12433
6224
15840
3773
10263
1700
9581
5105
8094
12915
14246
740
8254
15592
2775
7745
15997
4486
11893
8855
10815
17799
8634
1865
797
12718
11976
12570
6146
13333
1279
1018
4080
14167
1190
10740
8646
1722
13794
8951
10498
15450
11022
12771
2963
5161
4381
9221
7722
5108
14396
12506
6237
592
4338
16857
3455
14070
1144
10494
2906
3687
17288
5873
2483
13340
1026
15233
9720
8365
5936
17372
7000
3848
9288
3306
7266
16053
14332
7996
14079
5529
13170
3498
12776
911
11759
11072
8221
6623
7156
8313
17558
9091
17636
99
17531
4286
2121
5480
9536
671
11919
16051
14096
11876
4438
13148
7030
2094
4277
11938
3430
10159
2725
3653
6836
970
10133
3269
11521
18
17335
15856
1694
13023
6209
5397
4266
2161
2446
12996
3774
11847
10672
4385
3953
9688
6738
1421
17768
196
3622
1498
7785
15953
723
2547
9064
6756
6038
13951
11662
2031
2989
3879
16416
7426
8921
5416
3877
9881
6386
11381
7642
4382
2280
737
16050
14066
16777
9062
16995
17415
13206
1657
6099
9036
8780
5171
6763
2561
11215
9990
10542
15686
16596
5268
12208
5189
27
10558
16058
11449
9543
13454
9652
945
10343
11090
7627
6039
15702
4425
2975
5501
7405
8162
9837
17868
4792
8017
5883
17641
11512
9697
16532
2405
1156
3079
6805
12939
15887
11454
15423
15487
1606
7748
11931
16332
14516
12732
9594
12514
14560
7408
9861
2733
4562
14422
12098
215
8014
6383
12755
16550
807
9838
1158
6195
12269
2408
9760
5395
3277
9031
15861
172
11135
9425
17337
14245
8736
11225
7358
16311
576
3898
17771
17656
2885
53
17023
232
10372
5065
661
13366
15914
5306
779
9075
7781
9481
4284
4636
13499
16439
660
4944
8207
15024
15064
8012
10867
15975
3320
15246
1283
8905
15913
7379
11516
14290
11805
9393
10345
8367
11413
3487
8075
14949
15532
3699
13429
1391
1141
9852
4755
17319
6548
5027
5913
13352
8127
6318
9367
10693
15884
12151
8843
6600
2788
15787
1999
3223
12657
15424
17539
7435
9454
10099
4772
9958
4452
6692
7717
3450
13408
12045
6890
16039
305
2475
9321
3698
5324
12536
3826
8033
17567
2755
2261
11435
14048
4611
8810
14822
1238
14234
6638
10090
1268
1602
401
10501
4698
5560
3616
8547
10182
2584
14378
17679
2148
14163
6155
4827
9733
14643
7793
15147
3623
8868
4083
9275
14817
14508
10185
3566
9437
4362
17536
6052
1154
16064
552
5373
754
9989
4908
14318
10022
5676
15431
16599
9485
357
16089
5364
11555
102
12332
6129
3999
12943
2306
244
3045
5226
2652
14992
4195
8244
13083
3056
691
2328
11010
16524
5403
12998
2930
13853
1193
13250
1646
790
12263
12325
680
4869
186
7419
5615
2779
11617
5044
12725
17048
12509
7554
1064
1854
5776
13528
17133
11841
9518
10131
6854
17365
1285
8997
6114
3563
17432
6095
16124
1911
2443
4511
7689
9207
8413
13120
8041
5976
15436
12728
9955
17315
5785
14072
5698
16993
11676
12170
14399
10057
8947
11202
11414
4913
748
1855
3628
9621
15949
2395
2870
4807
946
2265
10715
17591
11309
4470
2402
10421
2302
34
5231
10269
16862
13135
7842
16635
6712
3883
5214
11525
5642
9257
17503
13996
8100
11588
2203
17006
7022
11118
16557
5793
4847
13915
15970
12227
16078
6239
273
16504
13838
14184
2476
7041
2882
4032
9345
15995
11615
2656
2570
4048
16210
10375
11937
2273
13898
8402
12447
7100
17396
17193
8957
272
17545
5137
10862
60
12658
8937
14129
11418
654
12308
2679
10570
11827
16232
830
11451
17173
8751
12903
13497
6792
415
14343
16093
9867
5739
12770
12564
5158
6850
51
1032
14365
4070
2308
4483
9497
9077
10424
1090
14090
9521
6538
4774
12868
11641
17381
17233
16558
4746
13434
4963
8324
15947
17711
10351
1275
6426
11944
2771
6932
14578
8131
6772
12814
4941
8267
13089
1858
1297
6876
5479
4686
199
11744
10619
4265
412
13834
16559
0
14755
902
8864
10017
3415
12682
4175
2204
12256
8358
3492
4670
14089
4368
15156
3689
10405
13278
5414
1603
14997
8525
5546
5316
1587
3318
2693
17783
12502
2234
10473
12681
1301
12216
11672
1157
17290
15876
13338
16514
7281
10924
4603
181
5912
3923
7002
5898
2403
11499
8280
5518
1306
7343
8879
14672
17374
603
3300
2917
13865
8314
2816
9608
3939
794
15036
12014
5057
8173
290
15655
8594
11125
11115
11019
6558
9758
16126
13726
9299
5949
5522
3483
11035
4734
17612
5513
9611
17360
1995
11254
13401
7646
12293
1317
13209
3023
16174
15202
1640
6745
12377
17032
6944
12394
13425
6248
1419
8896
2287
2474
3408
4833
14866
12686
16926
17164
6375
15727
1521
15268
13997
14954
14164
7588
13363
4696
1218
12591
5863
9713
7876
9906
2644
4885
12518
6176
4135
10579
6713
17647
14145
12556
983
14018
4607
13522
7518
1216
6725
6479
7273
3389
6680
13069
6643
6689
3700
14688
5705
13913
7823
8273
11500
7872
1759
8831
16054
2549
8790
9823
2461
3634
7441
3351
9942
10589
12309
3176
11036
15588
15932
2066
16260
13646
10603
15935
13058
13388
16745
7115
16679
11178
2379
14606
14851
8783
5079
6519
3763
16683
9243
12406
3833
15877
17501
12119
8721
16349
3927
7928
7944
17634
5653
8733
9879
1699
6896
3508
1407
5481
14658
10565
4137
12038
3952
15990
17395
16377
12201
13874
14903
14297
12881
4977
14400
15733
2703
14820
3917
7134
17409
5671
9678
7639
5716
1928
14056
10805
9504
7709
10470
11803
3350
17551
16293
6556
15652
9301
4272
4323
12675
13956
6275
4490
5804
11942
11831
11527
721
6049
17817
2394
1423
8300
16782
6837
12797
8849
10462
12211
8614
2353
16952
3984
15545
9614
7119
16061
17054
1725
4923
13735
4104
17236
15649
16577
9322
15218
17197
2286
11478
346
16447
7798
2658
16997
16551
4093
1312
556
14947
840
11925
16446
9434
4453
16406
15163
8427
16695
5296
7531
12778
11613
14202
8157
343
4202
8586
9199
4005
3116
9870
16445
1374
5095
15512
17219
10895
10360
3467
13514
16246
10573
4342
6407
13963
6602
4312
563
14831
11345
14549
1665
13648
17401
6148
7443
457
488
10352
396
11406
15135
3642
2493
11360
10193
7300
4836
17216
3047
3353
16297
8073
13661
8779
12986
16220
13632
9287
7656
10328
10198
1777
12092
16401
976
4096
15591
12156
8410
4575
6215
15393
14659
5948
16874
10238
6619
6718
14695
11541
2316
11196
14217
13216
13354
15369
2992
12134
7114
7437
259
3073
5464
3087
7108
6662
3567
16603
4467
6238
16436
8076
1397
2968
13268
1225
14298
6191
11444
12305
17738
5263
8023
13402
4544
5893
2424
17143
11281
940
5794
15257
16361
17513
5665
372
14526
14815
3813
5422
1167
626
10759
1661
12228
17022
6150
17619
1833
16191
15300
2612
7929
3460
14423
4006
9313
7431
8929
2868
185
974
6417
16484
4854
3212
14535
5031
9115
1177
16633
14556
14933
12900
1797
10222
13790
796
12899
7268
11002
2939
13934
4174
5987
4720
12450
8577
9517
4555
3109
8067
6137
5111
17343
17181
4233
6537
14176
2053
11781
10186
9689
3377
4303
10823
11998
4900
15456
13147
11738
6295
6525
5937
11736
1899
9391
2967
9439
9182
13239
14439
12172
7529
710
3152
17752
4522
4488
1500
2429
4232
4129
17572
3166
5635
6757
10776
8487
2417
14394
8730
11811
17071
15033
1754
11101
5435
3111
6709
13307
17522
2720
16883
11621
10497
8107
5362
9375
2956
14033
17556
2904
11724
8233
9915
4643
3146
3118
7750
14928
10984
13392
15140
15771
10578
17594
12545
17724
8077
8913
7488
1045
10191
14028
3015
514
8844
15897
13990
6505
11836
16121
12663
255
5669
12142
14886
13658
1055
9318
770
7302
10856
4043
1390
17801
6587
2516
16918
6306
17437
9979
14253
3031
4594
15048
8528
13663
678
12594
12230
632
7771
3265
11896
10371
3286
1812
15301
9657
8989
5438
2359
14985
13711
17210
1095
13200
15529
7463
14950
7730
3702
13518
8404
5206
4
5514
12243
10749
2030
13539
8694
386
16233
10552
15521
15344
10150
14885
147
10647
11757
17740
3424
1569
8206
13823
4482
5305
54
15594
2729
3790
9104
16751
9298
10575
17811
13694
3963
13991
11033
10792
4679
12009
9878
4400
6282
15950
8414
13404
13184
4200
15237
13684
4213
17392
10091
1860
17152
8576
8026
4797
7567
4681
5626
14491
8930
13021
933
422
11915
14499
15806
12205
10086
3242
8999
4567
4201
5487
6031
14650
6810
15866
4749
3229
14548
2776
15584
2217
1182
17318
6730
8368
5650
10231
17037
9553
11563
11783
7886
14849
17620
9529
6328
11871
898
13322
9829
13353
15469
9128
11782
3144
14384
4568
5787
16555
3360
15982
12733
8265
5250
11686
17441
11295
11558
4341
12744
8671
10363
4058
522
7648
3674
16872
11537
7610
12555
7655
12087
3075
5547
3841
10763
16575
11188
6469
14796
8025
3402
2528
6674
14713
3352
11185
1874
11865
2323
7336
10413
15481
7784
5668
7543
17312
3799
1227
11282
16482
12198
4957
4121
14207
2741
5563
3219
2769
10961
492
15569
7633
5832
4759
11853
6394
2659
15779
7340
17892
14069
3025
4692
12714
7566
4125
13370
12961
2684
1057
16254
14792
15926
14402
8318
10459
6000
17098
13187
6613
7508
39
11137
7522
10203
10883
8344
12130
884
13146
7123
15972
4505
17388
10683
7593
13211
5640
3880
13174
4378
4159
7473
5287
15292
582
3626
10235
10658
4306
14901
11120
13598
15271
13372
7247
3859
12688
7034
9160
10008
1943
16763
4926
7751
7102
13992
5006
15676
8687
14469
12697
4415
6781
4656
205
14277
17050
11219
14187
17122
16865
801
1056
4708
1757
14652
17788
7498
3707
9956
11642
17326
1720
4860
1355
7832
17247
2428
17704
14665
5641
9317
17496
15717
8264
15967
11979
17839
1762
14701
16071
179
13751
13416
5177
4756
14064
5110
13323
6470
8960
15528
16959
6390
8485
7501
944
5058
4325
3752
6784
3922
2983
17814
1333
12768
5715
4660
10446
17087
16097
14902
15030
16478
7621
10147
11457
3785
11900
9960
17308
12154
727
7536
2012
6609
16048
5462
17471
14180
2423
2873
11464
5541
1575
10226
6884
709
3742
3710
8584
1388
6134
1485
12511
17519
15473
4072
1772
12696
452
4115
10502
10877
14410
11224
7570
3251
3080
13272
16643
17449
4742
17453
9511
8608
11566
14084
9531
8887
10605
4834
13700
14551
380
11369
1094
6018
12781
1871
11576
13191
1501
12569
17362
4899
11560
10293
5128
2988
5876
5596
11327
17871
9420
17462
5209
10325
551
11335
10950
5621
17316
7935
6621
8001
7699
12321
484
10220
15952
15698
1417
15227
5996
16820
13533
16148
3019
14969
187
6601
16526
7618
12428
13462
15484
12441
2878
5433
5960
17344
3681
15597
13887
17240
8448
17735
5390
8245
10187
3606
3244
1847
3768
131
6494
5769
14812
4842
8755
2959
10171
2282
11618
7756
3981
7871
16654
12278
16589
10917
245
620
3904
15709
11980
16109
146
4364
13828
6075
3284
681
7782
9286
8266
9570
3992
2567
3027
11727
12959
777
14631
11608
8613
3171
9653
13134
2054
8322
3949
13053
2434
5098
9137
14438
12056
14027
4588
854
15835
941
16213
11874
12857
2473
7697
2732
10560
6546
17418
4627
5443
5310
2920
14838
15544
956
17412
2896
11612
7260
9362
905
3201
11308
836
9889
7471
6731
813
217
13808
3428
10778
13040
9540
13230
7690
12124
16112
5244
2421
1761
7716
584
7445
10117
4906
12456
5259
15607
12050
7869
2858
16752
899
9981
12185
5536
13064
12550
13605
14754
14746
3234
16689
10216
14140
6094
10361
7491
2029
13747
5778
9016
13852
15841
12592
2327
13793
1989
876
16277
15518
8715
13214
1099
1437
4765
8399
14082
9949
6687
1362
306
8164
6076
5176
5970
348
7124
11821
16607
4253
16343
10727
13226
8654
6923
17015
17855
2354
3
13022
15189
6061
12248
13901
12929
9703
13054
2915
15109
1287
8869
1988
17094
5289
5421
8294
12462
650
10628
5429
12878
15850
7099
5142
14141
4279
2936
5612
1228
1126
16774
4061
951
11487
16830
17885
8030
1387
15353
6451
1130
5356
7434
15245
2498
14609
7884
12874
674
17155
9331
7677
17859
8579
6913
2520
7992
4214
7053
17389
15867
8163
16287
1473
3457
702
7933
2726
16613
13912
460
8099
3530
15826
78
6487
2667
11150
15823
6187
11702
12307
14476
15725
7746
7319
3090
17654
4429
789
16055
16838
17255
10722
2464
15128
2664
4665
9835
3944
11654
14685
7796
15112
13221
7333
10340
7076
17363
17576
10866
9443
12458
10333
2596
2226
6310
17082
17896
8498
683
7547
3814
14554
4314
5587
16965
13270
8353
9081
2010
7121
4550
1206
10602
15206
924
6849
1921
8962
15615
6069
1114
2296
5307
16860
8562
4282
13734
14576
2045
14371
5200
12478
3983
10975
19
11075
14852
12168
13678
14086
15020
8120
8767
17615
16012
11318
14083
2892
17685
10504
17463
11453
1224
3299
5412
3106
8876
9844
14346
6015
2189
4177
8712
6795
16007
1124
12417
1789
7044
12870
1433
2125
3564
5543
16750
3290
17526
14449
17657
8583
6401
7799
7094
7404
13967
13303
15639
11910
1968
3779
4419
9654
17842
9547
12926
12285
12431
14547
8708
8607
20
9337
1086
13827
16020
5392
12510
3881
10889
6612
17805
5488
15577
11089
1870
4178
6811
17333
12090
17601
12389
1441
5802
6450
1771
12174
13097
16812
8329
203
16003
3549
12066
450
12203
5736
15937
8548
729
5537
6044
13600
7791
11066
4463
5217
8037
3311
16966
11975
11546
541
10973
3656
381
12800
4725
8703
3143
11426
4895
4877
10906
2851
4540
9093
13428
459
4850
9938
16024
16508
6727
13861
15642
15987
10107
9627
14988
10282
10655
1241
6826
8326
6791
4597
15696
15633
12210
8161
15635
7178
14629
9042
17700
8458
17481
6392
5301
2533
16183
15875
1538
5083
9841
766
5746
12312
10454
7338
13141
4168
9164
12740
728
1170
11667
12382
10947
13932
12726
6627
15768
7291
4504
17046
13459
12734
8977
11108
3044
4840
5899
6845
1054
15716
16127
12525
6862
7329
192
15289
14067
17663
2374
5344
3605
7883
16975
13406
1710
16792
1034
3002
3534
433
12721
15573
3571
12792
14961
9953
2147
2292
1378
7239
2413
2448
8865
4473
758
750
6531
16693
5907
14896
3673
14465
15671
312
2689
10809
4523
15902
15247
13998
14263
14574
11868
612
14244
17248
7918
546
240
936
12316
13259
16308
4479
11378
7375
11955
7105
11305
9677
5440
17878
7946
8637
8863
6168
2908
4203
16195
5240
10009
4541
14032
10977
1997
11545
6716
5467
446
14982
12369
7113
13306
2264
16497
477
9845
529
11264
13772
9269
4893
17658
2847
9661
8857
4339
10139
11682
17354
16542
15643
6327
6078
4856
13165
13
16754
4147
6550
11497
5589
15892
6690
9446
1708
3438
4242
14247
2921
3017
17725
8184
14220
3030
3719
2452
10064
11796
3943
9675
11313
10642
1456
10400
7962
4529
12921
10322
10797
6864
15734
3094
10597
17520
14320
11934
340
10997
4023
15650
17875
3757
7484
12145
11858
8243
13059
15177
785
17648
10350
8230
10593
5751
5499
12819
13930
9188
2132
6010
8466
2657
17661
13394
9403
5603
11323
10623
2399
11277
13482
10616
2687
16207
15243
326
12117
16971
6517
1817
13613
1070
1804
916
5361
12140
4578
1166
10678
9118
4642
4690
11124
9875
16230
6576
15043
257
10838
7297
11441
13984
9380
8992
9707
11753
8949
10046
1707
1001
9530
17849
10158
12214
13837
15670
6093
4527
17189
12017
3478
13835
8473
13299
13922
4476
13889
6917
10861
6145
12906
13611
14466
2233
14782
10859
7103
17857
11389
177
8840
10471
5379
6409
13365
6902
5402
17609
10972
12715
5862
13075
8372
3010
2014
8797
7635
13715
14693
14341
9826
11439
10550
9836
5810
1011
15714
12832
5099
16309
12175
7167
4657
12053
5544
10900
12366
9285
16086
1132
7188
11619
7828
12685
13999
15862
3715
5224
8275
9352
2154
3777
6614
13489
5572
11634
15403
5451
12222
14828
2079
15687
15195
8323
15266
1546
4297
1364
10236
5132
13665
7662
8933
13966
9222
14285
9918
2270
5457
6553
5530
8861
12490
10427
8509
5294
40
15072
9631
648
15084
3258
16129
13118
7294
8648
17693
3074
13619
12453
12741
13435
14360
17562
9812
98
16784
7513
3734
7074
13802
8104
13873
10817
9633
11966
889
7586
8935
15812
3016
5553
3484
5577
3053
12333
6299
14102
17131
193
5204
6816
4248
10993
11549
4498
10160
13051
12035
8278
5185
6682
13190
13949
10537
5121
13025
13978
3504
14618
351
7961
11501
12601
15430
15306
12799
9569
12557
9193
9941
10369
7601
4003
3129
3581
4192
2000
14777
12541
13445
7093
16342
8599
1040
7469
82
7341
15216
12109
11337
8287
16316
4230
9586
13469
16031
14221
12654
5959
4164
8776
10475
6620
687
13721
596
12022
12296
8900
12423
13494
1659
2004
11974
17057
9794
9142
1766
14030
16442
7998
14123
5803
4837
7723
14073
2201
895
16074
17338
3769
1614
14638
2250
2187
3611
9141
249
7831
5264
10380
3964
4884
1576
11239
7348
11472
7808
8331
9312
3600
5934
4240
12946
14530
1617
4816
5704
5470
4468
5737
9319
14671
7467
17279
12158
5304
14209
5034
3267
10240
2481
4295
12360
15621
2695
5417
6367
1474
5129
5055
3465
12149
6190
2645
10274
8247
1877
16492
3014
4293
10939
1963
17884
12079
15122
439
3912
11461
6706
8342
13317
5754
8058
1000
8597
61
5270
5170
1930
3706
16684
3249
8688
9032
15541
6980
3911
1078
17538
1072
12616
9297
4057
4796
10998
5857
1620
8534
10653
6654
15307
2118
3861
1751
3993
6870
17698
13980
12008
5347
6250
4945
4059
11658
16495
8702
17797
5087
11918
1257
3546
5571
16536
8489
9017
4975
14846
3066
3524
12789
17282
1386
9394
5870
15485
8772
7145
1264
15563
2564
3443
1396
5120
2648
14398
16373
2494
1342
12988
15056
17174
6665
12286
12975
15599
2810
16262
13418
12664
16197
13729
13068
16882
16218
7550
12270
1491
7299
8727
12086
5752
5114
9080
7195
930
12765
15225
17442
14634
17083
7226
164
16139
10111
14726
14004
5903
5505
4406
15764
12860
138
490
7724
10072
14236
9578
1021
2078
5777
6848
6096
1704
13045
8218
8492
3851
9896
14366
4376
6393
10863
359
17223
1957
9040
8700
6651
2215
8765
791
14644
8782
12402
2850
8691
16943
16256
10695
10061
17492
17484
6132
11671
15755
1274
4407
15347
15966
13273
993
4120
2924
4740
10982
13811
5647
8132
10445
10422
7719
4808
12762
8337
12167
14016
578
10533
5602
127
13249
4365
8376
10317
6382
15648
3621
1537
15133
3560
195
11965
4392
13390
12784
3369
2869
4151
893
6500
8471
3387
17837
3603
12507
281
16375
8428
7164
14367
7853
16534
15131
9907
6428
4033
7660
3835
11604
2865
13142
269
13719
3170
2224
7936
4738
14593
4537
10910
4278
3150
17175
14737
184
4075
11396
13304
350
10708
3186
12461
14948
11498
7303
4872
13094
7166
1881
904
2376
17863
3092
3587
12561
15007
8101
14445
3406
5318
15940
4601
744
14801
12100
5274
1579
453
1221
7537
11491
1171
2722
15412
7324
13944
9716
1185
4967
2305
7277
10710
10217
4891
1426
5592
11703
2442
12694
7207
8133
10179
15316
2314
431
5059
11242
1401
2887
14978
15231
5941
15427
11653
9218
17597
985
1981
9224
3042
311
2578
6883
12467
9533
16438
6210
4324
3281
2719
5540
13389
11632
1938
10825
13609
10916
16731
15908
11493
1273
2681
3063
14662
9706
14441
13298
9252
3854
1403
11173
7362
16909
4619
865
17864
10784
4045
8984
14125
7353
10929
1106
6574
594
4921
10606
7246
4227
15576
13676
624
6253
12187
15411
2331
14839
6793
16302
11481
9338
16417
1796
6597
14010
689
13479
16043
16134
12499
2191
7418
17448
16760
9293
5350
3641
13545
16644
16198
15590
5267
10043
4087
11633
5591
14941
12972
2910
8450
6593
9106
9682
10629
8378
15960
8007
317
9629
10441
7645
14559
2718
7743
7177
1555
15265
7025
2075
1205
12871
13391
2855
3345
16307
7244
7533
12563
3713
5915
14964
1038
7835
1002
8824
7585
17682
10205
15460
3227
12235
13965
5048
13959
16681
16409
14287
10194
1332
11529
11863
6981
7757
9542
1953
11352
12539
9622
6534
3190
7055
15632
5743
4313
1201
13095
11358
3595
7011
2064
3671
8842
2488
6341
12829
1581
15983
8047
3781
14104
2898
4455
11222
10152
1027
12473
10396
8611
4276
4184
16614
11122
17820
11048
977
4882
12261
370
7523
8565
3569
12684
9374
2051
6540
6457
15803
16353
6281
13052
9262
5651
3112
7072
11930
13032
206
502
4852
6147
13653
13225
7430
10278
555
6125
9905
14917
3890
5465
6408
11982
15358
987
17440
6418
13531
6160
5282
625
543
15992
3850
16294
1564
15759
16890
5211
15933
5551
10461
13579
10944
8904
3070
16711
14497
3273
3434
13427
11987
13563
6916
3367
16655
7852
11142
11012
11370
6828
8364
5619
15333
4961
14767
10224
1139
9943
12661
9951
1549
1208
17753
11503
5235
9757
1237
6611
3040
10881
3468
13015
11298
16666
3756
15362
11732
6465
15256
8631
7578
10144
664
1424
13635
16908
9306
9201
6412
14199
7927
8665
15946
12451
10846
13036
9501
3802
12597
14373
6775
4520
14505
6128
10855
16162
9138
7060
5570
3536
13071
9649
16398
332
1849
4127
16855
5833
8251
9300
4321
1507
16873
9843
14274
17199
2690
7421
10387
5159
2698
8618
12082
1705
2765
3181
11007
13924
13488
11003
8542
14195
2358
9885
7301
442
10915
6267
10893
12046
4666
9402
5561
5922
8068
653
9414
6242
4687
1973
16418
16678
13290
11737
17227
5147
12687
4778
10221
14136
8072
13110
5225
10656
3083
14322
11833
15447
769
5143
2685
9523
17559
14260
8187
17132
16154
15608
16009
12271
11530
3086
3496
3986
3165
12801
11816
4027
10437
2747
7676
12279
7485
1714
3458
10012
747
6296
4684
14808
1352
12669
4239
8955
8720
8054
2177
12622
11936
1838
2517
15893
14496
15831
3692
15396
16370
6025
1949
15364
16200
7248
16859
11820
1117
393
1641
15226
15746
4668
2607
4337
3554
12280
1262
9759
1187
470
5583
4066
12346
11639
6908
17835
1310
6344
6723
12192
6218
9510
6894
3323
13570
15566
5011
5086
9893
8110
9727
8664
6693
15868
9381
17100
8932
8321
3354
4867
1409
16665
8237
3766
2040
12336
13017
13698
2867
10995
6993
12571
11569
6986
6975
17234
16747
3157
13356
4936
12650
4955
9685
2196
10041
9271
4910
336
9474
4411
5484
15629
10639
6080
16947
4029
6910
6972
10753
7775
8175
1051
15076
12153
4881
13173
8380
11810
6618
5139
2638
5527
10510
11886
14879
13908
13935
14970
8617
5886
2158
11807
2616
17404
5584
860
5194
9105
17493
8430
6007
11216
5346
14397
2340
14518
3858
423
8619
3256
1148
17480
8395
15472
4712
12060
4124
16541
5834
7451
4789
10025
14267
6544
8510
7964
7617
3473
1215
17431
11368
9926
8826
1488
13124
271
10428
9749
9544
11128
9234
5874
11304
15168
1955
13470
13300
7760
7834
12793
14098
11706
2438
3688
2006
5070
6809
1811
9916
1647
1976
11338
8589
3337
6309
11889
406
16658
14226
3442
3355
9887
16147
4817
6852
15719
16426
4267
3398
10709
4835
4825
7602
16363
6141
9125
11721
1954
6057
15281
9643
8891
17478
5190
15834
12068
9806
17564
10794
7904
426
1703
7758
14597
14998
10355
1326
16378
4399
463
7079
2311
9910
15053
12481
9924
13556
16203
10999
5456
7507
2676
16305
12700
7965
17302
5404
15501
15587
15811
9020
7453
5490
2120
6515
13847
8590
10176
11471
13483
15150
135
15314
5348
15619
14470
230
10933
14636
8171
13361
1918
10651
1947
6104
2164
15634
10207
11047
17568
10990
5396
9156
17769
14328
6938
5101
15001
15286
1940
16696
157
9871
15395
6241
228
8693
961
1240
16661
14729
979
11197
3805
4710
10812
17345
841
9514
4964
10329
16002
9855
12314
2190
15267
12677
4101
9145
5295
11288
2809
504
4887
9392
7836
14868
15623
17787
6799
15776
5526
17452
17088
2060
2965
6458
12084
15367
6560
4114
5845
17475
13011
10738
2381
13660
14818
14144
5167
6379
6312
15242
13205
17058
7326
9448
17078
10841
8224
8881
369
12853
16733
6449
8270
6584
12619
12908
2832
5454
4327
2550
12247
15083
13261
3102
15252
11374
1305
13289
11201
6286
15945
15380
13830
16562
12824
5816
4454
13857
7425
2419
1341
17554
13771
11926
8575
13879
3239
6264
13293
11595
11509
11794
12355
12624
2593
6444
9768
9066
13364
11935
5851
15176
15585
6764
3946
5990
5895
6059
15723
4329
8005
5848
2780
8388
13858
8934
14635
16793
9936
3107
17011
13565
955
4799
15552
7472
6472
17421
11523
16762
8647
2942
465
14177
16992
13332
11972
1067
907
13077
7477
16410
1678
8198
10821
760
978
3314
13441
3113
6703
12923
14454
11244
9987
14845
12791
11482
12695
167
3417
1082
13880
13792
4845
5910
12351
5644
363
3712
17246
6194
5797
17014
13554
371
2643
136
17649
4628
16933
6838
1792
8523
17397
14002
10291
4302
9268
17465
2255
12220
7439
17204
13320
3147
2783
14093
9041
15738
525
16243
7792
10146
2083
5407
1990
7632
8750
11923
6642
6430
2278
12288
14310
8211
467
14733
5003
3745
1718
1036
2378
16328
3217
3539
13529
11835
9766
10339
9462
8926
11044
947
4776
13884
7941
14235
3447
12202
13419
5000
16525
10277
16351
16427
10777
13850
3855
11582
7510
1523
14633
7532
5119
9817
16871
3194
17455
3532
5722
1336
8969
17574
9860
8830
15977
5610
1432
10617
11502
10500
16394
17616
2184
5714
8148
13578
1058
1724
635
11176
8393
5687
512
11547
6988
2686
5283
7157
15988
12889
14953
13846
2436
6947
8508
17245
960
9991
4669
8799
5657
1431
14409
14303
2426
10399
4219
4207
5576
3401
6526
6356
10491
891
15086
17361
1621
10318
5193
8385
1604
16753
10426
8307
5126
15910
2042
7754
4017
10955
334
16057
651
2388
10315
2194
8416
3593
15065
7820
6067
11032
11420
15055
5285
13610
14448
9986
16867
2844
3491
13976
6359
800
7256
2001
13862
9992
9646
11552
14893
9119
1309
8154
1351
9537
15409
17034
9069
2501
8403
17314
4119
14878
5975
2574
12430
5516
9172
10254
12875
14039
11081
9419
4918
9014
6496
12947
6206
15152
10644
17359
13028
2697
11421
11875
1422
48
13798
13553
4220
12811
4299
15783
12636
416
10255
693
2458
1425
14940
12678
7738
9894
16615
4968
7900
9780
2138
11779
3008
11484
16091
4112
2763
7622
12679
8795
14856
9651
13231
13766
1471
12967
8603
16805
6579
12223
10001
4398
3135
10745
1577
13034
4794
5631
8125
17190
8587
15839
3776
12603
16725
104
12517
182
11031
9882
9520
4688
8016
880
6640
4180
5234
14171
3032
16380
16568
16458
8749
8060
6037
15500
8923
16687
1632
9180
17881
216
13227
1605
12606
4386
15711
6997
9296
17138
13594
8710
4257
14200
10489
5449
9892
7027
7678
15294
4922
2087
4506
9729
9923
11898
7186
676
15721
13178
11411
4952
4300
3823
6431
16321
11158
1747
6189
6594
1712
2076
9959
1527
9475
15276
3024
12809
10113
17147
5866
5726
7361
2757
13105
11017
6535
16938
13921
10799
9561
8013
16094
5149
11045
7204
12324
1528
7919
13038
11409
5579
16340
10237
7391
12085
13467
342
13452
8582
8801
1453
5690
6953
5798
12492
9230
9585
1449
11129
9963
12890
16314
16045
2534
8596
7901
12631
13626
17516
9813
5979
14848
16035
7940
6949
14014
17003
5819
16934
7162
14619
5300
2635
9339
17268
132
361
12018
328
6977
15032
14461
15134
1380
10796
17802
8359
16261
15956
15921
8079
13953
2343
1958
4169
17702
15830
14342
10688
16227
9891
4457
13458
5763
11722
8914
12073
10404
17540
10942
10026
11920
7984
10354
8515
16651
2505
11177
9100
10956
14850
13237
6657
14181
12949
7817
16140
15882
5817
13983
11329
6559
12121
755
315
3124
2650
15018
214
10448
8028
16685
2136
532
10365
3938
4754
4663
12212
7496
13907
7112
15751
5474
14867
4432
1509
9500
16070
746
15645
9284
7254
12543
9574
1886
9174
6077
11878
14895
10686
2422
12983
77
14898
4412
11164
8481
9993
14679
15847
11074
14358
2222
11373
11004
3637
9250
9811
3666
5811
6290
14704
11917
17643
9534
8558
2050
17387
3404
12825
10410
73
9681
5021
825
7976
4416
2727
5908
4081
8684
8927
15684
17757
10007
17688
5921
649
6598
8108
17467
1212
16735
11656
13832
10940
5780
17873
14044
17433
5038
7912
4528
10546
13464
4044
12854
8965
15379
7845
4757
5049
25
14284
16181
12088
12523
7674
6934
4838
7081
11278
7558
10249
15365
13152
3276
3872
11114
3390
6991
3058
10403
9731
9944
15543
7330
2366
13588
6889
6288
657
17217
14279
9977
1735
16040
3937
16935
15232
1664
4928
13013
6113
7399
520
17180
11636
7551
14038
13844
15175
5262
909
16065
14106
11748
15691
1978
932
12195
1974
10137
7001
14641
9612
16913
9728
5014
4700
13129
4280
13904
2934
13283
225
13222
1030
1071
17716
2556
2470
13662
12498
14391
4924
12590
5028
5745
15609
16848
9541
7562
8370
13549
15816
5010
9341
12630
5703
3561
10957
11817
2492
14413
14648
1116
1125
243
14117
3839
10204
10028
14434
3304
11882
9408
9289
12620
14446
2958
7848
6583
3349
16573
6528
13906
8297
4363
9241
7959
15061
282
3985
202
15697
4402
6173
7104
12041
11630
9980
14139
15023
6258
12016
17569
10870
633
11268
17438
7019
7548
7577
12859
7464
15660
10344
13845
11894
16742
14779
7237
1194
11133
11302
4193
4261
16344
4553
6353
12673
10662
925
7819
5418
15407
16364
15793
1490
13777
12644
3796
1077
368
2518
8103
12005
13019
10826
14908
4658
11883
15631
5545
11834
13451
823
699
15046
14049
1503
13331
1379
6907
13358
3026
3425
14511
13001
17745
8420
13593
7670
3490
3646
2472
10145
9283
11823
15735
14890
2259
7015
252
15683
8095
15146
16026
12653
17116
3737
12707
11311
9122
1598
12160
17454
16441
3365
10682
5023
14388
12039
10378
2796
3416
8024
2946
9568
6675
13574
15561
12150
5606
7952
57
17106
8482
14405
12593
5077
2063
15219
16352
12613
9130
5498
11416
4116
2370
17790
2276
15401
9985
15483
7847
6886
6234
16419
12469
5842
10457
4113
10172
3590
3184
16465
41
12565
9030
12817
17673
7416
5755
16631
1729
6414
4683
13797
8500
12813
3758
14875
11162
8477
13164
11382
15220
10271
13706
1764
4809
14905
3537
8387
5969
2016
16016
5186
9639
93
10518
6750
1644
6766
17186
11343
7509
7200
1133
3411
772
7406
13432
16608
6347
17084
2622
12578
1987
6521
8666
3153
11657
397
6053
2943
12432
8757
2236
17566
6207
10134
16072
16042
17047
9548
11296
1765
4812
3216
4622
2220
12858
1689
4787
14546
15343
13683
2749
3138
13319
9644
12306
9430
13471
13881
8494
2513
16187
2462
13883
15505
6027
1836
17028
6387
17171
11063
3048
7986
160
8088
11824
15419
1626
10163
6868
17717
12122
12052
13102
4545
11862
3091
7914
5813
12877
14640
15601
3556
16713
16384
4322
6955
8636
640
3371
11448
3886
2606
11679
11113
6115
1153
3585
5303
6769
17582
3421
15356
3198
14222
15797
12841
1181
7150
4831
5233
9778
17823
16125
8066
13546
3989
17827
3818
8796
14669
636
17095
2384
6263
279
16531
17504
1934
6491
16149
7020
7132
2797
1820
7225
1143
5950
5133
1294
2552
16986
6708
15994
6058
7381
913
6249
16453
14385
2840
16770
11687
120
12264
2435
1586
11704
9026
4133
16119
4513
111
17035
9438
3655
5991
11341
3226
7137
1244
7230
2581
15282
1253
10039
3619
9340
7148
16275
17301
14175
17756
16601
16813
15613
7084
15192
4289
5125
1726
4442
7953
12034
9478
8227
3836
3444
4727
7209
1721
16702
4099
17305
14148
2129
848
14489
9824
1394
6622
15911
5643
9810
17225
14159
11184
10087
9734
679
9919
5154
15694
6585
3811
15374
16953
17446
8819
6178
14307
3899
10674
16144
10211
12896
11593
12007
14401
17284
448
207
17747
6700
15386
13920
9173
11504
5672
4750
7908
15094
13062
2980
17872
8976
14473
6869
1319
5195
7595
7151
12968
8789
7858
4067
1266
11668
2848
15465
15062
6946
7377
17170
9962
9225
2019
17550
7292
7667
12542
12649
12226
5473
11165
15348
6653
7773
15886
1585
4819
16204
15443
3987
10734
1052
11141
13918
4533
8390
16565
11718
3049
15075
10300
9277
2615
15909
6022
5696
8958
1746
337
1008
12867
7147
8814
2074
6257
3928
13349
15013
13568
3065
4993
15628
11548
3507
4894
13151
12720
7877
11622
9971
2791
2621
7180
14143
3615
6481
1962
13709
3857
12981
7739
12894
7726
12612
4060
2692
4608
14598
14153
3942
5181
10020
9800
16520
6843
17715
8883
7892
16397
1455
7005
12330
12960
5012
15807
7342
3978
2987
12856
2026
13843
6904
1600
17287
13185
3341
16247
6672
4433
12747
13749
14071
17074
798
11857
5616
5230
11148
9743
4108
10920
9502
17434
9947
13860
15525
3629
3672
1412
15695
6381
13004
17277
7047
6284
1674
2716
17494
10492
17307
12515
5066
10818
15172
5393
9010
10094
3551
7910
12412
2211
12444
2167
10267
17767
14884
10280
15888
15349
14339
4320
4815
13374
9513
4865
1562
10667
5485
15014
13448
3462
2497
12566
7058
1558
16456
14189
8505
16036
6216
14381
11801
10904
17760
10096
13096
10922
1226
16357
16041
2608
15410
17518
126
3519
16403
13764
14361
1959
16076
13555
10414
3020
1709
17838
2418
9464
285
11410
13162
13673
1438
7629
12146
5686
17298
17697
14242
171
8739
6711
4602
5604
14959
17076
3514
15304
6599
250
9859
9011
7170
2089
4144
13979
3970
12399
14426
17156
6184
9656
5731
8804
8235
2114
2200
2157
10943
4768
881
9508
15474
7695
9424
9350
17534
15129
13964
6180
15603
15999
12320
7182
15857
14340
14826
14821
1337
3771
1043
959
200
5341
13046
1807
14803
11078
567
13060
11616
13608
15161
2710
5558
10774
14765
8536
12836
17097
8764
13815
14912
13818
2375
6562
15846
6083
17172
13029
7218
13033
12147
7285
373
8620
11447
7197
6329
7161
12358
9121
17458
7675
12954
1788
14708
966
10108
1445
13377
10894
8053
7882
11297
1381
3232
14607
7934
7500
8709
13674
13864
13010
8421
8726
10367
8552
10564
3968
8993
7698
14214
2077
7373
4639
13440
17310
12600
2642
13725
16578
5145
9554
16946
1254
4356
10042
6
6536
15852
1850
2857
13782
3391
13530
16781
6943
280
17642
10971
14240
11186
16142
1129
16090
12945
2823
17778
9723
16034
1702
1774
9579
12468
17644
11289
12259
8678
13168
11962
3743
3375
7812
12719
10295
569
17555
87
17789
15228
13351
6958
6666
17085
4450
10141
1825
4138
13659
15269
15264
6035
17273
14224
5795
8089
6773
1016
3493
16767
12209
7539
14645
9206
9975
17856
264
7240
5957
16927
4359
1105
17803
14656
5039
9776
3237
9566
15606
11490
7603
10620
17113
3573
12302
15099
8829
15971
7541
4984
3664
13474
16494
11814
9033
6739
6936
2179
17646
1908
3618
15582
10485
16046
12391
11086
16155
1469
16584
1767
5387
8117
16501
10287
565
7311
7250
7231
5765
10119
5773
7289
13952
8310
1062
1050
16454
14927
8106
254
13752
9003
14614
1851
2931
12876
13781
4262
13886
2530
9802
15917
1629
3154
16350
8873
708
5165
14881
10652
16839
2502
14037
1399
7433
17867
5073
9738
480
9353
1481
8956
3931
14731
8109
17066
1502
17403
15124
15042
5239
7737
7561
10728
2469
2665
9065
356
301
9515
2205
4461
5555
11385
10726
17369
1815
4210
6240
589
15078
17323
8610
17269
14161
8591
638
10310
17137
7969
1261
17495
4676
2632
17533
5509
2944
14786
887
11331
13871
113
4357
267
11073
1499
1313
10563
3423
14502
14829
10811
13612
5843
6796
13585
13446
2566
16481
17427
3445
792
3235
2565
11026
617
5469
10704
6098
12932
14155
3806
1695
12339
15418
6506
6400
13586
16032
8078
12080
9970
2055
4770
16231
10388
12500
17194
14507
3187
1627
1331
10418
6204
13380
15415
4492
7545
278
1255
12338
15800
14870
13759
12710
3555
17144
17870
8853
13100
15756
2398
12350
8626
6753
1271
5807
8269
14062
11927
1256
1046
4919
11130
10935
3319
3784
13255
14348
4781
6330
13630
8738
6779
3558
12023
6736
6110
12107
11648
6831
12199
7514
9316
8431
767
1174
16825
15214
14544
15772
10080
262
1019
5047
7637
3874
12930
9204
7284
736
17242
13267
4082
14498
7556
12648
3868
17422
11149
3006
4680
14386
11102
4557
5299
4763
15284
11312
9712
4716
14467
1505
13826
7815
7296
15388
13199
15520
3240
17617
12711
5958
4235
6629
414
11565
12783
9615
13652
487
5630
7766
17303
7624
2299
16457
14582
7768
13336
13219
2508
156
11643
4577
4671
7862
2577
10732
669
1022
4645
16765
10327
2320
13228
1652
883
33
7787
4103
13484
668
10884
10800
14655
10101
14501
5972
7703
219
6547
6490
16319
14418
12363
10641
3054
16828
15741
14042
1493
5567
5599
16587
7950
1736
1879
598
9412
9450
14816
6303
3305
11121
1887
14991
15230
8981
16692
2880
17041
12948
8486
2957
1322
16535
15111
2774
15022
12111
11365
13065
2487
13647
13252
11276
12020
9136
13564
15781
13155
1145
16006
10048
15338
8048
8194
16950
14158
5060
10142
10725
13398
8845
7446
12843
16590
6475
15095
15503
3463
15277
8936
3407
12547
2589
7032
4629
13816
10808
8825
16184
16318
11160
11696
2146
590
13508
13699
9078
3690
12274
6333
7315
16527
12190
4591
11240
13803
362
2027
8741
5246
828
10839
7181
643
7176
3298
14447
3592
9208
8854
13281
12936
2082
10359
8262
122
5180
8135
15335
16425
2626
16991
17793
7192
7402
13617
11388
2409
17557
17798
2221
15916
8268
12125
6385
17610
5024
5896
6042
10795
5102
14887
17822
12250
17809
5984
8639
10848
16604
6539
3412
17826
8201
11091
14715
2453
8144
17339
5574
11257
17722
5533
1956
9558
3140
1475
17659
1540
17614
12436
16161
2730
2903
16823
4126
3477
8476
11609
10228
820
17528
14432
3876
14349
3246
8716
16169
9083
11784
12614
12862
14552
16188
17257
7949
11134
6406
498
7400
2546
10974
6501
13271
15073
12438
8571
7144
2580
5196
13056
7503
17235
15234
190
14258
6483
9912
14317
8212
14943
3597
6630
3888
11058
2046
10691
17667
13294
16334
16225
1631
12496
4271
8381
17166
13098
150
12163
22
10167
8425
13117
14174
7902
4538
4753
2355
14996
14534
1382
9999
7478
2798
8010
16761
6743
17086
550
14809
10898
2319
16522
15173
11380
5035
15108
2817
10514
15894
241
13596
17498
17241
2103
5623
12628
2414
13182
2829
16776
12708
4857
11707
10581
14356
8660
864
10060
6484
4084
8695
3441
5674
3804
8961
9076
5656
2005
11586
11681
10718
16706
2440
12197
1286
226
5388
7075
11785
8902
10532
1866
8290
7625
4986
7511
8085
7314
16330
1982
16741
13327
4353
4892
10787
13243
13350
7429
14203
7374
9442
4673
1465
15802
12689
6087
9590
4766
13550
2761
17672
15822
4367
2022
9388
12704
16240
16085
9659
5658
15120
7582
7825
16388
13591
3451
15251
9203
16171
10835
11480
16461
14955
1236
7818
5799
1671
13186
2377
14891
15618
11638
4296
3661
14506
10034
734
462
2739
9398
14509
10511
7761
3064
8791
9519
11543
11294
3544
400
11513
4890
1776
9431
8706
16764
5140
2541
17276
7988
2544
3041
4631
13437
9006
7995
15414
3392
2206
2752
13179
2696
16942
703
829
6285
14742
1035
15313
8411
15371
11740
14350
14842
5360
11999
14011
4229
17045
9261
3643
10978
6468
821
4623
10869
5605
12200
5510
516
14392
6278
7767
2048
5838
8282
16333
16983
600
10941
16821
3255
14843
15017
2839
16202
11427
16962
12031
3156
14810
8899
3036
4950
8679
4966
15860
6325
8784
1608
12822
17272
12387
1098
725
10266
12701
8549
11041
4848
11557
17158
8503
11506
7332
3130
253
4111
1961
12491
4132
11596
435
8781
12193
3122
14541
6697
14162
2382
8204
12944
16222
3803
6355
14250
1259
9722
12828
3262
17720
17109
13213
3579
1220
7780
13917
1495
4615
10548
11011
11587
4107
2527
3969
7945
4383
6790
5483
10303
11577
6297
14095
10070
11340
7779
9699
12322
3169
4801
10036
16421
15657
1980
12727
5175
7474
2117
2639
13634
5020
3714
1688
7417
5115
6656
5652
9094
9326
16924
1108
4973
11251
7143
7591
14315
5491
17877
5627
768
13041
17891
5349
8809
10330
15658
8059
795
4911
3837
14683
16858
3875
12925
15567
10572
12672
3840
14696
1325
17602
14707
10356
14407
11948
17063
1087
4077
8051
13465
12445
4534
14440
14393
16068
9761
13072
9429
9059
7016
2304
4616
9795
6280
15326
8408
16284
15070
12331
6156
13166
1539
908
847
7120
8653
15689
9005
8186
1522
9246
5986
13070
2218
9998
16396
17718
4139
13468
16027
6474
11452
10349
4832
776
16192
3926
15476
14649
4785
3598
15105
9725
4287
10465
12940
16167
13082
6183
3343
5554
7657
12625
1942
13183
12873
1732
9695
12061
11139
12415
2165
4585
2627
7505
819
7476
14757
11110
13274
17096
16901
17758
8222
1468
4013
9846
15438
7082
14595
9660
3208
5945
9418
11470
15169
11754
11991
1486
2682
16548
7978
13215
862
12070
10140
8642
6245
6978
2913
16498
9311
10105
5877
9978
4420
15045
17674
15833
3542
14455
4552
7048
1353
2337
10992
430
13946
11346
11292
8042
15773
15382
17486
15318
2062
5977
17142
8601
7364
15554
6976
5809
6186
8328
7789
3677
11117
2740
7631
14266
3720
13754
8686
4897
4689
14288
10677
2900
8724
10472
8190
15320
10431
9024
15205
14142
3891
8531
6747
4635
8002
13957
7436
11789
16516
10265
9239
14442
8226
15235
16331
15782
13031
6695
7096
13819
4999
1635
4358
1916
13439
7220
6438
7517
16228
15341
4707
11860
14493
14276
7803
6265
2837
11960
3680
497
1859
10670
5103
13313
16286
170
11271
6255
9189
12746
3683
9854
11908
15250
10081
6873
234
3523
7354
2081
15784
9309
4046
6969
198
10016
6159
9507
4012
3668
5790
5940
547
10341
12229
15171
15704
17411
3204
564
15805
6858
12982
6970
16379
5343
16572
11353
10988
6872
8034
6755
237
9242
13150
4800
6812
3934
5428
3395
15546
1917
3847
7597
7982
7497
8490
11749
9308
17311
9995
15162
11234
9630
5707
11170
4336
2997
5254
9509
455
13731
16894
6435
14545
9664
105
1893
4823
7599
13720
14114
11570
16710
11167
15537
822
15003
5711
7576
9197
4292
9007
2653
10370
16172
15390
9602
6121
6336
2072
6860
8818
8137
6370
9556
6552
12021
8215
17262
17831
10135
3800
4526
8912
2843
15223
17731
5774
17469
6411
17836
2877
5401
4167
3909
7807
1210
6243
178
17025
619
14748
9726
2623
2560
1566
15820
17443
4189
310
15754
4238
16827
8982
14289
11963
1932
3035
5702
15183
3703
17177
6604
15930
8806
8232
5981
17490
7644
7931
4813
14212
11324
16469
11328
17364
16538
16237
9347
7449
7600
12139
8719
3489
6149
3295
5753
2318
6043
2691
4448
6846
15368
17128
12777
4620
3971
17213
910
8145
10733
10197
4599
558
124
9662
5649
5380
15208
11645
13382
16826
9966
9404
1183
224
15039
15164
1951
14956
13328
428
726
1371
16996
4780
12135
11443
9019
3309
14628
12920
16877
3744
7450
5337
10717
9863
5556
5493
11050
1277
745
14036
12455
4693
141
16459
13092
14296
13493
15580
16895
2248
454
4868
12627
8698
5016
17841
8632
11442
16699
6702
17800
1827
7634
8302
9161
2996
16903
16136
17091
9176
16868
1745
5801
9774
13258
2447
5938
6965
14781
16077
11290
16544
376
17589
8397
6307
10386
5472
9459
16807
11594
2178
8189
6032
3701
5701
11720
418
8475
7922
3550
12266
871
2145
15422
354
17701
10554
14452
11519
14974
11372
13453
13947
9332
5692
14514
5565
9935
5697
4186
16420
4554
10215
9825
9830
8970
6072
12713
3735
375
10614
13171
13888
12979
3630
10248
14211
15646
7042
12143
8174
15637
12605
11538
1168
1368
1902
630
4604
12521
17457
11400
2594
7938
176
11822
7615
3897
9406
14557
7413
14196
496
13042
13079
3786
3933
1550
2133
11990
8317
14586
11973
14462
3366
13047
1599
9694
12354
5748
7937
7867
10206
3205
2509
16505
2439
4530
16141
1416
5260
13597
14958
13456
1415
17334
4331
4396
10932
8557
11943
5925
12722
17626
15864
15669
6608
16315
16381
4958
16313
17709
17502
5236
872
935
6454
15993
2263
10937
12329
1933
13891
15115
9696
15859
928
15429
6009
12054
4377
3994
11193
14061
14137
17060
15398
9770
4435
7483
10701
897
15570
3956
12683
12466
16680
724
3018
13355
8994
10110
5252
568
8398
3099
4547
17105
11179
8261
10577
10622
1571
992
11511
3373
14291
11856
14219
2166
6973
5315
15308
4030
9050
8657
12934
8036
6133
7985
8488
13885
17026
9550
16270
14456
5096
7729
16238
15842
4675
7356
9000
14529
17723
3902
10735
613
2090
13892
719
9447
10346
9479
7452
11064
10106
6416
6397
9710
2183
11217
5118
12901
7447
6761
14100
3011
8762
13688
8338
7920
4035
14897
17013
2802
17529
3895
14841
9028
14058
7165
5475
545
12803
10601
3209
6829
55
429
13091
13573
15066
44
1979
16300
15641
2216
268
12123
2262
17
6717
9343
4874
13692
14563
8444
4739
1504
3469
12384
14313
17297
7424
6366
15110
13490
3535
2160
8276
14337
5607
17592
1552
76
8191
15126
13176
4998
17746
11284
3957
14415
16346
13677
3499
1079
7274
3914
4943
8974
17331
17261
16969
5442
16106
3513
4117
12730
10314
7040
8147
6767
7325
16598
12362
1669
9099
10168
3824
7921
4330
2197
3967
10420
16389
7913
6422
15239
3279
16709
6170
8874
12051
7880
16746
14761
17565
15453
17027
9827
10253
4153
11952
4085
10384
1472
16768
1203
1454
17151
3501
7410
6882
7605
13762
5664
11267
4561
11263
13877
3602
5104
9008
9771
1304
6634
5391
8538
12790
5328
1643
11182
9025
5134
6236
17099
1164
7224
14052
17049
1292
13713
4638
9683
14994
16925
16543
15405
3050
11248
15718
4661
263
13063
5420
8573
12691
8805
12326
8407
6073
11755
5198
6074
2835
3426
11057
3386
9304
14186
3403
9499
15550
1693
5713
8046
17563
6283
3055
32
5901
114
13003
16255
6384
13108
6345
10528
11463
8778
1347
3789
9290
5459
8585
16292
9330
8916
1413
2445
5947
11669
8086
7320
13810
10520
12505
16509
9901
9175
12477
5578
8360
5717
8745
8735
16201
3307
1408
13668
7822
6635
9445
12978
749
13137
16101
3128
2787
15174
16274
17243
5879
666
15568
10871
9605
1135
528
12141
17300
5290
4443
10252
8677
3591
14334
16712
7411
6244
17038
16652
17226
861
2781
4199
12055
11109
8775
3137
17734
1548
6298
1597
7142
12886
12446
15139
1467
17627
3288
7389
5573
7116
7565
15440
1525
17854
12810
1123
17376
7705
8418
6476
9220
3669
12095
17680
12076
8747
2137
8071
7515
1340
11474
3686
2879
6441
14395
14080
1839
707
1794
2874
489
3728
12607
11850
291
16385
3832
9363
11468
13743
10968
11332
1655
5506
10868
11651
16372
4422
16259
8668
10582
16954
1840
2512
2065
103
15961
13707
12823
17606
12826
523
13280
17886
14118
13894
14894
17628
8258
9365
3308
16001
12527
12091
14588
14436
1939
2666
9588
11060
8943
17699
17444
4584
4065
15050
5112
2106
16475
16128
969
6351
6415
10195
6346
12615
11747
8894
12905
5820
10
15327
10392
2097
5074
10464
14977
774
15329
759
13899
5032
6316
9842
6171
11157
12398
9798
13139
16960
7088
8682
9382
12194
9281
7423
12434
1479
7970
14087
11393
16005
14194
10126
8140
5394
10264
6839
5662
71
16663
6704
6126
13430
10044
10919
14230
13542
15394
12472
12040
824
8578
5815
347
11864
14344
2807
6865
13138
16624
8165
468
9610
8223
4632
13037
341
15506
9491
13405
6091
10419
1619
5082
12581
2490
16099
11367
2660
17806
1927
15581
8911
2833
5179
15363
6861
12204
3180
15739
1653
8941
688
16717
2861
15871
11564
7850
3096
9750
9273
13208
11663
17429
10045
13149
13502
6878
13136
17894
12463
14166
382
13804
8945
9482
239
9856
13314
10851
4011
13582
10381
12181
1531
16108
10852
13675
338
6817
2347
15510
1251
10084
12244
3670
8760
7740
3453
16449
8628
9751
9110
655
7457
8746
4876
14550
16018
10234
6628
13485
4388
7594
9667
15449
14275
13133
8794
15165
8803
13461
2357
4204
7335
4326
12231
10663
9925
211
3650
13590
13116
8343
16799
7546
13125
17795
16355
12457
5961
14372
2073
782
4493
11245
166
11981
7849
7073
4020
17468
17072
6105
13513
5892
2489
5738
17791
142
5336
10178
17394
14740
2499
17121
12251
11635
12173
6557
10885
6319
4333
9181
11614
17671
1758
10561
9213
17029
866
11212
12242
482
17625
5415
4387
1697
4395
6313
8519
7762
16460
14088
5678
8995
17813
3108
5322
13491
17689
6983
11095
5130
16096
16463
12353
14680
6203
11364
8593
5983
11605
1346
7552
7708
2391
1267
4901
1443
13247
9584
8377
15974
5847
2085
16988
8288
17203
17635
2119
17079
7023
12282
13538
1
12957
1752
8661
9071
4672
9851
11954
11430
3825
9668
260
11350
4025
1223
10040
1377
14827
11233
13911
14157
7306
9413
9597
17763
535
537
7991
6518
2212
6277
12249
7887
16576
9135
14601
4502
8433
14077
1926
2603
526
7966
11977
13940
1159
16594
7932
12364
14799
2960
2252
2088
14833
14424
6227
4525
12485
6162
10517
16818
15317
15931
6903
9763
9670
12626
14362
12180
14299
17352
11800
4349
7317
320
6144
15788
5042
12407
14743
1084
15715
7428
11844
1191
3827
8812
10290
4846
7089
16431
2803
16852
1864
7160
6054
10487
10151
14065
11572
8769
17665
13955
9587
15973
6279
10946
1805
11046
5864
17251
4366
8362
2041
4440
1233
5911
12863
7003
5169
7387
15010
11156
17001
3819
16671
13784
10259
9467
5405
17618
11310
12587
2949
8461
1890
677
3097
14458
15492
14589
15479
16179
15021
17535
1296
7628
4391
5166
4149
16979
11592
17414
2239
3900
13840
9831
8008
3342
6102
8493
365
15644
4198
14627
6888
9237
2795
13335
6827
3694
9049
4405
3005
16175
13775
16234
3254
12662
13501
544
5447
12579
10556
11880
4485
11061
4946
12643
10062
5956
12535
13450
11423
6260
13207
13584
6358
17020
15222
12698
17754
5141
1894
9376
11599
3004
1898
832
6323
14091
8882
153
14806
15040
14647
11968
8126
1512
6362
7770
49
6866
3882
1075
17751
2202
7997
6453
14727
2111
13057
10417
7889
14660
15155
11020
7062
2602
10138
17489
7378
12177
8944
7211
1361
2009
10874
13329
11476
1835
13232
8555
13444
2764
9327
11404
6915
3807
6523
1679
12838
3589
2356
15085
8663
9814
6616
15059
817
16771
12289
11206
4810
7216
13130
14783
2068
4389
879
6909
119
14097
11989
4959
8950
3121
14543
10594
7095
10251
16499
4478
10769
10103
6741
15904
1020
1073
5849
13447
58
13614
9441
10486
8478
14980
5334
11146
15488
10590
6789
7557
11325
1068
10721
17275
9669
9705
14484
14899
11477
4451
3068
13552
5164
6291
4157
17399
4612
8484
3289
1799
16893
7878
13414
17031
2500
7242
10383
914
8019
4288
3795
3721
15957
7560
12277
13326
6274
6055
15283
16023
15942
13505
10873
5614
10697
9495
12914
11997
1173
9624
9291
8598
10100
15299
11214
17285
11270
1570
1405
14198
17479
8242
13123
8361
2813
309
5508
4090
8967
12772
5670
367
570
12291
12937
12328
7611
12729
9785
10455
17651
17488
1541
17670
12639
8366
4644
11456
5365
17830
10707
6127
5041
17127
8146
2390
72
16229
4829
10698
5090
4858
7863
6233
11027
4269
14353
6952
14022
17384
3736
16898
6948
10703
7054
7283
7271
1780
6447
9967
1534
13126
3105
3765
11526
11788
4960
3330
17202
16561
16616
7772
14191
4394
17402
5995
13581
12554
3962
4256
1784
11776
7205
1029
8711
14653
10638
7210
5319
1914
14335
238
7555
9801
14617
15211
16849
395
4190
14359
14127
5881
1983
1936
3364
4997
2618
17447
1033
12372
17844
12580
17578
604
16470
13169
17146
10996
9623
17117
11842
15575
17370
4902
4208
10557
1321
6167
2576
13235
874
13875
6914
5273
10833
14764
6688
16701
12918
3754
5666
15548
10243
12621
11624
7573
10875
3380
13902
15517
4318
12265
4487
14444
16739
7090
3932
1742
16668
16610
7456
10069
16649
14377
17341
14450
16749
10115
10952
2841
12575
14500
10116
2871
4209
14657
7571
8219
10250
13397
7275
3568
15446
13512
7896
17549
13043
6492
2176
4621
2521
13761
9799
12071
12794
11743
9903
17596
9415
2444
7604
10755
3312
9708
5791
13737
7035
11259
9818
9456
12161
1964
15425
877
5078
3520
5735
11670
4109
481
4940
8464
7313
16914
6520
10744
13575
17491
13145
6647
11321
12334
2918
12063
4041
10506
605
14673
4995
13310
12520
9133
853
17880
8480
15117
11429
7397
16984
16199
1809
16521
6317
9357
204
12497
13194
11881
15513
10079
3509
1162
6774
10921
9792
15325
86
5965
16301
2207
3046
7747
16485
4717
5909
16017
16620
8556
3980
16098
16906
9484
3975
15442
13627
7679
8545
16970
999
3172
9228
6788
13941
11018
10994
5184
10886
9528
995
8412
2401
5806
16870
1044
3821
8441
2007
14453
12327
5288
10078
16606
4659
2770
3466
10730
7214
1516
4481
7492
16688
4618
591
16791
11806
10394
2225
10451
12670
518
7870
12861
5684
14945
4691
3104
16145
4062
6603
14814
5982
11237
12864
1650
11403
14355
6056
8446
17292
13923
15288
9466
1816
4851
6898
2634
1327
4735
1053
43
7
8672
7906
15392
5590
471
12709
12465
10429
2322
8091
7643
11959
8846
15241
17541
8629
4404
464
12094
15240
4563
1691
13321
8889
2230
7579
17852
10887
8257
1348
10607
2480
5528
2149
17517
2096
6188
14889
15255
5091
6467
15792
17637
16405
13436
7233
14068
16010
11068
6205
16153
10239
12044
16489
4225
14699
4136
849
1821
12157
417
3718
10555
16621
10477
6068
13486
10741
4173
12548
1922
16905
7930
5489
10762
3761
15435
9711
2102
17196
9190
4155
15445
2232
17351
9673
14232
8574
13624
4270
6301
12464
12973
12846
4931
16949
29
12751
12003
12503
13204
14113
13587
10059
8513
1823
6920
3697
12806
16306
16081
3684
3344
16205
5968
16466
12418
7993
12883
15421
3206
12757
12136
8771
8153
12892
9129
7189
6511
3280
6389
2947
13842
11377
3167
8289
7004
2412
6308
10621
2245
7584
4606
10268
15434
447
5772
14021
5993
13305
6964
14
4393
353
9407
5663
5504
3794
11273
6226
8170
14116
15057
17476
13789
17781
2342
286
3843
4218
2312
11051
8971
5750
7270
15359
9717
4019
2052
12716
4345
10516
13755
6660
12379
13188
5004
4446
3103
165
16464
8852
6391
11300
1339
7043
1138
10810
6302
7753
12671
16358
17378
10408
2188
12024
3973
12753
15262
5228
299
17708
6541
1615
5327
15270
2935
14605
5659
9325
3081
3142
10129
6066
13132
13315
9240
1427
5243
5624
4148
846
8443
3034
9219
17382
8998
9744
31
8907
10576
17472
15323
811
17356
2243
1484
3459
10521
9236
14615
14308
5855
2144
17424
10681
11436
6452
13654
15378
13357
3191
3954
8766
7810
12179
330
14728
17377
3510
5734
5611
9053
15081
6874
1198
5207
4423
16556
3951
1088
12411
15889
7860
15439
2515
8195
11949
14930
3724
10285
4040
7923
13778
2459
12902
549
12844
17154
14490
14877
5581
2300
4360
3095
12164
9663
9426
9346
9593
16452
8092
15494
918
12712
5160
15869
15522
10540
9815
11852
2812
2601
13800
3633
10013
8659
12632
15441
5097
9684
4630
16004
17425
13705
17707
4170
13736
12000
10406
11946
15674
13131
1888
1161
5805
4861
11320
10679
6120
9625
8213
1204
14730
13367
6524
2673
17777
5625
16185
11956
11467
10595
15986
7357
9506
6631
14565
15769
3247
17497
4390
12258
16483
810
11933
10671
16253
12395
17851
10860
1520
17586
7238
2332
4034
3849
4226
9147
13939
1315
10591
14463
14620
7122
16249
4784
12096
1366
7293
11235
3924
15203
15815
7504
1573
4888
14840
10313
6507
579
17260
7276
11978
5107
2994
5900
696
6477
14986
6332
12105
11241
17782
16948
12549
9168
7063
957
5914
7006
5269
11891
9532
6071
10014
10121
12072
11355
9637
4798
10918
2058
6758
16691
11392
16617
9577
11913
501
11716
17239
10296
16486
10425
14795
84
7152
17613
11510
14178
5383
4464
16496
14251
14567
14995
13426
8038
15186
8572
5831
4163
12971
10074
8669
1613
14566
11062
10551
425
10447
8391
10130
15217
143
3820
11571
8496
4788
7661
12705
17785
10788
2112
834
15464
11762
14983
7732
11725
9480
9847
5008
2131
2150
394
7701
3494
3336
12609
2159
6732
15898
15814
10376
2071
1367
16211
6364
17313
3141
6041
1247
12723
8798
74
7334
2396
8305
986
4843
14854
5598
10184
15455
13854
8834
15151
12635
4212
530
13682
10782
5124
7814
5063
11243
9522
5720
9492
2275
13820
12133
1025
6568
3778
9984
13085
6143
10865
14771
11693
9886
5725
6794
5741
5800
14981
7398
1551
3136
16216
3810
5466
4022
10529
128
1009
10005
10963
16585
7440
17765
5517
954
2361
8149
9162
8394
14013
14262
982
3696
16869
13104
2380
2486
3089
6166
6425
4447
7499
3919
14043
4092
8234
3638
3347
5168
10374
574
10112
15212
144
15954
6272
14134
10000
2620
5994
10038
4971
4889
7322
988
13521
4162
4480
13181
12344
8903
6222
6684
3565
14130
6503
3887
13602
3296
11155
4403
3461
4909
13693
7956
2737
6063
5783
4311
2482
1370
17860
12546
15332
3627
14857
3731
13443
1037
2437
2999
1510
411
10807
12267
7774
9493
3259
3069
6645
7987
10559
10668
12361
8217
9600
5222
7673
505
7538
7616
6404
1120
5208
4682
8793
7282
6569
14984
3941
12043
13696
8540
4981
8986
4878
17632
2548
3348
408
16304
8356
15553
2291
12241
14257
15858
13937
9279
5818
5281
14330
5963
12582
7470
5061
14110
2860
2363
4624
15490
7321
6064
14525
4123
274
9264
10379
7813
8867
3382
6733
3704
585
7243
1553
9435
16686
2619
8141
12128
566
11354
15540
2819
11348
159
7018
5496
12526
12311
14913
15351
10586
11795
2056
14990
13525
4925
16769
14785
2283
12303
1824
1588
9762
15562
13438
5400
5888
7651
963
12785
352
12137
2579
6586
12025
12573
8975
15196
16945
10588
68
8595
15090
7194
16602
14311
4273
13241
11620
1200
15620
3486
2241
6024
10966
5593
3749
6388
10685
538
2303
10210
1744
4880
13236
1393
5962
15261
2672
12869
10123
12166
10731
2669
11911
7844
5213
3248
12951
11014
5507
1556
10926
7265
8453
8474
16642
14085
17064
3233
7014
12965
16967
3614
13113
9603
15624
2214
12373
888
1972
14834
8113
8906
12893
5152
9648
14495
3220
11040
15941
14936
17168
5458
15060
5503
7261
15254
7223
16910
2876
7135
17119
14112
14269
1861
5446
11798
2824
11166
4771
297
12310
1590
10307
13016
7765
7490
1307
7037
4767
1672
2229
17829
293
10882
4222
7575
6343
17296
686
16600
11517
12440
12994
14280
322
478
5700
1889
5762
11390
812
4346
6221
15600
4069
2032
967
11189
17278
6331
12534
2704
3374
17009
13210
5601
15605
12879
9167
9451
13933
16506
17350
13822
1867
9902
14753
2100
869
11655
1998
14403
4428
6480
15248
472
9057
3583
2932
14813
5425
3388
13893
2180
4743
7393
11473
9952
9820
1149
1160
8000
13788
16640
10790
14625
793
4873
6197
16941
2899
16645
3740
6762
14419
17862
7227
4305
11777
13645
14520
14201
9212
8800
6822
10288
209
3798
15229
16537
9782
10634
1967
11398
14604
2433
15579
597
14860
11489
6246
13616
7403
15352
14575
781
13495
10585
1360
2324
11750
8040
1480
7694
10201
5123
4187
17059
7654
13334
16327
12049
5241
10804
1186
1907
4088
2477
8208
10706
2723
6847
11787
8848
9929
5515
12047
4495
11038
11172
17002
15724
12796
6880
17686
2507
10302
4695
8039
15838
11799
3822
16019
2808
5050
3518
12938
12667
14900
3958
7344
5052
6885
12459
10136
2279
17043
2430
10720
17410
2591
6315
642
168
9709
1800
16656
13503
10660
4427
16083
15463
16878
1912
16690
4102
11344
15118
5286
534
583
12335
12610
15182
1300
8241
11053
316
6510
17400
10901
6677
3245
8463
548
14007
3012
1630
12895
4694
13977
9086
12349
809
1049
11071
7390
16491
6786
12953
4605
5455
1532
4962
10047
14024
16595
5156
10297
11460
6995
4685
15681
9693
8838
11825
771
7502
8895
7890
17349
15121
6573
14874
10052
14416
17093
4514
1461
9676
2545
7741
8422
1356
851
1834
7903
12724
1316
1623
9672
1278
9245
4145
14124
8667
11903
15777
8527
3662
88
16248
2760
1880
15533
16490
6365
16703
12807
5386
3078
11953
4730
4234
4259
15799
15915
13248
15167
1750
7691
3878
5600
5155
6777
7786
4590
4751
2964
8833
137
9072
9773
12985
1097
10077
14784
10275
9458
6471
6461
5265
10766
2135
3729
148
303
5113
5148
1270
10829
14001
2210
4294
3574
10432
12692
5040
2298
8675
8155
5278
5127
11872
12104
11261
3429
5575
10783
10902
9721
14769
4255
13287
8752
2890
3500
12400
17776
15836
3379
1446
1952
8502
16122
815
10458
9665
9965
4775
17524
4176
1950
3884
329
16367
16194
2542
4737
6646
2818
753
4531
1563
14000
12839
10840
1856
4697
14026
9619
6108
11514
5482
9487
466
13787
174
277
1069
9740
9216
6803
9658
13687
17445
16182
1713
2611
14183
16110
16772
12162
3495
11013
4976
11766
16434
11887
12991
16866
11585
13433
15865
2251
15069
10505
13195
12319
12059
2929
6776
4969
12298
64
12365
4587
3332
10536
7587
2815
5381
5939
12218
3241
14962
2793
13500
14587
13895
5733
2524
15874
15315
14823
13975
14154
16657
11136
13251
7021
8985
14421
6555
1452
10907
12437
14045
16623
1131
17655
7893
3264
13341
15298
5764
15376
1357
4871
2630
11024
17008
839
4723
7663
323
13943
2826
16503
17603
15360
7524
4172
11293
9092
12659
17514
5037
6721
4050
6963
16936
16790
6213
15919
3134
9805
11126
13256
11025
14830
7479
15185
2349
15148
11301
15713
7665
9930
236
5781
6082
6079
7897
15130
499
3625
3127
15662
11483
12855
7078
10627
11568
4839
1217
16619
16715
4576
7776
16428
7925
13756
17608
4216
11628
3072
7911
15813
12237
5022
1594
8415
2891
1245
7769
11729
12340
4625
17843
818
11650
16539
6744
8635
16632
4014
7609
10828
8119
2649
17012
14486
1230
2339
14717
10035
6830
13655
1451
11094
13359
12842
9018
1639
3864
11983
11131
3420
12188
3767
5906
11433
11144
9503
8514
4110
11522
1798
14281
14960
1574
11169
11597
9954
9686
13119
10272
9366
15742
14105
9592
6251
16998
1014
14425
11249
1716
14937
3905
10373
3418
4651
3100
6464
1211
5013
14888
15664
9247
7086
16087
16132
12533
17464
1607
4241
16474
7846
15752
682
12598
11623
13212
6005
5131
1400
10483
9692
7255
17237
12067
14492
9334
13431
7843
2274
14336
7572
1103
16468
5952
6814
12522
1567
7033
1660
14295
12913
3584
11336
13240
6951
12912
14952
11780
2884
11082
3007
1826
12115
5929
2640
14040
8535
6437
10604
6322
2707
6158
7854
9302
2213
1359
2107
4805
5974
6820
16808
292
1065
10319
9909
7196
17321
13122
11424
9674
13695
15444
15934
5882
11375
3266
11099
17353
16880
13238
13093
10021
8529
13018
4704
17532
15586
17560
5005
14920
10202
2491
10002
7038
15661
16214
12693
11015
13109
15047
3755
3211
14639
14603
14146
12833
4992
3540
11462
1941
10083
3599
15011
9457
2597
1214
9158
9422
6439
4791
7596
6217
16989
8296
645
5500
12782
14775
9211
8283
10342
9134
17322
1862
8197
4343
3013
16402
7574
14457
10162
14610
6577
8452
9996
14517
10646
1743
7009
9822
9908
16904
15339
14304
11674
1658
15729
13900
14414
11837
7153
763
4703
7236
8027
7658
14215
1091
17485
13417
12749
17342
13950
559
6990
14138
1519
14428
16095
2484
366
12093
1948
12357
9764
17192
12138
14480
13739
6783
13282
10680
12078
2569
15404
15340
3282
15089
8115
14078
6572
16345
4252
15626
5946
6605
2624
11602
6399
6101
9377
1006
11761
11929
13198
13599
2049
15701
16653
1993
265
16674
15402
12763
14248
4141
11231
6871
288
8069
575
850
12075
14121
9914
6229
14023
9292
16268
7801
1843
3947
4181
6369
12152
233
14924
14811
11524
2647
12233
1711
13276
5452
1462
16433
6673
5354
12774
6004
8298
443
14050
17110
2238
2330
169
17385
16581
6122
3793
647
11227
2758
12966
8758
16157
11087
12748
1155
14770
973
11819
5594
10027
10032
4732
12942
4718
844
10347
349
6668
784
8239
14539
11843
14357
12690
4018
13395
13442
1439
5085
7865
11387
8225
787
7684
15259
6625
931
9877
1248
4855
16476
5437
13760
10985
6423
764
6748
11180
6047
10640
9920
16641
16215
8964
14537
8504
12224
15549
4859
12471
1176
3896
11967
3516
7955
13387
17840
1092
6118
13192
2583
1372
13927
919
5699
10742
16921
