6423
5830
7766
5758
9243
3698
6958
10759
819
8756
8765
9320
1173
11379
4392
6551
1692
6820
8287
3682
17373
4076
4718
10629
487
3691
13212
7201
12791
4249
13419
9427
17723
2858
10426
4354
10939
16989
7792
13366
9672
2913
3638
13912
8814
2849
4431
14273
12502
5252
9741
2671
1098
4054
5226
7305
5442
10330
2687
14842
5785
6011
15670
12787
6851
3830
13295
7107
1812
2936
9780
4502
10469
15312
8386
3292
12687
12942
197
15301
7002
10407
16290
3737
8203
7181
15791
784
14070
2714
1705
497
17229
16970
12062
4937
5095
15206
11769
13846
14722
15636
9206
16599
3108
6212
3156
879
1257
10515
6599
13244
11172
8575
7395
16398
5070
4481
13095
11473
218
11958
10072
1355
17836
8740
6747
10777
16817
16874
11617
10789
10804
15849
16227
12309
834
16697
12575
12053
5718
276
6535
8066
9071
14985
5613
10553
15487
1594
7255
14466
2339
11554
14730
8056
13361
1455
4957
3225
13202
6688
11053
10118
5554
15687
13917
11828
6199
699
6696
11341
8579
9617
5454
15646
4556
4027
7140
5479
15803
12047
698
772
2164
4001
17662
3103
11400
11313
17174
10216
14954
5011
10012
7317
9073
6022
15480
11791
1059
9429
3923
3244
15954
12081
7783
11381
534
2667
5268
1535
6298
13418
11764
8127
5055
14284
11616
11310
3845
2192
12086
6400
16546
7503
13380
14447
423
17495
4345
10962
10900
9845
8468
5461
15702
10376
10058
571
10272
7769
10297
2364
5256
14196
10019
13688
6854
3743
7685
6836
16577
13290
10542
14561
8055
3507
17541
3795
9308
4028
13150
14015
15253
4612
814
13044
16999
17064
1800
14798
13837
48
11927
221
12586
875
12605
11920
10502
2188
15569
16298
17192
16820
15769
14081
11435
13401
14337
3496
11758
5248
6956
4537
5707
5614
859
6508
7448
9000
10751
228
4350
2436
1319
10928
1129
6374
5135
6925
2284
2536
153
5022
8379
16317
3469
13420
7045
12266
378
7392
4143
266
10475
5940
1811
10119
11857
5035
15418
2398
12186
17450
11990
37
7127
4648
2706
11557
8357
74
2658
5726
2634
9592
3885
1071
15016
1213
15984
4193
2146
767
10510
12526
17086
4349
10855
13543
9623
6887
461
14149
7187
175
15605
42
15172
16761
944
14784
13143
15610
8844
410
15642
3788
7782
1091
603
480
13885
4715
17713
6009
3457
5765
7456
997
11044
14683
10266
6026
13176
7558
10329
558
12294
2235
3443
15424
3019
1854
437
12056
15617
6403
8046
12812
10016
587
16149
9771
2120
7265
9080
10966
10325
14306
3843
1351
275
3911
3245
14171
17182
8991
5889
10530
14528
10310
14655
3790
3418
16424
5978
16514
3483
9881
2689
1348
17703
10136
2774
5378
16057
9834
691
15116
8156
10634
16929
13554
1745
13718
16674
9111
17494
1118
13749
9910
16978
14828
2767
6739
6575
373
16590
14412
12568
16247
15194
8692
5337
1143
2712
16843
14526
2174
3116
8530
4777
14765
17372
7474
2864
4148
13187
3797
12703
5676
10670
770
3149
4524
17687
9048
12153
5205
8664
6230
6815
14271
6436
16752
10540
9141
5302
1022
16790
15755
15553
2555
7060
16539
13567
15308
10726
838
12325
13545
2279
8754
17016
1505
17430
2393
10219
6147
11133
11549
17084
16118
6889
14301
8894
1950
8853
70
11871
12013
17718
16228
9068
1808
8321
15608
6780
10258
10911
10523
4589
2922
15857
13269
4818
8093
14108
213
11614
13180
17276
14164
8577
17099
219
16016
6440
10496
2810
10744
5499
10926
10179
12977
9758
7868
7830
1017
6976
4253
7430
14126
12425
16949
17083
6638
11293
9510
12916
3175
11692
8348
14234
4934
7603
13578
12480
13334
274
4060
8797
8274
12037
10906
15854
5039
11088
3394
5778
8724
9440
5453
10645
14499
3934
9326
6794
1200
17879
4516
3300
17395
14926
1339
11223
4596
12706
11918
8342
9072
12139
10636
14647
5162
6796
4520
9841
832
16566
7574
4452
14510
7097
13719
5654
16123
217
13931
15004
15705
3057
2765
4888
1922
14204
36
5729
9703
16250
9464
13970
9309
16921
11485
12585
15529
6578
11648
12290
10869
4722
13529
15209
14342
10708
14147
3375
3378
3
16850
8985
510
15983
14786
17244
13727
15092
7036
14392
15237
13283
9659
11405
16805
9160
4670
7893
17772
6651
17568
11282
15844
546
608
5395
3608
12430
6004
8943
4713
15838
5990
6377
13279
13077
5251
14746
2197
12135
2056
1521
2516
14093
16091
616
8292
5557
4008
10053
8276
14771
1460
4758
6567
5306
5475
13414
5490
17260
10946
6291
15757
17327
254
10649
12323
17222
11470
6313
9082
5000
10555
4511
13261
3335
3053
6521
1638
9522
15244
11319
1966
12766
10898
12711
361
1297
8172
12953
10914
10528
4643
5097
2693
13073
7328
13065
6110
16121
10402
11403
9077
12297
10590
7518
16110
11852
11340
9223
9733
17797
1673
14450
16802
2123
2614
9442
17312
14612
12085
6611
10983
1888
17648
15856
13687
5533
15292
5016
11281
1067
13985
13326
12503
10305
6701
3852
15494
11794
2375
1899
5087
6237
1806
4369
10332
7251
8295
1734
6779
12172
13233
13208
16506
14013
1991
8258
1393
12180
17429
8789
1619
4636
2040
102
12258
15316
9457
4679
508
10850
9749
9215
12235
12889
7082
13641
16483
686
16846
16795
14986
4276
7862
2730
10521
12273
16201
1859
5103
6157
11279
15866
11274
11800
10433
6869
5311
12571
17311
14175
14760
16910
9616
3320
15842
4214
7076
8927
11517
7529
8235
2019
14634
9664
5622
13522
11153
2168
886
7634
13596
1299
8449
16377
13328
11511
1235
2959
3509
17445
503
279
7549
6255
7024
7534
2545
2487
16941
8977
17881
14944
12202
1425
6857
121
222
14486
10525
14675
15199
11103
4971
10865
4587
15834
13241
3869
8980
16675
15231
9647
1039
11144
14999
4582
13615
6645
5550
3465
13717
11018
4140
15632
3157
2228
5175
5189
1070
5025
5646
16535
6280
5430
2992
12624
9826
283
8546
4469
345
5008
6426
15409
11081
7436
10431
16242
17406
15287
17786
9963
13558
11732
14919
10739
12304
4688
7628
15437
15665
16165
4277
13745
2842
11650
7344
2518
15067
15017
7433
13882
3178
11523
6143
9504
6471
11390
6800
15991
14608
2213
5894
14334
7922
2267
11895
11322
14745
11782
4951
8031
13323
11498
9346
11843
6288
17771
4795
11463
7150
11071
12873
10603
16281
3268
11623
17103
9439
4284
10046
5888
14347
12610
1335
5605
2647
3159
13246
3248
11002
11187
5780
2444
83
15692
11142
210
9991
511
9602
15537
11342
14088
8768
7720
5427
16333
2111
8269
3772
8428
9615
13805
4784
10702
12093
9984
10403
16466
16969
17171
2819
2338
3317
13622
15832
3166
11497
12049
397
16166
10137
9249
4101
8309
13665
17785
16032
2657
4618
11109
7847
11520
3152
13514
13907
8555
10337
9573
13840
10077
8893
5202
8131
12847
12218
9517
2587
2456
10347
10729
3919
15744
10468
17310
10249
11501
11421
13677
2998
7056
12510
13228
6513
14585
10062
14422
1272
8089
9678
16629
4742
10988
14727
1436
13865
10117
14097
1723
11488
15615
7554
509
7165
15160
16072
6209
14592
14071
14034
12250
3828
5320
13740
3481
4097
7819
11946
10591
2232
5675
11687
4035
5771
8962
4541
976
2288
13508
1221
3963
14873
2875
9266
7808
17440
8769
14395
8395
9989
5300
12697
17587
15985
8623
14051
14279
5363
2632
8911
10027
14260
15083
15121
11803
12032
10327
2127
5632
11097
1028
6730
13079
1110
1033
5633
15391
3174
5163
653
14924
7834
11336
13822
14569
41
14170
16069
16033
5176
7073
11114
10446
11608
1828
4979
1581
10761
4607
9532
1424
8609
11305
14938
13801
8539
14891
3446
16231
6128
2768
6047
12018
7762
10927
9097
10613
13498
10760
1504
7960
10102
8188
2323
6490
741
14861
8968
3218
7657
11332
9707
3826
14250
9361
14112
12303
9017
10096
14024
15353
15767
9354
15573
13925
8341
6548
11950
9154
4518
7086
4536
16787
2757
12650
14031
14159
12038
8351
6608
12795
7880
2990
9520
387
10442
13911
6713
1731
6066
17422
10847
16367
4767
14009
13602
574
10882
11228
12602
14895
3648
9831
13888
799
272
6517
10282
7791
7914
17190
16584
2513
4121
5904
12753
3315
6641
2371
4175
468
3063
9579
12629
9007
797
1826
15293
10087
7785
11766
5839
17089
10545
5517
5030
4062
1722
3536
10592
15169
9225
11670
14812
998
8100
9415
1148
5950
8998
8323
10400
12098
16254
7713
5767
7755
14702
11792
15464
7111
11909
15773
5416
7823
8729
7412
13473
5696
4174
3586
12937
3762
16378
15664
9975
3767
14067
4382
1306
6044
12106
15762
5621
6431
16461
7413
16448
16922
5958
16804
11033
3781
9526
15708
376
6609
1765
13739
8036
13778
11805
805
898
1259
8162
1768
6782
10721
4916
8689
13047
11388
3978
3021
17586
1534
11333
5900
14316
5221
5266
2425
11777
5882
9925
721
12871
15776
13406
5187
12750
10196
8030
941
11043
243
10922
16831
4169
7483
10741
8454
3873
15143
11289
11509
9277
15689
23
10252
11948
7437
11957
16735
7816
15662
9303
6679
5688
15650
1901
2173
2427
4603
3645
1349
7551
15033
8858
6902
5719
13696
6421
2805
6659
2661
17644
13642
15768
3372
14922
869
8456
11125
9148
11768
1714
379
1303
13966
6244
3381
3779
6755
8296
11366
7535
340
149
10052
16297
15047
8520
68
421
11384
5386
9143
7504
972
5975
2275
35
6086
2871
5304
10986
3552
14862
12941
16098
12369
6116
10235
62
8597
10868
14799
11220
16871
10967
10371
6662
732
2711
9064
1361
4417
10783
17860
470
3305
1776
4288
12763
6279
6447
9130
650
6241
1771
8621
10706
13982
8652
1541
4940
15660
2552
6222
8584
13434
11941
9839
14712
7363
8186
14530
2648
7943
8113
1231
6704
17529
290
2777
6240
10890
12160
12731
9779
17092
10466
9764
17231
2717
9179
16645
11040
1185
11086
15797
17449
15828
17362
12418
4845
16
16767
3844
7937
8097
15580
4693
6787
13736
3736
17595
6027
324
157
12125
9197
17734
15577
6363
16306
12863
7064
14080
2633
11728
4904
5331
1498
3055
5663
15931
16563
4367
15886
10142
10467
14663
5310
14477
6314
1652
14103
2458
11489
14410
3340
194
416
12119
2148
8392
947
11129
3460
17015
11767
10459
2686
9431
2222
11179
7321
9153
8311
4244
6207
10568
3966
7679
3307
6665
13853
7970
8622
15763
3028
3303
6830
5224
16870
6803
3763
11383
5506
3295
14072
8570
14764
573
17131
973
2003
14548
12518
16288
11905
6582
7419
15125
1438
10441
8612
1227
1296
2722
15221
13920
12419
5033
2895
7687
13100
16215
10114
8707
6350
9954
9120
13766
7582
9717
2923
17413
4427
6783
3173
10101
13129
17555
566
9997
16195
87
1877
1332
10572
12308
17323
8862
8922
7242
385
4048
7170
5233
10942
2547
13337
7859
2907
15223
5544
7069
15152
16412
12403
7207
16878
16474
12779
17840
16269
7563
525
1849
8034
3204
4812
3029
10657
15014
6637
9680
12838
14489
16553
1150
4320
3216
13429
17487
14262
6316
6171
16807
14855
709
12551
1374
13588
5962
13662
16486
7450
10508
2980
10957
12857
4723
11408
17055
13171
1627
808
1879
11583
1502
4255
1384
16853
4275
10541
3035
2886
9790
436
15359
11301
782
2878
8824
11107
2429
17284
11295
14276
14355
9255
15434
5683
3423
6966
12388
13144
9493
2147
8333
2919
5762
2645
2670
11561
13491
1334
7267
6258
5705
17278
15309
17747
15245
4283
11131
17485
11701
9968
16064
3072
11150
12748
8288
11089
6546
12920
14536
2630
14348
16924
17737
13559
2908
2051
14756
3998
7707
2845
10990
922
10694
14242
5451
7325
5420
17076
3062
9538
17136
1170
4798
17829
17160
4498
1906
10113
16222
16515
3858
13750
17262
5808
152
10484
4958
16353
14358
11411
6357
3999
8688
14077
3377
3051
868
7008
5989
108
4669
925
15291
2112
6342
15408
14600
15251
13908
871
4304
5148
3975
13748
7844
10191
6602
11206
5793
13245
8135
13914
8967
12253
5586
16936
17215
2321
8900
15533
8451
16383
16223
6165
8074
10342
4885
6108
13298
4525
12471
15080
13621
1325
9998
12856
3391
8951
17759
9858
6935
11074
3044
7875
13340
5220
2073
4586
10000
17640
16669
1780
4744
14243
17124
4323
13682
13818
10791
10617
6063
14800
1944
2740
16622
5704
1053
30
11238
10571
3706
17802
897
8757
248
3120
9147
8057
667
6226
2540
14597
5149
1728
4332
17659
561
11412
10606
5547
9811
5403
7453
11353
11612
1194
15294
14437
16822
8589
1261
12343
9932
8832
13681
710
14205
7525
671
14609
1219
4902
8099
1016
13793
13093
11077
11038
17863
11953
1295
13454
3450
7578
12158
8773
14545
5077
8679
5823
3551
3270
14594
17508
8742
15069
7661
10742
11314
3997
5639
13034
13884
9214
9418
15059
6962
7233
4184
2102
17488
11671
10378
4501
14958
15141
12245
3840
13954
7279
12000
12548
6512
3369
24
14246
5184
11825
11219
16198
14277
10351
4493
4011
14247
9456
6365
8359
10182
7138
1802
8821
7178
690
13268
17166
7654
14382
16178
5495
8474
4308
11539
8157
9836
17895
8722
14376
7120
6295
8874
3261
1926
6714
4577
12599
14027
15497
4912
5872
5983
4547
17584
5890
9724
5886
10569
9789
9260
15813
4068
14304
10090
1018
3851
3422
877
14389
4112
7160
9270
6270
17680
1614
3432
9050
12646
9443
3234
16975
2666
9953
8293
5275
5935
7539
16746
311
9323
725
5967
6325
1347
9817
16375
4736
10007
12638
16320
7959
3180
9907
14178
13175
10500
692
5680
3382
1633
8222
1151
11533
11085
11750
1344
8834
13648
5155
3813
3015
13464
7354
9009
12161
12830
7099
16304
17538
6362
3768
9895
7169
132
4759
14875
3426
150
4128
17782
9171
8845
10678
8190
9553
2803
12645
1679
2416
8706
10526
12701
11120
11167
146
10353
6550
680
6029
9661
16867
4468
9706
17407
6846
12836
5997
11320
15039
7547
5102
6191
17517
13631
4098
2861
17343
10098
17695
7786
5120
16283
16691
15958
15149
6167
9681
4324
16323
12470
3771
2179
16885
16908
10174
3398
8971
2089
15007
12077
1002
2724
11969
3009
5584
13770
5001
14596
1366
16772
563
13926
12267
5747
1797
14364
13204
4919
7854
6828
15563
6492
3205
3444
13242
10050
14185
1352
2177
2010
9460
14453
5585
2166
17264
16657
12069
10220
2434
3408
14511
3424
3217
11763
13108
2554
3215
16748
16648
3094
17653
635
4988
1085
2650
15663
6649
8941
4
9182
14566
15104
17403
3438
16136
13026
3096
12773
13342
9746
9570
2625
16161
10168
13906
2114
1132
7238
1177
8720
17547
2563
52
3732
14098
6823
13990
11609
13056
1373
6301
7912
7853
11860
261
15021
6934
6873
1979
13215
17097
13230
307
17574
15725
16392
12957
1491
457
14198
16543
7204
6843
11884
14688
7545
2026
2643
5529
13125
16634
10377
16196
6993
14984
11143
16001
14493
6297
6772
11618
288
7203
4620
13560
2301
6656
791
15471
10209
4476
5893
556
9317
8599
2834
17779
12796
4142
7444
6686
6954
16124
7011
16882
16495
3041
5249
15432
15084
2637
1743
6786
6049
11802
2396
15519
10453
11906
16984
10987
2347
7644
1616
643
14808
8189
8347
229
2424
15739
15564
2979
12808
12116
2721
10073
13561
7662
5508
6670
599
8243
17457
9391
6527
15208
6499
4546
14943
17424
3896
17550
4987
11184
4805
16159
15298
14623
16422
11845
682
6735
9518
7302
17683
2280
15037
196
16441
11696
9315
5759
1385
6981
16155
5113
4107
9251
2293
15255
565
13703
13276
9149
5738
6574
8654
17650
3808
16888
6808
8796
9753
13827
10807
5014
11818
11663
325
10449
10267
8144
3409
16520
15147
12882
10303
13062
13355
10577
13133
4621
9847
846
2673
15648
4961
16679
9265
5844
16487
16477
10884
6596
9823
10030
5749
8224
17673
3039
13790
195
2608
7929
16904
17509
4997
1131
16426
3263
6390
342
8863
5315
1267
4986
15489
5428
262
1469
899
165
11311
3472
2511
16030
4145
2071
12048
13731
9866
684
9559
7589
11567
5519
1529
2366
3679
2556
13794
3150
10933
14133
9332
3080
5425
15750
15903
17845
8105
5922
16289
2522
15196
5602
13501
792
10768
17100
7506
14803
3834
6341
177
14902
12109
4325
1165
10314
15455
12803
5327
5298
12155
16630
4333
3740
17883
4816
2319
1770
17766
4396
3314
13297
11152
11273
8464
6543
11994
7692
9584
11048
10061
1414
12939
14610
9561
8136
3906
3955
11032
17154
1359
7947
8353
10838
2857
2652
9511
12329
8255
15118
16034
6717
6120
11915
9448
4089
10690
11360
2954
14822
17039
2798
527
8638
6406
14796
4485
15256
6555
15304
13254
2683
16923
2498
16239
15296
5004
16479
14865
2688
11903
13585
9081
3502
1015
13007
142
552
2412
522
16756
1353
11012
2329
185
10654
1445
11217
8879
7041
11774
12457
2881
2399
16308
12028
1315
2588
12238
13831
9915
2852
8851
14778
1969
6257
8718
1992
5307
8594
14309
11192
6268
12798
9935
12813
7842
11458
14742
1695
9970
12662
14116
14252
567
4272
5151
17334
193
17846
13130
4208
8569
5535
12969
7579
1108
1281
9632
2605
12721
251
1852
13565
14195
1431
11885
9523
14780
10707
3577
12392
5938
16492
15758
9571
1886
14272
12162
9952
1341
4038
1729
9054
13549
3599
2507
14979
7573
10251
13792
6990
16077
4720
14848
12089
15087
5366
14825
14393
6178
4095
7304
3769
10576
10004
15001
16095
7704
13203
11145
4914
13779
15492
2566
10581
8627
8544
1034
4673
2684
2331
17756
12506
11067
16544
9596
6369
3632
2745
16445
10997
5608
4186
4215
11587
16562
1058
13008
14344
13732
10811
2201
17599
4700
14787
11815
3296
10419
1632
11407
3125
9851
2846
6001
1328
4692
3302
3013
10632
17743
2790
10888
16916
12958
7135
13819
1998
5002
12589
2015
2342
8671
13421
1978
11312
13111
6824
4599
6562
5596
9123
212
3938
4351
2885
1680
11249
10186
5432
12372
7232
8646
14595
8928
2835
16766
7402
16082
9662
9629
11315
6401
14590
11824
3463
6979
3800
2736
15425
17059
9621
15167
9882
5367
1503
3752
7301
15796
15168
14740
5897
10968
956
1256
14668
15551
5341
4792
4658
17636
15782
15127
17399
16894
1742
16140
5444
3014
2865
17482
16926
12091
4835
17725
2925
299
10959
7199
10309
16806
4134
11980
7095
2125
4439
13935
15381
5339
6558
946
6046
5713
15898
4309
12998
5197
854
14679
2676
6560
954
6863
2546
3798
15019
12707
15936
8838
7877
12883
2121
14496
8665
15501
310
1999
14723
4425
2223
11222
2920
9996
12862
5079
17709
17833
14969
15242
271
935
4144
12099
10681
6504
11538
8220
11646
1449
9636
13654
14152
6109
9398
5305
2595
16558
2607
15179
13169
17359
569
3877
12293
6327
6263
223
13165
11080
11052
9032
13064
12391
3759
15122
10381
11115
8022
1252
9648
16576
1589
17022
5243
2899
11502
13998
16336
13172
10365
14512
16338
11028
15075
17200
11278
10493
1675
12915
5161
5147
15200
17481
8529
3129
15504
10394
17835
16319
13781
5853
15441
16798
8950
6549
4303
11009
9634
17859
13032
8305
7104
2257
14488
10907
7559
3252
15250
12413
6077
9304
17807
11529
7759
7370
3254
602
12498
12149
3549
16549
3385
6090
34
2726
13123
9342
9838
10491
2263
16617
4994
6792
13115
12801
9496
2603
4554
9900
17896
2077
11254
4837
7061
10064
15737
7397
3591
4446
6518
10682
12220
17233
17698
12024
17699
11503
11761
11457
15268
10837
2276
144
15566
11827
10733
11931
14094
7743
14330
12333
11374
10100
10181
15215
11826
3411
6703
53
449
12435
16684
13118
4103
11753
12254
15599
7112
4078
13146
2159
863
13697
5577
14871
4580
4305
604
14326
15186
13256
11296
7470
10454
16920
13196
16087
4517
5128
1218
762
13224
10201
10854
3136
13075
5757
14714
1140
14258
13309
2550
15368
2408
14002
14432
12864
16359
4343
16652
95
7548
4984
4250
2087
4265
16460
14237
16040
4906
4459
3004
5060
14192
15323
3663
1574
6620
17810
9721
13450
744
9484
5652
7227
14514
4080
4954
17208
5375
13879
17760
2141
4207
11834
2863
17660
8848
12446
1564
895
3362
11872
10289
13260
17799
1707
13517
14444
5504
7651
3628
16148
8349
9735
9950
5979
6299
16601
4760
17792
11141
7162
15181
14356
4963
10565
8380
81
11231
17852
17889
2999
8678
5954
6507
5285
3815
4600
17825
10612
1764
8693
8745
10834
14357
11986
8223
16887
445
1114
3193
14802
10802
915
16169
8335
13382
16122
8371
15071
9001
11387
4412
13910
13201
38
1664
5993
12685
7712
13747
14365
1662
13721
13248
12567
17325
615
14044
15524
6624
2972
14903
15722
14010
1971
3447
11912
6706
5678
16491
5303
10805
2016
853
11465
16464
2971
15502
507
3258
12393
707
13387
5287
4290
16833
16248
9245
9973
5234
2797
9331
15671
8685
16019
5129
5276
5612
12511
2609
907
1612
5410
17619
4295
3900
10929
17157
3712
12868
1525
15138
15154
17102
14057
4505
16741
7614
11263
7992
12860
11422
658
6740
10503
1856
8649
12908
13206
10425
3587
7286
11496
15422
15046
14693
13533
9699
4646
8340
9729
17043
1130
409
16443
4471
14705
1451
16939
16440
4712
3641
3611
5178
6904
2131
15860
3523
4306
8798
6829
12525
6289
16517
5075
5700
8535
15826
13961
12965
15585
10609
17870
11705
14850
12491
14474
15363
14908
3642
4617
188
16836
9451
639
16616
11299
2359
3760
12535
14881
11639
4108
16147
14574
6874
1109
10662
15897
13168
10210
2391
14578
11176
13958
3074
1243
13913
16723
861
10230
7021
96
9938
7672
2467
2449
9860
11434
4966
3811
13755
3350
16484
12271
126
13349
5870
16454
5441
12367
14498
14589
11563
12181
17453
12088
4432
9454
13623
11
2266
1280
258
11831
9670
10106
13604
3313
14505
13385
4714
5159
12616
5417
3329
15095
1955
7055
14507
17041
5673
7871
17237
16663
11455
14061
6939
5527
5826
15930
8272
999
5074
3371
9574
15999
7805
16985
1405
2708
3345
17074
8473
14345
9631
8723
7332
2889
7936
13657
14994
6121
8655
6281
6705
5357
14004
9379
1482
6054
13823
512
2205
16977
11814
10414
4659
16954
5105
12664
11566
13154
7735
9293
5600
12528
3822
15137
11438
17605
5564
11240
3598
15285
3311
17061
2248
14189
10256
14601
6315
3862
7544
12950
14454
4634
1065
9083
6069
7860
12517
8532
15696
8166
2947
2492
5445
8899
7173
15321
3368
780
253
11025
621
11890
1336
5797
15989
129
17147
10138
4946
16341
11475
17651
4527
10696
7331
7451
12483
16917
7502
13944
13135
17736
7717
16451
16126
13368
8500
2447
2194
1861
15516
12105
9674
1443
10895
6093
8130
9065
6153
8763
6886
818
10974
8889
6852
8334
11427
11136
689
331
2528
10076
14664
5540
17548
3555
1913
8698
234
5590
929
2672
5824
16902
12931
13997
2697
7570
4799
10522
8565
952
7311
14374
1099
396
12935
17351
14312
10045
7378
2078
14888
13492
4199
15327
10737
16994
9606
14614
242
4099
12799
8923
16176
3373
16513
13649
1697
17416
5038
955
5732
1659
3636
16640
8898
6322
309
17466
3690
125
14706
15675
14963
189
5106
3920
4189
14584
4058
7280
14989
6444
3242
9169
902
15934
6476
693
3203
10110
10375
2282
15346
2916
4352
17665
8875
14735
1975
10724
10200
5124
5919
7595
8008
11221
214
4261
11208
10059
10121
14598
1061
1139
3897
4119
16782
17727
2031
8953
17048
4690
2930
4569
9637
2254
12539
1843
16816
5714
12943
8399
12262
3944
8045
6235
11943
17750
5574
10736
11122
11518
15716
15241
17775
7976
16826
9716
6478
1838
9795
10936
2014
5651
8709
15997
82
16528
8935
10544
8727
14049
1294
14744
9047
2042
13806
8959
2330
13317
4109
5240
8234
4535
13137
8747
16438
15385
2965
1406
15131
16360
4551
488
16291
4735
8367
524
16277
6756
2748
9878
10892
837
16337
374
1040
11506
3755
16270
554
15964
4544
15150
7596
6841
1278
4685
5084
8361
6520
7139
2423
11536
3766
15401
8360
4470
2277
2230
10421
17834
12362
200
1831
2440
8936
11691
6570
5511
13584
7836
14490
12960
12130
6784
2333
6375
1578
6271
1694
16568
161
12752
10622
9291
12097
16310
14225
9964
577
5630
5694
7939
8620
16744
7016
16720
11151
2072
3956
364
285
10262
17354
5928
3631
9110
10919
13509
4023
6707
15718
9477
3602
13029
17666
7032
4675
10338
16433
13475
11865
11132
5661
13087
13984
2006
4363
8049
15686
7013
15151
7684
13303
12814
2996
66
13877
17880
6522
17729
10464
10411
4298
13811
4625
7371
5141
3584
2394
17405
6917
1087
5643
8702
5200
1918
15070
9024
11835
14776
10176
13544
4321
11454
5264
10213
1122
14697
16401
10857
11490
17044
12816
5795
10717
1509
13540
10580
12562
11632
10786
2327
8764
930
1947
9175
4751
8750
12021
2074
6709
17770
6349
5246
1604
9482
322
17265
5664
6119
14352
9808
2496
1369
452
10587
15274
6726
3479
4797
17185
14703
8495
5166
1485
11645
369
10408
12472
13618
6524
13199
11065
14063
10589
10689
4823
5488
4435
16089
4461
15123
145
11041
16651
5291
8404
9566
77
6515
14441
1823
6777
17002
15864
5349
17679
13769
12151
560
10092
8999
13870
5572
2318
13636
13002
11487
6977
5460
504
16101
17204
2157
4928
2720
13229
12127
15734
8981
13102
16240
1641
11810
7650
1136
1220
15801
16221
17446
2945
11030
11734
14529
15625
17062
14658
5063
13968
15745
467
1693
10668
2577
7299
2509
230
11919
5041
5083
1601
10198
12490
5745
7700
14291
2776
11719
17521
9791
795
11698
17773
1301
4234
10994
10032
8837
4394
14951
7526
12909
10864
12190
134
3425
13945
15666
10652
13971
12655
17129
16525
6768
7575
16537
9687
5343
10945
10549
12717
14680
11819
1590
9172
15661
10941
3567
1677
3097
3600
736
15607
11601
3867
16715
6430
14427
10848
16084
12663
11964
8062
10886
7733
3145
3155
17869
1397
11706
7425
12670
2589
3553
3647
4300
10792
7942
11717
7858
4254
3036
13489
12940
4730
8743
2981
12465
3232
4785
16664
1009
10139
1079
6816
5172
5868
115
6302
1942
3347
6126
4070
5180
14568
10816
2567
9677
1415
13346
5245
5414
16677
13011
4573
5530
1625
11576
17471
5290
17070
11076
5895
6536
318
2206
434
2312
1161
5230
8033
2195
4462
9581
4506
2065
12381
2775
16591
7455
12636
4521
2613
15093
6356
12855
14527
14396
12268
14957
1702
10298
5800
14173
10292
6957
12274
8560
17575
5503
15596
9377
14731
2576
7612
8002
17000
3883
7708
1207
8903
2083
2827
5877
12353
12073
11201
12865
10333
8072
5168
11974
8986
6142
11987
3448
7562
11846
2433
13072
1304
10304
4104
16497
5772
8163
16957
4339
4014
17806
8412
16526
6525
7727
3527
9468
2397
5869
12496
10556
16206
7622
14380
15257
8957
16658
11260
14321
11622
2950
11082
3388
6987
5219
3534
8264
7954
3610
10382
16105
950
15398
16037
10193
16045
11731
3948
16708
10385
5140
411
10518
6328
9700
2269
8583
5641
10208
16901
5801
8012
14383
5843
6304
2738
10260
12952
5368
3349
11544
16775
13161
6098
12537
9056
5860
3668
8547
1320
8485
14718
11807
5485
13425
10943
11662
15263
8744
3279
11613
6616
1157
4168
675
14523
9810
4274
1204
7389
13709
6634
5482
12981
16613
15520
9351
16552
816
12949
1238
514
13899
7486
2340
265
244
9782
3162
3092
9883
1228
4896
8280
8842
405
10513
1155
11439
13552
927
16704
17597
3572
12576
813
7821
5980
5589
8153
1777
14503
7745
4602
8442
12682
9014
11393
8350
1569
12301
4187
7463
9763
14105
5348
4565
15407
3723
11973
17841
16727
12930
16174
8107
9600
1467
3802
1832
6626
16262
9649
5686
1895
12349
8593
645
1727
588
13854
17267
14882
11658
17007
10247
16618
8134
420
923
12627
6163
10699
8229
6985
4492
8289
1540
5316
2629
11970
16646
11185
4258
6590
9134
6716
8781
8261
2651
5927
10567
1391
12946
5356
8440
13729
5874
906
4746
6484
9539
14491
1464
738
6307
16531
13825
14910
17458
992
7254
2703
6095
13324
1105
9529
1368
5640
14129
3492
10980
630
7471
9151
11700
17720
17878
10935
2365
15759
11643
1668
7905
8017
2158
8037
17148
7246
988
2882
14555
7963
11963
12618
15132
8816
16860
15475
17803
15468
6261
12141
8970
16934
4224
5647
8799
13999
555
9029
2900
9849
3573
6734
7514
5190
15581
1778
3722
14909
6837
9155
8552
5916
11995
15640
6692
8656
14690
8604
11540
6100
3570
4356
6481
11303
16593
13069
15178
15595
11059
15236
1433
9853
13482
769
13116
14899
8567
8338
10367
16303
13965
12674
3160
11242
17366
9002
13041
9410
9152
8417
970
14856
15992
17047
7695
8738
3083
7256
158
12810
17209
7398
6105
1796
8978
10037
5521
5528
13024
1560
26
4801
12482
12790
623
6610
4217
2210
1783
13924
8777
8973
5626
7146
641
14188
11743
7901
1689
908
4411
15404
3662
4212
586
8416
8299
5961
10905
1584
11029
10261
17067
12767
9194
1450
1286
6748
7380
8195
8610
10405
16665
9801
17269
16670
9022
6805
3965
3891
10319
11528
7887
2910
7194
5370
17248
12595
11747
4463
5468
10284
7414
13942
2200
16357
9128
4094
17676
8032
2685
3578
14255
11765
11456
15210
12348
1724
6461
2032
16362
5462
7153
13460
4676
10221
11092
3006
16364
7345
7896
8419
17758
3148
15188
6587
15230
14259
17288
9
2812
2165
9793
2894
5809
8110
198
15330
15843
1635
6531
4414
6892
4442
12005
6296
1175
13265
14285
317
4849
3545
5408
4900
15748
10435
1234
1283
5059
12226
584
2368
911
15495
7933
11679
2558
15724
14451
6731
3529
17559
10044
10714
9723
17236
11277
12712
964
15800
728
13814
7357
8369
1483
9196
4653
2209
3210
7115
11134
11251
6480
5134
2934
600
3283
15458
11119
14868
6437
11499
2521
9388
13004
8462
1003
17207
6946
3040
1672
5185
7829
4178
7916
1902
14809
1494
1152
7006
6158
3954
8211
10757
8194
16962
17813
6563
5474
120
15824
7367
933
6036
1282
16682
17203
9589
11867
14019
10417
5362
3581
5009
7741
14101
15399
2675
2732
3753
8372
4932
11752
16325
13231
481
5768
17868
13441
4993
14898
2353
10536
15333
13512
10399
13104
15369
1427
10505
8712
16943
17514
7110
15775
2315
8562
2622
15318
14837
1225
6198
16007
12094
17130
8196
545
4873
16296
13050
7034
1930
9314
9890
8518
3333
17433
2739
4514
2887
9445
9665
13214
2090
8185
10129
9961
8477
13284
14399
9809
2418
11272
11772
3456
991
14550
9777
15740
17492
2495
462
7142
1592
16538
5668
2903
14194
14563
17808
232
6991
2246
15887
3185
2747
10746
10321
4683
5489
8672
9101
11429
1365
12474
388
12052
17873
7130
9568
2017
14439
15833
176
406
14988
1846
9328
287
8867
12356
13595
6253
10710
6275
12515
1345
1473
10828
1422
10197
9282
1676
13562
9441
16437
4856
7975
17179
17027
16436
13252
8994
1994
14912
2240
11675
5228
14956
4066
1054
11037
14033
14565
14521
3285
2332
5193
15565
17245
16458
11016
16154
6907
4843
7108
15085
5592
6103
2784
13734
4918
7979
10731
10658
1367
13061
10817
7091
6429
2300
10989
15719
10963
14522
13005
12783
4706
4123
15162
4977
664
12839
15611
7190
7236
13849
12209
15429
6598
11436
8439
12640
2663
8452
9533
3898
15539
9344
8869
12421
7565
15681
1924
43
11572
486
6474
22
7003
1577
1269
4120
5764
3384
11157
4619
393
8699
2753
13465
3742
14181
9294
16636
8791
3291
866
3470
5787
5514
11680
16687
13789
17006
10647
10462
15835
15159
15682
14632
12881
2211
17079
12261
15439
5736
1864
943
11681
16150
16564
5380
6838
17523
12918
14110
6080
15384
6318
6112
3451
8695
13710
5409
17408
537
17386
107
11754
7334
11386
1511
173
10175
6132
11443
14621
15685
15612
9955
13863
17019
3158
8228
14939
4788
15538
14331
7566
4167
993
5790
962
1117
137
17858
14065
10787
7587
3974
16980
2512
7793
14729
10600
9888
13216
9222
14485
13294
17210
10128
8197
6399
9712
7864
12723
16402
8550
750
637
7063
3629
1553
15183
10286
9016
16738
7667
3421
6273
2830
2862
5404
14481
17885
8960
2902
4326
8684
9534
9023
15874
14996
1465
4132
16940
1876
3187
14068
17206
16621
12354
2946
10217
8795
13055
6033
3778
9794
8268
847
9360
1001
13181
16793
10674
14414
9713
8675
11006
16219
7285
2570
5156
12700
12394
12133
7532
8388
7590
10876
13106
7475
4376
135
5536
7338
16749
6466
6983
10324
8696
3901
8300
14743
13468
6727
540
12320
5740
14906
16233
12243
10615
3316
6617
17639
16884
9930
9536
2426
13643
16153
16340
8085
15594
8207
17606
16504
4019
12968
15643
11976
17894
1517
5076
3498
14502
576
6160
4791
11837
5766
15943
2352
13018
708
413
1827
9186
5734
15804
14310
10479
2828
3977
7148
14125
5091
6529
2949
14351
6115
8155
8920
15191
521
3267
4549
12521
2189
12074
9400
16181
15426
3354
11876
17120
13994
2190
2840
14433
14639
6542
12764
7974
17554
9710
5601
4789
13777
12888
967
8455
4242
17827
13389
12827
7694
16028
7313
3086
6312
11657
14219
17730
12060
12395
14858
7594
16778
13689
4741
5099
417
336
14539
17268
13178
10049
16760
8446
12458
97
3046
12820
5998
17439
8670
29
4390
4831
5274
3926
12370
10667
14607
6274
4813
14885
7770
5212
2815
10686
57
1318
17335
10601
6236
301
10255
2249
1029
13933
13378
12311
6092
15699
17796
12844
8637
16572
10953
13728
15234
3855
10269
12129
13524
15735
12513
7951
7716
17783
15974
1657
16321
3304
9837
14721
3892
10099
4116
16879
17226
6407
10732
10463
3910
9756
2596
8942
7105
11797
10039
14151
14397
1927
10852
14880
4423
11158
216
4458
105
2468
1691
16548
2370
2782
1271
1011
2788
10440
12632
8339
16698
14379
11015
5650
7163
2823
2491
8603
2149
11245
9078
4570
13573
14646
15284
2997
2474
17292
6343
15788
14332
6741
7815
15942
7866
12832
6769
10660
4728
13374
14962
12076
7068
14682
12757
2182
16614
11590
7861
6164
11493
5587
5265
13471
226
9965
4808
4130
3484
5812
8933
12242
12805
5929
6754
7019
104
5086
10501
2286
3832
13020
15850
16348
13617
2733
15880
2562
11450
2160
5085
6206
12653
10875
1362
2727
2741
17238
12278
9264
13490
7154
4702
16374
11537
10635
16036
10614
17271
6424
17087
1544
5046
544
15924
11309
15628
13352
4267
9218
13758
1741
4667
1337
5436
15798
3887
6360
1919
14317
14201
2156
3726
10167
8592
1086
2524
12708
3241
10607
15467
963
15482
11922
3346
5753
2991
788
11197
7281
1135
15380
1548
6552
8800
6089
11597
442
17592
12623
17251
14387
2115
2808
8615
8420
2079
14725
15710
15592
978
10623
9643
12213
2500
17175
17717
11271
16213
12010
5359
4633
3886
14792
4133
5811
16011
17255
5434
2606
12026
9550
16881
5244
11200
17656
12084
7180
17818
13675
11737
14556
4075
8109
3059
17088
5373
1137
13815
12582
13312
11897
8607
5934
4677
13510
17230
17345
3184
1644
11402
15079
9060
6246
15839
1654
7629
10184
143
15239
463
3982
15787
11084
11270
155
13743
4141
6319
12368
3776
15840
8917
6287
14228
10232
10398
11896
2380
10712
17525
916
2061
16035
8363
16755
15415
5026
7043
17469
10956
4292
10856
12104
1356
13456
8275
15043
8059
6477
12509
9389
4908
12914
2725
2866
7909
7944
2749
17738
7742
8091
16993
6589
10131
867
548
15276
11186
8629
5593
16578
5258
9698
8833
13207
4410
9375
4564
15925
2669
11066
14500
14475
13538
1064
1421
8019
14713
16421
13407
4842
9335
15742
9774
12850
1115
1795
12494
8435
10278
4515
1037
3859
10511
7608
12924
10691
575
1866
98
10575
9124
16157
13802
6573
1522
16740
333
940
10300
7452
7833
12384
11862
8625
12169
3328
7820
12522
697
4021
16499
8343
363
9701
6045
370
6284
1982
12289
9714
7022
2469
1622
5819
14096
12897
10386
7721
7508
15951
10476
16736
11137
14292
5635
11656
15641
4024
4558
8527
5510
7004
6028
9740
1506
8854
4905
16183
1885
9435
8083
13722
5449
14000
8536
5012
14161
11216
17193
7701
7
17240
314
6075
7639
14325
11424
13192
1678
6425
12842
14104
4787
15557
16942
10108
12536
10244
2974
14970
9227
14715
2289
13221
6018
17658
4819
5937
14134
4063
7223
3321
6844
17057
4593
14843
7576
9971
13097
3890
8812
12823
1609
13413
12564
5992
9122
14692
2062
14836
15971
9119
3012
14294
5828
14341
15714
17617
14936
16812
9969
13813
2013
2942
9820
9271
15638
13503
14478
17549
1329
10579
8486
2912
11913
17009
14497
6177
13598
6056
713
9252
6217
9856
2957
1940
5466
10753
11534
9667
13222
6534
15072
16399
9754
5578
9049
8653
12606
12768
15584
14583
11432
2138
13916
5048
13551
7732
1566
14371
12132
1516
7586
15568
11647
9605
14942
15499
7809
2389
3696
17567
8966
4013
4768
13535
12668
1287
7898
3486
10673
12570
4206
10917
14299
5333
3400
5500
14616
4088
10306
16965
6422
17389
10472
16114
9275
2807
11575
2285
1298
10141
15792
3017
12448
557
9221
1997
1737
11711
13936
15397
15807
1376
16403
1056
4941
9690
4450
5876
6094
3049
7978
16093
6871
8543
6790
17815
14467
1045
14406
9884
759
4084
12382
12995
5849
12423
2976
12101
4513
7686
451
10685
11414
10041
12569
12283
10162
10803
12690
6439
9095
11369
11742
4106
418
11678
624
2038
9458
13122
7208
11735
11812
14471
2526
9708
13881
9728
3973
10829
13048
16113
13967
6084
2185
17475
13189
3912
220
10797
12452
5071
13477
11553
16956
13619
69
13611
16627
7359
5010
11983
11736
1712
758
17011
8890
7826
7552
4416
13439
5412
8181
13902
4190
9425
12486
14463
17109
674
3099
4847
7488
3836
15544
2851
16068
17590
3416
7396
4952
15279
6710
6532
7137
3884
1224
7771
7167
15024
16529
12613
12230
12843
16246
5829
15403
4877
6117
17319
16958
16559
5330
332
2057
5706
9055
8788
1222
15066
10423
17710
1647
10958
1666
4854
15472
7179
4917
2262
3259
13054
2642
16745
19
6913
17421
16055
3505
8822
1010
10166
13447
5777
8114
10331
9033
13433
4601
5277
1232
6737
11237
11659
286
1493
2772
8865
14737
17315
16747
3522
13021
14297
2743
3626
7980
10819
14402
14773
9403
4975
7952
2831
9663
6353
17152
12143
3211
306
17111
4328
256
15392
3715
5117
4945
5737
1277
17398
8001
3561
2941
16329
13213
17451
11541
1326
5145
835
1072
4395
13771
16611
1417
15811
3419
11898
3630
13666
1082
10492
14407
8808
14763
16205
3045
14483
12321
2462
5452
14766
13856
16824
6526
1279
17798
9563
7314
3746
11140
12611
7856
1342
13185
16851
349
15790
7522
8719
5681
12055
9067
2084
14845
7350
6583
281
14290
7919
15035
11652
9827
6660
4779
3133
2314
12692
14691
13107
15348
1268
2527
8121
2582
14124
7322
5150
328
6879
16835
8052
1945
874
17461
15145
4803
6283
11212
6932
8908
236
4359
9921
1850
8557
14783
9744
16135
16074
2514
9514
3085
6814
17280
3652
17707
15315
7621
2219
8308
13379
3366
17176
2801
17708
14288
7391
11981
14617
12358
8721
14158
300
15465
6940
11166
7501
7047
3073
7257
9412
16125
5398
14559
10745
14155
1907
9234
8490
14349
12229
4756
16160
1486
16447
8507
15289
14092
15290
4153
14978
9635
390
6785
6544
11433
9726
1750
7946
12999
2746
3101
3842
2272
644
16137
2678
1442
12298
4526
4960
8868
7278
5231
17291
14707
17178
4654
6941
12720
3849
7087
10578
4868
13015
2162
14210
3654
4581
2064
14515
14425
4794
775
1314
6408
16868
3676
13580
14144
7658
9854
319
5397
16058
14426
9121
2937
6680
1409
4879
10123
8026
9501
3928
10738
10159
5467
14401
2273
880
5021
5267
2099
4315
10998
6778
3918
9657
17082
14829
9718
5406
1153
17693
1787
11188
7100
6247
9341
14045
15243
11224
8028
12371
16700
9479
1444
5088
13239
12376
7969
3560
8081
4867
8042
1640
12542
6286
7640
8413
11328
9957
4478
12577
7464
17194
10489
3818
8024
13972
919
12755
3774
15355
6712
11644
6666
16869
11116
13746
6032
1134
14404
7276
16858
4240
16995
17201
6124
8169
5969
7923
3404
11155
13493
10183
17388
1646
11335
16244
13319
17287
4869
16844
4051
7473
15189
3657
7630
4682
5127
11628
13234
10627
14377
4697
10896
10315
4278
12051
7015
12944
1987
16023
2761
484
10234
10730
15512
12665
16172
1792
17647
8668
17379
3001
1964
16156
15044
3134
2551
15173
6338
12913
2034
15955
12234
11183
15940
11942
11479
5270
4955
7147
316
5201
14758
6827
3031
1878
3164
4774
17715
3945
10570
13898
10765
6738
6950
8701
6025
91
7399
11100
5845
17145
7965
15876
7542
9833
14472
10978
4047
568
13316
11595
6980
17557
1242
3533
11780
8506
1840
12107
10215
1911
5942
10465
13760
15669
12200
3169
2438
16459
6290
12442
7763
13038
9362
1853
13485
9299
1514
3038
17342
14525
15286
10322
2909
6048
16542
5727
15097
12399
2571
14831
15457
17159
3143
9899
6395
13592
11284
2471
14586
12851
6014
9696
15633
15450
659
4632
4555
1302
4590
10253
17030
1378
15445
12986
12745
15902
11036
11477
11704
1538
16314
8378
17545
7292
16721
15911
14687
7913
2345
13733
8137
12861
5173
13012
4832
1407
6238
14636
12818
16371
1645
17459
6204
17470
7918
553
1908
948
12903
749
16750
16130
11515
13847
3724
14867
7894
6600
5815
14139
12489
3286
11635
1842
15229
12004
12140
2059
9198
15926
4346
1965
1533
4699
4238
15534
13980
6994
12045
765
13076
9497
13392
13956
10071
7747
15008
14322
531
6381
15720
6333
12866
13000
10909
11021
2379
15614
16897
11708
11190
12727
5984
11162
14239
2025
14324
11055
10818
2560
9173
5820
8847
8313
2116
14150
13553
8262
4705
11034
581
7555
2227
9855
10976
6576
5711
7186
4920
11907
13308
6832
5691
4405
10849
3131
17578
9150
1382
5862
9943
12439
727
9333
5898
16272
1688
3471
13300
15481
15313
13027
17143
17604
1938
6885
15579
12689
11813
9580
2483
14649
12404
2479
17228
14090
13364
14573
15986
14779
17731
2221
7128
14018
2311
10185
11355
14571
10149
10514
17378
4271
7798
3117
9357
5794
7843
10563
8233
15715
16066
2100
17668
11003
12625
3477
13078
10063
4745
15871
7262
14833
16059
17603
4740
14582
1462
2107
12487
17688
14275
6252
10013
2838
14676
14418
10671
4183
2336
6699
1093
8673
9992
7623
5884
17239
17877
2346
10653
15207
13322
924
7482
6259
16415
1935
1520
17121
16349
10970
8901
5227
5582
15462
3403
14343
949
16446
11181
6633
17071
16120
901
6464
10296
5272
14553
3220
15272
9958
3113
8320
3260
12992
6248
1051
8182
13164
9343
10656
12330
1475
9506
5648
13219
8079
5253
1928
7072
4155
10554
6469
7266
1386
1387
13089
147
17728
2789
15114
15877
6470
13780
1112
3030
13033
3806
3236
9268
15956
13646
6136
8487
1050
7649
16635
7192
3257
1195
15961
17490
7706
11218
17874
2510
13398
4087
10608
10246
13826
5522
15771
9189
9694
8102
12030
12754
1960
3105
6358
547
8316
3639
15872
15727
4280
9136
8896
17034
6972
646
15817
6475
13959
17506
13017
7168
2549
17155
8143
15894
8850
13321
13550
1032
7010
15570
11169
6719
13947
7967
811
4282
8564
7911
8540
14060
8273
16974
4085
12886
7789
13045
2594
17681
16425
9193
6309
13369
7631
17484
17694
17855
17156
9035
15452
5013
11130
13299
15427
1429
17339
13862
11512
961
5709
12785
16278
642
14931
14844
598
6715
12675
11870
2258
17890
7709
13767
140
2824
12991
15620
14547
14981
15166
9675
12641
9542
4639
13437
7787
12224
2360
12679
4656
14400
6901
4397
10336
17657
4221
12688
17247
3571
10
8697
16450
4631
953
8403
12900
12722
2763
8633
9490
3617
1189
8230
13530
2400
15535
6506
10734
14269
4750
64
10878
6010
10507
10763
7361
14458
5109
6488
14313
2101
16102
15443
6687
9231
9115
2453
3633
13394
5926
16003
10199
1127
1178
6397
7920
11056
5963
15878
14698
8921
13132
2450
14413
17477
4009
657
16379
3128
9654
9918
16103
11127
17135
11474
3415
3237
9433
862
2640
11091
2218
13605
17144
14099
9112
4225
6890
10360
3904
13613
16361
16689
14627
14266
12894
7058
12817
7665
4409
2486
13927
1488
15867
4454
9233
3646
6684
10035
6702
10487
6371
8009
12345
10055
12544
14990
12041
11156
15978
17638
13443
12905
2799
13209
15548
13784
9237
6088
2548
454
4579
124
404
965
1187
1844
7746
9999
9760
4855
2796
9887
11547
17503
9414
5431
1551
13399
10212
16631
8587
16322
8430
16625
5518
11265
9761
1141
4857
10835
8931
2520
14653
6021
12445
17678
15124
5262
13263
17286
5278
6106
14913
16232
11367
6654
17336
11801
7423
1402
13438
6745
4824
2008
16791
2488
11268
16705
3687
7059
6419
93
2557
17652
4775
16847
13589
9098
7643
3084
12173
17649
14972
10624
17303
17391
4218
6519
5242
1617
10728
2931
3095
13690
11600
17690
13331
4285
6489
16937
8841
4364
1643
3341
11472
12231
11949
4125
5225
12102
10881
16171
15948
49
11343
14459
11829
6491
6870
4379
7839
14421
2869
9530
15635
15723
16534
1834
8245
8771
10348
9875
3946
17763
17134
7438
15297
7481
16972
12386
17112
4707
13773
12667
8314
13152
783
10214
16827
17243
5851
17795
3960
9300
11786
16489
13302
15146
6113
10091
17527
15970
12933
3924
3435
4913
16662
9392
591
9240
16243
3197
14785
11694
4003
10169
8548
5069
773
4402
10051
12899
60
10604
5491
5263
4102
13861
12344
9990
9099
12705
17085
13315
15498
8377
4968
7619
16184
2144
7085
5257
12622
3109
13488
7461
12598
8661
6452
8909
13332
4865
16501
13445
9345
2966
8043
14557
8939
11971
8164
1456
9235
1631
4111
15322
3812
9611
2821
355
3306
9093
1463
3970
746
6607
672
8806
12034
12307
4662
6718
12985
8303
12380
11072
2443
13712
7681
10056
7934
1168
2052
3814
8794
14391
14146
2680
17167
341
559
14050
10436
16386
5229
17258
8247
2581
1255
3405
27
4950
17191
9191
3337
14217
10054
16393
13901
9393
13828
13226
11776
1903
11823
17298
8312
14114
17385
5027
5457
16316
16252
1912
2565
4007
4491
17198
2212
350
9386
11773
5821
12067
5181
17361
1759
7300
1837
1526
15730
3748
881
13875
6978
12378
12530
7935
1370
11171
5313
15885
11073
10311
802
14651
730
10008
1586
495
15109
606
12896
2020
17256
3247
12626
14605
764
16711
2750
8761
13761
14726
15779
6411
9684
12990
5689
7327
7530
9242
12134
8168
2406
2082
489
10664
10839
2259
14143
16344
4830
6156
2029
6002
15968
17748
6822
17045
8870
10584
1725
1972
15668
14930
9184
5066
4851
752
5834
13647
2309
8687
1357
5089
17837
16759
6893
5498
685
3433
14419
12845
8657
16286
11362
14883
2825
7375
10257
16953
16256
15521
9891
1820
14059
10971
9731
6938
12152
8167
7932
3186
17299
6185
16620
14435
16801
8180
16128
13301
348
3239
1539
8859
4499
10820
14278
2983
17133
5858
5744
11376
15552
5945
17420
14542
11264
1962
2847
13291
1766
10863
4413
9449
519
11334
1273
14302
15451
2172
4915
10115
8651
9656
12815
17751
4704
2635
983
3189
17053
3392
15324
10042
15386
888
787
2155
10833
12776
9864
8088
10095
13051
16763
7930
583
14470
17220
11842
7760
5164
7577
4733
8826
15074
4542
2128
2097
9863
5254
1618
17749
9651
975
15868
7906
12003
16696
1125
14657
13506
111
17454
10825
6694
13975
10424
6813
13174
12878
16673
6348
205
118
10659
9355
15575
21
7915
8150
16706
10675
6339
9174
7653
72
12906
5407
6700
5531
17266
2646
3407
8177
10003
7384
9686
776
3725
2402
8632
8772
3635
11879
10776
10317
17397
12390
7401
5107
3596
14965
362
11417
15281
14935
16573
7831
10725
1154
17811
11666
1905
6448
12100
6354
13070
1670
2076
8563
9368
5817
9528
10259
6970
14857
6193
16255
12928
11930
15994
10774
9133
14572
15761
3988
16913
6161
17866
17502
12315
1466
6096
15781
11978
10631
12450
7768
3644
4814
17654
726
15908
17493
16410
14037
3183
11631
6055
8749
11788
3363
12185
16191
4638
15815
17741
13511
7330
7296
10228
8383
3927
2270
8029
10456
6345
10582
5146
11900
11207
3379
5754
13124
16891
474
4507
1300
12579
4259
16185
4559
15180
7476
8827
7838
5775
5653
7883
16134
4205
4870
13345
13824
10910
14615
15246
9250
16712
16369
5559
14588
13495
5769
6459
4695
8545
2109
9591
16707
11236
3199
12124
17705
5361
9224
4211
5238
2460
14032
13848
11598
3452
4550
7507
9588
9258
12337
13988
4307
11246
4227
13128
4262
10384
1266
3445
432
3604
9502
17596
12797
9775
9552
11840
17033
277
7271
13091
4500
3719
14455
13737
2337
10824
15029
13457
10952
9074
7557
1749
5119
11908
13751
15765
11316
15354
330
5483
11392
2036
4159
6681
4310
12453
12476
12201
15588
12044
8551
8947
15232
13344
10490
4528
10116
11113
5920
16863
15586
8337
11532
12825
11227
543
15328
723
1946
6884
15976
12118
939
3437
3823
252
12858
12691
5015
15510
12147
4583
8364
3478
8020
71
16845
13660
15957
8365
4480
6896
618
16880
12008
4022
10380
9369
11357
8617
2621
4231
12751
16090
7659
352
15032
12157
3565
2948
8483
13764
4239
5770
16575
10598
269
9981
3585
1595
14508
6355
11859
2533
5551
724
7387
13752
17227
1923
4164
1468
2515
1567
14385
15514
2136
7298
2644
15416
5032
2804
8983
16676
16026
13776
5789
475
10588
3548
15306
2813
16258
16083
4725
5426
357
6733
2668
12982
9469
1597
5985
4344
2390
16770
16580
10461
6500
11344
9216
11806
9043
7283
5852
13807
8044
8142
5516
14368
1426
13669
13600
12774
16111
945
14318
6052
15780
11348
15094
16726
1179
8374
17296
15280
12644
13516
15741
781
13013
4651
1890
13359
6070
16633
13859
4216
10897
14462
7910
1216
14967
9894
6303
5213
12649
1247
12771
2538
8154
5579
11351
2220
3276
15809
5481
12015
9892
7754
11261
6101
16521
10750
11449
4372
4299
1253
9230
8119
3338
13327
1988
8640
2
11014
15372
12508
1989
17333
16000
655
5831
9376
4360
8250
191
13496
17029
7689
9027
13597
1119
9650
16237
9406
2281
9821
989
529
10048
13557
3489
15916
9785
15672
5936
6698
13365
15113
14283
8014
15184
17164
8445
9380
5861
7243
8067
14409
16733
136
10274
3458
15421
100
2122
11789
4355
14916
8846
2530
5761
11378
9437
7337
11641
7711
9804
2098
3355
13356
4875
4460
12822
6530
1669
5994
13057
4158
12964
15606
12540
8191
4150
9059
6152
8734
4092
9857
4663
8571
15406
4479
14544
15630
4719
7342
2508
619
13336
11594
5788
2193
8460
14386
5017
14755
6586
6417
54
13850
11321
11991
12189
4924
9575
10486
7465
16015
9118
15089
1857
8813
14373
16435
14446
1709
15935
8432
12694
3485
15460
909
10428
5670
16411
13969
7288
10283
13159
17125
1074
3476
16732
1147
6137
12642
5924
13909
338
4241
11064
7336
1020
15749
13684
8205
3065
3151
3343
3680
8704
2755
4467
9885
13922
11047
7600
6218
14035
7828
9092
16717
7670
740
14245
1613
614
5981
3888
12716
16380
6895
16976
4922
2612
10984
12806
11651
3709
3653
6125
3949
1264
11442
11952
13383
10308
14724
8149
3123
14207
1198
8077
13274
7123
3929
12082
2853
10762
9347
7098
9417
3227
11068
16127
7765
779
14166
3793
15912
1582
12385
2800
6129
13928
7903
8762
7564
11437
3535
12409
8619
13957
9349
7812
6538
10552
6366
15900
4149
2238
931
9334
11444
5837
7688
5731
11914
10944
5645
3308
1628
11023
2428
6294
9283
803
10171
3434
5902
2744
8158
5317
6883
16238
16112
6760
8916
3413
8711
13607
12332
4539
5525
15858
163
4012
12621
2145
9695
15254
2505
16065
1106
9220
10038
9962
5114
7235
8793
1671
5169
17383
4931
12300
2742
7722
14042
7066
13469
5438
14976
16912
4752
3233
10022
9688
9069
14398
8979
8463
11404
6085
11605
7259
7825
15967
2822
6501
9236
10281
12336
11111
8117
17412
6057
3504
6232
8129
7647
17820
10452
1784
11526
9003
14814
14887
5355
441
2005
2001
11099
17856
828
7521
3106
15476
16397
8930
15910
10740
9928
8253
4657
12739
12759
13983
3530
9387
10277
3288
16313
1430
6438
17340
1779
14587
6277
10621
17369
13066
12286
14315
6141
4765
16351
14339
12789
16800
3902
2539
2986
4998
8805
12867
13929
5478
1847
15171
16200
12159
17189
5387
2350
7195
4739
14974
12710
5855
1392
4055
6414
14667
10350
3689
11234
6329
154
11938
11621
75
3908
5360
789
17195
7572
833
15262
14823
6630
2018
13127
10146
17281
8937
17876
4650
15041
5473
1363
9476
12402
8425
9644
7364
16809
323
16144
10335
16356
11451
9812
4474
3622
7778
2713
8902
9879
11375
1958
13487
2940
344
6060
5501
4956
204
1756
5137
13466
6639
1929
17282
9176
15945
10233
12500
12182
16998
16523
1717
13237
17847
10538
16388
11416
15156
17719
9420
16051
14669
6579
7837
3801
10534
4293
11624
13864
14041
1021
16476
2580
10921
513
13430
12612
12240
10144
4484
17069
6565
12553
14789
10207
13341
15947
8206
9100
14118
16234
2409
12136
3376
5802
12609
156
11740
9816
4778
15752
7492
16139
6306
101
1432
15980
17168
9086
12834
885
13043
17474
2126
16930
10509
11005
2363
9620
2446
14804
10437
15770
11361
280
1138
5318
4584
17309
381
15275
4353
9384
2896
14218
2574
15343
8098
14320
11459
13833
3681
16162
6572
6323
4420
8784
9444
13272
8861
12029
7496
10727
8787
17622
7306
1536
5618
16107
10697
12938
12197
15694
2935
6020
13555
10981
668
6933
14847
10913
13886
8423
13515
12512
2572
14182
5093
9061
5968
17402
2535
7418
9051
4302
7081
3941
14052
1921
17321
11999
12191
11703
2844
7971
1062
13672
4696
5576
2439
6061
10593
483
8249
11894
17826
12563
3076
15110
11139
17516
9569
15717
10596
8885
7800
917
13497
15099
7215
473
8251
15267
7840
12885
12009
2592
17038
11267
2175
12264
11642
1
9247
9253
13844
2053
1887
5624
5111
11123
16063
1192
12207
5569
14214
5526
4004
6834
16186
873
7166
16394
6802
4817
182
15540
12875
15310
15513
14307
651
7428
13887
4543
6818
9276
1848
4428
2928
5842
9037
16214
8499
16363
13890
13
13063
6067
15006
7017
12198
14200
6264
11364
14520
11733
12987
9106
16600
10823
7193
16194
17363
227
15972
7972
13040
11996
16656
8860
2420
15025
13217
12046
428
16729
5464
9246
5283
11259
9131
16699
8559
12833
16104
15587
10477
6211
4497
9578
1575
9423
15259
8256
3277
1660
17305
356
1573
768
3986
1088
2046
14135
17218
9436
13016
3854
9747
14145
8700
14075
517
151
1867
13799
13285
13053
2641
15382
1096
15738
13587
11817
12734
7485
5384
3846
6176
117
7682
10034
4989
17021
11368
6826
7736
13257
1439
610
13110
9373
14747
6330
5112
4561
12171
10094
14554
12704
3269
10047
2466
12584
5295
2170
15545
10655
9053
2304
4053
3520
11599
5198
703
17739
4398
10677
3770
15582
4252
4015
6416
15571
9091
13031
1953
6073
13981
16952
5977
426
9948
8108
16006
16108
6695
171
9229
11505
12713
1089
6388
14818
3864
13572
16428
6839
4433
9640
16951
7442
1561
3163
16507
12869
5913
6537
15419
12971
11480
5383
984
754
6184
11851
1080
14305
13304
190
13628
14417
6272
6866
15555
13695
9142
13084
8554
8881
13556
403
12355
17780
13869
13566
15211
17577
3894
16695
3144
5901
13609
3414
4313
12828
67
1624
14089
11396
7026
5171
4043
2783
17183
6661
7987
12214
14082
496
1317
141
1133
9162
9135
13693
3395
17004
14648
12096
12524
16895
5292
9371
4530
2841
2704
2504
13976
12424
11988
398
8650
14293
9548
13470
4909
2682
17504
8053
7049
17221
6380
731
3735
17394
8198
2455
13210
3592
4135
15258
2988
10406
4268
8152
5108
61
4786
14732
13114
10531
13151
16875
4567
6130
14673
5803
969
4069
6903
3893
6663
3272
13896
13397
16216
10504
16928
16212
13451
119
1236
17375
8016
11138
17565
8573
11977
6012
3989
3546
12071
15227
10684
3542
5239
15273
17774
11371
14941
17740
13343
16331
1600
4273
6948
15201
13937
15802
10225
5486
17427
17172
3005
7982
4197
3991
17532
4576
7103
14137
11256
1372
4591
7601
2932
1000
14381
1949
3838
5153
14160
14394
13915
12963
10537
14296
17186
7591
14927
12840
13742
2481
4953
11848
7973
7290
17140
9359
8344
14298
3720
10097
17138
2452
2860
5939
9126
4893
6982
15808
2734
14892
16516
241
106
5918
2264
15619
17306
4686
5057
13889
1496
16638
10434
4113
4557
14157
13586
16044
6383
12884
2695
4829
7541
1909
1244
17686
13293
10853
7307
16959
17522
1519
9944
15390
17114
656
4647
17624
13700
889
8752
2022
7718
11094
12792
2407
9471
13238
7440
7499
2620
2679
1973
11163
11592
12011
10287
17528
1169
7924
16671
4833
2296
13459
17107
16179
6860
3731
5943
14982
7117
273
6194
4173
16061
3521
1663
3222
1116
884
2754
15158
5382
15329
10344
582
3231
7416
4318
957
4418
17776
16739
10339
15052
9297
8880
8385
17623
13350
5372
2355
3266
12919
10583
2095
4562
13575
4188
1400
8636
3935
15914
5448
15937
10227
3825
7618
15394
17886
14113
10666
12443
15598
4626
11739
148
6847
13757
11603
7134
7113
8421
10788
5326
10867
5340
5214
1180
12462
8810
14319
14492
14749
9653
16872
15515
15224
5755
10871
17338
14238
995
17893
4453
2376
8864
8513
8210
11610
1580
10687
6746
9494
1665
292
11619
5346
4017
5631
15704
14168
2030
13841
9814
5712
3213
28
3195
5269
17752
14535
5241
6594
8915
7777
11721
11798
455
15731
4761
3950
2049
13786
15185
10271
10396
8225
6652
17158
2349
8866
15819
10148
11050
8069
7624
8855
9005
13787
7349
10355
7523
3332
5167
13599
17117
3172
3110
7977
5061
7487
1350
16145
7368
14849
8878
12980
7477
5206
9034
1205
15786
8807
11924
12477
10775
17702
7673
16777
15120
8631
12014
6911
5179
7626
12561
13249
8041
16626
16560
2058
11730
4972
15753
15163
12955
11527
3008
3558
1813
6540
6331
5833
15979
14016
8586
1197
6114
15655
5951
5484
12777
2457
5314
17670
8254
8329
5856
1258
631
4800
9582
17672
14733
16947
3132
2298
2404
5786
4942
700
7124
5096
11290
11159
4182
13103
8217
4959
7309
16668
6949
5297
6498
6621
12120
3907
12802
11049
2241
2214
11514
15214
6751
4571
6564
12302
9279
5494
9835
16659
13880
1889
8849
7756
2392
8511
16076
9063
13227
679
16253
4771
4235
8731
10877
11428
12054
719
670
3799
3167
9416
12686
13520
3410
9704
6208
4721
5774
2977
4716
1215
477
17608
6373
6678
1210
15506
2477
1083
4943
17297
7884
4002
6058
16190
4074
14197
14851
1023
6771
4769
2636
12328
1661
5816
13059
3821
16167
3235
4891
12904
4978
3856
3777
12142
533
15362
9564
2985
5932
9783
4330
10618
7516
12359
5400
9768
8725
4257
9159
9474
3749
4384
2610
5465
5118
14879
9316
9228
9939
2870
2055
1208
12001
14581
13280
4482
16647
1005
9104
14281
5523
960
13629
2234
16478
10716
1163
5598
9576
12179
8496
8767
6005
16189
502
8406
2043
4983
16467
12322
2728
11816
16225
17861
15812
9478
14660
7404
10017
2326
10352
14224
11225
3121
8568
5599
11394
4796
3804
14622
3550
313
4641
7968
12317
982
13542
3383
10299
8000
16710
3078
7881
9461
9084
6213
14282
681
6487
5558
10692
10743
15396
16100
9238
2829
11707
3431
14932
13691
8064
2252
6875
3043
1719
3751
2731
13630
649
17326
7953
3841
5110
6762
9267
15923
2377
1090
15053
12811
13730
4753
382
4540
7676
17150
15862
9045
9284
4892
17615
3936
15789
11584
9087
11961
3959
14824
5447
17570
16482
15090
9861
5873
17497
11738
9070
10517
5560
1123
9524
12807
8297
1968
4834
6930
6944
13186
5480
4592
3541
17722
7469
4362
12342
10410
11516
3499
17051
8839
8260
4783
15238
1381
130
4426
8284
8588
1706
883
4605
14327
78
6853
1457
10758
1508
17414
14980
3330
2883
1311
6835
11940
302
12232
3671
16053
2631
7938
1322
10482
9185
6595
501
3831
13267
14078
16718
5567
5058
3356
17050
9500
2475
11744
15018
13022
15825
17768
16339
16294
6909
17344
17801
9381
1293
16493
401
14950
7855
6420
15077
2759
8996
110
17073
1549
9683
5549
796
2848
6123
9689
4086
13960
8082
6202
9668
6282
3397
7904
11486
9132
233
694
10648
16686
996
8476
9020
16257
15622
14781
8298
11545
4072
17146
16789
7605
1585
5921
8075
14874
7308
11105
11979
2715
6945
6243
14719
13874
3618
14193
2303
7478
6317
12659
17058
13156
2385
4393
9736
7365
14728
3575
1171
17667
7226
11951
10894
12334
12204
11096
15193
5411
990
7287
9336
2793
3931
10473
2292
12306
1030
14172
3081
13858
16046
7224
12284
4286
2140
12318
9535
8362
12083
1262
7988
3718
8472
636
6146
13236
11850
12103
13157
1239
4666
921
16785
3380
13446
3112
10809
15904
13109
7835
15837
15907
7807
13286
17716
9960
17040
8674
648
6278
169
12251
7772
5952
15448
5773
1100
7164
15736
11893
6138
17091
15917
4371
16346
15859
8038
16078
14671
4645
15603
16400
14020
2295
6597
669
12150
5376
11329
2033
5007
15590
12314
11546
2701
15836
31
12590
10661
6528
2308
8424
6629
7599
15128
10780
2357
10178
14604
13534
16395
14353
9018
6254
8104
9489
9190
12352
10404
12263
6173
10947
15895
13574
5217
8481
11722
16861
14961
9356
942
9202
13668
4776
9140
3829
12680
3568
13194
2011
5966
14011
15299
2529
384
12756
7355
9473
4473
6372
6351
17376
2012
11420
11551
15454
17113
17664
6308
2921
16004
8606
2873
7339
666
17706
6216
3104
13659
17628
1394
13940
12006
1241
10363
8591
1736
128
1974
2583
14689
7237
10709
16660
1428
6878
12925
3791
2403
13428
8904
3023
17875
11106
15129
622
17384
7205
11035
478
3625
17368
3985
2381
6650
16265
9273
7784
11147
14495
13404
2628
2872
17819
595
5583
8236
2820
13476
5841
7229
3727
3342
10499
9352
14666
2485
9108
11697
16430
3685
1102
12566
7411
11929
17689
12078
10778
10240
9527
7383
14340
10752
16545
12210
6385
2441
6394
5702
8070
14947
5052
16062
17515
6404
12199
7197
5722
14696
8304
4532
11469
13448
757
1936
3909
184
7997
7607
3953
6402
11491
9139
10080
14086
15649
1809
6239
12469
15941
7352
12979
6023
15076
9507
13610
17473
5064
86
9269
5255
3562
11460
1720
8450
5371
9396
7289
9691
2373
9261
8792
11165
12541
16209
10153
1681
10767
17293
3454
12505
15055
14599
4236
13354
6960
1956
6793
5208
6389
1046
12326
7390
11555
15091
12587
5715
17013
8987
3061
7696
16070
12236
8013
7636
4874
3688
8525
11607
7372
12441
16547
17535
13650
5392
14630
532
815
16158
14859
15252
14073
4487
9212
9263
9544
4010
7869
17046
4154
15673
5247
4976
14323
987
11524
1248
15527
5142
13897
1484
16170
1751
15139
3327
15784
268
15435
13772
9655
8691
16267
10880
14700
13112
5301
11468
8466
12841
211
17442
7531
4637
7882
17169
2877
3710
8060
6936
10374
17830
7346
986
12975
7966
12741
8447
14580
13973
3579
16116
11602
4209
14973
2224
1527
17149
9537
13800
11795
8641
15376
13067
16986
11215
375
12373
5139
11668
1713
785
1980
15063
16510
1101
3297
12248
11967
2811
9822
6632
8876
16979
9021
15444
2994
12546
3440
17551
12205
5784
13423
7892
6099
13527
17170
15691
11568
4316
9818
5471
15932
12681
11917
11471
6807
13541
11861
17697
17609
17187
8218
9738
3135
16915
3348
8516
13949
14794
2287
7796
16799
16918
8306
8835
17128
3196
16229
9208
1772
8330
6677
371
7324
2532
10937
11441
11892
11214
6068
3107
11232
9840
16094
15182
8390
14424
13131
3785
4415
9066
8759
592
13339
339
14216
16701
5456
5144
11855
12401
2786
4967
12533
729
13442
11020
9459
17032
17537
12922
1176
2088
11118
2833
2181
4419
11725
12852
15020
14631
11655
15707
9739
9608
13463
394
8301
1226
1860
5546
12131
2927
5191
4616
5606
16264
16992
10975
14449
8886
12281
14121
2501
10703
12581
16332
1983
4970
6427
2334
2354
6293
2494
2531
9491
11856
6955
3282
12087
7222
4512
13667
5912
15550
6031
14603
12154
1815
9102
2233
4684
5733
2343
9455
11426
15959
12188
16963
16519
6728
12383
10846
6502
10633
8325
15700
10024
7096
5972
3914
2690
1274
5054
2413
2933
10585
506
6340
10560
5476
16945
3543
12270
11821
14434
14102
13329
9114
1447
12178
7751
9546
13803
6604
7536
10827
8227
5104
4821
1380
848
4152
9555
11095
4772
9301
17546
2317
13140
11770
15732
13570
3853
8694
13479
15022
9325
4804
5353
5970
15851
17066
7039
7806
7931
5463
3677
8352
16595
11709
7118
15600
14643
13871
7925
9671
8004
5132
15135
13162
16643
1615
1658
10415
8278
6003
1605
13816
12819
4067
16429
16886
17620
14248
12276
17272
12335
15446
7841
10562
8173
6872
6781
8116
15023
12259
4016
12427
8596
1746
7870
13679
8522
12628
4065
4840
13330
17663
12597
13996
2880
3251
17080
5999
7725
9312
4434
10859
9748
17489
12932
812
5667
8608
5971
10701
15659
17163
9806
13707
9302
9310
15810
16533
17611
6947
1656
17588
1710
5237
14894
7106
12549
17563
17505
7062
14336
5542
9979
7627
1636
16142
17851
12059
15602
2995
12749
1786
5259
2243
5724
13852
10822
11347
11461
6276
6050
6855
224
5907
14221
12732
9505
3513
10520
9803
16742
12339
4887
7635
10551
7131
12223
8624
17329
12166
5957
15485
11323
16274
8818
17571
5174
16776
2617
9980
2664
1471
4858
6643
10140
15248
1343
2987
14579
6292
3809
16305
14637
15484
1910
3140
6415
3708
380
4232
12574
13676
8982
13569
4045
6864
16892
10806
7889
1639
12338
10373
16481
932
13714
7446
10312
17696
15000
8690
305
13001
5351
17196
4036
12959
6305
613
16619
17456
17701
7007
10769
6625
10836
4389
6894
492
8111
1481
2063
4755
10015
15827
5524
16988
13277
8112
7750
14111
4317
10574
10002
17850
3817
8441
225
13601
1331
2771
5541
17501
4294
3323
13532
9192
5878
855
12174
9307
12658
14720
8120
11247
5443
2050
17634
16890
12735
16457
16997
14083
5863
6811
7369
267
183
13318
830
1699
9911
9610
9248
17452
8475
14914
15082
4622
17090
10722
13726
14040
10156
6321
16141
16347
826
17891
1181
8716
4131
11415
4711
13052
16444
3212
8683
4523
12826
50
14937
456
10955
2879
4933
12422
16052
13583
13452
8015
856
3020
7376
8434
12111
15793
17025
4568
12110
9769
10006
8179
1708
1126
7990
4042
14826
12514
13220
9204
11901
13644
17141
17118
9613
4947
13190
10862
2132
2599
11636
9844
9725
4122
12398
5497
5080
720
12485
14625
2973
9908
13711
8068
12781
11027
6986
3951
9272
12463
2982
2993
16302
8585
735
15260
16899
3082
10651
3695
6224
6900
6571
5492
8801
12466
17346
6006
16473
17411
9993
10891
12902
2103
12970
9413
3816
14678
3519
10547
8021
12241
8281
1480
11325
9161
1413
9597
11620
2302
10902
13606
5597
4763
6260
9062
6269
15
13307
8467
14852
2150
7406
5782
4229
15695
9492
7231
16814
9792
1651
3609
7020
12678
13812
5798
3868
429
8401
11177
11683
14772
1191
5848
92
139
12058
17655
11061
12573
900
6968
13085
8125
17350
13098
13829
1321
14091
8282
1230
1941
14817
10125
14367
1740
3318
2781
4910
5791
14509
10130
14295
11716
15469
1948
5319
9096
5915
821
14519
9085
12744
12926
7668
9259
8614
2707
9743
3275
11304
9509
14907
11690
3389
743
1871
14130
2476
10316
3439
12962
47
16382
8354
7422
894
14905
13546
2129
14375
4378
2265
2135
13809
7527
7294
13141
13415
6159
5078
6685
3324
13953
10457
4939
16245
17872
12648
7811
5286
9421
11128
4210
4377
15629
17591
5138
3889
1874
1891
9372
15975
11275
5345
4980
5899
10079
15861
9676
10916
8436
15100
15653
7645
11882
17463
11886
15015
10782
1606
9626
1726
4194
14286
10749
5840
6391
7739
2963
652
2465
15703
17682
4985
13872
11916
16605
12945
10154
17865
6795
11838
13843
6683
351
12738
6943
3667
8919
4421
9755
12249
16623
14141
3412
10276
2415
13923
4006
12947
17544
9750
14423
17692
10679
825
1113
13145
16624
16898
12821
14672
10021
13096
12501
15830
15729
14270
14877
16808
11998
3027
8414
5308
5273
893
831
10127
10120
7728
8175
6744
2751
7642
1718
3516
15562
12364
14240
1441
17382
2356
5741
6324
3322
493
3503
10018
12507
12728
11255
2105
1863
15950
164
6689
1487
9966
2054
4846
7648
4503
10070
10189
14541
16971
5657
7458
1403
6568
14971
6612
6635
6951
15165
17283
11982
13117
11013
13292
2659
10029
8955
9244
13950
10616
4680
3515
8726
17063
5974
15317
14029
7247
15652
9426
6134
11397
8238
3192
5209
3717
11684
5568
45
6367
6657
16825
17884
14782
6825
5822
9567
12760
6139
11844
9447
4449
16931
15688
7740
17447
11121
13974
5960
12983
15846
15690
7216
16490
15493
16873
472
1870
7524
3613
11966
11682
264
11543
10483
16964
16163
15657
7583
887
3190
14366
1687
13754
15302
15111
16117
12993
3287
6753
7270
6646
4071
9201
17630
1893
7053
13839
2106
3702
2009
14005
570
17641
15680
10535
3621
15572
7666
14370
3739
10594
12319
5323
14918
15225
11868
13835
2578
17037
8202
16832
15623
9367
9281
7637
15478
17842
11891
1263
4248
6042
2656
6034
17078
2341
14208
5953
1008
15896
3837
491
14576
13092
12112
706
12324
13680
4640
209
17579
6821
11350
6013
17542
683
5236
15712
399
8780
14429
8259
13377
14180
44
12316
10940
6378
8480
10323
11173
7484
4534
1798
11677
2176
9466
1501
3686
11606
17822
15177
8471
16722
14577
15049
10422
8087
4588
676
4907
6433
12035
760
2151
13670
11467
8760
16666
7546
14626
6078
2638
16609
2598
12020
8411
12275
2692
13411
11928
3879
5604
14420
17777
15760
6451
11510
16173
9239
8133
13744
3734
5043
549
11198
2525
17472
2619
13271
17347
1607
12002
13701
10801
10084
427
73
5282
12775
15431
5813
6759
3612
16031
5284
2814
2096
14236
8061
7680
3972
14952
5047
13250
5092
10870
9798
8294
11302
9594
11997
16683
430
6169
8892
15395
15794
16048
14226
90
9295
16743
16948
231
9869
7779
4886
13474
7449
1816
10832
3860
4163
6017
17358
11481
15405
1957
10151
11749
15881
1882
13857
8929
4780
12454
11875
3176
14841
17374
6379
15470
3274
16406
3171
15170
4935
2472
15547
790
4385
14769
11673
15334
9125
1377
11004
10009
13010
8458
2153
15383
3775
4938
12265
14992
11000
12829
5433
4661
1804
13505
12460
14403
7753
9870
6190
2070
5617
3744
4081
17669
15133
6849
4025
7092
12936
2918
903
16594
15990
15560
12550
17077
17849
14886
1801
13883
4223
80
10996
16821
5836
1587
16211
3745
16774
14442
15929
13160
15816
17754
13791
3881
1996
13255
3863
13795
7143
13458
10630
3980
17318
16472
15855
13173
7241
10932
13014
11955
3782
162
13851
6166
6187
10028
3387
7409
11702
17661
7764
8538
13432
16714
3880
10965
17301
4806
10543
4610
7664
10356
17018
16500
9019
6908
17314
9262
2590
14860
4406
12951
7678
12481
247
12786
2760
3501
3130
11926
14665
14925
8677
4623
3497
1598
1478
12639
13390
14008
11069
2274
8803
2328
9977
16324
16811
1307
13952
12163
2021
8115
10550
16876
6697
660
8204
14993
2541
5548
10770
17095
1041
15549
2007
13653
6456
12175
3872
1044
12634
1312
7191
8503
7983
16650
17396
6545
15963
3937
12138
12671
4340
10676
5125
6554
7141
8949
7737
16512
7084
12973
5804
13278
13655
3052
6135
15130
17072
11146
12039
14120
2171
6256
3773
11001
11811
10498
11965
11283
13991
9942
12596
665
10991
16737
11578
6493
9956
9525
2785
2519
3865
4466
5507
11558
5906
17188
17365
13943
9330
5611
16567
9163
6720
8080
12782
13581
7801
8778
7945
14473
16276
4575
12114
11495
12031
3833
2698
11241
6557
6457
1410
7094
6693
6214
9405
7788
12296
1543
3614
15148
1835
6382
9904
2543
13243
17285
16830
5783
9052
2278
9742
5629
11022
590
1019
14359
7129
6221
10795
14642
14249
412
11178
14948
7196
168
16056
2117
8561
6868
8122
2674
17618
1881
11710
4185
8027
7174
6867
7249
6131
14911
6647
13608
10346
7075
103
12559
16366
14362
15153
3750
6640
3634
16757
14232
17511
17115
15096
17520
7070
10155
13537
11389
6882
7410
2964
5396
1492
7260
16779
15107
16471
6071
14363
2729
14117
9296
3088
9004
1716
14839
9893
13351
5005
2597
14641
2544
9434
9113
6556
1420
16266
6189
4594
8626
9983
9709
12831
464
312
1055
9599
1453
12874
2432
9974
14640
13119
1758
17862
15102
13484
2187
8307
17184
4136
2649
3701
12780
17483
2709
3161
13904
17480
5655
4096
12619
8457
5864
11010
6467
6443
10720
8686
1993
6690
6898
11559
13120
8542
8598
10031
6671
13371
1308
16615
8790
1411
2626
1275
13384
4287
7851
5903
6918
9305
4337
6975
2792
12921
7956
1818
3616
5854
5637
3619
12997
5701
2184
15645
9679
2586
15508
4678
6775
2623
13483
15944
2387
601
12898
15062
14328
6648
15361
8453
7814
7239
5393
4373
3124
13183
12411
647
15157
9366
829
13358
3417
8741
9313
5044
3783
14558
10393
15626
5751
14699
7268
17435
11243
6081
3992
11161
56
5710
308
4061
15264
17001
16368
5865
579
7641
5299
5458
12219
9157
5627
5620
11746
8662
2762
9846
4836
12023
11007
1696
2250
11110
10982
15949
5
16713
4604
9711
6251
4844
10539
11513
7744
7329
11051
16773
8961
2191
3757
4334
10669
16856
2313
9685
5293
12699
1547
12669
17887
9498
15326
13080
6776
8705
6547
12312
4611
4083
1845
11854
2615
13741
17436
5532
4949
6724
771
13866
15197
8553
7429
3952
3518
6732
9572
9385
16637
3294
3475
8785
14710
431
8290
10814
16511
17173
2000
6376
10368
14524
327
16950
16602
13698
10093
11699
17533
7468
9541
10764
14753
14274
2028
8291
9079
14946
7865
16192
8459
16598
15270
4093
6074
2951
12092
16641
8090
12061
12580
6449
4160
16152
2826
365
9288
13179
12415
2470
16955
17784
9195
3605
8526
76
17127
3672
16420
172
17232
16818
10529
3100
12095
6097
5693
15841
16335
3819
10700
6409
4082
3449
1398
3857
304
12558
6614
6897
12709
2593
16837
8409
12033
5477
4923
6721
15212
13955
17387
17418
8714
9986
4782
8580
17581
10088
14261
6346
59
13325
9848
17263
16764
12292
13424
3784
3514
14169
5672
10112
7878
4348
10280
13842
2723
809
16042
8634
10391
14460
15325
17562
10040
9292
6937
1970
12043
3224
246
8852
3968
17764
10170
14167
5742
6812
15543
1323
14162
17415
10086
13170
15003
16987
7917
5866
2448
15065
11410
17788
8123
6577
1423
16502
13134
13081
14461
6880
4172
9164
14469
16315
16813
8932
9395
11287
88
8415
15918
1412
7102
16417
523
11046
8241
16434
16071
16202
14378
16275
2080
2602
4642
13627
11723
7730
6856
9318
1162
12714
18
2229
17598
13395
14997
400
10239
15536
17580
7845
11962
7533
6965
3455
13068
13101
9652
12603
16218
7723
13763
15922
12429
8478
1715
16387
13019
13282
704
11611
3278
1868
10357
2591
5933
13333
6622
17714
5649
16453
447
16251
294
5235
7171
5545
5565
12660
116
2662
6127
14685
6
13633
16498
6486
9430
2506
8581
1937
7457
13834
14738
3262
1324
16792
1250
11519
15202
717
17026
16550
7767
6118
3606
4329
15698
11727
13416
14062
11117
11902
4687
15233
10625
9985
2348
11164
11430
1596
16780
10195
1159
8431
10268
8438
15106
10288
16230
16509
12467
14791
16097
3650
14811
2795
15060
17419
13071
3765
12631
1360
9181
12927
12770
12740
15621
14538
15378
13934
11629
9203
15366
12237
15164
3069
4335
289
11569
9256
5956
9105
12876
5656
2955
6928
6927
17181
11196
15278
10999
15430
5746
12408
8681
10302
11174
9624
17594
977
607
9088
4407
11419
11585
9168
2874
751
17691
7071
4464
1452
11593
11899
15195
6627
15818
5825
8739
3738
13616
10293
4357
16815
8533
6995
701
15466
17024
9486
11093
2770
3364
14661
5122
11011
8934
8682
10430
14560
15012
564
11239
16982
15644
15667
8484
9829
9467
10705
8375
7427
1507
2085
10320
5094
1396
3925
11688
12929
4366
9949
13876
2809
15101
6516
980
1576
14629
1094
10075
9407
2247
14633
16828
6220
2207
11288
16587
11452
15340
17065
11787
10642
3713
8519
11790
14109
6180
3249
2553
11712
13830
15307
257
7520
7981
5342
6585
4073
7420
17753
2451
17357
8990
14928
15360
16810
8574
14562
5051
17180
5538
15266
11822
10134
7849
4852
16522
16414
6862
17552
8086
13820
6931
7886
14191
1012
15335
10190
15733
11878
1048
4494
5891
15679
16342
10241
4403
3930
9556
10409
16318
14901
15453
17726
4361
10133
11175
3119
1260
11211
13762
6336
3468
4838
16106
17821
9094
5988
1292
3984
12012
8398
7198
206
14846
5049
1395
5440
1769
5065
755
8601
13894
8523
13891
7424
9156
14452
15314
8660
4181
16494
2953
7697
9978
4408
17804
6971
3430
1095
3525
9692
8940
14681
2952
9041
7177
15993
16027
7958
11500
13832
10043
3589
17569
6708
11226
2681
16961
7761
13288
3208
7775
15875
10057
10872
6763
1807
7780
9394
1735
10586
12260
2499
8558
16925
2559
12719
5130
15364
443
347
16709
6859
14079
8576
11672
7652
3835
85
8918
10599
16005
8882
2699
4243
16556
12287
1744
12075
179
10494
16334
6905
2152
8658
14606
13855
17838
9898
14540
4754
1327
1542
6030
2362
3360
13918
6479
15217
17531
14190
11462
6861
16293
17854
11693
12657
6723
10665
1700
9927
8956
10023
15115
6877
14890
7702
10160
15175
11104
12280
8755
8393
13579
3240
14741
6799
2130
9475
6797
712
722
11751
1943
1653
6631
8829
7511
10211
9324
14300
8493
13507
4889
11550
12956
9480
5203
1748
11880
415
4894
6482
15507
7813
8427
6111
12565
3386
11098
13531
13113
13003
3824
16343
3747
1981
11921
8319
13455
3016
14287
11031
17308
7218
550
10808
16834
5910
6999
6245
25
2437
16644
6636
13978
15048
7698
10961
8817
1873
16852
17526
2915
10985
6082
12064
12228
10951
8035
542
12341
13409
8266
12677
358
1839
16381
15952
9787
15010
8775
16049
4429
3067
5260
11784
15474
2884
8776
17367
6053
1648
1650
1167
17746
3660
10794
7991
15490
3607
8128
10163
3700
9850
2196
1111
4595
11149
16606
11057
9006
13547
17625
10754
1025
10470
1552
7656
5123
4455
15766
293
3026
9030
9424
6806
17202
9232
12583
3265
1246
65
10735
1951
14038
10889
16133
16527
17216
17020
2163
4052
15756
2611
14211
4936
9873
17370
11640
10516
11266
5669
9865
9902
1084
16372
10250
14303
9586
8402
14977
15589
3693
4237
3969
7144
4811
12837
4386
16164
13136
6749
8242
5374
3000
11959
7822
1330
9905
16041
5207
17104
2372
6203
4930
4177
10060
335
891
17142
1057
10964
16728
16933
14870
6359
16188
11660
2244
14923
8065
11418
6183
14635
9560
11349
13188
14662
2718
1637
11160
4649
6450
10918
8648
6655
8444
10270
11552
15532
16781
2027
2378
15412
16465
17101
3913
16730
1898
16632
15530
10704
7133
16905
392
11757
11262
4552
7035
2904
15463
6876
7872
8267
8040
11785
2310
8171
13030
8422
15491
13266
10165
2482
4046
1954
6468
12614
3506
7949
79
9010
17360
10203
109
13797
12233
2856
15367
8346
10639
5642
3042
11596
9339
6460
5752
1914
12620
9353
7272
16236
2780
12168
11291
11346
16129
8509
9401
13431
8618
673
8644
15119
5721
10619
14333
5502
9562
17888
2888
3182
3882
9765
13240
14900
8498
10429
14084
14202
1026
9254
852
9781
9219
13225
7220
7908
13674
14183
7385
14163
5450
3154
1454
14795
7132
14229
6326
8159
15891
15845
5619
12366
9399
6967
15388
17602
6899
13624
3780
2382
13948
4090
9008
13838
17448
14955
7044
6174
16210
2791
2905
16819
16475
7790
8912
6644
13149
16413
16301
17401
15002
15522
2260
4057
10844
10573
17573
16241
5885
8751
10912
13449
3494
12809
9545
9832
3111
14456
3674
2926
15356
5344
10107
4472
3786
1872
9011
8497
10067
12416
10813
7407
14179
7989
16823
6642
5196
16597
16224
8925
14759
458
6465
13494
2653
8502
1568
7340
7758
10519
9982
16096
7161
7472
16326
11783
13724
7515
16193
1211
9830
6076
10263
3075
6442
9285
7497
123
4878
16358
10901
4793
5944
8176
5796
810
7114
3402
16540
6915
13388
14638
14430
11542
2700
15203
10383
16586
17254
14480
11330
32
6973
9730
3673
5232
12651
7284
5905
12984
14701
10397
8095
7377
15103
10173
8410
16565
4691
4981
13353
6906
11992
10719
13878
17498
10450
12221
3139
8050
3246
14549
240
5908
2113
7122
12305
918
7109
1229
14074
4694
2464
3531
10085
10790
9772
3352
8595
17794
7553
10771
10559
5160
10177
10150
433
8515
4548
12217
13232
13774
1984
11756
11724
14
138
8327
6539
5332
5965
2802
11026
10379
17757
15365
7902
7674
17499
13121
8659
3874
8257
8997
16758
3947
12872
8405
10718
14012
13919
13614
4629
7873
9766
12375
13422
11570
14872
7494
16350
8556
14479
605
12966
3683
11910
8226
611
170
16797
14482
10683
11070
10245
628
17496
7027
13155
11373
7660
11804
4627
10695
7606
7077
16642
11337
5616
1233
17536
16678
13591
5708
13938
11447
14329
7615
15142
6984
8645
7505
17132
15042
8146
14369
7512
2386
10020
13704
127
7519
8667
15915
13023
14863
15061
15909
7277
1107
8989
7738
9028
1610
734
10369
4127
235
425
15556
3574
6446
11170
5987
747
5347
6593
7297
3098
10993
12065
8843
7466
11478
7417
17882
11925
14966
8663
2411
10756
16376
479
10558
13086
13270
8489
8397
6691
11573
4895
16408
7217
3595
2569
4727
12225
5003
845
1757
4161
1199
3230
5338
5799
10361
5818
1145
17444
11923
15303
13900
11809
5575
11521
13571
9383
16138
9485
3756
6412
13705
8126
63
8897
10471
1537
6133
9411
2497
7731
585
2967
6311
6591
8995
3805
14821
3420
9210
14717
4881
13376
4115
5192
5750
1006
2478
17246
7941
14915
4495
1338
16960
7381
13939
14176
14750
11406
10815
16427
12
7353
2405
7699
16217
7293
14762
14896
11653
8708
1149
8465
245
1249
1674
5982
13372
8232
1896
6015
5871
8244
12532
12148
10969
14531
10364
7119
297
13258
11440
8857
9931
6653
8811
14265
9503
167
5805
9286
5101
5607
6192
7033
17645
6881
13074
5695
9543
3933
3284
1212
3729
2914
3820
10295
4165
6752
3102
13987
7079
12346
10033
10206
12895
7850
13993
11793
12591
5537
6091
7693
1440
5949
9338
14428
13804
7993
4448
876
13313
1667
7319
8058
4822
3665
7200
5594
14100
1814
3427
981
8549
10416
7459
716
16877
10597
3526
4381
3942
10326
17371
16439
16279
2283
10418
10275
12702
9778
3983
857
4226
937
372
14832
3198
329
13699
14501
3580
12572
15772
662
17177
15056
3637
4139
12164
4614
10605
1284
13738
2239
12357
1371
2435
8286
3703
4828
13167
5470
6858
16862
16261
10222
13289
16463
12880
11042
2037
4545
1558
13009
11781
2410
15899
16570
7074
402
7538
12647
1518
10915
13671
2839
8491
1389
2183
9577
14289
13197
756
7176
10979
17793
10388
11258
7832
6432
1833
1289
8429
3730
15213
16419
10715
12239
12447
11713
11531
2503
4166
291
8216
14624
1995
8025
13347
16073
15674
9090
9972
12257
4124
11525
2374
4030
3290
1794
4297
16115
1446
10640
8737
1049
15889
11745
3754
10512
541
15235
11008
3462
16608
11230
6559
10420
4926
5081
6561
12859
8766
1510
2124
4374
12247
10893
250
16109
215
14537
14140
793
14551
5644
3153
13046
8263
7705
8336
6711
2324
7773
12285
5152
6155
99
5776
12295
2984
10279
17585
12040
14674
11762
15005
8400
12252
8199
5154
17331
9289
7388
14076
16672
16751
13723
9937
13946
13986
13148
16841
9397
10879
12291
914
8302
7543
892
13362
9127
10010
15528
12203
4533
5115
15030
7029
9158
1630
16080
14384
9337
10328
7038
8746
2778
6104
11695
13821
4708
16864
7126
16610
17507
1512
824
3487
6774
1346
10447
15591
10799
10480
5020
10254
9784
4597
16431
9901
4040
1563
2351
14739
2534
14263
849
10646
8387
6267
14457
6223
6162
1683
9660
17437
5739
13253
6764
2041
490
11956
11078
7318
15449
12758
15216
15706
12493
7366
14567
5394
11494
16485
8856
17800
9322
12747
14790
8774
1620
10938
16385
15026
8271
207
15865
391
10920
15656
15332
1682
7244
16259
8003
2237
14142
17704
10995
17381
5413
4578
12080
7897
17052
15576
17404
6914
7347
17289
7373
5684
6845
840
2855
3127
14148
12923
9408
12604
7493
4737
2843
14003
11229
4311
13708
11556
3010
17582
1063
11345
498
7940
17781
4757
5325
3298
1285
1761
5512
16449
798
4129
844
609
16906
8437
8883
3597
14054
6580
1545
3250
654
14022
2665
6674
10923
9450
2694
13499
16284
8804
12449
13860
5336
13548
12635
763
9705
12538
13408
1822
11476
3850
9178
5591
14933
7253
16900
2710
4762
1711
2167
10641
14788
5561
16716
9040
2876
13287
13941
12433
737
16099
3480
12019
1193
3694
11203
7895
16967
1077
3651
8318
9329
9382
5665
11466
11372
4529
4179
7581
9340
7090
7012
3640
10772
3165
8914
1043
17223
14964
632
12793
9551
10495
16462
890
11297
12036
12555
13921
6181
13311
13481
17068
17460
9922
8328
5581
4563
16207
5177
15088
4672
5687
9109
4698
16944
7159
12978
7962
11911
7393
14465
2414
11079
8237
2779
15613
8732
16604
16085
1655
16503
12693
15347
974
4370
10899
6265
10081
6228
4962
2306
14853
5735
16168
2198
14254
114
2045
9348
1340
15187
8871
5183
1817
4383
3170
2305
16355
7638
8954
6428
6669
16208
15488
8647
12121
8666
6963
16990
7460
15027
16050
2320
10861
17355
9868
11560
6952
10237
9481
13006
4170
7986
17036
16731
4969
5072
2917
8963
13692
1824
12331
2108
15479
12729
16039
7234
10124
9144
11504
17790
6149
15282
7351
786
2489
3582
3229
14797
9945
17253
8140
2493
9145
11126
16883
2461
9290
15678
17478
12724
14048
5322
4176
12115
8514
282
15928
12282
4944
14945
2978
12870
5469
878
9167
2093
6742
12310
5415
469
13158
12853
2654
16452
7320
15848
12630
11395
4608
1880
7405
6682
10874
6992
13094
6804
3339
14156
14026
16803
3510
13142
9554
15144
16896
9722
8010
12017
4151
3627
5170
1408
12192
6364
5390
94
389
15814
13461
10248
6262
10264
7031
5402
14709
9422
10557
9627
3048
16829
12854
15337
3684
17332
13519
9365
12414
12520
9076
8174
9625
7213
2039
16468
16786
7441
3594
3256
11676
733
15374
12554
3764
4438
16919
16249
1967
4965
2716
4973
9404
8047
14187
9788
1470
4260
4883
15965
9916
8322
3540
15459
11582
15637
8160
7900
4613
8252
2490
15300
1388
12113
4156
16455
12892
17012
8106
8345
17613
10840
8239
1593
1752
10950
580
9187
9802
17212
8534
928
3034
4162
11836
7597
6791
4037
14694
17434
13275
15567
3957
2473
16263
8877
4137
5218
5329
7714
15676
16607
1686
9241
12534
1144
7752
9428
13436
5379
6801
1782
13962
6370
10930
16680
10533
14878
9824
5941
5923
15774
9565
2832
6942
9117
10672
4368
17380
13765
8381
11492
13526
3971
1557
7210
16857
16788
4606
4884
8326
2564
11947
17
10973
3875
5082
4388
6037
14807
16693
4347
6233
4213
3365
58
12545
5309
7567
12608
4866
7734
8331
3678
17123
7540
3115
3188
12497
1602
5116
6418
10145
7435
1810
12464
1401
985
9540
10796
7245
8448
7891
3566
16146
17337
13410
17700
11530
15339
3223
16021
278
6024
6619
5358
17294
17270
745
8092
14154
4032
13453
15219
12778
6201
17853
16555
5294
113
1186
238
4624
5223
6566
14959
12988
1182
17249
14904
6584
11054
14611
2816
7432
1730
12879
10810
15477
11975
14138
1092
11934
11112
14929
17252
16299
16220
8528
13620
12637
2384
11391
8639
9483
6040
15417
4609
7151
10779
15574
16009
2618
14039
15064
2850
6344
15081
1524
5439
16260
4263
12676
1474
10387
7185
8355
13403
820
11058
8825
2787
11377
2325
705
10188
8332
3564
16418
12887
14752
11148
6454
966
11771
377
6038
17600
5720
5369
17199
3878
6197
6300
4764
7184
5067
1265
4031
11638
5563
2660
17721
1642
5037
440
4201
8470
8736
11168
11154
11667
15051
4044
11244
7479
11195
2542
16909
1739
17425
8213
5195
14177
3429
14268
17219
13798
4982
17060
10341
5391
3615
1990
16197
15946
5056
4322
6761
9558
3544
11294
9116
5073
10626
1626
15500
1036
1690
3191
15068
13486
4826
14810
8023
11017
12972
15423
10014
9914
9702
8537
14533
8145
5911
11339
2655
9842
16268
15190
17302
12145
17126
4655
4200
5271
10427
1789
14806
16734
4018
465
4992
15831
936
15220
2068
14656
12196
6000
4338
4652
10680
7955
14975
3325
1042
11832
17843
8209
12698
17054
3741
5879
12050
9038
1014
5571
9920
11370
13198
6541
4114
13783
11626
8948
3528
2256
10229
7067
17787
17823
3194
6923
14768
3761
14122
16373
14311
7928
6463
1290
7509
11508
16859
6242
12715
3556
3940
17805
13028
7757
9075
17524
14835
178
15883
9913
9205
626
9988
1201
13348
13656
15884
16060
11799
6065
7827
4296
7794
1721
6182
4531
17576
15888
3226
15228
13867
1904
16423
16432
17162
10103
14257
842
9919
14619
6334
15105
3876
6673
9180
5677
17789
12350
5334
2137
15345
17250
17767
13200
8809
11298
13640
12456
11935
6996
6337
9633
2817
16991
9374
1288
9319
8407
13306
2161
10294
13247
16352
14106
912
14704
3861
4560
16409
4465
3659
3961
5165
2989
14209
7510
4510
9941
7550
17217
15654
15174
1562
3474
7261
4664
16838
11714
17295
9590
6888
15683
14213
17733
15578
5210
16038
14917
2737
15604
15869
12948
12379
6249
6623
6788
13049
2067
2299
17098
6569
4674
7046
10711
14132
7561
13725
320
15624
1156
5279
7995
7748
15863
1188
14411
8101
2517
4841
16589
9177
346
3870
14107
16981
4228
2186
6581
15319
7569
17353
12994
5698
739
11307
15939
6605
10992
9666
12397
16311
11615
1379
16530
2024
7356
14934
12478
1418
17010
10451
16312
1184
3264
15176
15561
5628
6989
7158
2401
8531
3441
7219
8887
4289
1076
11944
2601
8815
12479
8094
12726
634
3758
2897
10105
15117
1762
3482
7282
11887
3711
3623
2421
15341
12761
10126
15413
860
12656
8482
298
2766
11326
16508
3995
6969
9807
17377
17105
15938
366
4964
17108
2604
8582
8642
4598
1254
11276
14987
2060
39
3312
7571
8926
2956
17214
9311
14058
7348
12468
9462
13412
1121
4319
15038
16405
1124
11674
14443
8433
15906
11689
1313
12123
55
3547
8944
6188
7202
1476
16583
15218
1513
8969
17017
4219
2253
7719
6533
14023
9800
11839
14754
3253
15879
8524
13193
9453
17778
8840
9306
11985
13603
13105
10637
12440
687
3500
1479
9638
15054
7052
17042
15554
11808
7335
16328
4668
4251
2002
3122
14064
16784
15627
10564
761
17290
6453
3058
7018
6410
8391
15601
14448
10089
3393
10218
12377
14314
9402
10723
7528
16029
12206
8884
8231
6601
8758
10065
10561
16946
1158
3467
9516
9889
7240
7050
14838
16518
17512
15136
5424
10152
3137
12438
14775
16768
9645
2178
10883
6509
5603
17432
14684
259
303
11574
15920
1760
7961
4191
14346
7633
4766
6485
2929
15901
3692
17761
5881
16043
12961
6757
5388
1599
2969
5859
5288
13992
11888
14223
5976
11972
678
15400
5555
15713
4230
15370
12187
8974
11869
7434
3357
5623
4477
5756
16389
17643
5763
13577
1531
15277
5121
17765
3436
15531
2215
17400
6064
5730
13964
3976
12079
13632
5090
4422
8992
6398
2442
11564
2585
2044
2004
13563
12256
201
14338
3655
17014
6615
9697
3141
14264
17755
4820
1316
2307
7250
6497
5028
3624
6667
11327
4701
5405
6335
8147
12633
9909
11338
12784
17096
6087
7632
12195
14007
13930
16092
839
3007
5699
8748
6150
8913
16017
2344
16579
9896
612
7776
1559
4430
6510
3871
12588
14354
166
7295
15155
8802
8572
11853
8389
3299
16047
9757
2133
5986
13651
9737
7677
4110
11482
11649
10785
15377
1961
7610
16753
15973
12835
9039
16911
10370
11577
17572
7000
8578
15442
6668
16688
10698
3243
8310
896
4269
10977
7490
16018
1196
13205
9924
3033
12762
239
10924
17110
7415
435
15438
8071
17560
3810
13467
4839
17137
6664
13817
9720
12167
11359
3658
7774
12730
10860
16551
3091
11202
7001
11308
1793
10082
13360
9278
14575
12989
6435
10273
16703
10532
8828
904
4077
6672
7683
16783
16932
16865
14415
11796
7188
12437
9776
10650
16280
2069
13873
13251
17742
17409
13036
4246
13536
14960
958
16724
407
7498
14017
17857
6179
6172
15634
6186
9828
1060
1774
6810
9912
5158
1128
11571
14564
11209
270
3848
15559
4041
10497
9587
17257
4585
9495
10948
4871
16628
424
4864
5515
12607
5335
5281
12800
2818
14820
9370
16407
13788
11210
13082
2867
6285
6035
16839
14119
11285
17540
15526
17205
12846
7358
6102
11830
12765
858
1555
9129
3670
16968
6062
10903
8492
4195
9107
3699
5685
865
9762
14464
13099
11685
10392
8443
4911
7116
2939
7948
9025
13058
800
5947
11399
16345
16013
16996
14256
5991
4927
2202
3705
6352
16287
10224
8373
10078
6148
1027
11904
8096
8611
15988
6725
4342
17211
8183
7080
2361
46
2773
7998
16935
15511
536
10595
7057
11193
16496
633
17513
13810
794
11778
17349
10161
8132
4204
10345
12347
1358
14991
17390
1933
3374
3114
1245
12406
14516
5573
1013
4732
12128
14203
5658
4100
14506
10005
17259
8541
17831
8103
13320
17417
5365
5838
17304
5364
11101
12279
12499
17553
9727
2735
5419
8730
1841
10238
1495
5042
7443
7400
17443
12600
4146
1309
5520
8394
1865
12976
3796
9940
9618
1203
11253
13796
14335
1383
4180
5660
7585
3512
14047
15031
7155
1556
3089
12313
6514
3794
5040
12666
3964
9595
51
16002
4331
1419
8643
8011
6603
13381
5045
8165
14866
4034
3221
15821
4126
2242
8138
471
11933
14436
8219
1805
13363
9452
8214
15651
3168
1528
1104
1515
10111
16561
5671
2023
4749
12617
1591
9923
3146
1066
3090
1183
5019
7491
9614
367
1931
14372
13417
12849
1477
5659
8479
16354
2794
5725
11654
11354
3488
10798
9188
11627
8073
12917
13391
15126
13775
6922
12877
3353
2199
16842
17465
6483
494
910
1570
2358
3981
2702
14517
9797
1024
8048
8733
10781
6347
15240
11300
6919
17139
9719
12066
12361
4862
11604
12967
1775
2388
14921
1917
8993
4365
17610
17165
7560
12772
9409
14028
13153
5880
16505
6964
395
7620
4091
9604
6865
6266
16574
16180
7362
10001
180
16008
1825
3915
16854
2962
14876
8007
14350
17393
715
249
5534
4245
9770
12592
7671
13296
12794
7152
343
11385
3704
122
16327
625
1416
14206
11664
4860
2924
4264
2268
16655
11866
12461
11484
8905
10448
181
13594
1621
17341
17510
562
3453
520
16582
3367
15461
4899
9609
12769
11588
11431
6613
4872
15288
8376
9669
7291
466
16603
2134
823
10354
16182
15222
14390
12288
11858
2837
5566
8315
9327
13525
9280
8735
5328
10663
4000
17539
8384
13694
6618
10443
14360
6151
5126
7729
12552
12405
4050
11820
7269
1767
12184
806
17081
6495
359
16596
13895
12396
12459
14695
8368
7252
8952
9639
10506
8512
6736
6767
9046
6225
15751
2316
14030
9799
9465
11182
16762
17479
10866
4118
8820
1611
15913
14006
17646
8965
6008
383
4444
6122
1733
6765
2705
17616
12137
15754
17476
13768
14770
5807
6831
3524
14552
10243
4483
3716
7584
14736
12269
15050
12746
10158
864
14388
263
2480
14827
5615
5381
4859
15351
8215
2584
11748
5553
4848
12488
16585
1038
3301
17534
7312
3987
882
6912
8891
11363
5401
16524
11580
16416
13191
15483
9872
9012
4566
15518
10109
7797
9217
7054
11581
15960
13480
15728
2430
2322
11257
16390
4996
7172
3903
10362
5068
4921
14127
5995
8426
4196
1634
16702
10643
10343
12484
5692
10830
3406
1698
17614
3209
4717
9815
15701
13504
3214
8602
11324
11565
16848
1934
6743
2208
3428
4731
6758
3177
15433
8277
8192
8208
13462
572
6413
4709
4247
1884
2142
5588
13564
7009
5925
627
11755
4291
16569
15933
2290
7025
1103
7715
2091
17848
4897
16330
4496
6505
8283
1629
17558
16024
12891
9819
15616
12560
5682
11024
1375
6041
16480
14043
84
7984
817
5350
5666
5832
5634
11686
711
14650
3464
3620
2758
11715
6072
12907
7157
10873
17828
10026
10135
2245
851
3789
7617
9170
3273
8240
6059
10481
959
12042
4105
15969
16396
12063
3996
3093
13273
6016
16557
11382
14805
13661
13335
15192
11286
12144
8753
8494
360
10887
3202
11847
15546
12643
15726
10011
11087
1703
6766
11401
14864
8988
13635
15358
453
14751
3905
7781
3899
6007
17612
11075
11083
6676
1799
7209
938
4990
17631
6658
1829
10960
1821
8187
11633
14518
11446
5029
2579
13444
17642
296
15379
5100
12848
16020
4703
11191
9619
14484
5867
13868
3336
1270
3289
17519
7386
1390
15618
5429
10842
2892
9593
255
12495
12431
13393
10147
4665
6384
7121
14830
13338
12788
4850
7136
12684
9987
5636
16177
16973
4825
1523
3390
1830
11252
13979
3532
17356
15283
460
1785
10524
1251
14227
17410
4644
15389
2890
3077
3559
13593
8613
7616
7795
10187
4615
12547
6441
13782
7175
9876
4387
1073
8184
10104
11873
5847
6592
14644
9531
2639
15295
7669
12407
2048
16470
9057
2075
6929
8938
748
16022
3563
2627
1276
1078
12222
1732
8201
17486
13576
9886
13664
15847
8635
16889
6195
4203
17467
12068
4574
9813
7408
439
15305
4807
15338
13037
9959
10438
17464
15639
9547
8382
13502
13426
12475
4049
4336
12543
2143
14748
15853
14253
4522
8872
17824
3002
11586
17438
13685
4270
4802
8248
4279
9603
1588
8170
7212
9138
13625
11063
14445
8039
9274
16840
11863
17093
8366
17530
