10888
2072
9098
6486
13190
12130
13834
15141
3407
6536
11155
13799
10546
384
4885
11951
5216
1826
3639
14047
3854
551
10755
10040
869
4237
13687
4923
8479
6327
13546
11185
9436
10518
10848
4126
11697
4222
7361
11667
4141
3312
11640
5033
12554
15412
2285
5903
4360
12779
7822
4565
16308
11849
17254
5871
8758
6806
5220
17183
3032
17307
16073
8555
16762
4468
6273
12615
11891
1190
17454
4664
4403
17579
5982
9627
11134
12350
4368
13672
13721
11063
9305
15244
332
8155
10443
11359
6567
7168
16842
8988
10644
16984
7883
17592
3337
4641
4546
1070
2370
4170
14855
13353
16274
1710
13558
7597
2939
648
8744
2528
10919
1041
11126
2834
804
8161
516
13316
11376
4754
15883
10625
1924
15724
9870
502
10826
7688
16229
16534
654
506
8637
17632
12655
5343
596
15313
13550
4785
286
13632
15419
7488
3069
2482
9965
16826
998
13394
1477
8780
7414
9763
16731
14097
1023
1035
3414
8766
14544
12468
4901
3245
6720
9454
12278
2918
790
15898
4116
6096
4165
9931
13641
4668
13261
12699
433
9352
17877
16151
8344
470
15473
12218
9889
9213
8877
5873
17694
11467
7930
687
11379
3018
8733
15030
16551
1756
14934
10127
1520
17054
12089
11034
6341
16242
354
8488
3561
17163
11498
3612
8172
11222
310
15965
2811
16306
2582
325
15461
12393
343
7485
6554
10192
17184
778
3013
16086
15122
370
11773
9804
2143
15345
16901
12781
2541
2539
6424
240
13568
14729
4050
14700
2069
12824
13062
3489
16084
4543
14964
1915
10253
7768
14441
9940
107
16577
10115
13176
3505
9506
5281
6399
1988
10841
15301
5248
16639
15551
16205
16628
4203
5215
13339
4107
9565
10477
14980
14876
17698
11579
12008
12373
3972
9725
12293
7955
6353
1253
878
728
3201
2273
4752
7419
6680
1315
17348
10290
11130
12427
3914
1959
12240
5042
7111
5120
13913
12309
16680
14096
12918
4933
12481
8108
3400
12563
7463
5489
10344
10590
1077
7838
11431
9534
5246
16401
9244
15405
9687
407
11549
1853
14251
6040
15757
13461
941
3704
9975
16458
16887
16233
4352
2631
12066
10373
6120
14033
7443
4003
4939
7278
3267
2021
8767
1628
3520
1246
13628
9313
10880
9248
10574
9712
7697
9748
10067
296
6916
6782
13536
6857
13949
3632
574
17764
1297
10747
6294
8260
3310
14311
8266
12501
7422
823
4423
10497
10295
13829
17046
12103
15975
1177
16592
7149
9431
5736
12937
13982
5190
10794
11989
7409
7476
6405
17094
7268
4106
12986
16181
16617
2937
7759
16249
5569
8656
14936
5312
5816
17453
6093
3661
882
12598
4625
3857
2866
1380
12867
7285
8120
9957
17740
13908
5
13664
6992
13526
610
16284
12419
1094
5244
12498
4216
8349
6085
14697
13839
8536
3581
16299
4535
15510
1749
16582
4434
12464
1326
4171
9465
17547
4549
17229
13512
1936
13531
11799
6741
3519
5226
13083
15615
9321
6890
4179
8771
4567
9298
10139
16861
16874
6016
5508
16132
12040
13766
12409
14793
5440
5604
12775
17607
5287
5388
12981
15986
11490
10438
3097
9258
17251
14715
406
11050
840
6148
16586
3964
11909
15689
13697
4396
3634
14306
11629
6920
14322
8743
16220
12247
4841
6199
8979
15960
8408
4139
4600
588
4864
9039
3877
9076
4182
6082
2713
1595
16048
4369
12944
9961
14231
11983
9440
3987
6908
767
13607
3565
16671
3647
16921
14261
8523
12359
3933
6525
12765
4383
3394
10480
11173
17489
9047
1898
13666
13694
5417
2784
222
16010
4244
7524
16405
3017
535
8882
17401
17288
7134
10533
16396
4380
13215
3694
5232
2641
3042
2262
13746
7030
3144
4559
10121
12384
8806
4461
8997
15891
14281
2647
16012
5442
12134
168
9536
5156
3901
8891
741
10171
11081
4364
7918
14798
5890
14921
11507
2874
10492
12711
17890
5529
10613
5919
14309
1432
17460
10231
8322
4658
4339
8300
6394
13926
9176
14620
11393
8462
8311
10270
17033
3212
4135
2378
8498
13420
13410
8770
994
15732
3760
4783
15594
17759
7714
14846
5362
6513
12992
6508
595
17181
6631
13042
13682
17478
3791
5115
8975
10698
9554
15648
8396
11454
17207
17396
9879
10071
14259
12905
14075
5699
7668
15540
11969
15558
12582
17637
3832
2908
6230
2444
4784
1049
10893
9779
11252
880
11390
6500
11189
1566
10753
8003
17117
12914
12039
4714
5044
6505
17722
3475
15084
4280
9933
17573
17779
8095
710
11414
14786
15091
16673
1333
10709
15792
13752
255
15926
15076
5116
2655
1124
13749
3106
13145
6091
11415
15728
3675
1336
8369
5769
6807
12761
7927
1884
14368
14727
13105
2621
17133
3247
16530
6443
15513
4101
14226
17056
4344
8326
1034
12076
424
10539
3091
15653
11722
2894
11218
15886
12452
5410
12476
14184
533
15239
7908
8382
3564
14534
10017
932
17875
6142
16764
7008
372
15627
15213
13572
118
7080
7138
9089
2401
4941
16495
10398
13773
9435
12443
15023
13131
10319
6291
7652
10976
17291
8212
13405
806
6737
758
1868
5729
16351
13208
11059
9209
16341
7530
11045
14761
12649
5902
15767
6611
5213
16406
4810
10149
1927
3325
14511
5441
15188
6485
10493
4442
12351
17693
9777
12823
8561
2141
2943
7480
5519
4908
14438
11245
13867
11557
3004
1925
5506
951
8935
15000
11846
12666
14102
1935
7666
4597
16965
11123
13611
1307
4921
15696
15613
10486
7442
5355
2247
66
5049
3979
8390
15859
13474
6444
9370
13895
6279
17569
13346
14479
7171
6616
11175
3057
7725
1276
10801
10988
7612
12030
16678
14236
7686
17404
2976
2580
1225
12215
15572
14939
16389
10552
9322
10474
2656
7962
10179
11018
14346
7003
15907
14065
9394
16913
17870
17456
13735
5439
5977
10482
6398
11720
448
15168
4575
2687
7501
14301
13023
13457
4740
3669
9751
7690
3814
13470
14580
12764
16798
209
14911
16990
3491
9084
8600
6792
1321
9864
15581
1545
8402
784
2203
17142
15981
5728
6034
17851
16996
14887
11813
11017
12592
10537
2385
7364
2704
11775
15147
14809
14950
11603
10434
10223
8145
4432
2416
6589
617
13986
14022
13008
3006
17358
5860
4349
1894
15208
7005
2888
16155
12307
9216
1913
694
14001
10731
964
7265
15330
7479
8737
3526
2779
1429
9970
2183
15706
1732
14575
12284
7467
17565
3148
10752
8846
2112
2521
4770
851
803
2987
16200
3474
14036
9405
16520
3177
12960
12017
12209
6189
15399
12848
6576
11493
2367
16750
5051
4907
10637
5611
16430
268
3695
5255
15199
13462
8684
10275
871
10360
7466
7591
17618
10049
9168
7671
16569
16613
15999
2643
12399
1676
14927
2537
13796
663
929
14435
6757
4760
1159
2550
1547
2207
16935
1277
4803
5542
887
12786
17493
14661
3014
10786
12451
4819
7289
16150
12282
13135
4357
10377
15972
4765
9514
99
7917
8035
7240
14380
14524
13533
11747
10705
11721
2608
3616
13586
897
17222
11358
15351
8103
5363
16288
7529
2410
8818
10663
6337
2001
520
783
16037
6926
1567
4766
17697
4594
14025
14478
102
10447
8881
12457
6888
4413
9615
11814
2090
16169
16633
8815
2803
1158
4348
5039
1731
11955
13809
13134
13691
11224
2739
17208
15186
12799
5119
5469
10618
16016
12015
4660
14808
12716
9770
16178
7569
16163
15410
13511
2827
7600
17055
8213
10676
14705
14185
15489
482
6798
10176
15272
7575
15705
6753
15922
14938
12768
5804
12378
13443
8655
13489
9146
3439
7423
7210
2110
8755
12456
3286
8830
4994
11789
3435
15105
10008
9586
8884
12200
1976
13841
17888
4733
11518
2293
6889
16529
12052
2077
1685
12230
6617
976
16223
3248
11726
12380
12894
4645
4287
17563
13974
17231
5372
8654
10102
735
16018
8168
1714
17320
14600
14663
17189
15481
10520
313
7146
1368
14749
3938
8670
3261
6027
12081
11304
316
2005
1963
14829
3136
4124
1482
5959
14886
12709
16283
13633
3780
10084
8800
4331
973
5623
12815
16314
8222
7946
6789
4371
203
11621
4355
2809
7162
7077
2947
8974
705
13848
16980
13670
192
12411
8481
16410
16959
2623
13016
4145
8886
8563
16447
4102
14381
8055
8391
11733
11330
13146
9486
1597
7921
17321
12778
17866
15909
14396
10969
3911
10710
6155
5191
12969
4579
6154
17023
14985
13916
10664
10038
2415
11028
13825
13651
7150
2397
1810
9684
8527
1463
10606
10802
7991
8666
3543
15291
12332
13938
14232
16792
10598
1362
11474
1896
15892
12512
11451
13373
16085
15928
8820
3525
9376
7803
10973
7683
8552
9669
14622
9063
7949
14072
2711
836
5467
13966
12391
2751
8389
11170
14648
2624
13185
3774
14576
17271
2843
5921
797
4516
10180
15781
3785
15486
92
9360
11545
8628
6802
14780
761
3603
5063
15003
6491
1006
17252
11215
12114
1945
14810
391
10616
1513
11248
8429
4563
11370
5341
12548
15164
17104
5679
8599
14990
5558
16746
12502
10823
5701
6896
15874
6921
4283
6268
2512
239
2877
893
2645
1830
11084
1073
7059
10555
662
15735
16914
15864
8919
3249
13743
13152
11863
15250
17506
6409
11622
9230
9434
7459
7002
1956
5749
11012
13162
11538
14579
479
12806
15331
13929
3745
1091
3158
17806
2787
16368
6595
2200
3579
11219
11223
219
4834
13712
2740
4427
9912
11569
4195
1414
6017
11738
4451
2442
7491
3871
16704
9491
4386
12283
5690
3796
15165
2807
5129
3323
16342
10414
10817
16317
16684
2857
4566
10859
10093
10405
1655
1798
11011
14013
12038
13933
16188
7970
642
4490
8319
13384
13041
12439
2063
10457
2990
16546
5000
793
7433
4674
15007
5024
0
12580
9280
16961
7552
12403
12999
847
2182
16658
4809
12222
6153
15671
7331
13123
1869
16186
85
394
7777
4178
10579
15230
10575
7271
405
8705
95
5694
11982
6207
17051
2106
13756
11070
8774
8094
17346
3472
11266
3610
9479
14733
5313
12165
4518
15308
11163
16422
867
4688
3552
9328
10956
11452
10910
10931
16763
7246
5914
15797
16281
16040
13003
7167
10697
12190
3690
5247
16599
1282
12276
5242
13705
9686
15829
5264
6579
12938
6538
8283
191
15791
15860
16123
11585
17492
4949
9124
15973
8893
8129
11868
5607
4235
415
3203
1890
13872
5231
13621
17501
17213
7935
223
6739
13528
17479
14923
3806
9115
7105
60
14519
8942
7182
9607
8440
16167
14310
15687
2618
11001
10133
1740
7703
3841
16248
11298
17392
5593
5592
14596
38
16478
128
13604
4779
15409
7187
1729
6238
7781
11924
527
6619
2078
10032
13097
16585
17080
9671
7920
9092
1893
12616
421
9417
1504
16741
10968
6224
1074
1424
7523
6480
10207
5197
8163
2549
10807
4080
200
5659
11901
14426
10145
8837
12169
8867
5386
10417
13388
14588
5480
14568
8546
9876
15720
1256
12120
13017
12245
11100
15298
14604
16399
3691
14929
4269
256
8372
4108
12912
11485
7369
6063
1786
16761
796
368
13941
17451
15610
15344
13092
12028
5462
3697
2132
16974
16797
16206
10476
6032
16444
8740
13034
16452
2745
12201
2722
1537
12406
14788
11318
13774
14942
3729
6414
15993
17801
12491
13842
13573
7700
2000
5096
7370
7823
4416
11268
177
6141
9071
12337
7381
4737
10341
7787
792
13078
12524
10012
10271
14894
17574
14124
14771
12005
6646
3821
8201
4289
5339
17371
17678
1507
2526
2394
8442
14026
2913
2209
12879
6844
2305
9551
12663
15018
3835
10107
15082
15680
5393
4431
3513
2606
620
17126
11124
396
9187
17646
5470
1156
11227
11046
3132
7678
3405
3851
16129
17625
6105
14991
6927
13095
1966
6700
11521
13765
801
1649
10332
6052
6840
6256
2347
3894
13877
11619
14394
9396
9271
5714
6584
1910
9167
4738
12532
966
11571
5853
7606
16023
11494
10202
13904
3881
1899
4581
7863
3867
8564
11728
12398
8162
8304
8373
2459
5157
11608
15929
4111
15754
129
12950
14709
11947
12333
1149
15697
14760
17720
17201
2870
14179
4071
7239
9921
1084
15717
11300
13444
9177
11780
57
4193
3613
7019
6039
13532
12050
3161
12142
4919
17725
9548
11527
1555
10277
10762
3461
10964
3322
619
10557
11264
6941
16624
15604
483
10811
4282
14244
9475
10952
14057
4576
9345
11196
13413
9736
5229
13899
17628
7083
1338
9391
757
13603
5747
5753
13424
3373
7502
11447
12372
4894
15322
2226
2391
3180
15142
12473
12207
14103
11730
15118
13491
3406
4580
4036
10109
8907
674
9316
1505
9256
16330
10898
8629
74
11864
16144
15420
16644
3844
7483
16621
5734
16309
7303
13701
8937
9795
10920
666
16950
14074
6762
1406
3393
14221
6197
10683
3449
7106
2878
7847
5260
5326
9951
16700
3705
11817
689
50
5065
4938
13445
201
17382
8228
5556
16972
134
15334
16424
2564
13107
16029
15945
14059
11056
10595
7107
7292
3152
12939
11778
8672
12315
852
627
7073
10832
17717
13720
16331
4395
6821
2320
4438
15223
11927
4425
14133
10380
14367
12837
13290
5757
17006
2999
1296
3809
9974
14170
3558
17034
16147
8769
5790
4211
2890
4839
7424
3847
12862
7266
9924
970
7533
1314
6490
6827
857
4610
12957
17499
5635
14536
15771
8665
9012
6859
10908
13690
11932
5744
5476
6874
8934
3807
5134
2620
17364
14151
5892
16337
4895
9756
459
15795
702
15537
6603
13073
12267
11861
4685
9029
7511
12499
7778
16970
4412
447
1078
16591
8146
5118
8169
10642
685
6295
8507
11285
2680
12929
16462
282
3374
8720
1518
10843
15260
7616
16834
8205
13808
8446
5459
9324
1873
5895
11885
15275
17730
7670
13518
5321
3556
4891
12203
4476
11439
13317
17101
5473
8137
3828
10148
12022
10216
13154
14889
4801
9474
3498
11004
3497
335
1175
6240
1295
14290
14578
5385
11212
1332
2403
1405
12551
13308
15789
5085
731
1619
943
13191
6544
11948
12885
3773
5603
1705
4184
10355
2653
7593
8480
6856
4485
2073
6651
8775
8588
3709
6116
16558
13590
14067
15950
1153
14058
9670
8024
16137
12082
8493
6013
14606
10460
10638
8499
13372
16989
3456
7390
9715
2776
9685
12935
14348
8503
12104
13169
7968
12688
9189
14389
1312
14707
11555
7386
12896
12728
3376
1885
2899
5601
9941
10298
9262
14906
13115
17393
3186
13508
8174
6596
7202
5014
6848
15069
218
13380
1599
6458
12400
6907
13421
13069
8718
14680
1466
10857
16682
13886
10532
9173
8277
16199
11777
17277
12507
11871
2982
1939
359
1569
15064
15285
14472
7858
6261
883
3347
9232
6084
9224
5748
17584
17691
11492
6626
16708
11762
1398
6958
11383
2957
8913
11530
1790
7767
6383
7806
16466
8530
14905
10982
3423
5091
7629
13227
1739
11887
8428
9754
6304
3578
3831
3011
1197
13473
13595
8732
4385
13900
15800
15491
13820
6869
15204
294
11838
16175
4469
6410
5256
17053
17553
6372
11491
988
8791
12027
8994
16071
13741
2272
6620
6575
12961
7655
552
14628
16321
4679
8214
5078
5500
4097
15152
5304
6402
3099
8176
5511
11071
10667
8416
15177
5702
7245
8659
17845
1601
8714
9826
12131
14877
12639
7622
11837
12519
1310
3732
4474
1820
11216
10330
12175
8183
4398
15027
10419
1186
3666
17729
15370
591
7773
15793
3330
17349
11495
2298
1113
13143
7868
11896
9064
3088
12097
7505
4286
16548
3077
12697
4602
5661
6805
9346
1457
12317
17108
16856
17272
11519
3117
2677
12695
6332
2393
13205
5664
4698
7305
11724
11567
8317
12828
146
2007
7929
2793
16932
13315
15457
7323
14264
8851
14833
16732
9950
8692
15183
5066
12922
8065
5034
17324
10979
7348
1401
1437
16556
16106
6061
15497
12572
12627
12182
17210
2981
10878
7194
649
13243
2452
6682
8209
4920
2742
2524
3963
9379
6551
7966
510
14431
14891
16991
9138
4523
10751
5493
9956
10729
6187
6026
8438
8175
9336
5879
15715
79
8903
14500
16026
15601
15623
2202
594
16282
11487
7181
4136
11558
16320
6494
5492
17737
10100
16280
2773
14062
14099
5181
8928
15372
12417
827
7826
14675
8765
484
16227
13764
7550
4318
12805
14670
3689
11336
6270
9874
14415
534
5933
5283
9220
3989
10682
5290
2917
6672
10312
13281
13931
10371
17464
2070
6002
5037
623
2460
3906
1089
12910
1548
2731
9841
13907
15739
639
14721
8917
13718
10943
6157
1165
8454
3209
1198
3978
1626
16532
9266
1365
12759
1383
4677
11007
12798
244
8829
3687
5045
232
5235
16328
2732
10985
17507
7232
4883
13357
9880
11239
1622
15565
12722
1010
5544
4163
15424
16945
16941
8210
2800
14145
14843
11312
12618
5284
755
81
17615
11639
7958
3305
5950
12098
7440
9372
7462
15401
6098
555
1615
16305
8130
17
9368
104
12453
12102
8474
14483
11243
15675
10846
14800
4030
4363
6910
11946
13591
15400
3804
1161
8748
16262
16606
2625
3917
12340
12899
6247
17060
13229
12086
12360
1506
8575
1562
1302
17586
9613
16256
15262
16938
5760
3396
10390
6577
10896
17172
4836
112
16312
14982
6475
9286
5067
2887
17736
3481
15798
17373
16570
957
15055
11365
8409
881
7722
12587
12023
2650
13812
17467
6573
2399
4161
2666
15085
13128
14739
10918
10426
13320
12273
5669
1090
8037
5990
3397
8122
3188
5356
11650
5616
17026
1328
14613
2481
14275
17143
10245
4974
10303
12387
17247
3670
2065
14621
17748
3023
1120
9296
5367
2079
2822
921
13585
8057
6395
11233
12643
12889
2028
11513
12835
9945
10610
6356
4094
17015
4888
14217
15447
8400
17826
13001
12138
2419
8497
3860
17230
17390
9488
1427
7694
1856
6796
3735
17274
15658
6111
17472
16217
13055
4528
8984
5101
2762
13322
6077
11893
3372
8782
7940
4119
9602
8763
12431
5918
9088
15289
16635
11324
7784
6139
3380
9226
13870
11183
10808
5350
7952
130
11719
10980
1977
1227
586
17079
8226
2558
6565
3611
14693
949
11626
8723
14364
15375
6047
1600
11228
15516
4354
2330
16355
16825
14046
13080
15258
15221
2398
10229
11574
6923
17342
14308
8521
16051
9634
11561
16565
10871
10864
7638
5483
562
12996
1305
9626
15361
1224
3119
13285
11145
9871
12127
17773
5798
3235
10695
12982
4797
8904
1103
8237
13878
6740
301
14401
12588
15679
8199
3592
1661
1522
17783
6454
5789
3368
6514
6075
873
14165
8272
13910
11329
9121
14920
1557
11968
15403
4407
13481
2373
8724
7910
1715
5504
10974
5360
15785
13450
2271
10767
9910
17805
8063
10647
7102
958
13231
1540
7852
15108
6793
11704
6350
12973
11883
2030
4493
4659
5696
8747
863
14745
6643
7609
6609
15547
438
11680
221
1167
297
11132
6183
12933
2627
6112
9314
8578
6824
10556
17889
2321
15395
4076
478
1947
3313
15884
15591
8876
4038
7122
2017
12841
17891
14999
9929
12279
12011
14248
5453
15908
7446
283
8894
2116
7385
6678
10364
5944
8580
1131
12254
1704
16219
17509
4130
4075
4480
12736
13903
8713
175
2896
2450
2252
6519
6338
3019
12966
10703
5176
12565
12930
11860
16757
15113
5309
1635
11352
3692
6069
10718
16949
6369
15052
1371
351
13275
6960
13082
16584
13888
11986
4963
14730
2411
2241
10450
11096
2951
5258
9365
17692
5185
3725
6656
14142
9872
5931
6107
17525
16789
2074
12724
15050
17624
734
11674
10004
10867
1797
17319
12801
12133
8819
822
604
5507
12917
13302
12602
4545
16296
16421
10468
7562
12677
5625
5122
9348
8181
605
12752
11713
12545
16213
8423
10627
12485
11708
6423
17412
17391
6882
7212
14393
14332
7934
15576
9969
16846
2897
4852
629
11065
10412
17166
12586
2868
2016
3604
10035
4622
10015
7504
5997
1473
9646
4649
5886
2100
4057
1543
2181
1814
15938
12353
13279
1990
16253
2010
10131
8261
7827
14937
1191
2910
6252
2145
8534
273
1847
300
10284
15862
17355
15189
2018
10205
4522
274
11554
14909
4112
5253
2128
16007
4479
16930
4140
15555
10030
3790
5155
17449
13634
5877
1584
16645
922
10325
600
12791
15104
3290
14447
4504
14204
7378
5461
15595
15373
6065
714
12484
4148
14802
5576
2056
12659
17111
7931
17523
16561
8109
8513
16675
3576
2331
16828
12953
14107
13198
11176
7458
15299
408
8831
12044
16400
6008
8297
13397
12077
17050
5670
12389
4035
8318
12493
5306
5424
6966
17791
5870
15010
13619
2316
12880
4104
14497
16357
8365
3251
16549
4152
419
8483
1179
13840
11589
16960
16668
12122
13422
3928
16345
4234
6388
11884
16061
4302
9972
8363
2264
8274
13740
2102
14135
15758
15261
1140
1907
17239
13104
11236
7840
13233
12444
9137
8075
17223
12288
16939
6735
8789
16504
10060
7565
14649
13847
2690
906
16559
17582
12213
12460
10711
899
6995
423
12836
15324
8801
1030
246
4258
13120
17543
4544
15081
11553
1258
4703
10132
5273
16344
4950
12060
8354
15626
17098
10388
11282
7076
664
11890
6089
3176
3391
1459
2487
17387
3351
2210
3706
6900
8560
3521
5177
15137
12193
15295
14392
10837
15263
5488
17011
1259
11598
17267
13602
9214
13283
15918
2206
348
9390
5149
14765
15756
6722
10887
13650
9503
5265
8271
6826
12979
16900
9937
10182
10960
12556
15093
4586
6863
16968
15661
9446
9052
15429
11271
1011
6237
9055
12636
17191
6948
6549
16848
12555
17882
13594
3834
2812
5261
862
10227
17448
14826
4856
4421
9584
16850
12316
8119
254
12298
1828
6604
961
2463
5794
2736
3010
13118
15655
1574
13530
4297
2429
8696
13901
2437
16361
12067
3342
1206
8925
2245
6892
1720
14541
4755
12063
2356
4245
10036
15495
2575
5823
3036
12993
2603
17731
13534
13241
12727
920
10850
10235
635
17712
10981
3500
14054
10140
1264
3570
5682
3671
6450
4537
6469
3222
16896
7316
15175
17138
6348
13975
5180
11700
2496
2359
8105
3473
12795
13343
16008
1911
2660
90
15348
15070
13846
8537
9058
3888
5917
2828
6054
5169
8535
6043
1654
13790
10085
3353
16933
14134
3755
6570
15209
2611
9496
8976
7692
3731
3370
11912
6121
16790
14439
14976
4113
17003
5531
13503
17128
11425
1652
14175
8253
11194
4040
4491
1480
11823
5845
7624
2598
70
10437
7574
10550
16801
15478
15061
3448
2304
14998
8918
7928
4429
9182
16519
7837
15484
4651
5257
7898
8486
15734
3300
9971
9688
17789
1407
13523
11489
874
16783
17127
16590
8079
13684
5889
11562
8338
1454
1501
8435
5906
12474
9758
7040
9639
1840
3111
10068
17430
7039
13702
9087
17209
5510
11966
5499
8544
13064
357
5340
691
5869
17069
15654
12593
15390
13887
7608
14235
10463
5082
5001
13240
2087
2255
17180
9601
15636
435
10599
5878
10681
17894
6321
8339
14899
507
17248
10594
10055
7983
11658
5633
6020
8922
1220
15644
7400
10170
15822
9679
1777
3329
1025
10523
15896
8217
9643
1132
4437
12250
8916
11655
17431
8453
557
4538
4497
2820
4405
5486
5930
15088
17892
2785
13898
14629
10938
1851
9737
9732
15214
11446
8623
9638
12477
14357
15584
5124
9006
10264
6537
12093
10219
5041
13356
10124
4445
16485
10944
10451
3765
4232
16367
11958
717
4584
16583
6371
4329
12390
278
9295
15643
6233
6893
537
7539
15755
6639
6160
13934
17102
17389
12506
12090
3858
8520
15982
16286
1250
6095
1325
14409
15211
2303
2222
4847
1608
5111
9375
12401
1621
13792
13588
3298
14835
17314
14713
17775
4719
8308
9400
5985
17828
15692
15425
10551
6113
9409
923
10948
10021
16674
14387
9103
8290
8471
749
6809
362
6535
15198
5589
1196
7174
1260
2432
11684
6811
16604
2591
12237
12713
16578
3813
8632
16303
5975
2230
12746
3437
13217
16442
2081
10409
13348
17047
8431
3644
2025
9702
12179
10824
1038
6053
14847
10020
5655
10570
14775
11109
550
10217
13383
17829
2675
17359
8640
3367
14814
3358
2308
6433
8451
15013
589
1293
9126
5642
7770
8634
2161
10143
1080
17666
6269
15515
11776
9428
14672
6705
5809
7497
8842
17242
3509
12338
8843
6071
3623
16056
9765
15156
3506
17086
842
11026
7157
14163
6527
14286
13251
9217
4176
6215
10876
17658
3903
13204
14509
12796
8574
3822
8502
8434
14683
9821
17160
870
4713
6366
4001
17315
9778
392
16683
13230
2144
17159
16164
1269
9093
10393
11923
16311
5822
11356
7819
3593
16978
6181
16698
7985
13918
9175
15961
11029
14642
1860
1033
17285
10907
2670
9579
16020
10930
7634
11596
9485
4177
1404
11529
8381
2506
16526
15811
4295
98
364
3720
14100
7117
6005
14192
7487
12121
10353
15726
5198
13178
8516
12564
5102
10212
15776
10326
781
2048
15325
1583
4246
10292
6363
15044
15943
3856
5043
10087
14382
1047
13282
16118
16725
16627
8045
580
12574
1146
13441
17707
7274
2904
9958
13293
2277
16638
8190
10043
916
2353
4410
1889
2661
15479
4989
17733
8505
8883
3733
2248
8562
1930
5658
15112
2542
6909
6493
8263
11469
6499
4970
1902
2150
6249
13234
9263
11167
1114
3401
5594
10095
13319
13183
7405
15737
10685
8849
15404
7024
16878
12032
10528
11881
161
15195
8641
16370
9915
16898
6938
6482
9628
12375
13544
9046
6222
15895
14537
16541
11734
9073
15711
11033
10471
17556
11035
12832
4915
15292
7270
430
8104
17878
7033
7217
2456
3198
12271
1932
5144
11965
16076
1216
14358
3000
8220
3432
6668
4912
7377
2701
11260
4326
401
11293
9617
7012
12469
4913
13222
12164
5466
3409
9578
17466
11099
4867
1984
17245
16766
15180
1465
2938
4944
2427
10455
9675
16372
1647
4270
17105
8387
14978
9985
16686
1637
105
4008
6865
16116
14647
6691
12062
8940
3181
9080
15708
14645
4676
9188
1139
7177
11913
13780
2346
565
4876
6059
6246
4815
9288
2213
10521
1511
8981
14853
7383
4806
7
2977
5938
9242
856
4540
10413
14801
17025
2658
7659
7243
4436
1029
9140
17121
8577
913
2588
3308
13137
10554
3357
4925
6127
13930
13465
16947
655
12921
11810
5887
4547
14582
2858
11685
7494
17871
13772
6872
9698
891
455
12348
5881
4233
15454
9967
16656
16924
14736
10563
15738
8426
16802
16291
16726
2560
14656
16429
14402
10645
7291
411
2963
4133
5571
13909
10204
946
1071
3167
10146
2041
3923
9772
7943
2743
5775
9616
9241
1219
7965
6635
3916
3065
13862
13963
12252
3426
3383
1152
1331
3905
6901
6014
11839
1771
8353
6029
11570
291
10013
6946
4634
58
14493
8753
5259
12751
14498
8679
5496
14467
5559
16908
5151
15068
8307
11410
1570
5202
12652
8143
12395
6717
11089
4590
3493
16611
5581
7121
17293
13298
5019
4585
12525
12800
10622
15115
6283
16517
4906
13727
5387
4021
4761
14880
16838
569
5691
1123
12263
5303
1271
16360
15899
9123
15635
10855
10428
2525
10564
10788
15114
2875
3829
3116
7842
8179
15150
6135
14125
10743
2883
9332
6343
14428
643
2544
1613
9508
15742
8241
8170
11615
10516
14211
1055
17680
14164
14196
7004
3292
17535
17322
17568
3492
13782
3895
7238
11111
9051
10596
3555
9421
8589
6349
1630
5458
3932
10418
8754
1691
5900
197
8421
9113
8165
1982
12045
16134
5075
13278
16183
15815
10649
16982
17118
7547
16777
6952
3027
4400
12196
3766
1759
1313
9240
15458
1804
4089
17109
1573
12381
8931
8645
14952
10526
2103
13998
8364
10932
10922
6546
4240
14140
2954
3784
17022
1699
8316
2404
3289
2130
389
3100
4510
5649
5653
14665
12861
525
12135
14339
3224
2019
7515
6562
6510
4691
14890
15228
2418
17765
3614
8225
13527
4389
12292
11745
14081
17785
11690
1986
13049
8896
7101
2366
11460
1960
4828
6559
821
5055
13890
12051
6531
9419
84
1413
4657
17188
10929
5590
16122
16521
2989
12942
15768
9711
1882
17250
12354
10237
2243
8909
6122
15423
11751
14056
14918
11790
12818
1099
17171
16268
13084
16696
6558
7231
14651
2692
13857
5676
13851
7596
4228
7218
233
2944
4821
11480
4311
4798
3182
8540
14823
287
8215
10033
2313
15803
5638
2302
17336
6968
7490
10250
8764
11826
16962
11516
17702
4180
14913
14688
3485
14333
13631
3711
16006
6600
16412
12931
582
4219
12811
11197
13732
6847
7065
6354
14565
14598
377
3648
6136
13299
12596
11796
10194
5054
14222
7874
13667
3618
7175
14776
10774
2140
6799
10420
2443
545
14293
6864
8529
1374
12301
7064
476
5004
14016
1254
14945
12241
15190
16647
2764
1755
695
4337
15628
9899
14338
8959
9005
1525
7663
14805
1042
10449
13476
6800
12325
10389
9018
6496
15029
17365
14425
14640
4015
4336
8110
3941
3642
17651
14276
16579
12297
7568
12043
1352
8234
10904
632
11418
9193
16687
14012
1616
16423
10567
14314
1235
8034
2492
9318
10415
1447
314
2400
4777
12075
10039
5369
2615
16159
9513
17741
10571
5636
16488
2676
12155
17537
4599
10891
9389
11403
15184
980
12528
13836
16804
3187
2296
6823
16707
14193
1263
13262
12183
9315
9274
566
5583
10272
5831
1218
15472
4079
15921
5167
1921
2131
16849
15916
9355
16028
2585
1221
179
5015
11977
6055
14180
8515
6170
5243
13256
16077
1958
17719
15462
11999
13802
14728
15582
8001
16977
7045
7435
3258
12095
2770
5814
16988
11279
16271
12717
6156
9532
8413
14126
17629
15686
15637
14678
15845
17090
6951
6009
14807
9186
4505
15632
16428
1968
17809
7471
4829
4772
12466
17769
11143
17422
4236
14154
5308
10234
8378
6483
2458
6058
15133
17134
6309
536
16201
843
2569
4449
15466
1723
1827
14009
7926
1972
14188
17385
4204
4996
9890
5856
4701
13804
17570
5104
6955
8728
14144
4960
4271
5818
956
14532
9842
2851
6999
12915
9510
10435
11991
10178
15341
4190
14247
7610
14828
5905
2852
11828
17386
1736
3984
17706
10946
950
12019
9153
10150
16121
4702
16297
1598
9386
11290
15443
1122
9782
15315
12
5435
2965
9877
16983
11668
7969
4560
8196
11315
3262
8153
16101
3849
14840
13051
7374
8522
5436
2864
15618
4230
3501
12682
13965
17199
2282
17413
837
9624
9792
5717
7687
7489
12413
9282
9183
9070
10963
276
12617
14343
2912
1173
9838
8539
12099
9710
10781
11347
5800
15840
12423
16146
6692
8631
6588
4982
7304
8861
3081
4223
3296
1356
13866
7272
2232
12229
2278
16316
2312
17176
16254
6843
15994
2885
3637
2801
4824
2486
5812
5767
11269
13089
16625
7205
7699
40
17581
12529
4315
8910
11497
12141
11532
12262
2681
9572
4905
2133
15220
16752
5687
3996
14514
4151
3588
8809
12819
2733
13136
14199
15955
4721
7833
2438
4893
11160
15801
17169
4327
7185
12152
4330
16863
2195
11643
9264
1266
14234
5838
8783
15901
16127
7223
1416
16502
13409
4156
14209
3679
10342
12074
968
10300
7766
8688
229
6117
900
13853
14139
1508
8852
7640
1126
11205
5240
17119
587
8160
832
9330
12361
6007
13153
15718
10890
10673
17077
481
14421
8158
4774
4695
13224
16383
8569
5484
16498
1687
1488
12386
7749
11709
3798
14506
4555
10815
16648
5827
12302
1170
15056
13141
4880
17657
12424
14213
9902
2507
17476
14627
1420
13221
13086
6873
4248
8002
766
9171
12370
8351
16748
6985
13400
8605
15818
11360
17074
12494
17603
11121
9043
8208
7395
2294
849
16759
8248
10188
3128
10307
8760
10601
3985
1987
14981
12539
1703
6415
17075
2966
14446
10515
17522
14495
5294
7776
2093
16476
3716
16307
14395
14173
11150
1664
15148
4817
6377
2095
9111
2423
2096
933
7627
6318
4086
5342
13096
16099
8091
12745
5219
11472
12676
7296
13626
15941
10077
17329
13849
2122
4506
1064
1228
12932
1460
16387
413
17130
10138
7771
13762
7540
7450
5335
4473
12492
9218
875
17405
13350
1141
6608
13253
3196
11023
15051
13012
11609
6208
11824
12125
14885
7509
2907
2853
14563
1883
11931
234
7915
9351
987
9364
7846
10759
17175
13129
12329
14755
13311
8736
4046
3453
11368
9984
12754
13433
16781
2663
12167
15575
10122
15032
12475
8866
1491
4655
13541
9191
10954
15225
6137
3882
1358
10562
16904
8999
16854
4153
17609
159
8027
16420
17617
9359
12589
12839
15746
1974
8985
1989
14679
1711
17103
14411
1620
14873
12707
556
2847
6754
3795
15951
5806
13260
8862
2804
2924
398
13059
487
14521
16893
12964
3271
7251
14527
11718
1686
5447
8067
9918
8711
14093
412
11526
3793
4487
17799
13574
530
9143
16811
17016
2708
16651
11920
5609
17682
15614
11994
12561
14083
3260
17335
15317
12445
10810
13277
4114
3701
7100
15436
1510
9541
7373
2984
16722
7449
2557
13175
1727
15839
7623
4399
16434
1443
8834
9571
10915
10430
14668
16710
6192
8779
8412
12368
2517
3926
9829
16499
1004
13757
5678
6693
16598
13976
10509
16776
15760
4226
17383
12782
669
65
14597
7401
6439
14787
17232
2490
13439
10287
6978
4683
3442
6391
5665
4494
5345
9882
13454
16090
14111
10350
14859
15650
7999
16448
2646
13510
5238
11763
12612
14370
4611
13989
15980
597
602
5731
2836
10080
1995
8285
14155
4239
10608
15036
13164
12552
2477
2076
8987
9083
14768
7328
17814
4028
16348
4061
12513
8792
4299
15612
13547
8541
1169
10144
559
7123
10374
3880
9677
834
15470
14049
4273
16064
2251
11624
5029
503
14108
5182
5644
16619
12320
10879
4519
6209
11104
4663
5193
12274
16395
1392
8441
15780
4532
10831
9420
7890
3655
1308
12029
14298
17031
16237
4964
12367
9270
10544
6037
675
6018
4884
16955
4879
13673
7834
12065
6673
4488
12434
17650
4802
1231
6520
4911
16457
7617
3649
830
9408
13932
8305
6729
7063
2201
12197
13355
7362
10586
1891
3957
1730
8456
6950
5739
1912
14790
14424
5022
11917
2922
12151
17071
9768
10854
10406
2916
11971
8797
5595
10809
7843
11662
1330
2488
14325
400
15838
9930
9927
17326
7909
1085
7964
6194
8330
13266
7538
11919
2510
10650
17150
8681
12357
9343
13624
2445
9265
12119
7648
3273
2707
9625
13206
8781
1421
3443
9594
1587
4571
4362
2483
1092
10163
2354
14384
4288
10901
15128
36
14795
2651
6755
3332
17664
10716
3761
15487
1366
10478
16363
9746
7878
1897
2136
11559
8096
8249
1859
3627
7811
11342
14866
6386
15287
7715
217
10452
9106
12702
4954
10853
6441
12892
1878
6375
10971
365
9727
14468
6547
10258
14731
11277
8026
5711
14756
1351
3601
4569
1753
3277
8676
13079
3982
5742
6057
16922
3389
3530
1812
13793
10648
17266
14003
8038
468
16482
11479
15342
9793
13689
12866
299
7088
12272
3980
6049
8683
17124
11805
14427
11483
584
7942
3589
15212
8528
14069
5671
12741
9007
4962
16832
9636
9210
9979
7981
17375
15251
7152
11975
7549
14526
14284
9014
5056
4844
12073
7126
3021
16278
11420
1718
4729
7635
11399
17557
11693
2563
7329
263
14366
8276
12715
11481
10679
13747
13806
5837
4792
2986
592
12767
10687
17269
17616
17018
17426
10401
17481
9091
8395
7326
9861
15663
11933
17564
7517
1311
11443
8301
1689
12071
14410
10315
13202
16390
6086
12783
13618
13455
15808
4558
16446
10289
7119
5539
3195
17715
2619
13416
16958
6845
4296
2038
5821
14420
2921
14040
17669
437
457
524
13440
14342
10885
17858
11952
3919
280
7387
3162
7025
15157
6850
2814
5647
5894
1594
2726
14861
10453
9531
3956
974
13172
15442
10568
9588
11177
12238
10092
8069
11086
1857
13033
7598
10256
16888
16394
14912
17780
1045
5680
1903
15668
1512
10628
6502
8047
3897
17635
14834
2942
12137
17726
15834
10909
15476
2786
1470
17718
17498
10445
13464
16860
9252
16234
15216
2060
17429
10543
6331
13387
6838
12976
15946
3207
3792
15786
15882
14550
9655
11165
3424
8424
12187
13814
9759
608
12449
11784
4220
16555
17367
14138
3833
7573
7392
4194
12440
13403
6597
10156
7996
170
8406
2717
2531
6933
5031
17536
333
4804
6945
15316
2657
4272
9306
3748
13535
3173
11548
12850
2468
1576
4146
13599
544
6024
11203
6764
11537
14307
382
15731
11852
11902
6612
16885
15752
2165
16715
13676
9219
13333
9637
1998
10939
11512
10402
4109
12980
6989
3436
4621
1657
16799
2901
181
9180
11049
13731
14092
15820
10006
12926
311
14238
16634
9916
15059
7899
17859
5752
9284
7286
9783
11091
11523
10851
15619
17663
3868
542
4322
8355
11736
16135
15712
12303
9997
5018
13981
15966
14650
6003
17427
11262
8953
8076
16496
6661
2900
5172
16115
12535
2120
13515
8970
10175
10620
9734
12706
4661
9399
16258
260
15963
8920
14390
14874
5562
16211
11261
10829
17317
8167
14499
8420
7576
13369
7156
5245
3350
15241
17096
11990
16812
10490
3502
15057
13977
11511
10387
10157
3259
1125
11206
12704
17435
4767
5117
2617
14884
8952
16236
518
16928
3846
16173
12124
8050
11689
12442
8472
473
10465
7233
45
13521
12270
4971
17264
7001
337
7130
12674
17173
196
953
11830
17672
7856
8741
16324
895
3354
13755
15631
14158
12852
8244
15704
5743
8101
11637
15736
9998
9520
17106
4799
3749
10187
16545
12887
10348
5953
6289
7939
2597
7556
12521
7224
7870
14287
5002
6023
9197
10494
9456
3063
13182
15391
14443
7023
3518
14132
17555
11357
1762
15346
15037
13361
4872
8572
4748
17656
11088
14513
16844
16758
10798
8838
13695
1410
14258
5710
6698
5199
11135
10603
7198
16703
5776
16415
8028
6442
17399
8958
10153
7445
10442
15238
3304
16688
3812
17341
5420
10668
14799
3092
15944
13991
1674
12037
5526
9576
14883
7313
4422
1950
7000
10506
14507
9530
17860
11311
13213
8361
15094
1646
11008
3496
9942
15145
3668
14113
13192
10776
13331
6592
4463
9135
13063
16594
5527
17234
13769
1393
3645
8054
5534
13138
3431
6866
5751
5221
12895
9323
3740
8367
3382
9499
12070
10394
3743
2959
12882
5989
9609
12877
13257
2176
10691
12631
13127
17305
3058
10778
5485
2806
15455
16436
2046
202
2556
10382
3484
17619
5329
13838
9533
11257
17276
119
6984
7170
14008
7140
17147
15338
8149
16661
16130
6328
238
6936
4221
6911
5477
8447
9592
7912
6313
13609
8246
15957
12290
17446
11602
1329
8691
16899
15519
14471
17344
4728
6876
9290
8029
11015
6323
15843
9032
14323
8790
1448
2706
13437
11755
2672
6774
15107
6180
9339
2147
7588
10155
1024
14098
4276
12763
9925
11759
15096
6235
16817
13306
13040
1519
4387
16011
15500
4117
1824
12792
3862
8268
13193
11083
16079
2903
12355
8879
13255
16108
8221
7155
4609
399
10912
4782
7432
17567
5904
3281
5222
15501
14545
14429
1435
14249
13258
7537
4592
11612
5585
11664
14571
5882
11644
3986
7332
5401
3068
15699
8320
11681
10600
4673
12268
5954
15641
5491
7941
16736
1012
616
17259
14777
16859
16573
676
2854
4620
10870
3848
2756
15202
15047
10797
12977
10978
11258
17504
1234
13340
14958
12679
16044
14681
1273
15332
14182
7184
3643
1975
6954
11496
15297
2088
5241
9331
8089
2571
9194
3762
571
10838
4648
8602
7464
9229
16663
1589
13953
1515
9583
4502
2270
13893
2503
14674
9448
16168
9944
3665
8816
17701
6464
10074
15120
11787
9527
7124
8136
13022
17200
15796
10158
753
567
3872
3469
1822
8735
6685
1270
9157
8039
11079
6419
10796
7404
14010
15444
8392
12698
12397
16809
14841
8805
7219
9404
17270
15151
1748
2185
6624
13995
12712
2258
17529
8708
1185
5053
3924
16554
7068
5332
8017
2505
14271
17685
17458
10844
6048
15498
13463
1572
383
17844
995
14869
11792
2783
6051
2936
206
9249
15927
14399
4825
10886
9631
6184
11234
3657
3886
16979
3369
9976
10361
6255
9026
12404
17279
6704
4652
8750
7584
9769
4512
6381
13915
5955
1144
17044
7887
5552
7957
794
3470
289
6099
9406
2698
5663
11101
13994
2054
4618
12638
14592
366
3165
17819
15426
9680
10056
16407
5960
7979
7599
2821
2435
9873
15235
8799
8470
15073
10727
2134
103
8701
7989
43
6647
14095
16595
12531
386
14949
5652
2159
10816
4940
3098
14076
10089
5693
13620
16153
15914
7384
5376
5780
16459
16871
2040
6164
9633
1668
9163
10488
17659
4301
11434
11841
15968
6344
443
14319
1552
10285
10525
11897
10670
9596
3788
7036
6795
17600
16705
12790
3213
8703
13564
2516
939
17861
3211
5016
14250
15060
4083
7641
12729
16319
10531
16786
11172
7857
8969
250
11938
2406
10137
458
4243
432
14970
12447
17804
16969
15302
2215
1854
686
16853
8359
9129
6466
15357
15997
10027
15911
8848
5207
4578
4138
5184
1168
17648
11760
12863
17397
14752
17778
13428
14634
15016
7916
1735
14972
14946
6627
5858
4265
1495
8973
14481
14363
13245
15095
15193
954
1571
9112
67
7732
16794
15224
14917
5969
7048
558
376
11369
14355
14136
3714
10014
10318
6886
9515
4404
6447
12705
15284
5137
11779
17787
15580
7900
1063
6001
6582
6258
5305
5382
9118
14742
13458
13046
7318
17768
7821
630
11899
9429
17165
5228
2082
8500
7427
309
7128
7527
2053
3724
12450
5650
3942
14391
12376
13598
11536
367
3707
13860
11953
13660
10611
13537
14581
11139
10073
34
10780
9309
7082
712
6130
8081
3479
6340
4411
14334
8971
3583
5854
10134
13579
3786
5820
136
5402
14852
2333
1532
2929
7911
2489
4465
17063
15876
10508
9564
11441
10359
526
509
16019
1452
10573
1764
2576
11299
4942
16
4951
15991
13625
3324
6146
16157
9662
2781
14023
6965
7696
6695
7242
495
7277
14014
16880
4388
17327
17000
9994
11547
8427
11075
4320
1015
8620
10861
1717
9923
14317
10125
13556
4394
10003
9347
12394
9968
215
13110
15824
13376
9481
4899
10327
7007
14871
15215
1162
10016
8943
7746
7794
3770
11064
11981
7158
8936
1213
331
5782
39
10215
12253
7176
11303
13031
4968
7782
5188
7744
1875
15333
12490
6780
16819
13822
10037
4256
10329
3134
960
147
9251
10028
16827
6481
13824
14203
259
6218
11583
11599
15762
2376
7137
3658
15677
13763
8777
404
7087
1815
2860
9524
15367
8232
17750
6097
12600
12988
15985
16082
904
12708
4704
3229
8983
16439
13352
8996
7468
16596
3107
2179
15930
6939
16528
9081
5996
4991
16542
37
9489
15856
6305
1904
3363
15469
12054
11882
6664
9169
13686
3035
1233
1109
6834
931
9374
16865
9909
1279
11396
3918
17140
8808
4980
11019
6557
12876
86
4379
1793
11653
975
2705
6997
5830
11978
11646
14147
12985
13432
513
10872
7339
13668
15707
8712
1490
5468
1906
15557
16967
13924
16905
6408
6427
725
3463
3317
14169
7625
11683
11568
5515
1065
17257
11120
16364
16500
9982
11087
14667
17398
12018
16910
802
15131
2192
2188
6307
15971
6887
7351
4257
15365
17640
2700
15066
13151
3079
5656
7192
2805
10260
15306
4577
10700
1262
1195
4515
12669
12281
3103
11929
8773
13693
10220
83
1917
14122
4984
16156
2562
1412
10883
9369
16831
14943
6748
14030
11016
3282
5750
8254
15674
5764
13037
2171
11117
15256
7379
1172
13194
5406
7510
5285
17062
2750
3005
14569
14360
8191
682
8612
14844
12053
13447
11278
11211
12171
7120
12591
1725
6583
13973
747
5174
1422
16646
293
6662
14734
15430
14150
15543
14084
1388
15336
10791
8114
10483
2983
267
3633
10029
14522
14845
17152
13310
17410
3954
138
2915
2671
13560
6988
89
10615
9550
5840
4520
14352
4150
2004
3529
17282
11576
4812
15181
17638
7708
13425
16142
13408
11462
10470
15140
8281
16120
5423
5390
13722
668
12256
2229
7403
5310
4481
9119
2933
11193
13054
4598
14561
6428
12610
7993
1396
3802
16907
16310
9377
16126
13854
13483
1037
17408
2978
10792
6702
1750
3001
9260
9660
10000
8294
4965
4500
10263
13927
17195
11095
650
3910
4667
15048
6723
7009
4317
6103
8951
15721
117
11226
10545
3630
8636
1821
15043
14860
304
17784
7301
12536
3280
13606
3961
16187
4247
7654
4482
15490
3210
14168
14854
4709
7592
13944
17847
5251
15646
8950
17496
5855
162
2583
12787
1716
5443
16902
8933
24
10699
1683
2839
12264
2749
9317
11711
6812
15086
1050
11221
14032
7866
9445
1624
17776
12733
17550
12647
11417
12422
14215
10814
15889
9885
15097
13223
16754
1768
7298
13608
4312
5328
11146
11092
9750
8825
2348
14015
15802
3046
13472
962
4053
3490
12158
12231
9729
752
5080
11692
8384
4843
9490
11456
14253
1267
9689
9938
4292
7188
2139
4093
13122
5995
477
5089
15761
12383
10512
12793
9700
14528
15996
9059
9667
17677
1145
6526
12719
7142
7536
2649
12948
15130
2253
940
9333
17185
3338
4342
2911
1946
15788
3628
10865
9042
10581
116
14430
4477
8832
13087
824
17433
8630
810
15608
12428
3597
665
7905
12597
13002
13786
16112
9398
8699
15903
4708
9518
10211
17233
5147
2414
17704
17753
13338
14433
1008
11131
9747
3073
16239
6727
10937
17303
9614
5689
14445
17065
6971
17831
14867
7034
13142
12168
9943
303
14174
9003
15809
8510
1121
1081
15554
3237
4090
5270
13264
13584
13313
17855
11375
8127
15273
1843
14480
2930
2407
9812
3028
16557
10439
7831
15878
10630
121
13133
13149
16999
12651
7893
353
7752
4291
17403
1560
936
1855
1973
15100
8614
4684
2157
12738
9283
16877
15990
8751
2328
611
1458
13960
7727
150
13392
7495
10503
6671
3817
12904
11649
5502
5152
684
12345
14172
8141
901
8166
8911
16782
3112
8184
2479
2037
15022
16643
16992
11686
8581
16780
7872
1819
9709
12448
1108
6382
7118
15536
7415
3418
5450
2335
16997
9568
17280
13321
645
4967
13803
14492
2344
5194
96
17114
3824
4335
11740
11351
16222
2639
13612
6906
7653
3404
14296
1379
17263
3990
10636
10266
12287
12621
14626
15014
2844
14824
1641
13026
17366
1098
4264
1303
7028
10064
2652
13219
9587
4006
2833
11235
3205
3909
12059
16267
3067
4957
143
13615
5725
395
9509
9815
13075
14637
5142
176
3143
2553
1255
17020
5588
9418
12255
251
426
13507
1135
13779
10491
2042
1494
13114
15089
8888
14277
13830
798
6324
9413
5684
4591
13685
10116
5864
14893
2233
14091
13715
16951
10877
846
186
17012
4092
7950
2009
21
11809
17411
13393
2023
10198
5323
1079
4999
15371
5371
10813
9913
2902
925
11457
16858
12813
1476
12857
13179
2754
5293
10623
11292
3758
14995
14371
3533
10236
3907
2753
4453
17323
4869
9598
4198
11936
5732
8690
11147
3178
12827
9430
5095
2168
3571
11242
10994
10977
1202
7754
15544
564
955
16655
9150
13649
6970
7426
16179
101
15329
4924
4956
9205
6229
9361
7998
11682
17540
9990
1342
9206
11782
1651
751
14005
7615
7069
6634
17177
4669
8604
14146
7371
12244
9629
13925
11398
11207
791
17237
4631
10366
3818
1036
1773
6836
3433
9354
11030
12538
2300
2205
1879
9425
14560
4142
11482
7980
4626
8517
6244
14088
1386
3864
14741
13669
7276
11321
7095
2314
5787
2242
5591
3388
15783
16133
11898
2339
9458
5783
496
2008
5811
16102
13187
11614
111
4397
14320
374
2757
8385
5763
2473
4009
6815
16427
9914
5966
8794
6649
6087
13978
10737
12160
13272
15203
8282
10042
9883
1134
13801
14388
10441
11737
700
15222
14044
5189
10862
13688
9738
5720
169
3236
5540
2688
9473
8346
678
16837
10655
10925
9932
5160
8625
9184
1483
8098
5727
10407
12346
15356
7096
8116
17515
15773
2126
1423
14512
1690
13170
12822
16050
15011
11225
16103
4268
9718
12342
13557
7180
6306
14638
15770
17190
7976
15727
11584
14330
12205
9002
3171
12242
15435
13876
15765
2261
4250
3944
11191
5164
15197
9650
2197
7306
13827
11802
8293
3359
1039
6699
298
11343
2567
9959
5924
11246
16143
6922
4958
4496
14660
7075
4446
12180
11540
4997
15264
9381
11618
6182
165
5849
14698
25
4249
2064
8329
4662
9015
17818
1745
12514
10589
6416
16723
3667
634
16929
7457
13263
4936
2584
14020
11416
8315
1155
14577
8504
2570
15135
726
6445
5495
4882
46
3295
16631
2532
17362
13147
5292
17089
8532
10046
6284
16911
9545
8044
12656
6937
17869
16032
3708
14282
12265
15381
13644
1322
5023
2119
6914
4666
17772
3554
6128
17841
9223
8090
4613
9695
13048
4186
2015
5945
6875
1249
10757
8189
8514
12058
1395
17078
10660
11851
14488
799
15389
1929
11716
5596
11703
15194
3747
2091
6239
774
2720
9966
3722
1561
5802
11904
8992
3775
7704
16375
10228
7698
7734
11174
13329
16047
2237
17087
8878
7354
1568
4790
4343
94
11470
12611
1317
13173
2509
16730
2263
12068
4328
12048
12143
4736
15867
9212
2045
2441
16464
12789
4241
7546
5501
7825
11455
13354
16839
2772
11000
3585
2
16886
7324
16890
11580
1382
16550
13539
16339
6794
6569
3417
5239
16083
7093
7681
14207
718
14328
12540
10065
17156
14717
15847
4636
14587
16005
11786
8358
6663
6115
8269
10536
5364
13218
100
8484
9057
2343
16589
10244
11272
4189
6070
1509
14662
14878
14034
9149
512
16097
4144
2613
48
5475
12626
16138
4525
12202
15620
16615
4862
12601
528
3811
163
16875
6492
10308
9450
4687
17457
7560
8947
2945
3269
16892
13674
15388
7506
12371
13291
3949
6818
13081
3504
4854
6214
15647
4689
12323
2775
2451
6430
2992
4826
9134
7637
1944
10351
9501
9069
13053
10569
393
2568
15585
15364
4052
5796
14228
12140
5204
5756
11313
11706
9983
15005
1909
3801
16004
456
787
6453
2530
10761
6143
9888
15858
11436
9155
1614
693
16847
13466
10789
4953
7503
10560
12083
6777
8921
17424
11159
9447
7145
12161
894
12629
12420
5608
4298
15079
4033
12573
17793
14475
8788
15684
10282
11918
11973
16287
8491
11930
11556
2198
8356
1825
12737
17038
17679
17468
11339
1278
14900
8954
16524
11411
15158
10884
3096
5047
15277
17739
15984
17530
7281
2527
62
10243
12642
10159
3123
1658
15249
3202
1408
12875
15402
14383
963
12472
6271
6964
2689
1653
13875
12436
10
13771
6788
11944
7113
13538
10129
16105
12557
7800
12807
1669
10240
6243
2361
1102
15398
10760
1138
5884
5779
12289
8856
5472
8482
10790
8548
9649
10365
12804
1484
2428
4016
14816
17420
4503
9989
4096
729
7677
8164
9196
5086
3977
6638
10914
9851
3302
15649
1813
10345
14436
2249
11066
5146
1176
15525
15380
16388
10408
8333
14376
11627
15170
7248
13246
7163
6878
16204
10499
2149
3059
13892
1534
8995
320
13817
15560
5368
5163
403
5127
15933
6571
12220
7814
14735
8749
2455
11366
651
14593
15020
9848
13946
4727
15242
305
11093
5660
6473
2909
13559
2495
15989
3998
7493
7330
9896
5465
3948
5414
17690
12126
2640
1403
14078
1837
8350
2586
7886
10766
11184
2714
4285
6200
14904
6947
17331
2351
9847
10582
5978
6438
5227
3157
13622
11232
10686
11831
15906
14269
13228
3937
17848
12569
14240
3595
11844
6449
6973
9817
13818
11908
15034
11996
17132
3993
12470
6277
15603
4865
13334
17883
10079
9884
13813
10262
14229
8826
10517
5344
6132
9147
3680
5487
12630
12749
7084
12817
7507
8784
16449
606
11950
8411
2472
14090
585
15041
12995
3797
6262
16537
8960
2841
17073
8762
12634
16398
12844
10411
12613
13565
13453
10111
13006
4345
11847
7267
1590
6265
10712
1002
4260
388
14398
13504
4699
13318
16642
440
15169
13150
6025
12891
3769
13381
7657
10118
12809
16042
8374
1516
5419
5546
10009
9464
10047
2448
3084
17795
4274
11748
13347
7707
14214
5683
16917
12739
10320
13018
16270
10421
11284
15857
4391
15716
11294
8745
15468
15772
485
6545
7413
10779
15411
641
7718
3878
12004
16074
12224
4627
5675
10485
3335
17668
6542
7731
6598
16805
6242
2049
2089
1951
11477
2719
17009
1556
3682
16340
11565
9511
4215
17602
3508
7010
9236
14635
15741
6665
6462
3185
11067
226
3476
12747
3265
2284
13044
8080
6708
10296
16608
9034
2721
1028
4961
3318
4589
14865
12703
9878
12997
10169
16382
4284
17630
10635
8477
2408
10735
14473
11995
3915
16535
1648
9928
13725
7679
5123
772
7472
16484
11611
984
4682
13479
1760
16685
17561
17100
3551
3108
3197
10514
2735
120
15624
14633
9868
10045
13451
13498
3384
5214
7284
13047
8897
14564
5883
1498
17463
3219
14815
10429
5715
131
4800
11259
9010
7311
17144
2142
3840
16185
14082
12941
11960
122
16963
14849
1719
1230
12459
1606
2239
9482
13919
15464
14379
2546
2031
17470
2358
5108
17688
9395
9028
1357
17792
7587
14347
17485
5620
17139
3126
5186
16149
2718
660
4100
12025
7525
11578
3727
3688
1309
14547
2326
2832
2461
9704
15682
10899
10825
12488
982
2338
12884
12002
6785
9416
13652
14725
15377
2889
11791
11468
5862
7578
3850
7520
4656
1
10706
54
11251
7990
2501
1086
6808
3839
5630
8177
14924
10604
13300
15245
1627
5876
15450
4935
9630
903
12735
7032
1461
8858
2402
5984
14452
14288
17388
6701
3904
14160
15143
1776
9243
14312
9791
2345
7682
593
3121
2695
59
4313
9181
13837
5563
14121
15688
9045
12858
15438
5523
1918
538
1431
10023
3204
8467
14114
1701
15953
11605
1564
9132
13947
6452
454
9597
9906
4917
6666
4857
12496
14515
5808
6325
2228
7895
11144
10588
10142
10311
9743
12834
15831
16250
1287
2638
462
1171
17214
12878
5437
17235
5349
5397
6625
6506
11349
9161
4897
16538
9606
5505
7236
9066
15778
15863
11657
7882
15645
14933
7052
7178
15286
1971
12226
11148
1702
5746
6159
965
12660
2108
9703
5981
3771
9294
5297
4381
17763
5948
11181
12013
4200
7132
5140
10903
17840
7053
14462
11397
7513
1040
4985
139
4417
6102
6509
17774
17351
14757
1817
1075
3759
145
16244
10701
6877
2755
517
9809
14278
6642
11179
10248
13683
15967
7709
9062
13201
7092
11039
16681
12438
4458
76
6188
8465
7888
2166
7864
14304
4212
6457
9981
15456
2083
4002
1919
15467
13029
14549
16470
11535
14687
15542
17265
9977
14212
14029
11355
465
12259
2470
9827
14416
16729
14197
12105
4507
14857
9651
8648
15304
11675
2886
6763
11076
16301
9605
5429
14986
4887
9869
1829
8509
7099
7022
4521
11848
11048
16925
17439
2520
8872
7662
6515
2174
9432
2107
10425
8113
7416
157
5797
11328
361
14759
6336
10259
5513
9102
11855
2529
14043
11423
2815
6601
17645
13707
12671
11633
7684
1066
326
16218
12478
16125
5980
4068
11749
12605
5926
5318
17644
7783
3510
252
9107
7601
4044
5103
8899
11872
10834
4851
1550
14318
4197
9897
3975
10025
7756
16568
1187
3052
889
15101
3206
11550
10742
5923
16936
10113
9269
10444
4637
9939
6346
11042
7347
10754
11795
2703
11166
5076
14864
5478
7070
5928
11531
15318
543
1586
2961
16432
10328
9024
12971
3246
4945
4324
416
11652
9953
15987
13905
15174
5832
6696
15483
6599
14345
17072
14669
14671
7564
8041
7793
11741
14646
15025
850
8048
14610
10340
11249
7566
9097
4820
8558
14666
6566
5929
11108
8380
2341
6846
16695
346
4123
12178
13435
17197
6733
637
6516
927
195
14902
11820
8592
12897
16272
9502
6822
4638
1347
1751
4454
8286
16315
10019
8664
6710
10489
1316
16391
2849
3912
4452
11746
17653
13225
16745
6724
15339
3859
12771
16335
10191
15433
9573
16052
12156
14190
16231
4192
2830
9849
15087
9127
6902
12833
17517
3940
16352
14405
8662
14191
2379
1577
1248
9830
17475
17713
16294
4346
8340
3730
2905
1709
16226
17057
14086
13108
11296
16036
1394
17821
7645
6260
13587
727
10800
14966
8568
7705
7945
6760
6275
4095
11464
87
546
7317
6185
4606
5547
13864
17762
5143
1111
5336
4168
13199
1261
9353
1692
6434
3375
14989
2589
3659
10626
13582
16329
14737
9591
3550
698
16501
2734
3966
11867
13835
12055
3887
9392
4534
2968
4428
4498
15837
12546
2914
13330
13548
15729
14996
6312
10785
12620
7333
13411
1579
8730
8469
1016
9796
4164
6248
3285
11153
7391
2388
15231
4789
15956
3009
8078
4848
11384
9179
6167
10462
126
2256
3040
13723
16954
53
14944
9136
12112
3225
5561
285
8506
3327
1721
4554
680
10671
977
10152
5932
7954
11209
9717
2723
12788
13776
3883
4154
1681
17363
10083
6993
779
2425
12888
11208
11463
6905
5422
11408
17760
2634
3297
4551
2478
7867
10130
10576
9740
607
716
8556
14797
16238
9439
13126
14910
5446
10196
2067
7735
1439
10999
1355
4966
4034
1418
6637
11591
9292
9281
11889
14862
17886
1794
7397
10934
4556
17203
13811
14280
2538
15566
1503
13032
6688
5438
4816
11201
2440
2491
8139
17088
6980
13100
11544
7451
17587
978
5352
1554
10927
11672
11577
661
1232
9415
13288
4557
1784
10384
12870
10369
9762
16358
2162
11340
4341
2500
1009
16662
11488
9919
7532
6943
730
12176
12246
2068
16513
9539
14079
5494
1938
3
17120
7327
14743
16544
9562
12228
7482
15363
10913
4032
5058
4402
4794
9610
4717
14915
14501
7226
6114
16276
194
6767
7531
2514
3553
7801
16654
12219
422
11305
1095
2309
13580
7359
8443
9806
4020
5512
14746
17839
9522
17491
2043
4448
11020
4267
5553
12144
2334
5795
11939
279
1211
14556
17857
5139
9523
7474
5448
16058
1027
5013
16003
16622
17885
13385
3421
13071
14747
12927
2405
11636
10268
4229
12509
2956
15605
13896
5841
14969
237
4049
17447
14460
11371
4650
8332
16629
15415
16843
13869
8393
1101
5211
14703
10541
3527
12558
17145
2057
3650
745
17594
14605
11895
16075
2796
13111
10530
3458
141
6969
13865
6686
8977
2146
347
16408
12487
14230
709
2829
12516
6813
13971
12978
7995
13072
9569
2127
2325
2710
13980
14252
5735
6476
6133
8823
1666
16889
3447
12581
13181
4561
12344
15110
15312
11162
3287
5613
11314
12191
17505
14227
10105
9843
13843
10368
9460
13099
9802
10818
17402
3626
8793
6650
14738
11151
6633
166
2724
16009
188
3608
1880
6435
9250
1069
16659
704
33
1528
16712
10900
6193
11152
8957
3076
12690
14975
10924
12865
6852
1922
11044
2363
4741
4531
16354
11
10511
7541
1682
4072
7579
16690
576
17604
15979
1215
12100
9427
5334
4495
769
7689
3008
1835
7148
5799
11113
4995
3074
12831
7376
16486
15813
3819
3140
15293
13738
9422
14518
5451
13365
13921
5359
2927
2867
4435
15185
4351
1671
15691
5430
4948
4023
1743
14329
13070
11934
13744
6042
10881
1502
17076
15806
5212
11231
16225
7543
9595
9898
16416
5998
17040
3349
10302
12773
9886
17614
1803
15753
3756
6501
15602
7674
13716
14988
9327
844
11106
125
16113
3066
10992
6169
5829
13852
8433
11769
14337
1802
13326
11345
17372
3127
5092
15326
2845
16290
3364
10209
16952
10269
2115
8967
1127
4932
8195
14719
16070
8123
3875
3683
12034
13382
16165
6022
352
8371
3299
12720
9211
11395
2595
2865
2289
15535
13642
5025
7992
9799
2497
1992
16456
2421
12721
15524
12407
8554
8993
4947
10993
16053
12024
12461
5819
9867
137
6712
10190
16767
3522
1592
11877
11997
17771
10261
5196
7548
1280
11600
2254
928
7865
10464
5009
5874
214
14562
12486
12233
865
13419
2350
13525
3945
6292
7110
11669
6220
7436
3402
2340
9013
7816
3952
3514
14603
9371
3746
5125
15065
10141
14953
9016
7455
9668
3789
1106
910
4850
16216
17260
68
17330
3599
12774
2175
15290
17671
8991
1344
17533
6572
1014
15970
7109
3467
12994
492
713
7903
3656
3721
6280
12396
16773
14530
2097
699
9326
13583
2848
11803
3104
6574
4277
16214
748
529
9000
8341
2993
989
11935
17099
14718
1603
11270
13906
12893
1746
13958
13553
13791
3935
2034
1660
672
7389
3048
9620
884
7702
15592
452
6367
11422
13265
11115
9237
16813
13475
10659
2032
646
13571
539
11283
6205
10376
13323
13798
10099
16207
9720
8476
10771
10724
16699
12341
4896
5324
14781
3218
3024
14643
14206
5712
17746
17835
6940
547
667
13011
10822
5183
13777
10091
14601
8923
8180
15255
5521
1056
5600
7906
14331
13985
5961
15192
5522
12092
17394
14791
7701
12088
318
17471
5863
17797
10869
13226
5173
679
3477
11660
16711
6339
3703
6744
1845
210
12153
11753
6251
15552
2587
8772
9128
15265
16829
4462
13828
11199
8218
3080
10736
8030
8460
12239
5178
6300
3135
11620
16124
16467
14696
5850
16652
15102
3861
9320
17407
5454
2534
486
14774
4536
2842
16964
6129
8698
10947
15861
16232
8986
15816
1738
3567
10714
6855
14879
11136
16474
17441
1636
17867
17068
3640
15959
7892
15530
6011
2389
10928
16098
1340
17168
13460
808
3411
9423
13060
5774
11060
1991
8042
13640
8895
9254
14017
6568
9438
14035
17711
17716
17036
4082
13627
16744
8425
12983
9469
17437
13597
3293
10715
3757
5233
15534
16243
12382
15396
14965
349
5704
9858
5896
8595
16927
11727
5130
2384
5210
560
8366
9776
11757
2594
13561
1766
11078
6675
3969
1886
14210
13438
7726
16998
12934
2767
2413
9547
9234
14055
13284
11381
9900
17425
12989
8608
9559
16660
12416
6253
9797
12585
8197
4012
10011
17876
15698
16166
8647
17129
10803
8833
8845
8489
11925
1497
3274
10524
1862
996
12576
8417
14159
15281
8860
14177
7691
8716
8707
13035
3142
15359
8046
5280
17061
8949
9604
12673
7417
1665
1324
414
5597
8965
1097
8288
9611
6316
739
16092
548
8496
17500
10484
6031
17539
16523
12046
8803
10828
2967
13914
14267
13562
9854
1072
1387
5008
997
16692
5301
10466
5551
3803
985
17610
410
3636
10945
11533
5733
16576
3778
7933
2637
17689
16779
16362
9165
9566
7314
55
334
8031
6431
3734
2691
9276
4048
13617
6380
14558
1059
12208
5048
14983
13010
14782
16414
1791
14898
1558
7710
15748
10730
15532
14037
2540
13601
2169
12632
7258
8828
2231
8273
14110
5300
3147
11822
17281
266
17631
15252
15303
15201
212
2194
7222
9075
1384
9753
16460
4238
756
839
3333
12266
14477
17110
6817
9215
10726
8587
13332
16356
1345
14602
15583
11857
1013
16114
14819
2935
17440
10629
12784
14591
4751
14673
15855
2327
9978
3053
16441
15038
12392
14631
15902
7851
15067
16553
12843
3715
17328
9402
5939
9818
8929
16508
1881
9963
15124
14567
7647
8619
8814
15028
445
11687
17483
6759
1399
13643
9663
13267
10203
242
5524
14106
17287
7853
6749
17219
2808
11772
5549
15077
12033
3190
3607
4455
15827
15446
948
6630
4278
16212
451
8617
6718
1625
15949
501
16800
12295
9813
13863
7669
13431
8262
4988
14101
10322
11696
6206
15978
3663
15323
7914
8388
15376
7346
2315
12675
7879
7636
15848
17434
13540
6436
3686
9164
10218
7805
17241
11182
10498
16742
16664
4524
2991
17125
1700
10607
7876
7204
7014
4304
16514
4678
13000
8824
12742
2837
8812
3662
4054
446
1298
5738
17370
15904
7750
2667
6495
12537
2840
13823
14442
7611
5128
12437
6080
8422
14868
6195
7254
4757
15947
4903
6400
8559
14948
4206
5673
453
3242
6335
12970
5266
10827
13956
16492
10799
6610
5028
3676
11506
13710
2246
9730
3239
4981
11500
16881
11821
10110
1020
17474
12845
12956
4977
7147
5084
17010
12584
12352
2187
12785
16465
6586
6956
795
1334
15588
13093
3865
4078
12117
1962
4098
3336
16180
6140
1807
5758
7602
3560
12609
1017
5993
10076
6736
14539
508
12108
17414
12864
3712
9946
15597
8398
3900
6083
5520
6422
16884
10995
7790
16891
7169
5648
1877
9072
6706
16571
13248
9549
14691
10467
8015
17752
16184
3385
7372
5347
3459
8874
11333
11082
7755
8278
6241
6540
16380
11812
16409
750
12614
12116
8154
8594
1245
15995
16835
16765
17236
8060
9285
14770
15710
1364
16531
3750
788
15407
2075
11586
10936
12047
1184
9911
11053
8430
2352
8352
13492
16753
322
13271
5766
15335
13990
14895
14658
14241
10018
2375
10189
2155
7046
16575
7017
8726
17488
16174
2831
69
8584
4261
11785
16637
14262
1999
5357
2855
6329
815
4376
1026
4653
3511
16934
2156
3480
1800
9208
8945
14198
7590
3538
15015
9122
8256
15825
5577
16497
3823
3816
3451
262
7079
7516
16601
9038
7788
4875
15799
6152
4353
3590
5027
14961
1238
17887
5107
16563
1642
3343
13678
5482
3893
14616
14019
8863
11859
12750
16473
13038
13423
15449
6750
3486
1453
6681
7854
15915
1697
861
11765
11051
8511
11854
10621
13068
15126
1905
13045
3398
12199
14351
15545
16413
17832
10806
9023
7721
17611
2555
9561
3898
6303
10338
8324
4548
11438
16198
6396
17812
1549
13276
12624
11563
13274
15366
14888
8148
16454
2880
16906
15764
10362
10135
8912
5833
3454
9185
13524
9246
13210
7706
16986
17641
11190
5135
13168
8982
17727
7923
934
16089
12194
1783
1426
1734
8892
12064
16210
4937
344
9855
417
9273
11836
1043
3037
17621
14971
7925
13972
15162
7273
13943
323
10168
3896
2268
2220
16265
12236
6149
3777
17443
7441
14548
10953
719
16081
9367
16733
14414
6783
8052
7769
15071
17041
3876
13067
777
10619
5275
6432
17872
9035
1385
8624
13959
2636
6605
10665
450
5631
4158
11085
11465
4786
14024
2565
4073
2696
3420
17634
13057
2746
8102
3234
11426
4853
2371
15520
3377
9231
16784
11043
2117
8626
11267
12542
5533
17527
15590
4444
12003
17670
11119
13665
5361
12166
1833
1942
5509
15103
909
8156
10433
11853
701
2426
133
6830
3341
17745
10662
270
12216
9590
11275
4739
12543
6326
17352
6641
11058
1839
8107
1019
2610
7098
13661
7630
9152
13677
7349
7412
11582
13957
15421
10584
10334
5708
9543
6144
2086
16325
10957
1931
5967
9771
5136
5170
4866
13514
14744
2292
6555
17850
2193
6360
6894
11850
9407
15790
11047
1265
11158
5154
1456
5976
7320
11137
12911
13505
819
7344
12212
14583
8436
1343
9585
434
1795
12405
6217
14704
14440
5847
15673
657
6201
8669
10354
4807
14489
17599
6319
2685
8687
10840
14336
13296
845
9086
1272
16897
6804
7050
16228
12379
12923
13247
907
563
16425
2879
8873
6975
10836
19
5880
10252
9901
123
12243
4196
9031
13390
6106
5366
2392
12700
14418
12495
4874
6293
5471
6033
2212
9049
4063
6368
4202
1236
2699
17703
6996
7398
3174
3488
4125
1673
13545
13235
14116
275
3619
7094
10770
12385
12328
2632
15374
13304
16450
329
16824
13429
6743
3371
16657
6276
4205
7534
3044
5965
16034
11835
11332
4892
3696
12096
10363
14453
13386
17732
570
14315
7967
10696
1865
9739
13637
683
16603
7720
2190
14321
3827
11291
4169
10783
11306
7542
14919
15890
3408
9144
8802
15471
905
12821
8752
13490
8627
13816
1596
2765
17642
780
7646
11112
11984
15669
3238
16588
15505
6977
2601
9358
2280
5525
15111
16117
8853
16600
15448
8292
1467
4986
3772
16956
11402
11013
6355
981
17005
8092
7115
7060
15634
10535
13570
17158
4489
2969
13655
1240
13414
11959
12041
13249
8980
12335
3026
3215
13502
2420
3012
6352
4359
17019
13663
2882
7478
9172
13148
7745
3988
16916
6925
1742
11354
9567
14021
6860
8397
1375
9198
8658
5943
17849
13351
1142
4159
2216
17589
8573
12902
14559
16706
9245
7228
3334
2980
5899
6580
9822
14694
5537
6012
11928
10297
9544
8927
10690
8968
4990
5106
9120
17384
10378
11052
16756
3194
11094
17521
5327
14503
10481
10558
9077
1650
3109
15587
13912
8964
12223
5392
6446
6347
1007
8710
14758
9995
11907
15031
16192
9640
2310
471
3125
11244
6204
10959
14496
1107
11140
1796
10174
14464
13335
12856
14837
11597
13639
16426
12533
4099
6333
17856
1061
13833
16803
12433
190
6891
11731
8056
12772
7408
5455
7269
10126
10821
2002
1370
15234
14385
13158
8686
8302
14750
3738
9247
11694
789
17338
3220
12648
8204
12520
17623
17545
13014
17194
2928
1914
11798
16030
14753
12653
15777
15888
14004
9125
5141
13638
5952
17865
12967
15171
10693
8229
9752
12300
6072
4066
7810
15416
5234
13297
5099
2457
1021
13052
16259
11031
16247
9478
1284
11326
4058
5035
10112
3767
8296
7835
3392
15307
11827
5230
7294
1268
4615
4612
4724
926
5267
8855
9733
6742
9535
5991
16845
8850
4143
5901
11551
16349
11509
11389
9553
6062
16807
7673
15196
5333
814
3061
10461
7724
17462
12057
8870
7808
13124
14104
17838
8357
17622
7812
10634
10224
13112
15182
13286
14748
9798
230
14066
14476
14279
14060
3981
9749
14599
15521
3483
3507
16046
7948
9840
15751
1926
13367
13102
17830
1850
11954
5396
885
17675
8192
16059
10500
5254
11002
3233
10725
17218
12299
4026
7757
12305
5992
7824
14851
6064
6594
10347
12177
9158
7454
5606
3276
579
4115
14689
6302
13794
5109
4617
770
16966
1765
8255
11606
7308
15463
11344
494
1083
418
2548
12232
17123
11678
355
4878
7988
10658
7090
17308
17519
14050
4697
13459
17444
6468
2318
12374
4037
1724
2138
10456
15812
5634
7262
480
4705
6301
2950
10396
15849
14505
656
11386
10331
1044
16919
12336
13576
13314
6618
6758
6322
6385
7057
16581
8961
12291
6374
5584
1419
13513
11154
3753
5100
10905
5061
7604
5209
626
13212
9380
12441
6281
17028
638
5017
9744
6837
16649
26
15559
16823
16419
16525
4983
13452
5449
12146
13940
12113
8270
8585
1634
15681
3587
4647
16720
1563
4305
11963
1996
17205
15236
16512
14836
15900
10346
16841
12991
6967
13948
16381
8245
7321
15492
3422
8073
10358
16735
2949
7894
5762
1335
13485
12072
14039
2738
17709
8386
1397
15488
1788
12947
13025
7631
8785
8553
6523
5316
16194
13366
7815
2274
15477
10458
2513
7557
5070
8963
3677
13
16740
3208
12906
8312
4157
12421
2084
9019
3168
2382
14842
14925
15362
12949
15432
17674
7567
7250
4587
7789
15121
11334
1174
14456
622
17148
1680
2654
4323
9222
12020
2635
3172
11118
1970
15021
6801
11630
16940
13469
13407
898
15541
15166
14523
10996
15983
10114
4051
11116
12026
15522
4539
358
5389
3723
9190
9325
2332
15504
13821
13368
187
13868
3955
11922
16623
11404
2006
15134
16350
8383
9085
1874
10324
10643
8140
2763
7936
6465
11295
13232
10469
3137
15611
8448
12838
4624
1062
9335
6390
1832
7733
11638
5859
5133
8663
4998
1901
759
3090
3415
14417
17546
16506
11961
3641
17039
4486
5460
5718
4987
6417
11309
1631
652
6816
16269
10339
14706
80
12623
16719
14291
10280
151
10505
14181
3808
5885
14303
13116
6880
919
6406
2579
11811
3003
13342
5824
7743
14875
12594
11788
11976
9441
3992
2850
17554
6590
16455
16264
14400
13327
6697
3794
5888
15807
3022
14820
11937
10059
2236
8902
3999
17376
13939
1129
5433
3566
13629
6829
17802
16869
13077
7352
11142
9204
841
1775
10304
6413
15378
14386
4513
13616
3163
1441
9805
10708
4870
13404
3866
3450
8508
15782
7499
2997
16679
879
6345
3678
7018
14554
330
13085
9865
8978
11770
5974
9690
4128
14930
13729
15219
15841
4568
2417
1438
1981
9599
6314
4759
14639
9202
9525
6365
14166
5237
13238
11528
7216
10241
1848
17357
17842
15046
3768
2925
7256
7355
13220
7340
11320
8082
2846
10395
3130
2788
8547
11875
5236
13589
16920
2758
15562
4975
16172
8133
10299
4542
17442
4868
17081
15578
7044
5629
9619
13482
6998
13745
3440
4527
14171
11114
17155
11010
15257
6721
7747
9993
8941
7290
378
8275
17742
5622
4224
2523
9623
6278
10044
15958
7315
7974
4526
6287
4307
12692
522
5641
16616
7367
2295
13499
9493
7739
8303
12766
17151
8880
9780
12945
16815
5803
4726
11204
11069
9048
3321
13708
10375
469
3146
5374
3936
17605
6425
2250
17874
7832
13036
10222
7151
12959
16943
17361
11322
14064
11593
14767
4210
6015
12900
17724
8545
15672
8299
12154
11743
13711
12408
11661
16670
4460
11725
8
7300
9836
7421
17097
872
13186
11265
2673
12311
4065
2752
1849
189
9519
8243
16816
4045
15161
628
3240
3713
6935
15300
11834
5421
10940
9498
13788
5677
9716
9683
2029
6056
6123
17204
5097
11845
13630
9713
4332
15320
16717
15353
2235
8247
6259
9453
10519
340
13418
4628
3826
10678
3968
3534
9517
9384
7728
12324
8674
16791
4835
475
9302
10002
11842
11161
7571
671
1529
5517
16251
8379
13770
8715
5573
13942
7116
1128
2471
8008
5898
2099
11392
6315
12883
17347
7512
1204
615
7129
236
12570
17552
15617
11712
15573
3523
14529
16411
8314
14283
7461
6751
1444
10120
14272
11430
8660
4390
5745
7855
9722
7143
6118
7448
6707
11972
8610
11449
9894
4914
4185
9142
15866
511
9101
12725
10758
2265
16095
7164
7452
3041
10694
14120
7211
5532
11654
17593
127
8058
1137
2823
12280
3221
15127
14655
4630
13109
5667
8915
7613
16727
11717
17484
17576
2374
1417
16110
16937
7944
9257
4018
17107
17560
3562
12162
3094
8083
8685
16948
6730
4367
1542
216
14977
9477
1602
11635
12257
8822
11195
3622
13197
762
6021
17221
17469
4749
3693
4010
1842
6512
14485
4309
13873
64
2066
14822
12907
14461
16876
16985
12504
912
4926
11178
6623
5288
12718
658
97
16774
5415
3464
16516
11964
460
10199
7144
9139
3183
8459
13600
14265
2873
2971
1521
8871
7006
9009
6913
13030
15434
14255
13370
8227
6378
5399
15887
9483
8193
10591
7626
12776
1752
15206
2761
673
10911
9641
11217
3141
13566
7619
13391
12849
140
7563
10206
3263
4976
7161
2759
1787
15743
9200
7660
3609
7780
3307
7086
624
519
14237
9618
9312
10561
6529
12550
9387
14246
13679
6613
11541
16587
7649
5426
1861
5026
4027
7141
17337
6987
11466
5618
2659
17473
1241
11573
2218
8071
1150
5817
7869
10733
13519
11459
4492
17896
13254
17379
6683
3594
8022
15172
1535
14516
8251
13917
4022
10151
12901
290
4629
990
5474
2360
15523
10916
13826
13203
13341
11699
2665
2287
11592
4746
14832
1559
3379
2970
4583
6669
11073
13775
1772
10970
2290
1678
11590
4441
9505
12687
6556
1581
9044
7310
17708
8284
3381
14916
10160
1450
8219
7220
17595
7104
15226
10632
5296
6412
9682
2390
4552
8570
12869
7484
12990
1774
2469
15319
7201
8194
7037
10935
12661
9397
15279
15897
9304
13506
16193
7027
5621
6587
3698
3751
9228
15598
13569
13647
3055
11705
13166
8622
8111
16942
3243
7456
2543
14630
5298
15153
14491
17743
5457
9207
3939
1757
3316
16894
13125
5835
5224
10294
14817
8512
10587
10309
11957
15844
2342
12829
12920
577
4769
11510
7021
6931
9272
16066
10473
8399
14349
6296
9593
5951
6553
6522
13157
12235
6928
6426
983
14128
5771
785
9891
2572
6858
10165
11373
11307
11325
500
3652
7765
1994
363
6213
11097
6397
1361
292
6679
14080
15779
16915
13970
93
13983
11648
4147
9905
1712
16300
7561
4375
16543
15656
14584
10897
7582
7420
11543
17705
9555
12925
3934
11394
9053
11691
11564
15750
938
2135
11520
12294
17477
14531
14624
10722
5759
7247
224
7103
1523
10580
3275
436
16677
17255
3309
9235
13646
11801
15910
11297
15139
12890
5557
16721
4973
6607
9774
5434
6266
7072
5949
12455
768
13596
7959
6175
2596
5319
7114
9036
9528
6934
14225
2104
3043
14870
10123
302
17591
6131
464
7020
568
13013
15283
10010
1526
2988
1964
12683
2279
6467
7685
16109
13101
2101
1143
9227
16672
16676
4121
1823
8494
17843
17419
17021
10007
7889
12846
14955
2447
10154
5861
773
15459
1087
5639
14720
5153
15854
12489
5250
6166
17683
12919
9658
2744
5916
3540
9721
4886
10538
8331
10078
7664
338
4356
17030
13007
7193
2616
253
17549
3892
12664
10717
15008
14850
15072
15550
4007
6714
12590
13363
13009
5801
11350
8901
17620
9757
764
8023
14974
11781
733
9145
12769
6765
2474
8464
10950
8653
3512
2881
13988
8778
15132
5464
4805
1985
16636
16275
1283
11041
1193
3853
6957
12418
7973
17684
2208
6090
9557
8682
7056
12377
3574
13923
6088
6216
4447
2234
3075
9410
14557
16612
8795
8591
9067
1189
13398
13337
13748
14109
1100
341
16981
2024
3060
3805
17834
14897
3113
8613
10738
5497
17112
17495
6885
7307
9293
4361
17243
10707
17228
2535
12723
14378
10495
17503
829
13076
3973
2972
4768
17325
14796
7997
3754
12744
1130
7577
10265
3646
16176
1451
11055
1105
5068
12173
9962
8590
838
8989
15563
10255
10422
11412
5062
4172
7589
11601
5554
13952
9526
13043
8257
12465
1747
4214
17261
9350
4122
3051
8717
17811
15651
3193
9301
9866
12952
14701
11421
14997
3781
6552
5317
9934
14245
8524
11444
6667
14459
3101
598
9833
11771
4014
3154
15826
5555
16857
1415
13027
4572
228
7172
4722
498
4103
6073
902
6109
7475
16620
7213
12658
6384
14372
2365
15179
5020
1237
892
11478
14220
9411
9141
5813
78
10768
10874
13436
12426
16883
14305
4347
15954
8150
4217
17538
13378
10208
16224
15229
17368
10820
9104
6959
6511
9681
1281
11818
6778
13103
2307
2118
5007
4931
17598
6254
3584
11833
6766
9433
8085
13377
11169
158
1708
8070
10617
5032
5208
14117
17244
6756
9442
5643
9300
10283
13024
16795
5050
3155
15621
8475
16469
6849
11437
14354
1978
14594
1792
7938
16747
754
2094
3779
14434
10475
10197
9785
2475
2480
15819
12174
10321
16435
13180
12080
2644
5668
9096
15725
1670
9917
16518
6147
15314
11905
967
12530
2055
14711
10238
12691
8525
8242
12903
5770
7972
15074
2552
4654
6870
2022
1208
13551
1151
9
11006
1707
6689
16065
4127
13902
13359
17864
5962
6092
17465
10088
17428
15693
3444
11471
16072
7961
6219
11998
12606
5907
1672
17162
3410
14463
7716
3635
427
7522
14968
2536
15828
8738
3346
4358
4350
2533
6657
3960
12954
14233
171
5272
1539
15460
9674
10098
15937
16177
16161
1900
8885
12871
17294
4902
15243
6211
17613
10288
14984
16196
7971
4877
17676
15589
13706
12511
541
12260
16107
17816
12808
6658
2678
15440
17755
2728
9074
12762
13019
12234
10162
3288
9342
17316
9363
7051
1446
11448
6732
2838
7518
7288
9521
11949
9061
1052
75
6779
826
1530
9723
14482
15507
10942
13754
6761
3783
11341
2387
2462
9814
17049
16295
12248
945
15514
5852
17217
7112
10917
15305
4373
3967
2872
1115
4218
5688
7425
225
8458
6899
10048
17528
7470
6773
13567
7173
9037
572
16852
15502
3179
3232
3672
154
8668
14589
3710
4087
6225
3087
3951
5786
4374
15962
16068
6976
17873
9279
4681
4478
9291
13696
999
11429
647
7586
15063
9110
207
10713
13500
17378
2137
17202
12128
3739
7535
15327
4393
5586
4623
13879
12730
14408
7828
15935
13426
15393
15452
14676
15340
3054
11427
6470
14148
6227
6653
3416
1836
7469
2453
3029
167
6104
9664
47
6297
17017
15923
12685
9699
16505
2612
17781
9810
5365
2221
17421
9178
17654
14186
1434
6628
14094
17193
14407
2286
10306
5200
1782
4898
2050
3958
1350
7737
17353
11276
3921
16140
1737
603
12635
12079
6944
5612
9661
12322
14533
15709
14830
1468
16014
15932
8756
16152
17048
11970
17082
855
8501
1780
4378
15992
13555
3306
8739
15678
7850
17415
13858
10773
13446
13968
3976
720
12579
2931
540
8657
10424
13324
16139
5713
9239
14863
13184
10507
7016
8014
8252
5695
4849
13477
3536
8088
6622
327
11756
14340
6539
11407
8807
8727
12816
13020
7498
15676
15321
908
581
15187
13984
12483
9455
172
16049
11014
7836
12668
3457
11062
9116
13301
5379
11645
5269
13850
3495
5737
15879
16702
17734
15382
1430
9952
5445
1000
1643
4174
8796
1239
16463
8607
49
11213
2810
13270
1164
1779
738
9004
8062
16716
12874
8787
1811
812
17661
3118
14051
5263
15266
14218
17767
16666
15832
12508
11367
5161
6606
5788
5011
16298
2013
16045
15616
8966
11575
4401
11744
16002
439
8905
4550
8415
7253
3549
13312
1207
1082
2727
5784
6389
8926
13962
6310
9678
3256
17278
12036
11382
8368
3378
489
15417
10305
3255
15160
5706
9835
7618
5315
5700
8549
4475
8722
4731
9647
16487
1093
11752
14053
11377
15080
16772
7521
7402
14732
14223
17647
5081
16788
8188
6621
15865
6904
10239
2337
4081
5498
15493
16566
17486
12872
3503
13399
11406
13659
5384
14042
15702
12425
5069
17380
7514
3131
13936
15408
17002
4711
4208
12331
10050
6660
8492
12873
13999
6364
17766
5391
2424
3620
12446
14960
15099
12085
9558
8606
12326
3586
10522
11774
6867
10432
13165
10889
9466
8376
13328
6615
14502
12150
17721
3557
10251
4827
11679
8700
8348
8019
7029
9589
10640
1781
15129
13098
13856
11808
11186
16630
6703
15475
17893
4639
9887
14257
4319
14335
3685
1609
1402
2818
1872
8633
6232
180
12204
16096
2173
7978
2778
17167
3884
8279
5418
7279
6178
8000
9349
12069
8731
7695
3446
12577
14806
3569
16136
5071
4062
14692
15939
6652
3279
15001
9656
41
9451
14273
13487
10472
5205
10866
16995
11038
11122
14162
17782
3664
7335
8043
4972
2383
1391
7127
12794
4149
7730
17067
15924
8579
15422
12595
5432
1863
1327
277
15282
5351
3386
497
12628
1801
12432
10147
8972
17406
6100
7987
7551
10787
8939
8956
2955
4155
14341
15931
5599
17340
12454
14068
5957
765
6578
5021
13144
6716
4601
9462
13167
17298
13402
8757
13781
3699
13039
16669
10895
13211
1274
3517
8343
1032
2508
1442
16162
8538
3468
10370
2630
9862
17311
11876
11499
8898
17626
12330
14963
4992
3434
5842
17014
11862
1400
13305
6983
3159
4686
13937
2240
488
5598
4183
14987
521
17445
13844
15642
17699
15517
4595
2648
15719
9393
11670
6231
9467
8776
17541
9701
11816
3466
2224
6831
16796
16481
9334
15178
8202
11702
11710
7041
9850
5087
12760
13495
2964
7628
11198
1181
6392
6981
13657
10863
5941
11461
10291
11985
4665
4633
15814
17135
14772
7283
3573
15146
11405
12049
3366
4070
2276
7817
9600
9657
4700
13648
10688
1667
15138
3387
13287
11102
17304
9839
6797
4672
16385
8115
7197
7881
2191
688
7581
3355
17494
3673
17157
17356
5934
16158
5741
1677
9341
4005
12210
15574
2297
1493
16197
6210
15163
14931
1323
16190
9082
16027
8360
16057
11138
9020
11385
7244
10279
917
15740
7295
13889
4608
12847
6871
3541
3539
7394
8018
10301
3889
707
15685
583
13496
5575
12710
2633
4004
15969
8010
17334
8310
390
16864
15259
9824
5662
6832
3102
5279
12515
17161
16580
10446
15683
10513
7038
13992
7904
9828
17187
15116
5685
4091
11878
7365
6245
1607
5286
8004
5407
16879
9761
10352
3093
14422
13119
1808
13113
6488
6787
10672
499
3684
7411
4213
11187
1411
816
5412
16215
3445
14821
6655
4605
4242
2214
17583
17497
8821
5632
9954
9388
15441
12758
16618
5826
14077
14699
4858
204
6918
3120
12006
3089
7984
6101
8565
5548
14967
10842
2747
17879
11308
6448
1754
5311
1481
8990
4570
8006
17395
6311
15633
5999
979
3528
549
7263
9719
16818
17306
12987
1425
2906
3319
13456
8768
8064
6903
9644
7195
1320
4541
16160
1867
4723
4443
8533
14131
6168
13065
2484
4743
1871
10739
3328
8495
13214
17686
8099
12963
6173
6404
7071
4680
14300
11432
1816
3045
4392
7594
8567
11061
241
17286
5958
1479
17300
16255
12672
786
9789
8362
6632
3266
677
896
9319
17572
10967
1376
13434
16111
12318
6030
4573
17723
1617
12625
1895
12608
2129
17825
2792
8827
4716
15805
13997
5754
6198
13379
14474
17790
621
11873
4773
670
8093
12170
7230
8680
6379
3214
10986
681
10504
4031
17093
14586
4259
17590
9831
11607
14208
6046
12184
17332
1645
16814
4831
4632
17667
10961
1585
17511
17095
8084
1349
7221
866
17153
2799
609
17455
10609
17450
915
1767
4294
6561
4225
5703
6191
14
8265
7975
7772
6517
7410
5893
16001
11979
7206
16572
7693
5602
10749
835
14762
17084
1744
4263
9385
11129
11372
9412
11945
16431
1194
10819
14652
16882
12139
12366
1698
2602
2476
15846
8128
10274
6851
15439
6286
4466
8677
8323
7570
11522
4616
12859
10839
2454
2281
1943
2816
11974
947
7215
6949
16751
6079
1489
15418
10052
15850
1096
10316
16279
10847
10875
15794
16769
2824
8702
12227
10053
8638
1359
5203
8725
14979
16334
3252
11911
14714
6298
6264
2668
17738
17596
11505
6317
17578
7809
17066
9383
10923
4710
3855
9922
3602
5535
5098
13760
8449
17520
9652
13171
17585
15024
16691
8131
12110
1688
13635
4776
13996
16775
160
12132
12958
13554
12641
16709
14783
8016
2679
1551
6421
17423
13094
16738
14000
6125
13493
8112
13653
11289
2225
2153
15695
4459
10793
10273
7453
6455
6429
12402
614
14048
4187
5740
3837
12319
14858
17225
3970
6060
15596
13468
10379
10193
10745
2109
7062
4690
9853
6497
17800
8334
15379
15485
12757
8135
258
1496
7963
9794
6376
10933
6471
8841
2323
13259
11943
9162
14350
15360
13593
15053
14362
16870
7186
7820
3007
7225
7661
15384
16793
14572
10692
14070
1363
5564
15599
3056
6041
13364
5077
4366
1640
2269
1696
8675
2449
10103
8601
5915
8598
1805
10005
7358
11125
4929
15700
6190
17268
4408
14268
7282
11671
13832
463
1223
12415
8596
7672
7343
5187
4787
3997
13529
4199
4377
9823
4788
8875
7607
11025
7953
16257
1118
4693
11651
10772
5088
8932
15106
6791
6081
12118
3340
6176
199
16035
5348
2121
4419
5909
10542
12327
6768
12356
10602
14470
9767
4775
15640
5010
12334
14490
10720
16491
17881
8557
13021
5162
6437
2071
11391
13242
6769
12575
3226
3031
11256
14157
10741
6263
9580
6841
6521
9773
6929
14316
2062
886
2609
8230
2952
12109
10748
7139
6407
3278
4910
2686
17502
6162
1057
4889
16475
17196
5828
14538
9289
3752
13885
13581
16931
1471
1257
3879
8644
16293
14344
6226
14256
828
2148
11128
1212
17601
722
10225
7559
7717
10383
15528
11080
9787
6972
14466
5964
4860
1180
6687
14813
13880
12163
11288
11940
4430
13709
15769
4750
9632
12571
12269
350
5545
16626
2259
7799
2026
152
3352
10631
17532
1445
13269
6440
5249
7738
15977
8151
12962
4564
5413
1611
429
13797
3950
5651
5225
7723
1210
9108
4262
15347
16418
6550
14812
10805
2494
9192
5274
56
3020
12251
208
2111
16866
5403
1440
425
8061
8889
14892
9457
1623
4833
7675
1593
15397
2301
4588
5057
5956
12471
10392
7131
3763
9170
17513
12517
9011
15154
5922
7643
17524
16770
9659
17001
8287
8813
9025
5463
7818
12198
11240
1778
14684
12258
336
2642
7261
9275
7496
2607
6961
11761
4024
17283
8582
737
113
1068
12115
937
2299
14161
2172
7791
13303
6979
16743
257
2238
1339
9344
3959
14552
992
17754
1846
10750
5105
10164
12802
12814
11856
15852
3403
6524
132
10654
4131
441
4160
10221
9860
5865
5378
7680
10367
4734
5381
5320
10186
10041
7585
5314
9790
2725
6932
2409
14397
4863
10764
17220
1294
8327
16471
13396
1659
9936
9470
15445
16605
7055
3430
3546
17374
12249
17043
8321
10892
15745
17192
27
13497
6308
491
7947
12740
9426
2244
14007
8335
11797
4043
16653
2125
8651
11750
10583
12968
10201
11286
2466
7907
5843
13336
6050
4457
9996
14152
12607
8394
5030
7621
339
4201
8125
3651
9156
124
6644
3025
2386
1965
11164
2960
14803
14839
7257
12734
9401
11188
8839
969
14740
11515
4308
9949
7795
1588
935
9642
6563
523
1353
6393
3138
1188
8021
12505
13703
7712
6745
8706
11632
178
877
3294
14585
10214
8144
16697
8258
11886
12549
9673
8437
12084
4832
5942
12560
13778
3429
6879
12777
7845
6299
10951
10136
4756
7891
13734
6897
16609
12123
4384
3542
5872
16574
13645
782
2163
12312
16909
5719
8418
760
11840
15451
514
13015
15630
15877
1605
4279
15385
14962
7013
2891
3930
2152
9100
13088
13056
193
12951
742
17400
15730
13742
8804
15538
11068
1870
2211
7807
3638
8593
11732
5038
9041
6196
3200
9920
8566
3412
11127
12825
6019
16346
9199
17687
2020
409
578
692
9803
10926
6274
16369
4927
15913
8847
12732
15276
5925
15453
2170
12031
16714
16025
13516
1157
7481
14574
16203
3133
590
11098
1575
4574
3129
2789
6250
6752
2396
6236
3124
5040
10852
10063
17868
15571
16069
14908
12753
743
15039
1948
182
3547
4338
2716
5490
1053
17863
653
148
708
369
23
11504
1285
1957
8025
2260
5628
13724
13207
1199
14504
4508
8661
2283
1192
8298
9676
1048
8542
7932
12211
5605
9452
8240
12526
7762
4808
9635
2693
4251
17749
2798
14448
17786
15006
17224
156
2511
13188
16509
1908
7830
15090
11800
14219
8068
1706
1464
3800
3033
2771
6418
1834
9056
10075
14542
10317
30
2306
7302
1226
13897
2329
3413
17045
173
10868
15033
1486
3241
4955
11892
6068
3742
14205
5920
16336
17256
14779
8066
8519
807
1469
14294
3902
17024
17058
10614
7227
11387
493
13911
6747
14374
1001
2317
2782
14239
6842
10549
972
5404
2380
15561
7804
15546
6585
5791
4707
6861
2737
16033
7913
11003
8576
13758
12965
4110
6738
1663
7334
3345
9893
12304
198
1058
640
14947
15835
11202
7309
14457
15940
11005
9538
319
9378
15369
16060
7431
2662
17290
9308
13636
9908
15248
10661
15952
16912
14254
1920
11335
1952
371
15253
7729
4132
6334
6862
5093
8817
7644
6145
11595
10097
4735
375
7650
2898
9303
2892
17817
3170
2059
16994
10440
9575
5724
9065
14614
6234
15217
17299
8007
5566
7545
16031
15586
8432
1517
16038
14451
7430
11628
8868
3702
16353
5979
1632
9574
1205
10646
7015
15774
809
8938
4795
11022
13730
3965
11247
5579
10565
3070
10559
4231
6719
9484
13140
16327
3150
13819
2826
15701
3852
15465
2614
13174
6963
9846
5456
7605
9781
6581
6533
7375
17837
4916
1076
1136
14105
2715
5654
7190
6676
8216
13406
12916
13759
261
12214
1695
8200
10094
6507
13177
1713
3250
9731
5277
5627
15569
4134
13575
864
15942
6489
5530
2433
8182
17301
4303
3362
5165
16607
890
13139
11009
8890
7558
8485
4055
13613
5079
11980
1112
631
8404
1838
9801
5970
5383
17895
17438
6357
5370
5538
7665
4619
6373
3149
12136
1934
3535
15549
13250
295
2876
1166
16728
6076
7393
16078
8759
2446
11192
2439
7982
7035
15083
281
11815
7924
1290
17113
9837
12007
17360
14708
5983
4254
8187
7235
9338
12547
11210
3545
12701
10873
15358
1369
14818
10777
16944
4085
12107
1726
2357
3395
11040
7741
7406
15660
17211
12622
6212
9362
1244
7620
833
149
5268
10540
13480
184
9079
1487
2926
14716
5610
16091
5968
8671
12955
15714
2035
5777
10423
264
2504
4692
9603
17577
3030
13979
1378
1500
2291
9459
11739
10941
7074
7761
16689
11074
13236
11514
16013
14520
14450
7203
9001
11362
11220
3254
7428
17526
51
7792
8798
7633
13325
12657
11346
1969
15556
7848
5578
1514
16552
2322
4671
15167
3494
9437
1354
13577
7237
3537
3156
15830
3326
4000
9307
10675
853
16093
467
16235
7179
16437
2177
6290
1639
3995
4715
3700
10744
7798
11337
14289
7764
12640
17354
3591
10998
8049
6924
515
2709
356
6962
17170
15629
8118
8721
3320
16443
16778
16377
16665
13471
3348
1629
16171
13753
16755
5148
8643
3575
13614
7325
11552
15964
4047
12225
6991
805
8844
16289
10746
11941
6854
16862
5666
10677
1367
15948
16384
15817
7553
16374
6044
5072
10226
9461
16560
1022
8704
14872
1286
9654
5908
15579
13427
6543
1348
10674
13605
17482
4275
14644
532
15665
16273
380
10058
7133
10195
930
2626
16768
17854
2895
8611
12913
11906
14375
15503
9672
73
2604
11072
16785
10086
1864
9653
4603
9449
17246
12111
17309
10403
10702
2995
6648
7614
9278
2920
5672
8036
9471
9621
2777
7097
7544
8159
17633
17258
11581
14486
1203
11105
6163
16141
4718
5927
10399
16547
14041
15512
6342
15851
12430
4118
14540
17070
5866
888
9277
3927
14508
531
11200
14141
7249
7875
10639
6784
9863
14726
15271
9340
13074
5681
3166
16650
360
11613
952
2160
1799
15531
9766
8124
14243
5427
10034
10400
11171
7711
8946
9570
6564
8478
11280
5175
15296
11453
3164
8466
17116
16472
10990
2324
8490
12855
10501
3776
315
11107
7758
2974
1275
10605
15040
9697
3598
14784
13662
14907
3681
15508
1318
13121
5778
3034
10572
4811
14292
12503
4725
17655
17284
1222
4943
4255
6883
3482
7066
10323
11610
11616
1538
14763
14625
1553
12527
13717
14266
7341
2817
7960
8810
2381
12583
12567
3524
2629
17735
7447
2766
14324
12087
1656
4818
7896
16292
3151
12056
14285
5046
9403
4025
3717
16810
5574
12463
1923
6223
12881
11587
15881
7054
6177
15337
11865
8185
3515
17310
7031
5807
4969
9980
15414
6387
13658
10337
16000
6548
7241
7363
15759
13239
5400
1209
9166
474
3311
8407
4596
7656
9775
13922
12826
17339
15934
5060
15210
16515
11758
15383
1341
2184
13196
11807
247
17091
12566
14695
29
1119
15354
7407
14686
4842
6171
12435
10166
633
8238
8152
17833
4745
868
9512
15387
7165
9735
13155
13950
6119
4129
3559
11250
16323
860
7785
4105
10723
15511
14484
848
1243
12462
5325
16338
6179
3460
12522
16386
10381
4011
5572
15609
9054
3863
2551
17452
3047
2431
16694
1940
15240
13728
3825
5875
15722
1229
15509
16145
6820
4855
1474
14525
1733
2628
11942
11255
13810
2622
7797
6459
4562
5052
10597
7444
5110
3890
6810
17696
14260
3314
3441
14137
14377
991
914
10022
8377
14052
3654
12362
9811
7418
740
31
971
5839
10756
3962
5560
1116
5805
16540
2467
831
9027
2825
8694
5217
6460
6694
15428
12129
7368
14685
2044
1980
13344
2683
1346
14654
3653
16739
744
7108
723
4340
5394
4813
3870
12680
11484
11254
11180
15394
746
9507
13389
13200
15723
16148
9154
12842
265
17662
12308
3139
14295
4533
9992
10427
11735
3062
10404
17758
12458
15925
16597
10177
9563
13964
5223
10249
11764
13855
3947
2058
8086
6451
4922
3838
7382
8306
284
16479
10856
12147
11634
17562
7859
5536
14156
14123
9476
15833
17516
2003
5346
14242
11956
10431
15666
17215
12343
8235
12148
13831
11281
14766
3217
14543
4333
14085
10001
1003
10585
6853
9268
449
5295
11090
10247
2522
7199
11348
9033
8518
17295
17548
11323
7297
4483
10763
11525
16987
13130
4418
15035
5963
15349
10082
4042
14901
6659
9022
3799
10096
12743
6401
6358
10242
9494
328
2493
12217
15246
14006
17480
11149
8309
6067
13845
11054
15570
6361
13656
2199
3083
13486
5452
10167
14940
17409
5587
17853
5353
6094
16468
9857
3487
14973
10335
10391
16895
17815
6532
11401
17115
12693
4861
13767
10975
11858
4470
2859
14002
3122
3184
6814
4334
12275
16511
4450
164
17639
3199
5986
1319
7642
10732
472
1997
18
5158
8289
12181
5935
3114
6110
11027
5940
16833
17643
4372
6362
3744
16562
4529
11560
3548
13967
14903
1591
6825
9708
1769
3596
16867
6994
2485
17164
4644
7229
16461
17518
7047
10081
13216
17514
7748
8865
12974
13163
8650
11057
6006
17136
8313
17083
8142
6942
15232
1492
14914
15191
8223
2154
14038
14359
16453
17751
1449
3175
11819
13478
15606
11338
1531
10624
12553
11766
15352
11374
10104
7208
504
14612
6953
8531
3580
7089
17588
17182
4840
5074
9786
7264
61
11037
12429
13563
15667
4742
14369
4456
9881
12157
7486
10233
15200
381
6288
2412
13739
9582
15109
17312
12106
16195
4162
15539
14027
6172
10534
245
7937
13268
8603
8461
5121
8857
8924
114
10669
11442
17636
15749
2180
8455
13882
12534
775
12840
13401
7360
13132
12665
11915
6677
9238
16304
15386
8206
10740
9159
3425
2923
14609
4780
1133
11926
10070
271
9665
1018
4440
9030
9904
15119
10987
14045
8930
3615
17510
52
12306
5405
1389
11380
7884
3478
10782
12467
13004
11168
16851
17673
9095
17649
71
11409
17542
14682
13671
11036
5159
5624
10397
17042
7901
12192
5479
6478
402
5541
1472
8869
3356
9808
9443
1983
11617
4918
5059
3843
17417
174
9131
15437
7713
8526
6151
4293
17544
10459
5626
3845
15870
12410
3110
16230
10962
2599
15905
8013
15893
15294
9516
10527
3820
15787
13920
1887
8336
1182
17884
16202
12644
1888
13442
1722
9859
2884
2994
4763
9078
4056
5380
11024
8345
5516
15123
6645
5936
7880
16266
721
373
8186
6734
312
42
16209
14313
7196
12810
8609
4753
2791
732
13719
944
11806
5565
9099
1693
10983
16903
17198
818
11641
4830
9714
15004
7058
9892
6272
6010
11238
6833
2592
379
11967
12195
4439
3726
10336
2566
13549
3621
6108
12159
7061
4890
2559
14553
7528
1582
2547
7078
4321
5138
6884
13737
6541
1763
13954
6684
6472
15662
12909
11428
10333
13058
4433
8121
5278
16489
12650
4946
14028
15092
2953
7519
11754
7802
15766
2502
16701
1200
13395
13955
17558
1088
15207
8734
8020
4064
10578
4635
601
5428
7753
12984
10657
11517
17008
9819
8998
4978
5580
3115
8615
4823
4472
17813
14811
11301
1580
6045
7125
3002
11988
11673
16527
15868
15311
12854
12206
15568
10072
3452
14510
3605
7871
11534
4420
5171
4720
17846
1527
13654
6078
690
13360
2288
5785
6602
10921
14118
17571
17575
8337
3572
15548
11992
17794
16241
13189
7399
12975
11987
2499
6035
12578
10684
17262
15075
8583
10906
8667
1694
9487
2092
9329
5331
17216
7337
16975
15309
5716
15392
16493
13448
12510
17436
17695
15058
17052
8445
16182
5168
10882
13237
13859
17227
4509
11566
15310
15917
5354
12188
5582
15784
1485
2267
12365
6165
17253
14535
8642
13307
15247
1979
696
1741
3718
7796
11476
2189
5006
8147
505
3303
8597
7897
6461
16567
3082
1876
16993
2033
6629
20
13713
15237
7183
10416
16359
15042
10066
14825
7862
14178
14951
9948
2178
4979
17796
16873
7740
15553
10656
15836
16536
17273
16252
11274
269
16480
14546
7676
12016
6713
13252
3885
9991
13159
9764
12820
1067
7500
2760
6221
715
4059
461
16376
9987
10061
13681
9537
4791
5271
5848
1214
14922
1372
243
4039
7255
10991
1679
15639
12042
9504
17032
10835
15269
16539
3428
9495
17534
16067
14089
1046
9832
1306
10119
13783
11631
12313
15
2669
9552
1844
1612
8689
11032
12803
1337
16277
1478
13699
9287
16926
14792
4074
431
6771
2561
9529
3606
4415
1031
6285
1110
11742
17137
16946
4764
8444
2962
12645
3462
10989
7751
16332
144
7813
10955
17289
5192
12172
235
