7485
15401
16525
8737
3599
9129
8472
10082
2292
3753
2516
5480
12511
7782
12554
3637
4465
3701
12964
4941
8930
5633
7832
14046
6290
10405
8817
10016
15410
7977
6182
1481
4421
17744
12462
9711
8767
13149
12832
10850
125
4034
14619
16113
1267
1028
17740
13881
5886
5252
15190
14171
10986
10577
6012
859
10257
8592
8831
9153
8478
7842
16605
11603
15260
4011
7777
8098
13419
4560
15952
3051
9217
9687
6859
848
446
9728
16585
286
8661
5767
8769
7053
10625
8062
14623
930
16107
13522
7018
2529
4747
13125
4086
1753
11648
9291
12605
9094
1910
1893
15400
3169
14814
6800
5664
17
17891
5808
7541
6790
15205
3390
2634
13836
9941
12464
12109
13195
12740
10967
6403
2233
253
1987
6621
12970
14630
9072
17396
14608
14365
6047
1139
3781
4610
826
7468
10050
10893
8177
8923
15090
13367
797
2642
5507
5571
4327
9959
2521
3470
1348
5193
9321
15124
10687
16316
7436
8700
2016
8411
4985
15846
9223
10479
3913
10421
11123
16807
12327
14178
11555
16563
17352
5639
14476
16922
4763
10528
14622
1326
13935
4623
13274
16403
13373
9856
5592
6201
14748
15377
6271
3546
1726
16893
2909
5719
8236
9012
16677
5865
13278
15770
12536
16508
14235
7395
16943
10502
2246
209
15811
2082
9575
3323
5687
12967
10213
681
7310
7944
10934
13943
3112
9513
1421
4680
5677
1270
14892
13063
11306
104
10208
12430
8061
13518
15485
14323
6017
10305
10189
5940
1413
5223
6106
6929
12303
17392
11780
1694
475
17504
2106
5957
11419
3557
9774
2514
690
3960
4587
6813
448
7426
11232
2948
5698
17816
4409
14995
10618
16271
3857
15086
11793
2326
14526
15992
8120
12925
1076
7666
10384
17299
17386
10243
17328
14381
10432
4622
9661
14055
3009
8718
14715
4929
1686
425
6221
51
9404
13156
15560
10148
11324
2008
14921
6294
16014
15549
15642
11100
11106
3222
3431
982
12315
6242
11090
15257
2907
1641
16168
11383
10404
3248
7600
11339
4438
10722
13817
3720
9802
6512
9331
10805
13608
9609
9579
3835
8820
13059
12284
6374
16213
13323
10060
6556
7556
14463
13412
10481
16986
6015
16705
12863
9676
9051
12154
459
5452
12551
12721
10984
4456
13648
11789
14649
15069
14834
2032
1808
4166
10820
16493
2633
10753
3454
9218
12683
11165
6379
16340
11423
482
7136
6046
17377
2340
10578
15183
5302
14808
12012
4558
12379
220
4707
10593
11285
10785
14105
5015
2159
12628
11292
1550
7463
9035
1499
17613
16795
8479
8381
917
12051
1715
9075
13748
13257
8706
6097
517
2984
11786
17666
394
15201
16024
429
10673
16418
17770
443
14229
864
15239
4851
1309
7407
6217
1537
6028
2059
15013
15213
6211
11853
16772
2881
15740
13610
11102
203
17728
2434
2963
8154
1562
16725
2858
9296
15531
8360
3181
5103
13766
5641
11120
15406
4130
1406
2302
3427
2681
5238
4167
7838
16879
17181
12200
17659
11801
11357
3388
13884
12881
12860
39
11155
6237
4111
3387
3461
13338
11016
2707
1662
13653
17520
8552
8524
4189
4922
4893
14711
4500
3916
11433
825
12027
10215
14269
4779
4550
1325
4835
7762
1886
16363
16543
15048
14083
10358
5591
7818
12913
6681
9006
2095
14114
16513
12700
12321
5353
6055
6525
14977
14122
10930
8255
9335
13899
7451
1446
814
10902
14504
13806
16182
13247
15199
15170
2144
14610
15501
7021
13131
4777
16904
7086
3988
17444
17575
5635
14076
16036
7123
16808
4597
4899
5442
8215
2574
637
17687
5967
7124
10051
1296
5390
5538
11904
10777
3429
3233
3733
8
13379
622
6372
16456
16572
15821
11580
1151
8174
14761
16492
4123
4090
5570
1839
3245
13045
401
5398
8686
9602
14927
14774
4134
12222
17499
10350
13360
5621
13075
9436
5851
15381
17343
15159
8782
4915
8928
3357
11821
1901
12077
8320
11291
14878
3473
5911
3258
10431
659
7799
8225
1553
9776
14637
7282
13150
872
11768
6939
3802
15350
13544
12598
6558
13096
13459
7694
9336
17282
694
8899
2476
11442
553
12261
667
11606
11935
3264
10446
10467
8976
12807
16247
3526
1290
12413
10177
2729
5450
11474
9411
11887
9767
8690
5564
16929
13611
3515
6282
7097
7933
8405
5185
10652
11212
8563
29
14783
6364
13028
4426
6892
5568
17583
11787
5733
14188
3946
12144
17362
214
5944
4308
17590
16829
17810
3628
14574
17379
14718
17704
5983
5048
13472
7836
9292
4258
5953
2139
1735
7542
13532
13144
2013
2187
6073
9063
15272
9549
12294
9268
4495
8907
9764
4015
14165
16614
5607
4278
8148
14634
16818
15309
2745
1022
13722
1437
11549
10755
4481
6502
3288
6503
10789
11517
1898
2347
3992
175
4345
12157
11248
11982
1354
4360
14417
17014
14437
6778
2804
10221
12134
1441
16471
4184
17041
4661
7990
296
5948
2603
16668
13814
10040
8355
1875
3609
13764
9554
5483
10043
6959
8791
6909
8884
11923
8431
13418
14102
3939
10831
12791
7390
1502
2831
77
10136
9981
3823
7491
119
14402
8496
11634
13775
14330
5598
2468
3205
2176
2439
9969
1990
4771
4201
13641
11672
14867
13489
13261
674
2689
15664
7959
1771
9780
5401
10982
16536
13057
16581
17838
3229
935
6457
3721
12918
1899
5552
7722
7681
14529
14994
16553
850
11690
12062
11613
13358
13919
13510
10919
11311
15561
6571
6249
17322
11840
10896
7533
14956
14450
9898
17374
6370
8336
4198
14118
8095
17883
13139
8842
902
2687
1865
1049
1464
5116
27
8118
13187
1524
15936
9582
15745
15964
10065
11128
1252
8370
7643
10095
2501
9805
11362
2706
16268
8282
3519
2982
16856
13090
13229
7215
16412
7416
12452
7274
8424
13588
17697
1848
13033
15097
15318
15833
1977
14226
10486
7624
5360
4810
13436
14830
10703
4897
15951
5627
15484
3402
4363
555
15699
4091
17448
6817
578
3408
7165
14325
8736
5798
16507
15967
3631
16648
7263
2836
4169
15797
6429
9091
6048
3058
4497
11856
3510
12420
10997
9673
7810
14223
1046
4187
1229
15368
14877
16681
6538
6880
15989
14712
17161
11059
5121
156
12582
4292
4895
1940
15932
441
15735
15826
586
15655
15784
2688
15117
16542
12810
4943
3775
5080
7323
25
6471
2090
14677
12956
12259
17872
15095
10337
14336
6107
12360
3653
2320
15662
12739
346
13446
9086
12525
4780
13960
5213
8547
5106
16053
15929
7742
7443
16759
3792
16262
611
3840
7700
1210
15947
16139
944
14133
12704
6189
14655
10332
12741
7543
5749
3891
2354
15015
4242
16810
9112
5037
14578
15713
321
12899
9567
9758
7926
1133
17729
12201
1682
5771
773
15012
16450
9060
9972
14479
7171
6878
13409
17062
1851
10261
9852
6162
17260
5224
7156
15228
8636
4828
6705
12743
17852
13179
10937
539
17569
5181
9651
13115
10931
8815
2787
13391
12869
12569
109
9315
8818
6262
128
13710
12318
2245
16083
4846
3550
7658
6757
9900
3856
12788
1126
7706
4047
9963
2098
11732
5870
3750
8639
10415
9453
9324
212
13770
12400
13676
17293
11926
10881
9047
13996
7588
75
9966
4627
1393
9787
15938
10117
5117
11210
9090
1897
4067
4648
2297
9426
14053
4241
9837
31
2164
13224
15692
1595
13928
11705
7902
12800
9577
1163
4084
1689
8246
16698
13191
3301
138
838
14889
14937
8895
4917
7884
531
13635
9909
791
6623
9496
3684
5449
17303
6154
8117
7024
8689
12482
17306
3363
636
2782
12926
12681
13349
3696
4031
6460
10826
271
12530
14768
4992
1837
7674
2083
17702
17155
17553
9825
13372
12498
4568
15981
396
2597
13852
5631
8487
16063
4416
9531
17763
4676
9911
4054
13030
1554
4733
3580
9143
14988
15511
12455
2944
14313
8171
1801
4222
6494
12948
17113
11147
7954
5842
5748
9594
7405
10594
3370
12231
15188
3806
3583
236
15369
5427
3228
15438
5789
9399
9692
1065
15307
12316
15111
16461
5541
13921
1627
3144
10369
16071
16039
13024
14261
12840
5845
6260
2964
550
10718
3395
8247
17751
14197
3128
9505
9398
1923
4032
2588
6072
5469
1844
2192
10840
4692
16701
10183
10267
1705
6603
6771
4303
10325
17185
13973
939
2828
6499
2676
6798
17413
14034
10295
5596
17726
2738
7898
5665
4865
9329
2854
6183
3771
3524
13483
380
967
628
1342
8702
16925
3690
7809
16748
11642
8213
16817
7823
4022
13377
1105
1351
14328
12912
2000
6013
3725
6797
2871
1435
7758
10353
8343
7703
12290
3651
10627
3386
272
5717
11554
5351
4074
11465
6722
468
16947
4145
5188
5731
3394
17493
5404
3832
2288
7964
955
191
10962
11943
11279
17568
6358
12366
6704
17440
17176
12805
4482
136
7937
1059
808
5143
7164
1073
10782
16308
11823
4511
14683
13700
17658
11849
12448
17403
15961
7064
733
16642
13573
6883
6243
2255
9345
17128
17793
4752
17446
15243
9258
8670
15991
995
743
12962
13536
5729
7778
16464
5679
12458
17713
4571
13214
11043
5685
10342
3809
299
11321
16468
3892
816
7614
10064
6184
4869
7657
17292
10655
8861
8450
1442
1730
7869
12073
10392
6266
15654
15070
4254
9101
3213
8018
17677
3173
15874
7279
3986
5756
4361
17442
9
5501
11983
16672
4138
13882
11509
7761
14158
7037
12694
5553
8025
13452
1452
5017
17376
2116
1200
2839
16515
6578
4864
9177
6473
12381
6643
6848
15691
3110
11921
11713
15315
1051
975
3109
2796
2731
16330
6823
15432
1177
6610
8606
16221
5027
918
17594
17233
5332
14300
8175
2152
14210
2834
2005
9265
6772
1312
16641
2067
9330
12050
16877
5038
5249
1213
76
7574
6466
10228
15682
5923
7234
5373
4479
12699
5315
9823
7450
15476
2536
15366
12339
2200
11889
13382
7797
15609
15361
2898
17304
11910
2705
16846
12625
13402
7277
8949
16362
12056
12896
10838
1181
5221
727
4005
6688
6234
629
11200
6980
11332
14969
13308
507
6665
2888
15862
11966
15775
14560
8892
14785
13430
4105
8777
8626
3166
6567
4250
584
10348
6226
12141
7708
12353
11275
15300
17394
5092
12826
13537
1232
12255
15043
7260
13567
7039
14540
6010
1608
13381
12789
8361
11665
15
16121
11274
7738
16472
10952
6310
14545
8660
15980
440
17825
5778
6119
10500
14685
17015
9441
15439
2509
1896
17512
10759
13441
15478
1883
13137
9374
13490
5134
833
14380
11619
3392
15581
10287
2945
7030
2892
9573
4863
3334
8305
9302
12363
7091
7582
12150
5295
8493
9301
16514
15926
6860
3980
13517
9768
5192
2407
12025
7396
13985
9596
8917
9172
7553
16591
12849
11223
10480
16483
15396
10964
3854
2020
14903
17346
5081
7930
8422
13563
11893
4357
7690
9784
10100
1597
8349
12438
11762
2236
16335
11139
3031
8843
9937
16666
17809
4499
1036
5448
13967
182
17673
2078
3042
1043
4442
4225
10244
7980
931
17268
4181
3013
9247
9733
12071
924
17089
7932
11241
10600
16500
942
16051
15498
15306
17135
16592
395
7131
17533
12320
9120
8190
2715
6493
6915
16200
9948
2173
14533
11837
9347
12710
3003
1155
3141
3620
894
900
2635
13301
8511
14864
3269
3669
16710
9341
16835
1504
8438
3601
15494
7950
16341
2923
1411
4326
10349
7628
12892
15865
6588
13466
13548
9253
4641
2817
11259
16662
8173
12610
17384
7312
204
12395
609
6611
4953
2006
2818
16309
15002
4540
15510
11539
15053
17682
15486
15198
16988
6399
8261
3125
3364
6100
11418
6303
9947
7184
2423
17698
16733
17834
4876
8681
4355
17316
13048
6387
5790
2366
14841
16290
14202
8957
7284
3488
17119
2528
15779
9657
2422
11915
7109
7377
8869
12556
69
9479
13651
14431
2609
11073
7751
626
17385
15474
5395
14924
8530
13707
4592
7387
13789
10619
279
12988
9414
12762
1528
15078
8059
2895
5625
16034
61
15336
5642
596
12943
333
8150
3333
17800
1811
1242
304
16211
143
17347
14798
10052
15721
10562
2752
7752
12759
12825
6967
10944
4321
8696
10259
15347
6738
16703
1078
5918
13631
15782
9973
4994
8849
259
2545
4549
17684
544
9503
7072
14153
8543
9734
17206
12701
3115
866
4997
10803
9076
2474
6614
17058
7523
7219
15684
14221
11081
5515
570
2773
13016
13216
6054
13870
10318
10021
15822
11182
6947
1420
2703
5374
11481
10532
12352
13626
6096
2527
5651
16848
15986
2976
8556
14099
1330
9279
10799
7419
11844
790
14627
3440
10583
12906
10115
6129
10726
10688
6657
10848
6338
8325
6391
7737
12644
1738
7475
11964
7467
5998
9274
17530
7449
15195
3289
7225
5281
15187
6014
12467
12461
1292
3043
6345
9706
11815
10521
5247
15461
16106
2684
8035
9034
9444
14
10980
15730
15910
13746
14342
9334
4231
406
16775
16487
13425
12562
14646
7686
3833
17796
10624
15849
10339
4186
11288
12757
15830
8303
17295
2239
10608
5317
12337
4455
9980
13693
15060
7242
2069
868
14205
8528
2802
9884
246
2691
13062
16081
11427
17474
3355
4768
1161
1634
10104
4996
15301
10841
7511
12528
12507
9535
8760
15693
3175
6989
323
5848
10036
3798
3480
7712
12501
11461
3572
6207
5215
14145
5415
4444
6877
8283
14353
6912
13822
919
8416
11584
14835
15417
1143
6095
1336
5504
8901
3024
13906
10329
1824
17645
1796
12567
1134
12172
7406
8566
8862
17086
5130
8828
6695
16926
7035
13499
8789
1027
12281
13233
12576
520
207
4632
8882
6948
3994
4866
2862
97
5059
4709
15794
10319
15739
7102
8094
4033
14635
13776
7350
12257
2281
10093
4203
15142
14664
11811
12603
16671
241
6960
6042
8295
1029
13507
369
10897
14002
8122
2408
11629
14078
4282
2893
7572
10397
10516
8898
12095
12345
10152
2526
3276
13327
5364
6581
6752
9390
14786
14322
16910
8393
11146
1783
5624
10989
3029
8324
13987
901
7033
5932
7330
6021
8586
5190
10696
13422
13213
5070
12692
5008
13361
14917
2290
17010
12861
11070
534
3709
9836
3543
9490
4380
17681
12573
11901
12857
2866
9920
7428
5952
4232
12642
6434
618
8920
6660
13792
11402
12180
2852
414
10956
2860
3309
4052
3837
17837
6832
15790
9037
13302
8377
10766
10334
11000
8420
9678
3622
15379
14858
13584
14240
15763
186
11412
8510
8879
2716
9543
9266
6439
12587
13210
6193
12845
10188
13807
7089
1644
1622
5941
11997
9701
6492
6927
13855
4825
11792
10630
9328
11029
14352
1619
9709
3816
5378
7153
13609
6456
15189
11954
5765
17824
14022
9667
17831
4259
210
11533
617
9932
13399
6697
9068
7901
8409
8873
6639
5873
17294
815
8116
4626
6214
4939
10622
4938
8317
15652
6428
14137
847
2674
13570
11042
15553
16444
17696
6197
17116
4580
14519
12500
9373
3483
698
10062
1601
4546
9447
10569
8841
8784
12871
1813
8294
5869
13911
3366
11589
405
11758
13778
11951
16031
7720
8912
4737
17688
1500
16438
16781
12537
4750
16921
14975
8337
15897
14865
3998
14485
8531
4247
240
10158
7755
7417
9626
3275
11409
1302
1538
17207
13858
179
6441
16484
1511
4787
16060
15566
15238
14239
7438
10636
13385
6361
6376
1021
1513
15168
1937
15868
17537
16476
13771
6216
3978
14746
5766
2780
16479
11225
2986
6666
5946
11627
8981
2119
5313
6123
5053
5658
5214
719
8128
16754
1685
1930
12999
12708
15629
7048
2506
16115
6825
5293
1806
17105
5605
5078
10772
11971
5085
16524
13501
1790
6320
5655
1478
7892
8004
5856
10125
15587
8946
7459
3344
10163
7019
13922
1986
10376
4831
12279
5981
142
1845
7730
9001
14169
2045
8640
17040
4663
15838
15135
8043
1996
9141
15063
1585
17503
660
14696
13356
15009
2167
9297
6669
12136
3272
17455
14280
10524
11459
10742
6749
8520
14014
1409
16576
80
7186
9718
15433
696
5227
6114
11159
16070
16011
1487
17094
1864
3791
890
5522
2399
1939
14494
650
2328
16646
17122
6133
13091
17344
1610
8997
1823
13335
9895
1793
2230
4296
5580
1572
11435
11152
13763
5119
11731
9005
1549
10839
1716
5316
14462
17626
16626
11592
16776
6109
17709
10211
16174
7701
13583
16749
5393
11638
9789
17156
5076
6186
10489
2983
12232
9548
7326
10690
3582
15903
8932
16859
12218
16838
14940
12181
14581
5630
10513
2621
10416
8707
9378
10615
17130
9417
2217
6693
10818
7119
11812
10922
4027
12984
11381
4322
8794
6273
17529
10670
2019
1097
15921
6227
7888
16862
16320
572
62
2314
4923
6470
1966
8403
9782
2456
683
16125
972
7699
8267
14116
5606
12481
15487
5714
9675
4826
126
10379
7963
4078
3789
9653
14591
4619
9025
17110
10402
11177
16964
17043
1909
12441
15426
10711
12338
17867
14415
17798
8469
4142
14611
12515
6001
11269
133
9029
3516
10199
59
14042
6835
17805
12978
17592
14017
327
5705
2424
728
551
1214
10525
8634
14859
15467
12801
17705
6829
11336
1834
8999
17383
64
14672
14599
411
153
9925
17044
5325
17561
10646
12021
4564
16494
12155
8658
1954
10331
3190
2663
1314
8961
2301
15607
4601
15760
10044
10112
1828
6334
4695
14952
3176
10845
3747
5827
7154
1794
14012
16803
6930
12404
11511
9841
17762
10089
10550
171
10128
1887
16312
4226
7175
10474
4958
2488
11013
9332
16250
5659
12512
354
15141
8840
11036
1119
282
8644
14773
2480
5385
4725
2979
13657
15244
6180
7031
4385
17265
4903
7311
16967
2343
16188
17615
12453
1934
17088
16346
802
1137
10371
12856
9527
8425
3294
9246
15744
12063
7951
10378
7603
8085
16968
14884
1243
7565
11512
8023
10876
10003
16522
1096
14436
8057
761
15736
7315
9359
9529
11
3918
5063
10126
11903
9248
17634
17890
4980
16516
7104
17189
1223
14506
653
12895
1131
8036
13833
10623
7607
15798
2889
15297
11734
2617
1239
14340
11806
2599
16336
7952
2805
10935
4519
5537
316
17005
7866
1486
2928
3549
11391
10413
9067
11630
3636
7329
15942
12378
14949
15657
7125
15499
5723
2172
2829
9545
778
4394
8357
7271
1460
12717
11251
8159
15370
15365
2733
265
5158
14602
16275
14639
9522
3398
4126
13292
2547
11318
5284
2619
15918
14829
13039
9806
2539
5244
13979
10069
964
12409
16997
11076
13352
1933
3278
17745
7095
4338
11411
7429
12553
14626
11668
10011
14982
16699
5159
3207
17305
1997
16534
896
12793
16155
14777
15919
16889
13553
1301
7575
2614
8527
7266
3056
17721
178
15944
11802
13285
1577
7462
15728
2781
9190
86
15891
9858
8385
2853
8927
12447
7763
17685
16549
13232
14638
218
3302
3597
7422
1035
4937
17300
7480
15338
5924
573
264
15956
7515
16945
6789
4248
6291
14958
10981
11716
2712
7759
11156
13846
2616
1102
16296
15371
12935
3282
105
4529
10684
3564
1191
7858
16228
1919
4536
2743
3249
4341
10201
376
9695
10022
16278
2549
4853
2563
1092
6767
16475
7611
12015
2987
16830
10835
5783
11568
1516
16318
15148
7667
6870
3586
2426
13009
5811
7174
13315
10298
5264
8009
12946
17593
7122
15144
10462
15719
6887
3162
15729
16235
4285
13035
11996
6251
7728
6624
2021
1583
13410
14193
1110
2553
4305
6819
16486
9281
3658
7325
17084
2513
15879
3547
3407
1098
16660
1748
17657
10169
11276
509
10119
9953
15882
15575
13398
14997
17601
9180
7808
7256
3064
7767
5578
7140
12633
2451
14284
3866
2894
2232
70
6550
12914
9158
10468
13580
8020
2315
12059
17147
3773
6438
749
5561
17817
2049
9131
11228
10939
10888
1360
1872
9499
11020
5275
15299
3604
16758
13886
13453
17722
15529
10263
2202
325
4711
8703
251
2120
2151
16579
15169
15665
1140
14019
16248
16287
5467
4687
6063
15354
16017
16094
1517
2330
17245
3805
16640
11984
4073
14154
3624
13915
7092
13253
1172
16983
15962
141
12872
2100
8778
6866
10015
6127
10447
12477
5657
8730
4666
5935
16400
6952
7987
11095
2346
13264
11744
12406
2138
2371
9184
17144
16064
11005
5683
8647
7190
8985
15281
8068
9721
12313
1047
3493
5079
6999
6172
600
17772
6913
1370
1719
13465
12886
10534
1152
14038
15536
979
9571
6633
1067
8293
750
4704
16225
1925
11027
11928
10943
16136
10830
17591
17329
4443
1276
12522
17211
10983
11089
17188
1858
17366
17087
12848
14629
3434
2990
15677
12950
7641
820
5400
3917
11900
14820
4143
8761
8501
5259
15393
5166
2637
7562
15295
11785
4505
14371
9482
12212
8667
1121
542
6984
14040
4099
379
17447
7671
16722
10861
2009
5529
14474
7464
615
10549
10001
13244
4049
880
8037
10621
14514
6808
1747
989
12574
433
16679
8979
2344
1791
6115
8258
7061
16202
14245
12364
2612
4881
3664
8762
6335
17274
598
7414
1758
528
4521
2798
7478
7057
388
3184
6426
11246
5816
13160
4150
13559
2582
6690
6113
2425
583
11289
1283
14166
953
15451
17070
4283
11372
12207
3605
10883
14869
11299
911
6557
17880
8708
15593
4365
15753
11866
15905
7073
13636
13618
17298
7794
11953
14886
17227
12698
15551
8795
8241
2929
9102
7811
10478
12055
11871
7306
10975
14810
2728
863
15223
9986
14398
7899
4267
14908
12104
12288
1981
65
7618
9100
2723
4839
4708
14434
984
250
139
14314
2208
4046
16583
4063
9883
11227
15197
2786
8227
3674
12571
11756
3150
11881
9349
8136
5148
6324
1605
11162
3341
11797
10812
11382
16700
12346
13498
5216
3829
14190
3106
3283
9142
13357
17342
2276
6069
17255
14900
13632
1509
1363
1115
16786
5266
12249
8504
16298
9997
5090
14304
3697
9739
8728
7518
7473
10817
2954
14775
1581
15504
13945
1766
16870
8256
7551
9316
7006
6500
8263
5682
11507
3531
16465
9161
6925
6751
3216
12087
10990
928
14713
14866
6315
6111
3612
6954
12423
213
17736
3737
15746
14993
14423
5361
6804
2600
1756
938
7978
14743
922
2946
11360
16300
3514
10475
6850
131
15824
11534
2673
14557
530
785
4195
17190
2575
2412
14724
13026
10612
17045
11103
1011
15583
11078
15457
1294
1816
7231
969
14087
14984
11179
6453
5307
9382
2879
421
17225
8859
1026
16277
3727
9396
9993
11950
17712
12253
6995
13767
12045
1869
7168
4386
11830
8715
15193
8498
13732
11525
3191
7623
8440
15328
13008
2618
17404
16018
8032
11329
1540
6715
5328
14387
3450
12891
14337
17741
4135
9887
14471
15829
10167
14201
349
5289
12271
2912
17217
10779
5122
2695
3755
8125
15717
5477
968
3381
2611
2885
13668
13053
6049
13313
6586
4789
3499
9812
7188
9360
13404
6388
10748
3292
17577
9144
3793
14030
1410
8749
4094
10160
7760
5265
4974
2470
16517
17459
1066
6532
16134
10745
5406
11529
14998
10438
17674
7393
8597
14872
165
15226
4429
10849
16085
8482
11125
11249
4572
2114
9133
15021
5579
2737
4565
15074
7935
16254
10674
16037
6465
13262
13637
3838
4854
211
6916
15795
5933
978
13017
9448
4089
15916
16739
6156
15702
1063
6384
577
2158
2585
2641
16240
9137
4053
9560
4900
15113
3767
14805
6212
4410
9346
1372
177
13726
1861
2806
8933
2374
12108
15214
7577
8977
13736
951
15262
16305
15612
12326
15971
9610
16606
14370
15520
3457
15714
4070
3842
4337
15075
403
12737
2437
13491
14050
15071
5035
6593
4868
2810
14247
17238
7769
12637
8364
532
4964
14324
13595
12129
14109
14972
16690
11604
3011
5885
10435
2002
17149
2454
2044
15399
3508
5840
15224
5904
11287
3468
14482
13802
15025
12593
6440
5465
15912
13067
10020
6009
10174
17016
13560
9061
16381
12374
11891
12092
9405
13981
9979
15848
7327
9175
2665
3462
15585
2060
2397
12957
8086
15618
7527
10716
3929
2289
5546
9169
1640
11577
9437
17061
8560
8974
7918
3271
16179
2042
12568
15537
13757
3871
9507
608
3702
14596
3038
12187
14822
17284
6735
12653
3936
11867
10030
6635
13083
13163
13162
8534
11654
8204
7786
16324
5882
14089
8793
13384
9081
8223
13417
5413
13823
13064
5231
11633
8373
16903
11371
10738
12274
10176
13040
15756
10302
16630
6998
13777
10153
4736
5446
619
6252
3680
13795
14192
10198
15547
10293
11929
9173
5958
6169
15857
10987
3902
2926
9744
2091
7210
4557
602
12749
10191
1025
15114
11663
10157
752
5387
10539
4877
1171
8679
9840
9982
5992
15514
4912
823
13267
12276
6994
42
9905
5154
1713
8807
8529
15876
10568
603
11676
1496
9307
5258
8931
17124
13392
11875
10689
14763
16246
2956
12766
3804
5324
15799
6016
10443
8017
3208
10470
14688
1775
957
10669
5329
10691
9042
9458
1081
5929
7447
10844
10616
17398
12682
16742
14345
1853
11973
23
5987
11149
5804
11775
16518
6756
8192
5830
13307
16315
12128
1127
1749
5916
14691
3933
15901
5526
800
2043
9451
12177
2382
14294
13248
1728
1972
6351
387
15747
13850
8584
16360
3942
17887
8618
7826
8299
12609
5913
6062
17618
12297
5622
4931
3652
7538
8185
13070
5363
17375
7172
2183
9198
14064
10732
4596
10280
16915
6410
4085
13006
16189
1564
12972
134
2601
10680
3588
8500
11480
13571
16702
4107
529
4970
6170
10023
11862
4718
6898
15251
350
13812
5661
10279
6253
5233
961
756
3555
4554
2702
1268
16503
1383
17753
12659
14298
16747
6822
10354
3443
887
7691
10113
8568
5219
11596
6644
8983
16909
7155
12687
106
2988
5388
17735
2826
6555
14285
7232
11538
11033
17171
5062
14218
5720
17279
1921
16001
3643
13432
6746
6431
5861
1408
10330
3171
17194
13887
8629
6436
13615
10971
3251
8146
5409
16971
6566
167
4431
6851
13658
2241
7257
11805
2174
17841
4523
15669
7610
14458
10449
17758
5105
8835
12368
1877
16802
17354
3135
11909
13834
2623
6908
6728
7915
9528
16351
14891
17706
7904
12156
6769
5257
9817
16618
13198
5093
10678
6958
14397
7261
16023
1306
5207
10776
4469
709
195
2325
5753
16694
9868
17177
8054
17879
12695
2324
7307
16402
6487
1599
4697
2345
10410
11572
9770
8610
94
8780
2803
276
3310
11281
10224
10453
15706
2578
5135
6788
4214
13871
16578
8972
2111
11450
3113
11366
14941
1466
10448
2149
13667
11124
9995
14769
5710
15308
1938
1040
6917
669
16985
17789
9064
7921
2967
1221
10236
14338
7297
4295
1433
15068
11310
402
1546
15250
9147
15786
407
7514
7020
2722
4819
2651
13092
1069
318
82
1838
8800
16130
8124
6462
16528
11216
2899
17422
3877
5383
5776
15428
6463
15931
1443
9542
1642
15622
1485
13947
17839
497
15828
15643
2101
16122
1350
8945
16917
6622
2576
8604
6179
585
7013
1056
6306
2143
12310
3976
6839
994
7631
2710
17454
130
7367
10719
17678
17826
17033
1389
1582
11721
12570
8279
10701
3037
6706
10096
12921
1724
3630
14668
13521
4905
17893
8617
1658
14618
7346
16631
8238
6057
12608
3048
4307
16959
15014
16384
12164
3353
6961
3863
7454
11489
1745
4276
5947
16523
10855
17785
3177
5066
385
16022
4907
12541
16792
1125
15380
2057
2278
2901
13562
15671
13640
6044
16832
16149
11704
4706
7159
13827
13383
5897
4914
15464
7852
309
15896
13073
9616
1667
5595
3002
842
7785
14850
15233
576
15985
4051
1613
15123
10914
13153
8083
450
4430
11527
6582
1890
2672
5847
17174
4464
12604
11682
5375
13720
17165
3714
13708
2333
8967
16032
12771
4209
5892
17767
4281
4297
2274
7244
4862
14710
10626
10955
7385
2332
4703
11897
6215
14404
7388
12959
11955
8987
16386
17844
13730
15995
6604
15210
3779
11280
11684
6280
9684
8089
16991
15356
5204
15491
692
14778
14779
1112
7273
9878
9443
9494
6922
16269
313
8034
6256
6675
6723
11522
15155
4012
11773
11171
17142
13821
2668
3347
13310
4512
17717
12433
17034
10969
6103
15777
1830
11333
9913
16691
7800
15888
4880
1404
14644
11008
2154
6935
1723
7445
3060
5410
2351
12620
563
3530
14272
8962
12817
3707
13284
10216
2911
16935
14068
14044
7213
806
12197
11709
6007
2855
11804
2066
16780
17544
3131
2605
3494
16644
9073
15248
11686
5773
12103
1317
5770
16273
9928
8673
1820
853
472
4806
17140
2421
15680
8837
2303
3308
12751
4509
14943
14549
10427
6420
14303
17486
6867
1709
17400
10178
3414
14141
11488
14254
6940
10057
3077
1257
9910
17489
14588
8427
3537
12003
8973
5609
8019
1698
4381
5109
10496
14228
16117
7394
12934
6274
7653
12435
15871
2848
7370
14362
17557
3646
1551
4659
3724
11046
17289
17746
13905
2113
11552
12351
1017
11458
16753
960
6574
10430
7220
10558
10784
11798
1493
1166
6857
3070
17098
8986
3235
224
8554
12082
17794
3447
10407
6631
4206
5236
2556
4799
8497
11696
3535
16205
15696
13011
15497
16791
16633
13320
14043
14693
7605
10542
17291
17547
12583
3860
5056
12325
16658
8770
12359
11841
6202
3464
4786
4584
3469
16539
12185
14472
2856
4932
7805
254
8058
10610
1803
8172
3579
11677
7665
16147
13552
10705
9730
8198
3047
6064
14084
6993
8414
13917
1490
16105
2150
2322
3677
8387
1904
15303
229
3907
2940
17388
6810
6881
7448
11387
7677
5074
16313
11969
17766
14091
16199
8838
8365
1345
15455
13782
9299
14071
13159
10796
10873
12540
15807
5779
1860
5699
4790
17854
3760
1559
10809
2189
15630
423
4299
2085
16178
8342
11847
11453
12324
11591
13245
15343
13545
12529
13844
11467
6793
12607
9518
15506
7276
15820
15470
16441
10963
16135
12029
10778
11196
1167
888
4788
13374
3100
8763
15067
12459
12866
8462
640
6845
11056
17545
2558
1222
8772
6701
11678
6718
4148
17851
16126
5801
12756
17701
2711
3017
3423
9300
2500
9989
6634
3562
7746
16949
9988
9418
4060
15734
1961
15192
17203
390
1386
8072
17035
16757
101
15602
9945
10382
11735
9501
4390
11058
492
13893
6978
8714
8578
2525
13044
17432
14676
10649
1340
13211
10041
9943
6580
1184
6383
442
8733
7497
3926
12162
2930
7340
11658
15137
15011
9053
8211
16485
721
4926
8900
3053
5276
28
7034
17556
15418
3105
17182
2769
17641
7820
12145
9146
15212
5721
13500
7740
11315
2040
2997
13623
334
9369
5617
12510
11674
4457
15136
15651
12565
8111
5082
2670
15449
5157
16089
11919
13969
3412
1068
12142
8164
1144
14502
14682
1006
1821
10556
12748
6938
16496
5179
11920
17127
17069
757
12785
8441
5345
11193
1034
7322
10092
3420
4437
16428
2686
9532
6120
3415
6522
3477
13330
2496
15024
10884
17803
3924
13052
789
6760
2489
9562
13993
13634
17024
4542
1993
4644
15562
16584
16619
16627
11513
4675
3270
13540
11325
5370
73
11992
4517
1498
14386
14990
13223
16451
12470
10182
11204
10567
14804
11609
3039
14160
3200
1157
3901
2783
1989
9079
11671
17251
14582
13439
17231
17380
12706
16406
3227
8076
14207
2195
1704
228
1186
676
3081
10180
13695
8756
7372
5780
10464
14057
12334
9009
2254
4720
11250
4599
2935
15856
6356
11436
5878
9833
17779
12038
8638
3325
13829
16329
11422
5417
8765
16923
17464
400
15030
10695
16867
7476
3869
12119
17802
6587
3281
14902
11484
9428
13121
1395
15040
12835
6181
5279
3987
17488
2620
10842
7563
14253
17752
10070
6674
1532
1733
3152
5942
15364
4791
15650
10889
6077
15505
11965
17162
17651
15772
17270
17859
2680
8445
5829
14957
10948
718
11598
11014
4545
9078
14811
4025
12752
6176
3923
9741
5674
7149
9306
7969
15215
11088
8628
10237
12823
16281
5960
4693
7203
3780
7347
14496
2994
1995
11885
3808
7682
5866
2331
16317
11407
6389
13025
4240
14888
17632
8181
15383
11895
12098
6990
3501
2649
11999
12295
2902
7008
9880
7197
14802
14366
14951
5884
6068
16209
4672
4679
15814
6672
13401
2401
16098
6569
11646
16131
6477
14081
11651
419
11053
7668
9206
3389
3897
11018
10856
8048
15616
2714
10482
17199
15291
6292
10184
10572
15052
10083
7007
13286
3400
10631
10314
9688
8152
9489
10166
8545
10399
7289
12508
3785
15831
5438
1449
16774
9350
14585
14006
4215
7196
17407
12809
12722
10010
5893
6734
2679
1142
15023
1521
5137
5623
1805
13151
13662
6482
5569
6332
14086
6733
1211
12139
3496
15640
8481
9149
5239
5565
3391
3498
4537
6573
13394
2939
5126
15606
17549
13986
1891
5594
15940
5739
9463
3607
11117
10592
11475
12838
1833
4657
5072
13753
1422
857
8109
11617
3086
10886
9243
15408
9348
1333
11352
593
12024
4328
14388
10297
14695
11487
9461
6638
16504
14011
11838
9459
12794
2698
7592
2765
17021
5652
8521
12745
5002
15419
1160
5660
2775
8214
15659
840
5761
13952
11761
8851
16970
11104
15101
2215
7133
8015
10246
11635
7362
2264
3593
9601
13470
1895
4722
7106
7885
2874
4605
17019
12385
14589
15028
10035
363
7535
9320
1789
4354
11219
4925
12851
13480
10644
13941
1376
4462
15313
9516
13047
3197
13601
15488
14421
11284
14310
10203
4801
14162
10921
2404
10155
15646
17436
8924
1439
4520
17201
9793
12399
17117
16512
12907
5912
15158
9028
11820
2473
15751
4314
6992
11505
2917
16463
3316
10656
14483
14288
12213
13592
560
6741
16958
3676
2936
7470
5915
8850
15031
7038
14307
5821
15675
5286
7058
8616
15493
9464
15182
6814
16604
13046
16624
15548
7678
17479
16049
13197
16328
8005
11661
6418
7105
7032
7552
11941
15039
8582
16176
15567
13155
10179
7519
15294
4983
8876
1159
13596
8417
14986
1445
7446
15576
10995
6142
17159
4273
4522
424
15698
6229
3136
3846
12602
4080
9431
4936
15278
7922
7994
713
13421
510
10140
12617
14299
16600
1703
2130
7848
10604
13240
11457
582
3768
17892
7846
881
6921
12963
16164
7348
11096
7634
11873
17278
16184
6322
11791
5326
948
60
489
13238
5629
1107
10683
10492
14274
8298
14495
873
17022
13081
3830
4494
7993
1343
1444
4127
13891
9797
168
16868
15867
4945
13204
10576
8801
2450
16027
11740
169
300
2484
445
4191
9643
8081
14026
14620
16430
1
2869
15339
1556
15521
909
17115
11468
11542
17046
3826
15632
17418
15796
4504
13550
7237
6305
14394
5397
7253
7183
17526
12124
5557
5412
11445
10118
16294
2282
12120
5688
45
1629
4009
9070
537
6696
14885
5292
5463
14566
2661
17881
5540
1273
17885
14923
15990
11944
14433
11138
10212
11746
15185
12322
10523
6630
15447
8228
12652
8395
15032
1570
6941
4213
17208
17220
14067
11523
3870
15641
10758
6777
2593
16364
5996
378
4608
616
16455
12132
2820
8163
17496
14173
908
9484
5518
16481
3393
11202
13828
5612
13885
11537
4454
16371
3093
14184
6337
11085
4888
13555
3435
5543
1148
2537
12709
2104
2724
10103
4830
1154
4603
17747
13208
9287
5815
8477
14569
11377
13976
11832
9946
3206
12014
12122
3365
8406
16735
12096
7272
10395
4473
13256
5180
17215
14657
5306
9014
16377
4630
4141
11616
6965
16548
15993
3667
1545
4883
10388
15344
9827
2339
14373
11238
9756
16547
15312
12178
12836
7548
16551
17431
9152
519
13485
10143
15524
6685
13079
3723
17068
5917
3148
16719
12545
9696
5171
2329
15568
14976
9504
16990
5671
14271
12018
11351
6974
6086
8512
580
1798
11131
9639
11930
3008
5111
6078
3991
7189
5174
17764
15972
2648
15535
16068
3463
6139
16636
13589
2767
7211
10909
15008
8102
14518
7780
11892
14803
17222
17510
9656
3849
4362
5161
9030
13023
11588
17378
7817
9820
12630
5894
274
12484
12245
17131
9552
13192
8161
12370
150
12868
6716
4334
11695
11908
10760
1039
5906
7796
2432
6944
1973
16498
15710
1660
10712
6026
4402
8179
7544
824
2610
9093
16790
14475
5867
16610
1010
748
1225
9358
10650
10088
308
10154
9990
1083
5499
631
8829
16770
5439
17776
13413
6560
15875
12733
8063
3784
3164
6988
6662
10520
12486
7615
10651
10522
14607
5689
16529
10230
12328
16924
10266
12116
1099
8193
9746
1606
5429
5237
3795
1394
2455
5874
12175
16977
16422
11428
15883
8902
7169
4048
16697
10978
2445
15886
13217
4411
12240
6198
10961
10356
7729
10708
11877
11499
6413
5005
4611
14971
14817
15050
1072
9080
12595
1451
16669
4566
7469
1332
8984
7424
8077
5527
1024
17860
14194
15988
8905
9715
14537
10471
9098
1419
16167
2357
929
9222
7317
9220
15026
16622
13820
12606
14443
17200
12850
4690
0
8473
1674
6901
3005
4842
1702
14738
571
9419
1752
10284
1529
12904
3518
7056
8456
1431
3801
15288
12858
13773
4407
3298
10205
1953
9356
12000
17716
1224
16639
8827
4131
13803
17667
3090
8401
13101
5545
10917
12517
15191
7581
13554
7850
16540
13471
3585
16137
7176
12882
13225
9381
7314
10122
10754
2719
12493
3844
9611
8908
10144
15909
6597
16538
16358
15999
13781
478
1952
12204
7707
10499
10420
10346
5875
16337
6443
4024
17515
4204
9854
10422
3254
6339
2058
3025
7364
812
17846
855
3306
3513
527
17381
14058
15743
9134
1203
15017
6782
10463
5131
16347
12495
7399
12827
2921
9240
2157
7017
16352
4249
15472
5910
16919
16714
2694
11368
15327
12189
6359
16785
15970
8050
11460
16491
14919
12945
16738
16080
7302
1282
15333
9432
1447
13454
12992
15349
6854
9929
9893
2814
5510
17244
16359
1044
6188
15839
16148
14612
17051
1555
15388
11169
15913
6407
7324
7113
5523
4146
6116
720
16751
7655
14232
11142
1773
2182
5974
13138
3436
15340
10006
494
13681
295
5855
13533
17235
15766
16388
14432
6213
14558
8292
14252
16779
16966
56
14945
10307
4972
9318
6679
11201
13043
7493
17056
4367
9057
5858
2779
16030
3022
10907
594
8803
15660
359
16292
4446
12588
13686
704
15508
338
4072
17451
1399
1170
9314
5880
2161
9352
14807
11313
10042
15016
13701
8224
11009
10045
4524
3261
7471
14100
13830
8659
14320
9311
8491
15259
6841
1185
12497
17030
934
15462
9313
1815
15708
7014
10101
5637
16565
13727
10241
11477
13128
11839
13742
4591
1260
7815
12300
10707
774
15571
15323
612
9293
15783
10561
3285
11256
10836
4171
14136
1868
10751
3539
9191
11934
14992
1949
16502
16509
4971
10553
818
14293
7739
16706
8729
15563
6568
10105
10286
4104
1426
10151
3291
10714
11370
14846
3359
13799
12995
14082
6373
15164
2073
5225
10008
3770
5805
8779
9016
5656
2639
13078
2604
2441
6137
11599
16743
16649
16809
7905
9150
9366
9264
4165
13530
10535
2900
9765
1168
17754
7392
16793
14965
5113
5368
548
12034
1288
14838
4057
8709
10127
2395
17249
4749
8938
6729
1303
15221
2088
5352
10403
5768
13744
2736
6700
13901
4071
7308
8368
339
12035
17707
16038
14733
5095
14722
735
2658
5490
3783
16436
1639
9729
4043
10996
12559
1458
3284
7068
7152
3810
12473
4751
7723
16306
4951
6846
3945
8100
13365
430
6353
3559
3573
11065
11224
12391
8001
4486
4056
12621
10547
3731
739
13926
11991
3504
11161
17360
13328
15302
15254
11469
5693
2210
12953
2890
7595
5636
4646
5900
8356
9619
13415
14642
17198
13364
9672
16044
8197
3977
6799
5054
3354
9160
17011
4976
17060
13141
2402
6950
14181
17475
6498
5396
8065
14242
966
17340
16055
16397
7806
1430
13847
12350
6530
12211
12251
14935
12130
6371
12974
5746
11717
3257
14349
8906
13103
11282
15004
8437
7507
14023
16234
365
14653
11083
17656
9410
11350
6231
3174
4654
10019
15709
688
17315
174
12361
14564
15387
8724
2953
8834
11783
1263
13687
3373
3336
3527
9425
11471
16079
437
13287
15590
3908
13438
15477
8421
10077
11039
10316
9156
11865
16556
15076
4586
21
4647
11932
15603
4194
12365
16806
315
1308
13215
17318
16961
15584
490
2367
13147
15597
14875
14470
2055
9563
12760
8434
477
4172
17267
12898
17125
17733
15543
10074
13524
4844
1772
11649
15661
12612
12670
16907
3416
4721
7117
12623
665
11441
199
17790
2908
12275
16789
4434
3650
10658
5141
691
2812
5120
2409
14839
13515
1249
17310
7940
9790
6678
13895
16746
12792
16078
9500
4202
3097
17635
9536
11536
2465
6957
17774
11835
12401
15145
9471
16431
1262
6923
7166
7879
26
16025
14395
10412
15362
6228
17266
14477
12499
1128
12329
1123
9174
3335
6363
8880
8222
2884
15759
2824
6931
1469
7151
9742
6445
11342
7368
15107
4185
9139
13950
14200
17607
9660
8913
2048
12887
11183
4466
10813
9239
9446
12307
2472
9659
16567
16002
13494
5976
9615
17246
1655
3790
16272
9690
3938
1109
2415
13007
1266
12463
8088
6620
9185
11714
11220
7294
8583
1353
15750
2655
16488
9111
15614
16187
3092
3409
10548
2213
495
14031
16593
12690
457
7530
3139
2896
3587
6836
8635
8854
7908
15922
4170
2751
3026
12429
16820
6241
3717
14164
8557
16249
15507
8371
24
4458
6099
17784
3356
2
8021
16291
15495
16093
496
17095
9187
4738
11647
9178
11570
7725
11535
11340
10367
6656
9578
10294
7150
13825
7735
10017
3132
7609
9485
17627
3633
13324
3030
11395
5896
17771
10306
12410
4668
9550
17025
14062
4567
14117
8030
5781
13219
3843
14095
16869
8942
7173
13602
3317
11653
2054
2122
16376
5055
6261
12786
11924
12716
1456
3368
2552
8157
5838
3067
17639
10456
13607
14416
14115
9769
4401
10434
11217
12917
5868
17861
9645
10879
5288
4493
5999
9003
7132
5853
12194
3362
10423
7936
8016
238
4731
6486
288
10518
9044
11640
8738
15445
1357
13282
13909
906
17818
999
5726
12783
1174
7661
16900
9646
6238
11304
10632
9189
8755
7829
12586
14265
4382
15578
11907
9647
15310
10123
3304
420
15810
5139
5104
7336
1701
6914
14159
1621
14427
1091
14880
13688
6949
8989
11483
12991
15096
5574
7559
5554
569
4532
15131
5964
17409
480
6098
10501
13914
7801
4754
8219
3996
11749
4757
5011
4683
13924
7622
1030
10328
1767
8029
5206
9476
17649
6404
14757
2795
11038
11620
8811
4087
16477
2110
6087
1633
8571
8112
5026
2277
2725
1668
6926
14723
4106
1278
3345
1355
4435
219
11836
17584
9049
12101
6239
7067
14212
16439
14899
484
4552
15386
9957
13894
5604
1628
11312
2700
8747
17574
16415
10202
11724
4698
11055
12726
15958
7291
3138
9892
13336
9272
2231
6759
9403
7062
3698
10780
7029
7774
3979
4018
16424
5230
7012
13001
1646
7280
837
6008
10289
14753
5160
9983
9478
15102
8786
2554
15835
11861
10252
11569
6812
3645
13666
17132
5597
14955
1943
15840
17008
16812
2229
7843
3911
8963
9493
17285
261
8264
508
8235
2918
17787
1638
1630
4775
12208
3259
9773
14981
1746
3568
6831
13221
15527
6191
15465
7167
4856
6640
13100
14093
6510
14645
16665
3638
17314
4293
7265
10450
1476
16767
13903
13390
14290
14586
861
13798
4301
714
5572
473
15411
3900
11098
7814
4351
9996
14412
14075
16506
9936
950
6592
14576
971
17848
3647
4014
6648
2228
1603
12036
3126
1468
14806
6194
391
7216
6165
11818
3406
6307
2010
14225
7052
14929
14020
2788
303
2466
6689
15466
3528
1012
7910
12425
6513
15943
4346
5129
1736
16116
1616
11745
9304
15098
9870
13252
15930
17369
3642
15054
11796
11019
2559
7054
13837
12115
2778
13002
8141
4095
14049
16185
16892
14094
9040
13936
668
13098
3196
8119
10911
8889
8598
5862
6368
9370
8039
10834
6257
16857
1108
15489
17535
1367
13665
4244
3657
4660
14106
2446
3459
4782
13388
13004
16521
3118
10156
2505
2368
8483
12041
11669
9775
12552
2025
1754
8312
11001
16391
3010
9623
310
4422
4065
9261
16005
16752
3912
9922
8446
769
2938
3428
875
16378
986
15180
12678
3500
12474
10503
9652
1914
15211
17863
777
4921
5144
16948
14690
13541
851
7288
7753
10804
5405
10862
11578
2903
9228
10599
8108
8183
13174
15007
14051
1819
3021
12601
4824
5728
1530
7529
14131
15870
13769
1720
14960
1593
10679
15122
16729
7460
15718
6766
15265
5335
7663
1264
7966
393
74
8909
15845
13260
17081
12829
17617
10222
16568
11214
17052
5430
15695
2523
17223
856
14736
10721
9119
6058
11975
281
8455
9743
10904
8104
4840
15704
14405
2039
16354
3211
2882
1265
15711
547
2393
1462
10347
6667
12784
14452
5365
418
8656
453
13997
7718
8008
6326
526
16162
7875
17358
5828
4026
13951
10702
6937
15083
15184
7041
8721
12705
1531
9355
7355
1666
13702
14211
15672
5321
3896
16158
17862
7749
11980
16715
14592
1256
17856
16637
3071
5178
11178
17453
15633
4324
10458
17865
17048
14824
432
13998
17129
8936
470
12661
3552
2830
2973
8448
5156
13642
2613
14939
6247
12048
8097
7441
11110
17480
6082
10186
15331
15983
13289
10951
4894
13234
8866
1882
2251
16647
11262
4371
13258
8430
14409
10338
6725
2146
7490
6070
5299
4689
17675
14420
15948
4174
16459
15877
118
11348
13857
3027
7602
14367
13772
4928
14762
8217
16906
14577
7546
6680
891
771
4066
9561
4110
564
12833
2950
9427
2458
58
16730
700
6268
11295
15634
14662
3584
5963
14556
13937
15722
8662
8383
4388
1948
9008
11378
13946
5575
14821
12888
5314
12466
1994
12725
10490
11586
16480
10991
6118
675
5672
14590
13883
10094
2664
2337
9640
3339
7654
15559
15200
255
9751
9326
10087
3202
13180
13780
11307
8105
4423
2155
2052
16348
216
5988
3321
4563
10575
9727
14061
14717
11401
11597
4192
389
14797
13965
2955
5308
4882
12093
5727
12332
13779
10579
5517
7357
12287
17756
16263
830
3348
12411
9691
3656
13005
10220
501
5530
14895
14045
12238
17536
7659
16651
11486
14220
13182
16676
14926
7047
14911
16546
8066
9362
11959
9284
2972
2023
6784
10303
11393
16411
4966
16010
6602
140
4756
4705
15670
9835
362
5003
14209
12993
12465
3512
8607
15579
12902
13405
17734
12384
7096
10774
595
5834
4556
10829
9077
16108
12007
5852
10322
11041
2543
13630
8142
1472
14219
14876
14461
6732
8533
10301
15378
6085
13350
2666
9944
11356
7903
17648
3803
3734
12234
9586
7194
10465
16072
2079
4602
7907
9740
1874
3346
14721
11254
5850
3140
13966
17168
7477
2790
2916
15160
17348
8809
9262
1358
10511
47
15384
3875
6147
8998
5936
9607
2675
14673
3360
16230
2321
1417
5203
9145
13268
16629
4124
14007
7
8914
6390
14794
8237
2638
15880
12191
15570
5282
16390
7227
14515
1956
11388
12812
7865
7757
5519
3239
4459
6591
14024
7702
1533
15034
2170
15649
2969
3069
11134
8502
3449
5589
3855
11174
13329
16944
12475
10190
12126
7822
8147
2293
4755
7821
5229
2295
8633
16953
14451
15889
17264
10106
16181
12702
502
12585
11995
16497
16745
7874
8890
1847
16768
4723
12247
12386
15837
3028
3772
4228
14360
16104
7251
9250
11795
10843
11766
12723
16344
684
4649
3102
7411
13866
7201
13733
613
5262
17811
4833
3741
13445
5582
9763
15941
14455
13628
10344
7221
14000
1153
3080
8350
12372
9438
16839
14486
11239
9298
5760
13508
10134
3603
677
5392
11278
12431
4097
12615
17253
12650
7084
8259
8107
10637
15103
6932
11087
3215
17473
16339
4325
2191
12641
13826
3764
12437
12355
16975
11231
8532
3142
5333
5846
17006
8099
11720
524
671
14532
6547
1467
8619
412
7003
9808
17412
11655
11343
1327
13056
13698
4600
428
3522
9244
13104
1298
6459
6331
3769
11286
6504
13169
15206
13031
3577
3567
12224
4400
5140
283
15253
17743
13684
3925
2580
17402
2443
10018
9590
4268
12803
8792
2247
9564
3752
7601
12555
3553
9958
13396
14326
9474
6795
12081
9211
3688
8823
9032
2598
9242
2123
3598
6285
17610
869
1007
9467
10454
16771
3324
16544
2047
9670
17175
14379
5559
13105
17623
7803
2579
15627
13704
17247
10885
3685
1867
14946
15733
10483
8203
7209
14667
7384
4331
10882
6476
10102
13759
9368
7766
5800
2022
7361
14767
5362
4696
11706
17301
7375
2467
14852
15395
3108
17622
7925
16097
9167
9421
6138
2129
10960
5234
8461
11605
5803
8867
9290
14273
9955
7177
7391
14350
14931
6134
7111
4487
16980
7204
16301
3183
6422
8151
5067
3157
14103
15321
16219
10487
8688
14706
809
10466
5593
8589
10242
4525
5253
4590
110
55
2259
8947
13190
3675
1563
14183
16898
1053
9317
14510
2491
12813
13424
14125
10790
1050
1740
4440
11226
4193
13598
164
4740
15448
14689
15129
7501
4891
2570
12981
9339
8453
15425
5047
5763
13193
1654
9327
17599
3149
5150
10425
38
352
4838
6200
5954
9931
3153
13892
6377
8026
4618
328
9508
3893
10187
12911
15580
2628
9683
15673
12524
4227
1275
1548
6402
2512
15987
14189
5956
14156
2225
3687
678
5690
2653
4551
13369
10255
1539
10735
2199
8810
11562
784
10024
2753
5584
9041
5071
3876
16957
7420
9092
13060
14499
16545
16625
6807
10007
16853
15351
879
712
12225
1888
14575
6396
1761
5968
3611
11222
15094
15984
11675
11097
17136
11961
1871
15626
3430
4594
1405
10111
16190
9376
6781
3226
15754
11788
12064
1156
10900
14826
17321
4044
11344
11957
8572
1920
11899
5583
4887
14800
8623
14319
6481
12118
14562
6658
14206
10941
13013
16875
8402
4040
9875
13142
2511
15352
17683
1147
13068
4841
5877
6298
17538
4770
9748
11242
3529
12854
12635
5421
2250
841
10894
8752
14244
384
2520
7547
1734
878
15429
17581
813
14961
4820
4665
4336
6314
4562
801
5098
9964
11519
3679
16183
6508
15977
1718
5248
11615
13263
12520
7549
1866
10797
15541
6299
3151
5339
263
10527
9612
16170
13818
17847
1082
10932
10137
9468
16782
10196
4616
16091
6075
1812
1020
17664
4210
6809
6052
14628
2538
17777
767
16061
590
1291
9816
1453
8201
10807
15348
3465
10801
14259
758
4954
1080
12976
7860
416
13923
2317
2015
6996
6646
860
14772
14418
10054
223
7664
2433
4294
11771
3120
792
11184
1324
14222
3220
10645
8309
79
3957
6468
14346
7239
16357
2851
249
2384
16692
245
579
12269
5309
10659
6796
16076
15974
16297
13199
5588
16120
2323
12506
16878
1033
1681
6731
11808
15139
2562
8046
14359
12052
8726
9546
16096
8399
11233
16146
3484
17748
13022
2678
5738
710
2815
3161
17693
16894
13815
1204
705
13066
2701
5715
14448
13697
13311
15716
8131
3922
17522
1238
13077
16905
983
1576
5927
4375
13644
2650
7807
9798
13342
13920
12291
17720
4547
30
6955
1349
13875
13420
3332
17769
13322
11571
10925
9565
7953
2656
699
4096
6826
10038
6117
15324
7934
14419
16171
4277
3748
7401
9267
2099
13612
15890
17827
9230
6393
4369
1856
799
12894
17193
7555
10253
4745
5132
9698
16056
8384
9939
13309
1334
4803
456
16634
9737
2416
8826
16004
12549
3882
16511
8133
15089
5837
13723
1673
3581
194
16586
16773
11258
10162
15939
72
13218
4884
3023
7942
3862
6210
356
4919
6865
6219
12397
11741
161
6956
1659
6079
15261
16897
17066
5301
6155
11240
14392
14302
15853
8775
8087
6311
13088
11002
2846
2540
9024
17637
15803
5990
7733
12182
13549
14110
11817
3445
7060
3602
10013
197
16142
9754
14073
1959
14744
13861
15403
6606
2697
16741
12302
9337
5254
14191
6743
7853
1396
15423
2166
10383
16069
13227
6653
10665
15802
9523
13586
13865
10473
3405
16989
13084
9700
6366
1471
5919
5028
2363
10908
2283
4717
16417
15363
13902
5703
4266
6775
9027
11602
13363
1484
3865
17472
2381
9519
67
15653
3349
7590
16433
2551
11290
6983
10505
9796
8459
14603
6742
10014
8672
8082
14909
12393
1412
8149
13603
14260
831
9454
4452
15241
512
273
3156
9208
11822
574
1429
10192
8145
12930
3953
14734
4183
16899
12889
17054
13988
5759
206
5489
4507
14787
2478
10366
8139
9241
16414
11834
8239
9124
3681
7795
15458
16778
10720
16314
4160
8508
11479
5149
16448
3799
9699
14460
1227
16932
12421
4598
9708
9745
10025
17511
6629
17319
12847
4581
4
6991
16663
8205
2891
12837
5692
4629
6034
16482
7484
12531
2275
5195
13569
17351
7332
9960
11825
8652
2222
7570
17551
9226
1031
11905
9664
12655
6264
458
15279
13738
7721
15679
1005
16628
12272
3277
5984
5243
3511
9869
12667
13625
15319
4450
4050
11011
2219
14107
9580
2602
14481
9502
7487
15392
16952
14704
1809
8601
9409
10417
17778
16000
16150
8781
17107
11074
11852
11444
16916
13246
14587
17477
16798
8252
12613
12100
16590
7363
666
7880
2897
4901
3425
15731
923
16395
1983
3815
9207
10135
8648
3158
14883
11208
4961
805
16974
11346
3533
84
17195
15059
10172
4946
7697
431
5754
11495
15133
5724
8014
13868
15134
4849
14625
8846
8103
20
14147
15863
10225
2669
693
1645
3015
12028
16435
7088
7199
14527
8960
6545
4902
5718
14833
2942
4318
5125
1280
8176
10740
8609
9273
4744
17876
16342
13416
10860
11230
3262
12256
5977
12176
8595
15420
9803
1008
14565
4079
17749
4220
16902
7825
2094
10469
3129
8187
2038
2735
13288
14554
7516
16210
14295
15534
6105
14157
6475
6136
11293
13050
14426
9118
9847
15436
7295
10488
2428
7005
9200
17218
3575
16325
11977
3212
15741
1228
1145
11776
7466
4330
10368
17691
1304
15852
7837
17420
8271
10614
12689
14728
1122
2390
11621
11736
3413
5147
13735
11440
11485
3327
12488
12870
13809
11558
6895
6871
13840
8768
7923
14438
15533
13126
16443
10091
17092
2768
13027
16937
7886
11681
3342
2012
7871
13990
7335
17017
11136
12592
91
10858
9515
10455
17483
8608
12668
14016
6719
6190
5471
17517
9213
2121
16574
15591
4585
342
2792
9978
11345
13167
15005
2883
6450
12389
3490
2837
13838
4633
11813
17629
1512
9176
13351
4802
987
2646
2261
8318
16552
12821
4892
13269
3293
13774
5820
151
10276
8060
877
14069
1922
15044
9702
14312
17571
9342
4984
12671
15624
16356
2589
15080
5555
7421
3411
514
8143
12715
9956
9237
1978
17694
1045
9829
9722
9276
1964
13146
2677
5863
10946
9163
5436
3187
3836
16956
7270
17210
17152
16783
2625
6240
1315
2243
8494
17646
4986
9750
6605
6446
1194
13674
96
16327
14658
15976
17708
14670
16569
7287
17023
16090
16667
4910
16843
17604
17121
8860
10290
4816
10027
17096
8663
8386
7587
17450
5164
16276
7380
1717
11643
6531
13277
13362
7000
6230
9576
467
14316
7079
4973
10275
8847
4631
7442
15424
4794
786
7985
3471
4593
14378
1774
788
8668
5384
7596
11622
11160
7764
1690
8968
14501
15915
381
15415
16566
11035
16930
12273
4769
17806
5618
1497
10218
5372
1398
3879
335
10590
8191
10393
15765
5772
15513
652
12390
8561
3134
9130
12758
3214
12030
13638
16854
1743
14709
11145
12457
6027
6347
8329
15894
152
4878
12774
5369
2003
11175
1902
13110
14999
10373
1423
481
8144
7028
6765
5049
4393
6386
8725
10409
5809
3231
10283
730
5012
16077
10270
14139
15892
8358
17842
11593
9726
10557
8853
17875
8113
5819
7929
10265
12427
15460
12166
3481
11673
13178
10875
17895
7059
15700
7754
2134
8614
17106
16575
798
2198
4653
14752
9209
7198
2127
5752
13721
3073
10992
2833
12019
10300
17250
14250
862
1984
12767
5628
9786
10945
17801
3145
3592
10686
13093
5440
2291
886
6897
9804
1699
14614
5331
12262
12242
1196
3074
15613
15264
16650
2248
7077
541
7534
14331
8971
17234
11748
13266
17469
7567
9950
673
5608
15456
3744
14815
912
4432
15574
14241
239
4152
10258
17441
2859
15927
11430
5496
5730
6480
16203
1951
1656
16609
1784
11404
13916
15398
8812
3532
943
10775
13353
6375
11551
6074
16196
2977
1237
15809
17137
10326
2524
9481
15689
4488
12133
9991
16495
16074
2522
3059
4732
11439
12105
4845
17808
12342
3186
12480
5982
6554
14341
17715
8170
15355
1731
5812
1590
15768
11516
15844
2072
2311
3817
16349
3765
1536
17331
9753
16374
14204
5535
14987
8389
14845
170
5186
3204
17894
8168
14522
8341
13859
10633
3663
4255
1403
11952
15282
14905
12811
2461
6348
9731
985
2660
883
6973
15703
14944
10209
8613
3255
7683
14780
3883
8458
14111
1915
16815
17886
8669
2132
12277
8980
1321
6754
2878
5548
13597
10890
10194
4570
12986
874
3451
15443
11071
5775
606
16965
14799
1307
8129
4490
10847
14597
1714
2193
2018
12446
4370
5585
5355
13627
13925
8822
15334
2268
14947
17573
2857
6559
13546
5994
11180
9863
6163
13728
7050
10386
12864
476
4419
3665
4578
7717
9393
10828
12985
7833
7299
4813
14167
5737
8857
14126
6968
14128
386
10533
3713
12618
12114
12560
2717
3052
14266
6037
10227
7876
12874
17252
13739
634
3379
8194
6398
3596
4041
15373
2224
95
1800
9227
17821
12806
9791
8033
16419
4342
3491
8655
556
10692
13316
8821
11508
2880
8106
5367
9193
1062
3154
1387
12298
8463
892
1179
16326
12060
16145
1523
5887
13497
9363
12901
858
5414
17057
12143
16442
11884
12624
5615
8040
4872
568
2131
6131
17829
10073
11447
3232
5114
6168
6536
13055
2338
12780
16680
6855
8276
16603
12057
13788
14548
9270
16490
17855
3782
11420
417
3096
7440
2349
1130
9433
2577
8301
13375
6126
13143
5542
10351
6517
10988
1687
12932
17434
2309
2844
9475
724
12728
4942
6982
9585
17187
2335
8012
12672
3485
14641
13175
13734
7979
3940
12580
14521
5083
8408
17596
7506
16445
8242
4366
14914
1653
1929
1931
6020
12439
222
1526
3695
17742
5099
1632
13271
6584
17813
4384
10037
5881
474
13015
3742
324
4280
5706
15263
1776
11492
5285
4746
6485
225
2391
6607
466
6918
7360
13867
15088
4291
8918
9043
6844
12202
3147
2734
6267
6412
13784
1560
12220
17112
14633
13579
8937
2541
3672
1744
13455
14152
15027
12998
15789
1604
5411
11017
15442
15304
13200
8300
14234
5492
11803
14473
16152
8398
10603
1079
5123
3716
10929
13878
5014
8003
14119
6143
6050
17160
13528
13237
16657
14727
4911
12732
1382
1657
1189
7301
3318
262
4506
15546
5645
2800
9126
14120
5769
6330
2061
11309
10515
11229
12424
904
7071
17606
10965
1769
1463
5162
7949
4211
11697
15787
8165
6425
14257
17711
12009
8799
13496
8079
13243
9062
1854
14468
9263
12451
13112
14681
17153
6419
9844
10821
9445
3619
15065
8155
3418
10795
15878
15748
16813
13041
5007
3328
4916
12090
5153
8344
505
10846
15864
8719
14652
17598
9899
14208
11199
4783
15140
11137
4290
17845
15842
12966
4682
17302
8070
13212
3694
12405
6350
15808
7431
2411
16073
8650
16723
8870
8212
8433
9912
1402
311
956
3492
15162
2730
10161
4441
3497
4739
16987
11403
10452
5709
427
14962
8011
12724
3969
14648
12436
1415
7849
12712
11692
4102
10672
5750
2361
3704
9799
2133
13158
12243
15690
11443
17638
11037
408
2640
498
5961
2594
12539
15105
5745
14333
11072
13467
16685
1197
12075
1894
17563
8883
1505
8010
15247
7770
2137
12697
16532
13305
17393
4965
16864
1328
14735
1371
9219
11526
15481
6609
14705
6885
14553
2014
16713
17339
3548
5418
7635
14025
4350
17655
14425
17546
1188
10345
947
12061
17567
1339
14631
2951
16819
4726
17572
12816
9891
5403
737
4317
1626
1804
9921
7524
13236
10676
16999
6288
10595
2978
11010
5807
13127
14674
4489
12148
2156
884
11168
2242
17528
10933
5110
697
13872
12078
3949
4805
4686
9022
1100
13423
3520
13450
4082
14570
10928
13293
5408
9644
5831
4797
7110
10360
14873
703
15611
2607
10512
17585
4785
15530
1428
13171
7379
11410
5899
14344
4428
14224
13689
10866
7128
4216
8875
2493
15143
5032
247
4848
10254
12814
4959
5791
12581
3885
16286
5686
4264
9831
12923
6289
6051
13711
3778
147
15818
8268
5849
2799
9999
604
3726
12002
14449
5366
5668
10601
9736
5250
8216
9054
14509
3479
6576
17093
11367
8013
9677
14793
9559
13590
16222
5445
15954
5212
12939
14812
8665
2763
16033
7383
10723
14356
15615
7212
16914
5086
8379
16724
12203
8359
17333
15479
9234
9195
10260
14544
13961
7957
16353
4776
9285
523
10268
11255
8759
7583
16216
3825
4239
10510
13122
11115
1425
10055
4315
4137
11993
963
16716
17750
14938
348
12656
9634
7146
13999
4685
10664
2591
16057
5986
2212
12770
2777
17430
17695
17458
11268
3019
17835
10853
4002
2534
5184
1507
13542
17625
1337
4642
10868
11060
8470
11976
332
16252
3749
8346
11277
10262
15077
8553
11015
337
7772
12151
10998
1941
17433
6537
5921
13222
3715
11989
9104
16560
16963
3188
16003
10597
16332
15694
7992
9599
7138
13168
4728
10783
12590
16452
16901
10832
7098
15149
2081
10869
16446
17588
4908
14791
4815
11006
278
9857
11464
17382
16800
10114
7049
17050
14488
8202
12736
6084
12246
7632
15884
10531
8485
4484
9375
5611
7499
15701
10802
1881
16460
17167
13816
4055
10957
2153
5864
11859
15427
14279
3626
4180
1103
5479
3426
9387
12994
14123
680
10648
9771
1818
3221
4850
9814
8311
3006
6302
15037
17425
12206
3906
1859
14296
11574
12538
12647
10887
3167
6327
2592
15500
8819
1670
11790
2147
5991
7249
12434
8140
12267
13108
15637
13760
14898
5525
6437
2257
1198
12375
16369
17595
11933
13123
16160
4606
9984
8808
8836
4387
1436
7744
1693
7566
3098
4153
5251
3955
3776
5516
15625
7928
16769
4415
198
14573
17490
12645
16717
1711
7353
11253
3930
15705
3295
12492
945
17307
2348
12775
9811
14989
2102
11981
3256
351
2832
11031
14764
4852
562
7741
4691
9364
7141
5995
17373
15345
2760
16928
5163
8855
15738
11691
9926
1917
5872
6177
11612
6029
12403
4956
5472
6233
1359
10762
17608
3179
17072
5533
10441
12778
17775
2919
6811
9668
16123
11864
6053
1969
8833
14675
2998
1480
14029
2962
993
17408
3300
16597
6423
7134
10390
7313
9400
11583
4715
12750
9815
13805
13478
5457
302
1090
12356
2128
9511
10763
9394
11062
2359
5488
2234
49
2284
9861
5021
13848
15127
3384
3576
4340
8646
4949
11831
5357
3967
15492
13984
1207
10171
13134
11727
6570
16530
5835
2741
17353
15119
10429
4389
7569
14651
14897
13346
6224
13172
4998
7629
16165
14893
3358
10611
5762
7960
17082
1750
2406
16652
12293
7093
13276
14636
1400
15834
8753
16573
8471
2515
3818
13347
5758
6755
620
9151
8611
4251
16895
4352
15305
5901
17212
511
16029
15556
3589
11850
9635
1944
12079
2498
15194
9556
1293
15859
11998
9605
4197
4702
392
11563
14882
13864
14801
13255
16021
4001
1958
12278
14248
9624
16110
9466
11234
181
647
14535
16505
10540
3761
3404
2342
5844
7238
13810
3234
6104
16891
7550
16836
6381
8390
3632
1918
12755
10401
3847
3634
6411
13948
13529
15290
1364
8705
7069
426
7802
3314
3224
13354
8160
9416
11376
8284
6762
1831
4445
5073
8454
14870
8220
12905
14174
4093
1124
15645
9537
12820
17395
6167
5907
12233
13694
11956
1251
2029
275
6277
237
6248
9254
15441
9108
14127
16978
6642
4004
4379
14396
9866
16062
10233
4582
7398
11878
1077
12519
9755
17350
8503
7924
13853
7036
9408
1970
15825
2958
10026
13581
16173
11608
422
3746
3590
1329
13106
13464
3705
3743
9666
14113
15116
8910
11760
7229
7956
3268
11257
15232
16434
7456
10418
3839
13442
2027
10851
4403
4364
11543
9168
5096
9214
9082
11197
260
1960
14268
15516
6385
14541
11190
8457
13482
15045
7909
248
7790
7756
173
15219
6343
4678
12521
4896
3014
8590
12412
15604
11187
12377
15861
4007
4274
834
16561
10281
14536
843
1217
2841
6583
895
15150
13186
6726
10635
2109
16941
7158
15755
14457
4270
1678
15911
6786
15934
14179
17359
12152
8319
11730
16143
17401
17578
8674
10541
9395
2115
17513
17689
4979
9113
11518
14855
5019
8921
5810
10048
10816
5854
11091
4398
5937
14973
16688
12283
13940
10994
2051
14264
12380
2105
11166
9256
10786
16006
11330
13725
17080
13201
12496
9138
3237
16396
16555
14446
3082
7382
12929
8732
13547
2203
6745
6528
11466
3941
8559
11215
11375
11994
13661
16157
1272
17109
15959
925
17665
5514
166
9483
9735
4108
9592
3538
9648
11012
14684
946
13348
9968
8071
6435
7652
10072
6763
17157
12505
4514
8330
3595
6824
4238
12174
4609
2030
6488
17723
1448
9674
2774
559
11334
14907
5296
10299
11080
13831
9015
6683
17000
7139
9343
4774
2256
16220
13958
5681
6178
6455
13551
7939
17669
1434
6894
14052
6863
10343
3417
243
15280
17439
5476
12443
7278
557
10668
10352
11341
1799
5089
12594
12419
5433
6040
8289
8944
9781
13314
17548
11833
2126
11559
6546
2931
15079
2608
5458
7236
340
11611
6874
1117
4812
5210
11664
17724
16462
15792
4975
15841
8208
5454
375
15256
12266
5034
8542
10269
4058
6269
782
5566
8506
5052
646
2957
1836
16227
12660
4796
13716
3040
17254
8096
6561
10833
6847
6544
3253
14740
7425
2785
17540
6192
13690
7145
13184
7616
5704
11710
5922
14480
4766
9813
15271
1390
258
2179
5304
5889
15314
16616
1543
11397
11854
5511
14606
5416
10950
4772
3475
13136
15154
15316
5274
5402
1482
2087
14354
16244
10727
9834
11573
463
17170
11191
8832
14132
12469
9654
9065
14983
15218
7856
13087
4221
8955
5277
3973
5269
641
108
8281
10444
17277
4332
16535
1286
2748
10857
4217
10634
2431
7376
15091
7025
15391
11679
8248
11528
16092
7148
17414
4836
7319
7243
9663
804
5260
6442
10317
17463
3399
8196
11347
3193
4161
2843
10810
16635
14104
15517
11316
7135
2365
16533
2124
10545
4614
11111
6278
3094
7773
5832
1004
8291
13124
6753
16805
8423
16387
3660
17172
6747
9890
1945
13157
17150
14332
1892
135
9506
10806
6987
605
6585
933
3654
17364
11666
781
5327
8314
10076
15588
3853
14996
4272
9216
8073
10068
8615
14309
10654
6321
8776
8739
13564
10588
9155
16399
13502
13
796
3966
15057
7290
14912
16712
8138
976
12910
10335
1751
1991
10476
461
14459
15908
1587
2370
2713
11826
12951
6794
13835
17272
6489
12629
9526
17219
2794
17470
146
15293
13876
3787
7412
1284
4981
776
11912
17163
14795
11052
3796
6815
10247
14108
7736
6023
13963
13145
11099
9608
5268
16908
10445
4275
11047
760
4859
6258
8375
14770
13594
12509
2887
14720
1879
10923
16109
353
9517
1566
5817
17261
7023
7619
2197
1218
1663
6254
7789
8413
6827
2334
1900
2581
3686
5024
9231
2709
14098
12072
2444
13437
1614
3984
7813
3252
1258
10436
15544
11235
5006
12747
14719
13860
11520
6575
11514
6933
4604
444
10426
17085
1527
14827
871
3095
13306
15409
5020
1727
9179
14487
5226
4681
4348
1962
13109
14267
1763
488
1459
9557
14383
15577
3718
11750
16762
10108
4068
4977
742
12414
1592
5563
330
2196
11272
3970
3972
14831
12928
15286
7292
7182
9384
1535
11641
6997
7247
6408
6717
4969
16127
13655
5232
3089
16195
5712
8509
10380
9202
2358
7676
3751
16095
8814
4042
13345
11581
5311
10067
6533
11737
8315
8785
10750
4730
11890
17822
893
14177
8331
7045
14979
10251
5075
9205
10596
17213
11683
3819
4527
2685
16186
10747
12292
11221
16323
7222
17146
7644
8994
9914
4427
2567
5497
7206
5792
1271
14348
6235
11845
11753
7696
14828
16198
9719
10546
10959
12719
12323
5926
3315
2220
8467
14823
12068
4358
10859
15752
17878
6478
8253
12720
9039
10032
11911
15592
5029
13010
13765
11365
12640
4987
14980
12596
11176
6059
5879
11628
1963
13241
3260
716
4543
4502
12013
155
11913
4109
2968
807
1760
15681
3116
8830
6467
6828
12250
15255
13291
12516
897
8536
11364
2659
8091
6896
13299
16979
1598
11023
172
3909
9388
1762
9933
7771
2141
11021
15923
6776
4920
17700
4077
753
9420
4396
17487
1786
14227
7349
8207
5435
10084
14754
14702
8188
12675
8570
14363
7745
7521
16599
16266
8254
7205
10313
536
793
13226
16826
10661
4344
5891
10005
16670
1787
1542
17209
1494
9401
6164
10936
686
5432
2560
14844
1277
5959
6840
4182
11595
5124
3956
10617
6663
6736
15724
17059
6121
3217
13426
15138
14942
10327
8865
5242
5860
10165
16814
8711
10586
9357
5487
6632
14088
3087
7250
9288
6304
5175
5646
5350
14776
2631
1220
201
8006
13535
14036
11025
11868
9480
17492
10249
9917
17866
15082
16942
4374
12965
10477
10206
11026
13624
8090
12487
5182
10791
13072
7839
10560
1980
17243
4157
6761
12938
9555
10582
14369
5676
2269
6483
8894
10507
13856
15049
6161
8513
2307
10204
4541
13577
5199
4243
6406
6514
5702
12317
2960
4889
589
9965
8744
16816
1233
11739
16501
2163
11119
6598
12873
8958
4286
11105
3372
3719
17001
7258
15285
10130
8548
2708
12619
2462
8495
15601
266
11763
13677
12876
13539
1190
1279
15509
9154
5382
3442
625
16799
8940
14782
13451
5261
10059
621
102
10110
11129
15800
726
8351
7579
15836
15539
180
811
15917
3958
6461
4378
16951
11699
89
2447
7339
16426
3710
9693
599
3649
7479
17461
3453
13493
17075
17858
3569
10682
6627
15600
5508
4246
7804
17108
11328
8078
10491
3250
16201
7750
7859
8432
115
1691
5407
87
4761
3565
3517
5318
17485
3489
6534
4339
6853
14694
1757
2932
4999
4667
8024
15979
2827
5648
10728
17428
15697
83
16040
14640
13591
6801
16871
6341
13890
3999
2034
3054
2740
15720
6692
5708
16847
17283
17714
2746
13652
7296
8007
17308
4128
6424
5197
10066
3290
11582
16683
1618
11303
15519
13393
7224
7997
13621
13949
5348
10710
16623
14112
9477
10737
7381
1557
9196
7776
16177
11882
4190
4298
1465
17757
4821
1722
695
1392
2235
12011
13220
2622
7670
9056
9839
13755
7331
15496
16111
13811
14005
9703
12367
1706
5434
16086
14454
3758
5209
12639
8158
10743
129
16580
15311
9026
3350
14809
7178
1414
10086
14679
8114
15526
11851
14467
17071
2165
1885
9487
8742
2089
5300
7316
5170
15450
11451
5235
8546
913
8372
13582
648
13509
2961
10675
2238
15275
12209
10761
722
8045
9886
9759
14861
8813
8593
9058
2037
5505
8257
100
16940
3163
14070
6516
3905
11585
6357
5558
7320
9622
1297
15723
5039
11778
10808
7536
3240
14491
9052
16620
12138
10460
16380
17191
486
9397
14605
10375
6444
11500
1514
15804
16912
4829
17582
6852
12734
5493
12853
6868
11392
3403
13440
12954
3635
13355
14687
6279
16466
9897
8334
5371
17334
13118
12768
1807
13177
10406
2148
3266
10440
7022
11827
2262
5444
10530
11449
3963
7526
16865
7844
3757
8206
10495
9649
7830
15035
6785
5108
2263
5169
9013
8460
8676
6975
15617
7988
14707
9440
11003
7591
3155
9705
10953
3367
12664
17370
10662
5857
9257
6318
1055
4764
3460
4229
4236
936
7055
11751
10459
3474
5481
8764
5220
7081
3820
5051
2497
14146
14819
12236
17780
4534
5107
1617
10811
8741
2481
4818
15382
8221
7509
5128
14567
7608
10924
232
1565
10321
8127
16345
9940
16825
10078
16392
2531
10870
7626
8278
6891
17371
7241
3948
14390
3827
15628
7995
3246
7715
12005
7877
5018
12223
7709
3655
16373
5155
5344
17275
11575
17640
11715
3331
17576
7711
9017
10506
14538
17312
592
16734
7070
12026
15446
11502
795
16229
2392
10744
13797
11493
3210
4309
734
15058
13474
10419
623
16050
8130
14144
14143
15444
6329
11323
14101
13061
16321
7981
8631
17670
13242
13656
14650
13918
5503
6773
2850
2996
8723
11044
10141
865
4607
12402
2720
9099
9583
16043
10387
10256
10544
1365
6740
483
9182
17368
14364
2508
17004
7143
10537
13743
5151
5498
7087
7218
6094
15220
12383
9109
2046
15320
3506
6317
16984
7418
17523
8587
11298
8517
12112
11317
13654
3703
3797
2943
15924
6417
17421
575
9157
15358
9828
4439
1814
7612
7812
269
13484
1547
9215
14161
4271
8439
11972
10974
2762
10771
16927
205
4177
5697
17882
13714
4119
4075
13877
13616
13600
7126
1591
11327
3065
5700
7783
13585
8484
9010
12754
12920
9881
2438
11361
2629
13408
15186
8526
1236
12862
11949
16192
1373
11708
13411
7337
13076
11497
16737
1305
11247
10147
14368
8588
13290
7894
7076
8231
6352
5240
9186
4196
8323
4113
5191
8856
3385
2369
15860
14503
10822
7996
12735
7734
9720
2071
7269
9938
13133
12616
12192
4433
11918
12080
1857
17820
10355
4470
17542
1903
17099
14175
12428
3195
4699
10493
8412
5644
7743
9682
10639
13359
12074
11828
13095
9280
8380
3850
12589
12472
3689
8376
6246
13854
9779
6686
11560
1612
5544
8162
13037
2645
16828
16659
10039
6067
14001
15273
11916
3123
9407
3478
1905
4539
15545
4092
14347
8028
9992
16191
1832
3888
7887
12533
11267
6427
8290
10916
3728
1652
11326
16934
1708
7599
9095
13406
1957
9588
6206
882
6006
14934
9462
2414
4927
374
5680
9472
4934
5228
12949
14922
6416
2188
4224
16981
17782
1575
4533
16469
4710
6225
124
12117
3890
15881
53
14530
3337
13874
14085
12023
4218
8995
2732
3774
662
4967
15586
6884
1013
14060
13709
9934
4425
17169
17482
9031
15737
1998
2379
13281
10009
1906
13523
3807
8675
16333
16217
11876
14214
11870
2771
12614
3759
8523
15237
13745
7779
3159
9807
16920
2442
6060
16833
4538
7906
16607
16223
12265
1338
4798
1461
13003
2118
4508
5246
779
1829
1873
7698
7147
6496
15732
9096
9117
16350
6636
13786
2557
3380
12924
12227
4261
17327
6768
1624
8551
16913
15869
231
11478
183
2294
2364
2662
7043
10852
16007
8476
16858
15174
12599
9679
4023
14621
10012
8637
15152
11164
8845
4639
4809
4491
9975
17653
12796
3001
4155
8577
13664
17324
2304
12044
16159
13447
8200
15208
12450
4808
11396
5934
7889
1289
2237
14430
1320
3045
1202
16499
5466
13879
17242
11694
5562
17647
4832
2873
5513
13152
10563
9066
3466
9162
16872
521
7775
6205
1935
3729
13953
9045
226
16245
4300
9365
7882
13069
7975
3084
17896
8748
15997
11082
3617
12490
5539
13643
2383
12987
2922
16687
6333
4516
9510
2819
6650
5380
9617
7341
9236
4879
16596
4858
3934
16449
4151
14825
15000
14547
5794
2842
7824
10195
8603
12047
2721
17313
4640
8338
14018
17367
3889
2905
5420
10439
3472
1216
6354
7525
6764
8251
8516
2966
14151
1737
12878
7458
5663
8189
17765
9020
15638
17884
9593
12217
7955
14616
9412
5475
14199
14534
1508
6464
464
11448
5743
6093
8805
5245
16695
13461
5138
4784
360
13520
8620
2742
6687
8982
16365
3868
3441
998
12125
5735
13682
7285
13161
8903
5587
8684
13970
16156
2249
17429
8186
9627
1842
3962
11140
1002
8166
7727
12626
17192
1132
6858
17832
5256
7604
13604
2761
9277
15234
13029
7649
8322
15100
7298
14004
736
6203
2171
10292
5905
8735
15081
6036
8925
13304
17179
9135
6275
132
8326
11985
15394
9004
9924
6664
7724
9919
11625
3570
12908
8027
3016
14766
3692
16129
8694
2583
4827
12445
4955
6146
3194
13492
13737
12308
7430
16708
5077
4503
15791
15289
7402
15620
9295
13660
11816
11729
14708
34
9846
13318
13273
921
14792
876
9379
16686
11779
12897
11150
9512
2596
13519
1192
9278
14079
15726
16310
16933
10061
6501
14237
14953
6397
12263
17405
3495
1381
5271
2861
5509
3644
747
17605
9874
9312
1438
7090
8926
10734
11747
1106
17660
10573
9188
14600
11987
11101
10497
13783
341
2360
9954
11765
14513
6204
48
3209
6149
5354
244
9723
3824
14163
4347
14080
16008
7457
8975
17426
1269
16138
15132
16153
12503
5638
9714
6297
16611
17038
3812
3352
7338
5667
2386
13932
6572
7356
14849
1788
11061
1907
1965
17719
8535
10607
2449
638
10323
8515
11659
15522
16338
2483
16236
503
12557
5822
6250
4069
12867
6112
4121
10940
16831
4013
11660
7413
5653
11979
4480
1149
17067
15572
10837
607
9882
5100
3437
3072
15416
7970
9862
7660
159
10915
12127
16028
116
12781
5263
8093
12651
16851
2813
7685
4260
3274
6535
8167
343
12354
17643
14263
3927
1534
5500
4062
12415
16861
12088
4617
16180
10185
6270
13166
8891
99
11579
17224
7246
10138
7999
6539
15552
3198
9725
14950
2460
2502
3895
17642
1234
14789
7554
9544
17077
3861
9470
10056
15757
12879
12454
11557
11819
16955
13036
1455
12264
11413
8539
2260
10159
5347
4076
11799
11940
5602
14796
6966
15773
6626
17236
14439
11034
2487
8929
8798
5046
5343
1802
12634
3199
11462
10226
2533
7692
8555
2747
5102
16375
9822
6882
6737
7989
15899
14231
6816
6336
2797
12054
11927
7157
14816
3401
14308
17003
9600
1111
9949
5945
13849
5908
5060
13337
9509
8943
4451
1095
13130
4316
6780
17287
10248
2587
14129
6875
765
16707
8313
14484
8489
10164
3740
11302
14701
6005
12037
17186
14377
4569
10058
13443
17280
16048
2517
17258
5152
14355
8353
9853
16750
12237
11113
8452
6838
8758
6833
15573
5696
366
12396
7240
16231
5619
2280
88
9642
17562
7598
9121
13692
10815
9788
16016
845
11945
6108
2036
112
15557
12066
4795
14187
15687
8952
5600
17799
17870
13303
12572
17828
8218
5425
8773
10394
16141
5460
5294
6645
8362
6899
12
6595
12042
9867
11501
12834
17438
4391
9372
1135
13462
1675
11702
8490
8969
16594
10232
949
3049
9638
981
6977
4636
16976
16973
4349
10781
14643
744
10581
11898
11349
8316
10363
2273
13120
4874
14520
759
17467
17703
7342
13265
17221
13939
1378
2847
12369
1477
9521
5757
13488
9050
7503
9344
9625
17877
10398
6791
12184
2041
12219
13514
12542
8844
14142
12714
9391
1695
1418
4100
6565
10739
6599
15847
50
8671
12198
3971
8178
16066
10905
5330
7630
8941
3280
2756
13018
15595
3591
2477
2017
9308
17363
4304
13750
8250
11755
13713
10365
5087
7492
5890
17804
14270
3307
15051
14134
3267
10903
11068
5127
9429
6367
7040
14180
12153
15819
16368
297
7254
7108
1567
3286
15872
9962
5211
1635
4673
7913
3738
5023
11594
14818
7765
1491
1510
6618
11810
13326
11482
12239
17020
16280
8858
6661
10671
32
7962
13340
3424
13869
13647
17484
7283
2571
2952
16612
6748
1231
12228
8790
567
9710
17276
15115
1636
13992
14465
12340
15937
1146
8110
5424
11007
1205
3452
1048
11988
15003
16161
17552
2063
3859
9534
10927
15407
1768
15036
16214
9322
14097
1661
2396
160
4990
7162
3919
1568
17501
16804
10681
1335
13148
13938
7748
8993
5146
11301
8180
9772
15196
11707
8687
7170
2816
15357
14857
230
13469
12947
4544
17792
11213
1064
12168
827
6236
12137
120
5486
4081
5782
3613
5
7208
15181
8664
12544
6061
12804
9951
1607
8796
2300
4472
723
8465
14678
15749
8249
6295
6721
5603
1541
15812
14063
13699
5001
10085
3745
4412
7082
9455
6259
7900
14517
13321
5971
14784
202
8307
14170
1700
12546
1782
8051
7063
11857
4555
4279
7455
17237
13749
10788
17739
13295
6911
7984
14654
4930
7835
5000
16140
12980
2184
7195
11172
13343
1852
8273
16046
2550
12388
10079
2385
706
14531
15950
5898
12718
12301
10311
4989
17076
14490
4333
5346
17727
3700
14901
7083
12535
13389
2750
8126
7597
5601
7415
11656
16721
14382
1470
13117
15676
294
17468
6101
672
5784
7863
5298
16863
4576
17173
16489
16718
10207
932
10121
10602
10472
8392
16520
7675
9435
8022
9826
1519
12344
3536
5970
5255
7768
13135
10231
10587
11601
5025
7688
145
787
15390
7972
5802
4924
2569
16087
1206
6684
8134
4574
717
11384
11767
14879
8229
10098
9595
12802
9540
3446
2867
11524
13176
3662
6834
15204
6900
14751
11416
13574
8378
301
1615
9762
52
16559
11532
10880
9238
5042
14032
14422
16343
14671
11639
6472
10099
7650
16401
13751
9671
17532
13089
439
409
235
7968
14559
17141
17338
7938
12169
4376
15230
3944
9106
6490
9107
13673
7386
13477
7344
345
1388
2077
17151
7705
9048
17725
7540
5431
3168
17335
5556
10543
15066
7187
11112
16304
4059
1579
1356
6783
6430
14647
15816
10315
4132
15287
46
6976
5065
11738
11869
16393
13054
1070
3374
8657
17036
12765
4677
10514
17819
4528
2312
6380
3874
6479
3671
10613
17240
3509
5914
2074
8394
525
9380
14755
9002
7558
1649
14401
962
829
13741
6524
4319
293
3639
12309
290
14138
11564
7642
10699
2417
5399
15621
14666
6608
7115
9282
2168
17018
11491
15203
10377
9707
2627
12936
16510
13934
1129
11236
515
3034
14632
11121
10895
14281
817
221
12971
14967
1975
5101
9603
13207
6709
13975
12997
4940
13957
4019
6770
12086
1118
16334
15166
10400
4548
1520
5824
6454
8622
3887
16303
14400
7986
7142
3845
12843
8480
14072
9089
2947
17120
13395
14624
9424
4950
3997
2657
10181
12982
4758
12831
546
2606
13085
2175
12449
7648
7878
1665
2226
533
7662
12195
12731
10555
5747
16473
15887
3578
15360
9681
3629
9259
1488
4205
6360
5359
1182
7011
14959
4760
13839
3438
16645
8569
6625
68
11185
8135
13819
8816
8896
307
3563
15594
11824
7066
2353
8537
5925
9795
2267
2490
4526
4377
5590
4559
16047
8195
13900
9289
9533
12662
2904
15823
1427
15596
645
15955
15165
14771
16840
12937
10787
9566
1578
2504
8653
16118
7230
16284
9492
5973
7716
11452
12280
12099
12110
1586
2572
6344
1979
10693
6025
16621
7568
10361
9849
16256
2207
8363
15147
14389
5826
8872
15292
2205
12230
14788
11456
8550
13114
6890
16114
7946
10770
6979
2181
4200
15110
2075
12135
9011
3044
14469
17476
3057
8038
12106
1385
1817
554
11335
7625
8699
3981
16827
6497
8347
8746
13964
3691
4114
6089
2643
4483
17239
635
12444
5732
7078
16420
941
17196
8449
17317
17518
3439
4843
17644
16288
9621
4395
1631
17104
1178
16519
5613
16880
885
9498
2886
9800
15033
15569
821
7226
17256
3378
13622
11662
2436
14555
13449
11194
371
5536
5016
13021
15346
12004
12244
11400
9606
7408
3904
4589
6889
4510
10663
7965
469
13971
17566
14357
6158
17148
12387
17889
4021
1609
7578
8488
17427
16112
12084
16884
7437
13429
14041
11888
2287
5669
1141
17241
78
11863
1219
14376
3130
14750
506
3831
4257
8698
2696
16765
17259
954
13094
11437
2011
11644
9105
7639
13910
9629
13972
451
16470
15771
965
15375
8538
11305
15283
14008
5796
10278
14543
6362
5310
4575
8965
123
8272
587
1165
3230
2053
5993
990
15325
9491
6065
17079
13880
16873
13729
1742
16638
5534
4800
8335
9752
11296
12808
17718
1018
2413
17690
852
2808
8919
11650
12890
11473
6148
331
10741
15437
3121
493
287
11476
6964
12969
8596
3968
6727
5955
2169
2727
915
12357
17449
17871
10538
17636
5273
3137
16035
3959
11086
10591
12975
1825
10080
12190
3297
14238
11680
3872
357
10653
992
538
5058
770
9547
9249
13691
12968
16302
2499
4468
10629
16526
9604
2914
10391
14617
2776
11906
8069
10733
17554
4373
11688
8428
1912
8951
8352
10372
14964
368
13378
15564
5577
270
16285
1780
3201
10063
17226
3561
10451
3965
2849
16882
15998
8280
11050
8052
4579
12270
6175
12977
8731
5183
6272
5799
14498
17164
4310
465
10273
2160
9116
14856
15421
7914
10433
15236
16407
9055
5031
8802
12314
10396
12039
1707
8415
17424
8881
10878
6159
10272
7120
7851
7252
15707
12333
13283
14594
10291
12591
10570
899
6652
9902
13116
8374
15087
15412
13387
9128
14516
2429
4583
6301
15414
11698
7672
3571
5202
7099
2485
8226
16226
4008
4615
10892
193
4329
3600
17586
7378
5297
13239
5069
14508
4038
17509
12067
8549
13796
2062
15404
844
3813
2875
10381
1316
8391
12627
10370
6171
2784
16
4669
13038
2253
14361
12855
10765
10717
322
5322
5528
2080
9865
9181
867
16144
2350
2535
13675
2296
3296
3180
2341
17330
15678
4918
14442
6506
13717
3668
633
9367
7371
15276
732
5616
5097
3329
13527
13170
5462
12348
17857
14021
5241
13525
5691
7366
9164
6806
13696
289
8788
2007
654
6596
16013
10730
13558
10504
14375
22
2822
5777
2626
16421
17411
17355
2561
2586
2403
5673
14842
4714
8693
14731
6003
6617
6906
1946
5883
12685
15725
187
7228
13977
15623
1052
3035
7483
9033
13898
16736
6484
11069
6110
2258
9097
14059
1088
9192
6024
14840
3884
2949
12216
4909
8518
3542
9749
5118
12940
5742
7713
1240
12648
17039
8132
9486
3566
2427
6515
14933
17337
9127
17047
14739
4498
4561
5888
41
4727
4098
14843
410
13397
12703
2840
7202
11614
6594
449
1683
14121
2266
6300
1162
6474
15674
11338
12550
13371
12131
9662
17565
455
13793
5785
11652
3756
13051
11114
17730
8418
17065
7163
15483
12684
17437
6787
14343
6744
17773
5187
14185
10814
12729
5684
292
3540
9551
3683
16265
16602
8304
10509
12558
6920
14978
17126
11700
8678
3340
9777
6245
13913
16467
14601
10170
4982
15928
7245
664
2492
17399
903
8525
8274
14747
11770
6401
15163
11198
5004
1093
2214
991
10175
15963
12600
4993
13873
7137
7015
15648
543
907
103
6045
17519
15038
17498
828
11618
4913
8575
3915
11757
13099
12772
4753
4933
8049
6682
1558
4103
2564
14256
1721
12102
549
15322
4158
1792
11842
176
4861
5198
1352
9538
6951
7651
2418
11531
12584
13403
16788
13606
11261
438
15778
11600
12730
13132
2981
15177
16166
13231
12632
13747
13431
15965
12563
117
8407
8574
11389
5133
16019
7991
17445
5713
4855
1569
12159
7403
9495
10564
3928
15118
4963
16888
16084
6128
772
10124
12196
2380
8602
8697
93
13339
5524
16311
3989
3878
1150
12548
5833
10729
3615
9821
9038
16855
10709
3203
9872
5200
13071
11872
2667
8893
7593
2096
1120
926
639
3641
2394
9319
610
10424
2652
7973
17443
5484
16075
8594
15330
3867
9423
12179
3219
6670
2352
6433
2518
17833
14406
11126
2980
14894
17406
14572
977
764
12161
10168
8990
2464
624
3433
9233
12776
1058
12305
17012
2028
6415
10437
15801
5172
14150
1884
12097
13435
9873
15207
12883
4173
8435
13407
7502
9633
9704
14528
16849
13731
9655
6981
1042
3079
16557
11963
15815
114
13740
2306
7522
15125
12296
1457
3101
15235
14408
988
98
7998
6803
1974
3083
7410
1300
4492
17037
2910
16744
11931
5843
13955
17232
10968
5632
5381
9916
17365
15946
2759
16615
15245
4343
8991
5461
2135
11711
6862
9630
16842
17073
15858
6232
3894
3238
5068
9574
12844
5795
17507
12260
2970
6030
9760
312
15359
13678
14954
7517
9197
1741
15108
12485
15764
3995
3305
11743
8740
12903
627
4176
2764
10364
17419
9830
5930
14737
16413
3189
14881
12468
6647
15832
14551
8270
4664
15793
71
5670
5145
11374
11636
4463
8400
4133
4168
8210
15712
11925
2178
1038
14966
16258
2546
5045
7731
3050
13756
10264
11544
3975
9558
8954
1625
9896
14659
17341
3486
5989
16261
15326
15666
2076
11860
15656
12069
5859
6903
6928
9589
3273
16361
7488
13908
5560
14466
10871
4447
7788
13434
1391
8327
6378
13230
12680
9864
17361
4284
5287
10097
12254
9810
2185
92
6970
16866
9148
7673
15405
8885
6283
4233
2024
10764
4159
13400
6543
6511
16257
7075
16887
12008
5459
3421
5997
14276
8388
11064
12575
16367
13842
16453
14492
13183
11553
137
16015
5464
2925
973
3848
4713
3078
17049
8137
5797
8666
14985
13712
5502
12744
15341
552
12085
5394
9271
9449
17560
12738
2286
7633
15019
3103
13845
16427
9923
670
3821
2405
16550
17257
10
8600
14037
12248
3616
1840
4847
4792
16398
1596
16562
3033
11263
3921
2092
15540
9457
9353
11800
6945
5323
7791
4759
10574
658
4765
1835
10970
13974
217
16054
12797
11122
15353
17389
6312
291
11051
8710
10146
1588
377
2965
8562
13649
10824
7864
13082
11626
13804
16322
7870
13203
8451
6600
1697
3834
12017
1611
7046
7333
6218
16405
5836
14286
16601
17815
5707
13790
121
7920
14275
7881
6174
8677
13334
16163
43
8000
17320
7508
12123
9203
8041
2265
12636
14968
1589
361
6849
3732
1544
15957
7389
13279
15454
9716
6323
12188
4588
7373
8262
9122
3351
16850
10274
9415
6969
16704
7494
17465
1138
3456
158
3640
4477
3931
518
7286
14335
15222
16541
9333
13650
13476
15389
1193
10979
6619
5319
7267
215
13012
10029
17807
16065
4716
11337
319
6276
4904
7545
9717
4399
15515
11685
6907
14358
12631
6151
13194
13020
8277
16307
9587
15435
10949
12753
14896
16133
17460
16042
16969
16821
7118
85
2177
8939
7129
17788
5825
3375
4762
1379
13249
1947
6004
8825
7304
16570
1164
14168
16613
8953
4262
12286
14698
1424
5320
6102
3623
12058
14836
16527
14399
9809
8625
5599
15161
15480
1475
3192
12358
13181
6265
13904
780
13019
754
17100
12799
107
12407
4834
1285
6316
12622
10296
12773
2033
11576
15960
16784
11132
14283
13428
10034
11354
11922
7916
2486
9848
10145
16720
2201
13111
9568
3711
3558
17616
15085
8632
15385
15663
14198
3614
6130
11561
15900
3
6962
35
2868
6122
17064
14868
12460
4947
2630
3574
6523
13994
15173
13613
1643
2479
7584
6124
8492
8505
2305
16259
15851
5342
7560
1087
12331
3858
1602
9818
11938
7961
8286
17603
14583
7637
6541
2933
10993
4773
9232
12311
17214
3247
10605
17248
2031
1580
8948
7074
14027
1003
1212
16632
17663
2913
17550
9792
7890
17466
364
15296
7397
8874
11703
9361
15827
5547
16777
7101
9598
11314
10277
4635
7481
1310
15975
15885
17145
12289
7001
6654
12252
11689
6563
1094
17205
10028
7726
8514
12646
17134
8565
12880
997
5205
11962
5787
10374
17555
17732
17514
17692
11567
17628
12241
16251
8475
9685
16331
15167
9204
679
1113
14015
5695
13086
10667
1525
5173
9851
3985
11947
17814
17114
17230
6934
2530
2877
4620
7958
7695
17759
90
3088
2140
16432
13954
16896
8888
16918
16682
15061
5716
9210
17654
513
16204
6152
8804
11379
7474
7636
13683
14863
12392
4020
16824
3610
4010
3122
2336
5532
479
7943
5751
2758
7259
12426
2270
12830
12674
2272
15914
13768
13486
16822
8354
12312
1060
233
5786
15631
7359
11637
14595
14246
5938
708
14604
6805
11203
17633
7192
13639
11733
3864
5379
13670
3244
3383
5064
4219
15422
1672
13813
10362
11167
6400
3075
3111
6328
3371
9824
1855
1777
7787
8310
4045
11189
937
14149
5701
8868
16589
3061
4743
11173
1226
252
8308
12828
3299
11048
5734
12952
12299
2108
12657
11472
17768
14497
5386
3311
15644
14445
12146
16995
11205
6720
4935
8474
15904
5966
11209
9838
15055
15610
1254
2093
277
14065
707
5050
13672
9469
2542
5814
15482
9085
14991
3076
12822
15093
12476
11429
13646
2388
504
11394
11308
5222
8878
15246
7638
15902
13800
1016
6157
13034
17290
11752
10149
5336
15217
1061
11670
11417
11414
17391
6263
436
7561
12746
15430
14700
13505
3920
4814
16172
1503
14391
14186
12523
1416
7255
643
1967
7107
5376
17853
16208
5920
6659
36
4658
1344
1765
17397
6548
9123
11032
1492
15413
15667
7557
4724
37
17612
10484
1489
1281
11886
13475
17850
836
9018
3932
3937
4625
13968
5470
2644
11218
3618
11188
14970
14464
1014
745
832
15376
1826
7912
6220
4418
794
2789
14321
8956
3476
16577
2615
12526
6946
6615
3706
3754
12865
13206
16052
4448
7571
14697
13989
12990
13669
1822
16608
6349
14315
4289
6843
14435
11624
8722
12742
11496
8121
15978
14525
4670
8576
5962
10874
15635
4906
11848
13995
15855
13065
11990
11742
10129
14196
6879
7435
15073
12688
15471
13460
14669
642
14663
3068
4475
12859
16124
5217
1259
14862
3242
14680
6590
17849
2001
4837
1295
3606
17143
16370
4767
13862
5422
581
3330
1739
15178
12839
17843
17652
6505
2372
3735
13259
2107
14741
1473
3012
16088
12226
15374
10954
6527
11545
11438
13791
14047
2791
10976
8727
15817
9859
17471
5443
1187
910
9389
16283
12777
1729
5341
7594
13512
13457
7834
6342
12171
4960
12053
12491
1552
5267
9071
766
14579
7841
7094
16101
12343
1913
17710
17325
10584
8056
2870
14054
13275
8067
14524
7318
5980
6382
9879
12362
6714
10081
17791
803
5931
16823
12010
10972
4461
2142
10628
17505
6092
9115
14297
127
8519
6223
2566
15806
4372
6910
17204
7185
9323
12919
3382
5928
5823
7971
16233
12167
5813
15179
16279
12958
4117
7576
1483
9255
2876
12349
4467
2419
1684
16582
81
17611
398
11701
16207
16787
11607
14759
16911
5494
383
4404
7423
12942
6802
15277
4156
15973
13724
3241
1620
5218
17090
15397
1158
12611
2821
17372
9110
996
2920
1676
3369
17527
9915
3117
5022
1637
8084
15935
14311
10359
12304
1584
7982
15240
10598
3730
2865
10973
5902
3020
3648
3961
12043
5675
15109
545
6132
8581
8092
17026
10694
4118
970
14915
14974
8410
10606
12483
10004
15022
17699
6032
15647
15658
5567
11896
12210
1992
196
7114
17500
8654
17229
13593
14732
9199
11157
7781
2544
3952
12394
11540
17053
870
6612
5303
11066
14262
9283
10341
7895
7845
17661
11022
16946
10823
10724
8992
15525
16206
6818
12016
1927
10107
6739
7345
6641
13556
2704
9456
7505
10461
17580
5340
17836
5491
4163
11937
12373
4688
3172
13633
3523
10053
10517
298
11521
9309
12960
657
7233
1846
15907
2739
12979
13000
5423
4577
6711
1573
2482
11385
15157
4650
8230
12795
12663
12693
13752
11244
15106
12922
2555
2692
3225
15953
8153
12711
471
17481
6553
2503
10958
14048
1955
2632
7816
9669
12782
8233
13832
10589
3114
1571
10031
11320
2770
13645
12532
4120
14916
8911
16766
1247
15041
11769
8642
17158
6919
1319
10288
7495
8682
15042
17138
6019
7840
682
17009
13014
10000
12199
14243
9439
8031
7264
6394
8787
10229
12193
4383
162
16673
2271
2145
8544
12961
6056
3673
8522
3545
5456
7867
4320
11590
15249
3160
6140
5057
8897
14447
13933
14790
305
10116
14742
13332
5649
7369
8824
3091
9976
10571
9422
1084
12577
14860
113
7656
2974
916
4621
15715
18
1495
2310
7343
5447
12076
15969
7647
16881
3800
15342
1401
7300
9766
15966
10219
12070
17262
8750
3419
1942
7085
4039
12170
382
1331
11144
17027
2757
15001
9967
12282
1880
17390
15006
11386
9618
4612
5009
15112
500
6509
7792
7002
8934
4860
9658
6495
1369
1347
8922
15156
2573
4302
14493
7645
7181
15473
15512
15558
2389
9876
3763
15639
8621
367
10872
2448
17761
10408
7532
9697
13824
7127
16588
11181
5485
2823
13599
4288
1594
6022
13706
11548
3338
8871
7931
7893
2463
9998
2507
7027
14665
10877
9632
1019
4453
8745
4637
5876
11565
3487
12306
17029
434
1253
17416
12336
12727
15780
15128
3899
13074
5978
14854
14182
15120
9386
15776
4405
1950
12214
13427
1755
8115
558
14384
8599
5740
14948
14661
8382
10214
10800
16067
15555
15850
4968
14010
15742
14372
485
12841
17840
5136
8966
1506
12417
6779
4944
9354
2211
5620
12319
17760
8685
16099
13568
1380
6519
13173
1299
5725
10642
9385
10131
9125
9000
3007
16319
2218
1863
6562
7321
11772
12160
15332
14542
3621
11415
15683
7640
2971
10336
11967
11130
17309
7439
9843
9325
3762
7827
10942
11712
11243
3525
14699
9303
10891
16656
11774
12040
17197
11300
15020
11040
14756
3041
2285
1366
4392
200
4471
11782
6830
14028
8839
7504
2227
10725
630
7130
17823
3432
7427
2377
6160
11843
2070
5610
11024
3914
7432
5115
14255
10139
11958
4460
10529
9860
15605
3964
3236
4700
66
8643
8579
3502
14656
1797
7352
6601
6676
15769
11939
9819
4778
17356
7275
1692
6616
4028
11530
7374
13561
3880
7409
2510
1501
8297
2937
17614
9712
1725
11566
10047
9340
16239
2319
5468
13680
7309
4006
13333
12564
11846
12341
5196
9778
11075
2064
13456
14077
16409
2125
6392
14749
8464
16366
3659
3063
905
4406
13272
16218
14730
11135
1086
7453
3444
9371
7585
4353
1515
12561
3993
4356
14039
1664
16886
7207
1651
10239
6963
3376
8444
11718
11265
12502
17679
6469
9413
10308
13959
9087
17671
14233
10234
6540
17525
2112
8101
854
415
6507
12416
15554
11399
9235
17737
6707
9021
17506
10609
268
1361
11631
3320
11057
6080
5647
14716
17620
4531
8797
4414
7983
7116
1407
11794
10090
12798
5666
11434
16764
9402
16197
11294
12915
17524
6281
9785
9985
7051
17101
9430
11109
256
5949
15175
8774
8275
5903
4112
17478
7573
3119
1770
9757
17042
8055
4478
5338
5189
15010
12022
14765
10697
8053
11252
8806
17297
11373
2532
6187
4518
14287
2086
1136
1999
588
6953
8184
5094
7513
4256
15258
1169
5377
5305
6893
11116
12669
11470
2863
13049
6792
1785
17662
15171
15843
15284
6125
14918
2398
12163
13298
5793
16372
15209
17097
397
188
320
13487
122
6153
14500
8996
10002
15982
2279
1375
373
13202
15920
4822
16655
10554
1669
12527
15270
7351
2690
10046
16045
16844
11455
4595
10240
15268
9971
11968
16993
741
9377
2387
2252
6141
13978
14686
14148
5036
4867
522
12779
6448
4311
1849
9514
7539
11960
1261
3448
5208
13841
4101
17281
2316
12440
3313
6905
9036
14725
10585
1916
8366
8468
15866
12893
17078
15945
11322
14090
14906
6971
11432
185
738
3982
2162
11358
16224
14096
725
435
12371
14428
4115
5678
1255
3983
15788
6458
15440
11030
14887
7305
10580
8499
10120
9114
5643
9935
17731
4817
14176
10756
13414
13785
4359
8585
846
12579
13575
6395
11355
15774
9591
4476
2240
9159
14703
2726
14301
17410
4995
2999
14832
4643
8651
16595
3482
2221
1311
192
16253
1928
13504
17521
5521
6713
6902
1241
597
154
5550
11667
17589
5455
3066
5573
8266
16617
3841
6173
4978
3661
1054
16674
914
17495
7919
15225
4263
7784
6409
13185
920
16982
6039
257
8447
4823
7042
768
6244
14507
10731
9918
6691
8302
9871
11260
8904
7948
1479
13448
16654
16447
14729
9286
5391
8970
7328
15636
6313
4178
2993
14291
1850
9553
15668
6651
11936
6655
2595
1862
12764
12513
632
9245
7868
16082
11077
11158
10985
7627
6821
4734
44
13376
4624
16379
9351
12382
6319
6542
15532
3104
10271
9613
12696
4781
17797
144
16175
1574
2313
7967
7262
8720
6043
14414
7617
835
7947
13982
3693
17543
8466
16531
8486
13058
9907
6820
3182
15104
3898
10245
9166
11408
4199
14546
8169
16425
5482
16009
16761
2194
2004
3503
8397
9260
3185
7687
2718
2459
1982
16103
740
1032
5520
3046
2915
