7689
11481
811
13670
3932
15087
13424
2724
2290
16809
1884
7535
954
7749
7212
7140
3749
5327
11168
11561
2597
8329
9701
11889
9351
8371
11511
11416
13740
7728
9660
8582
1358
3377
4251
6304
5788
1730
4114
7963
13540
7721
2468
8358
13073
5376
15903
10060
9634
13462
12465
11228
9039
10536
13547
3615
3991
7238
2874
15993
17691
14823
2324
2298
15552
510
1241
11934
3295
7197
717
2017
13997
772
8444
11656
16707
4652
3767
14627
2270
12434
6848
13831
12222
2932
8020
11733
1372
8264
7795
9661
14057
16085
12820
8641
1057
379
1497
4263
150
5483
12248
5310
5158
13612
11337
11554
11628
16072
2110
10648
3108
14847
3994
1609
4651
13673
5362
11114
340
10837
15397
15782
6763
7071
15057
5061
14138
10036
210
10206
10938
10592
8589
8255
1989
7812
15113
6059
6628
3180
4059
123
8417
16986
15706
8207
9849
15715
7041
243
3792
5503
15127
7250
5724
12146
15537
4568
17242
3392
8130
16674
4447
16130
5412
17707
6042
8027
8664
3245
760
15106
41
2924
6438
8637
7921
12304
9031
7809
7646
17285
2727
13304
16243
6075
5231
2981
892
4589
3803
7557
3208
8013
6174
1324
11086
6669
3170
9232
542
3551
12698
8925
13169
1290
11725
14404
7870
16257
3447
6289
12948
5584
14535
9194
10604
12989
15888
2811
11433
7183
13520
4674
17147
2339
476
13209
154
561
6396
3887
16019
2548
9605
5550
13225
16064
9385
630
16524
17234
4892
1725
2546
12211
5979
3369
9142
16378
9028
9036
2178
6339
9982
2978
7894
10019
8360
2308
9133
6826
13425
6351
17477
12979
16385
15350
14816
4681
16102
13998
16240
9691
8919
15375
1459
13004
17467
7246
1809
3284
5221
14028
15639
13211
17870
2800
6600
11084
1238
6088
7501
2272
10166
11576
11323
12328
8751
15881
11245
4719
11033
3090
6790
4881
9896
10058
7532
15895
2288
13144
7562
1250
3930
15948
7114
477
4722
5211
17187
14970
16536
17315
6105
14674
15343
10812
3089
14799
6756
15358
10729
1960
387
2151
1901
9123
13576
2829
3372
4706
15873
7741
13017
14921
9747
17476
3833
16329
15696
13666
16482
11591
12727
6381
14659
11611
7842
7260
7868
12855
8112
9938
9876
101
17757
4893
7380
6148
14466
2767
5250
1393
1707
13587
8500
14762
938
7402
2519
7037
5692
7537
156
2
6070
14835
12142
11660
14465
9997
7976
9572
17005
12056
17308
7805
6294
341
11290
16913
11837
11220
16377
30
6660
11810
15949
1873
15466
5582
3985
14846
4968
16650
4716
4802
4351
8982
7477
5261
10397
12383
13974
16051
12153
16984
17542
11792
878
9262
12080
8431
1181
15962
518
2442
16663
2662
2816
15357
27
10507
7057
17355
1890
3499
3944
4170
9009
6910
1721
5301
9654
13859
8001
11928
10386
4213
16179
15573
10510
6909
5078
10692
14179
14008
6654
12813
5006
1481
15107
12210
5431
5857
15040
6192
47
15665
4476
9025
6725
821
8704
7500
12854
8766
5522
129
11610
4688
3291
8560
11135
9746
16980
46
898
17142
12731
7934
11876
11264
15711
16345
9444
10153
2232
1703
10006
11491
16032
8984
11867
14972
16703
7031
9372
9409
5084
11446
7280
17406
1529
2253
5588
17602
6875
10561
2223
17218
5994
11187
5299
3865
11390
7771
16457
5454
1388
11750
12693
1966
11107
13064
2976
4787
3103
9220
1061
4238
10819
715
11633
17503
7718
5632
5162
5528
13075
3818
11254
17565
6902
15584
14213
8454
17614
15226
5293
16983
3659
9877
1033
593
4156
10663
1915
5113
17851
16408
2093
15727
2605
9322
14005
1826
5990
16439
751
3735
16232
7262
4773
16187
12894
1702
9542
15685
17047
12950
12412
9513
16893
5705
2265
9267
11474
16902
17275
5922
15637
7441
15974
14557
8070
17408
10650
17808
5187
11351
14478
2842
16241
12578
17475
13312
12278
12094
16719
14995
13055
17008
6870
5413
1248
2169
881
12069
124
8562
6575
12370
2392
4685
3235
16020
6430
8976
3867
16403
3734
2735
6636
17125
2148
2356
90
2887
9791
103
3415
15644
493
7326
17700
15314
7896
14391
6373
6254
12529
9078
14634
2415
3879
4450
1860
16296
9032
15996
8022
4799
5713
14768
2973
7381
8121
14277
16549
3309
16880
4340
654
8777
9050
5633
6121
15765
16971
4919
12787
11218
8317
5764
8882
17298
5723
15904
9229
3413
13029
1062
15970
15763
3311
7686
8722
1510
973
4484
5195
9116
926
1881
15254
7677
1786
13932
8324
4913
10349
6885
6180
646
13362
11162
17627
4249
2852
15043
17228
13605
1961
8111
8233
5354
8144
15183
11191
15648
15455
3329
16363
13421
12135
6018
549
5147
3540
13477
12281
12729
5891
1841
4871
5478
4176
15134
3285
5646
13706
9132
10514
6891
17802
1315
10182
1506
3974
14157
381
370
8190
3374
13439
12893
170
5447
14427
16096
4986
7710
7310
5519
12882
12073
3514
13657
11993
1039
3219
11373
3236
15578
7239
2522
15698
7199
7972
2639
9359
14965
11469
12547
9641
2005
14137
1262
4758
8706
509
6805
1745
6342
16520
12694
7602
14874
14122
225
10671
2358
11578
8991
4317
6390
17148
10231
11696
7978
16103
3770
4865
5085
17514
13990
12648
17272
246
1979
2446
8615
261
2709
14917
7357
6158
10599
2667
5717
6053
7654
4777
5538
14745
2116
11636
16337
8930
13983
7748
7889
9350
14150
11718
17665
11886
13868
12531
9686
9316
15395
15031
1162
12020
2810
8149
17167
8230
7265
5438
16391
1810
1222
17362
10230
13366
790
10244
7625
10610
1030
17466
13651
9681
12133
16459
7157
6306
16824
14785
8427
14661
10328
13384
7470
4054
9773
7456
1584
919
9940
13117
14750
17057
12558
11676
17173
7252
9871
8715
2478
4594
8526
14302
17331
5501
484
11368
8602
14331
5217
5942
5088
4050
9617
3405
2349
4020
14034
11478
14796
10725
11599
15596
16918
15292
15191
2525
17212
927
3122
14884
1289
9454
2494
7635
7930
14119
9254
15768
10980
7329
5013
10204
8999
13224
7333
12250
6408
10590
3142
5160
8031
1948
5728
5555
12224
17347
5597
14292
12050
17078
6337
17823
8406
3577
6468
4926
13368
16877
1526
10948
12705
22
16692
12183
11400
5541
4680
2137
6100
15832
7039
12285
17683
12145
6836
17735
17705
12837
3094
11563
16480
14217
16804
9197
14196
15142
6498
15602
6025
1455
8933
11783
6026
1024
9930
14159
5663
11231
12799
16365
16312
15252
8397
4498
362
6454
1235
8150
11331
5124
981
7824
1833
4918
13474
16604
3198
8424
12256
13240
10685
5182
2407
9998
4877
14364
14414
10011
10542
102
10289
7029
5192
14704
8349
11537
6196
2794
12302
12504
17765
13067
4149
669
13391
2254
16265
5715
1846
7370
9102
10732
10600
5865
17730
15075
16625
12610
45
13514
6073
10104
3772
7566
1777
10903
2375
12360
4445
16561
14142
12427
9784
17618
12124
12409
4659
10240
15353
4467
6702
8145
15653
50
2177
201
6341
10643
14067
12862
11515
8378
10252
14593
12125
16996
10474
13044
1604
17500
3728
2050
9314
17096
131
965
10908
6832
4841
166
9456
2337
253
4356
6457
12439
3071
17284
15916
17883
11827
1349
2310
15837
10769
9018
11572
17043
8954
7981
14421
12908
10372
16508
9815
197
1192
8688
14484
1103
10550
1709
7102
7409
3441
9006
2025
2802
6087
13080
13222
4886
3942
3456
9597
7891
17855
13290
13700
12771
971
2927
4119
9135
15304
1304
1196
10496
6994
9707
15848
16376
9811
14911
13907
9581
16837
1156
9222
11819
5430
16073
9149
9698
5941
49
7143
9288
3087
9933
8624
11105
3258
9858
4125
9195
10442
5772
17510
2350
13715
2493
14232
7702
11855
11604
2671
13490
14273
7661
11751
4424
4852
7304
2429
14984
8857
13899
8103
13969
4934
15246
12184
6453
13654
14836
6125
13784
9755
11073
4820
1409
1261
15290
16584
5858
14093
4440
17428
9966
11548
14616
2319
12628
15495
5558
10955
6473
8960
5337
6379
15015
13848
975
16562
15151
1277
15791
7428
15735
3361
1704
6566
14829
14895
7673
6389
11907
1285
8299
13528
824
7091
13120
4324
11954
12266
6477
16502
17827
10274
1070
6216
6989
8814
34
8277
1637
13626
16062
9693
6108
4956
9079
4234
10315
6940
17224
4096
17196
1802
15538
12991
15223
1140
11588
14517
15811
9126
3653
11936
15271
514
3635
17375
9657
2955
5422
15499
10872
15132
5916
12454
8677
12848
6764
11286
5493
10935
15283
8087
10731
9027
13721
13101
1176
17
12347
666
15129
8450
13770
9404
13024
14354
2104
912
17259
6585
15988
3780
3660
364
7122
13622
5577
7683
15202
17737
8008
16423
665
3442
11281
203
1274
12422
9935
10864
9467
17832
6606
16026
3508
13930
9955
14036
10
2827
9066
14220
2678
8809
3332
3201
420
17421
8430
1476
15340
15019
11017
13196
6788
7149
5345
6327
2325
17004
5624
6777
3140
15153
16238
8014
5349
17207
17616
397
7358
15980
9421
13703
11707
11473
3951
10481
14844
2793
7077
13816
13469
10681
2920
8643
17857
2233
1912
3702
531
9927
56
8796
13295
3667
6610
11201
13336
2585
17574
11997
6193
229
9621
4469
4147
12825
8445
759
5505
16652
11724
6255
7118
17681
7905
8345
10766
10053
9169
6141
13984
17711
12566
10846
12119
2738
3672
15629
17751
10516
12012
4570
11196
13092
15376
14978
11679
12657
1511
3920
7369
4668
3342
9347
3745
9124
1706
1129
613
16555
2154
11682
2144
3178
5714
15673
9558
13643
953
6706
6286
11341
1575
5053
5639
8261
17527
1608
2346
16727
15738
12817
707
4383
2409
6194
4426
4684
15687
5740
12117
11606
16484
16658
4134
10132
13308
1877
10043
12850
10806
1675
11551
1716
6883
14999
2756
13252
2041
16052
3136
6681
436
9041
5741
15133
5228
8585
9259
11979
2604
15963
5328
16803
15140
14205
9274
14416
14688
6076
1734
10234
2001
9649
5487
15342
2053
15790
1063
14679
8297
9702
12724
12321
17262
2725
5722
13658
16842
1259
2980
6138
9085
13825
12572
9205
15749
14907
10478
11214
15187
7774
16518
16655
5679
5
15295
2024
11038
13096
9787
13578
16033
5212
17697
372
515
3933
2675
16332
4400
392
3675
398
12305
4221
17015
664
16290
17139
4809
3402
5087
12260
4557
4034
16100
10745
1731
10902
8859
3237
9861
4645
15071
10365
7651
1356
7564
17439
3501
9806
10838
5747
10431
11898
9119
14867
2046
1227
16741
9802
11948
9046
9841
1952
1925
13795
8250
11385
12788
3493
867
12444
6858
4171
16743
10661
4835
17407
12391
5682
10656
10525
483
6707
127
737
12470
1079
13679
1822
12355
2819
2072
7284
14272
13519
841
11082
6197
15717
17583
7003
14430
8344
2336
17810
1308
16666
5046
14877
10350
14401
14301
6069
14448
10636
16142
10484
6479
10327
10827
6644
16493
10232
14489
9272
658
7648
389
7411
14019
9752
2982
6080
8113
705
3839
3306
6913
3841
479
15086
17635
12625
3278
803
2624
15038
16705
9432
7285
5320
6929
12884
1696
3993
653
4240
17843
5440
10003
13539
12959
16946
2894
15626
16952
332
8120
16615
9520
3539
4371
5054
4588
1701
7678
12774
5480
4639
5612
16258
4189
1842
773
2163
15852
7324
17103
15501
4760
3686
9345
1917
10506
883
14203
12041
12516
1491
16499
994
17894
8085
3104
9768
7187
4664
9901
10756
6033
5445
13155
11838
11832
11668
11475
14393
9620
14572
10082
353
9878
9318
2044
5005
13006
3941
3636
17756
9528
9737
847
3907
722
15959
14173
8429
14033
11942
15007
4005
17775
10417
2311
13234
3315
5786
16154
12393
12532
11282
9013
10046
7682
3004
3584
10836
10032
1064
4953
14117
15533
16850
17091
14191
17431
1405
1031
11546
7423
12202
6164
9979
17162
17426
14039
17436
14549
4914
2551
7676
10023
10981
6152
11963
1479
1606
17497
3640
2094
1900
936
3437
7241
16215
12104
17252
4710
14496
9760
15416
766
17437
118
902
9091
458
1976
15011
8712
14479
7365
13600
2947
3249
13521
3187
5140
14497
2721
13
13249
3083
16627
3871
7136
13217
10770
9725
6590
6830
11118
1794
14432
8066
5227
7080
11370
13616
14211
3682
8458
74
10446
15681
4093
15814
8598
7571
10723
8990
8083
12681
10152
6657
4129
727
17201
13856
3050
4425
16302
866
3619
1360
10529
8373
4751
5305
17609
15654
16259
2496
17715
15695
16012
12453
17039
869
17701
11629
17814
15130
8221
9606
2689
580
11407
9014
2999
17667
6109
8723
12846
241
8928
14369
9462
386
7289
16761
17360
3692
17489
15065
702
13431
1236
7162
11364
14105
377
13495
7935
1495
1214
16339
3318
4629
11122
14643
3478
4336
5845
4984
15662
14477
14041
17366
17636
11892
14111
7134
11088
9134
4646
1
1551
6447
4676
12154
10171
2173
11172
7235
14216
7966
16667
17546
12626
9770
5049
11003
5600
6635
11846
10271
6253
17592
1974
13863
1512
8348
11225
15063
16272
8844
8097
13680
7489
8524
14141
15932
10450
2205
2865
2698
15286
1653
2183
13156
6980
4530
12640
1573
4927
9054
17860
7777
14323
13061
16715
5040
16273
793
9541
6607
3648
3257
4146
7417
11283
4138
15751
12362
11860
9483
3397
9319
12085
8842
7877
5652
3789
16204
4609
4750
17017
10405
14210
10113
6153
12177
9489
7352
6823
10860
2961
5402
12138
7699
3935
4300
12025
13177
11753
15713
10281
6420
11574
606
13422
724
7148
2379
15215
13305
6467
10199
7159
16812
11466
1659
3288
495
7823
16092
10623
7127
9560
7069
13016
8699
16587
413
11251
4184
13921
1552
3654
11171
12832
8052
10408
6188
2545
2524
12524
12686
9869
15764
3983
10539
939
8466
7387
13517
6111
6567
9639
13900
1740
16354
1147
17141
12764
4515
14771
17893
891
7208
439
13577
3129
13535
7281
2099
11833
15701
14040
14941
14377
14948
12193
5300
17204
15978
11903
7264
11438
4131
15185
2513
7814
7368
7219
2090
7582
6309
13691
16254
9818
810
1348
13835
1882
1663
14801
5384
3533
15301
14638
7632
6965
14857
7888
10890
15213
14932
10629
13023
12194
5562
4561
3151
10360
7202
8953
3967
4410
10286
5137
2115
7938
3987
11805
6900
2101
9498
2935
1595
7983
7294
8099
3723
16535
9843
779
7404
903
9095
7279
1994
9785
8105
10065
14610
12098
6057
14781
10388
12113
11665
3670
16262
8338
14641
12270
1649
11788
13530
11369
12934
17314
10644
13026
4428
15921
11243
4164
10773
10211
2124
3123
15430
6215
16416
4678
12994
15601
15060
10720
17859
13430
2466
2504
8362
12587
11962
1402
11442
12424
16392
13885
16278
853
12160
3427
6299
16849
13128
4261
4560
6433
548
1562
1076
4242
8795
13194
11140
6290
13306
17520
17519
200
1849
7735
2146
2940
15867
15857
986
15930
9944
2260
14420
4109
10697
13676
16875
7843
445
5188
7856
10160
17767
14112
11501
9178
15264
7696
14238
14026
14914
12215
1083
5756
14709
6399
12955
10566
9150
4992
12949
11985
1397
2499
9667
15489
12178
10099
9285
256
3302
640
17400
2377
4596
17158
16393
2488
3341
5656
12852
3931
4514
2696
1851
11395
5099
11285
4042
16706
6521
4591
4128
4072
14035
4193
6791
7440
8596
10452
12287
13121
1625
3976
15193
6384
13796
8236
8983
15890
15909
85
5668
5661
16729
17159
4062
17655
14347
257
15469
4711
12897
10580
11520
5467
10920
5442
7578
6704
14098
17246
4486
2805
1813
6016
3607
4638
10038
14946
2781
8080
17424
17299
6469
8549
2426
9423
3710
6503
8713
26
2445
15192
11064
17604
2677
3313
7269
12600
16065
1904
16688
16410
14222
5086
6310
11840
10415
10312
17664
13343
11927
17319
16307
17050
14270
7451
10363
14189
9069
5783
17217
5953
8064
1571
5739
1101
12174
11240
15320
14439
17507
2875
2381
344
10964
3812
4563
13708
16921
12277
1201
4241
1400
5437
14818
17110
2026
6962
7364
14493
5803
13141
8726
289
8354
8352
1883
11585
3
2028
15990
12181
4707
3056
5024
444
15461
9239
13491
11627
4936
16554
5289
8447
2552
7453
5103
8995
16234
8800
9281
14172
12095
8490
6824
14780
6846
3067
10862
10445
16116
8367
11566
10052
15548
17567
12541
4526
10262
3760
5077
14775
17868
8094
10859
2679
12881
7742
10085
16541
4036
9514
15321
7432
16338
13638
3260
16220
4792
4470
12053
17353
17048
3612
2823
5030
9863
13263
11160
14050
17825
15112
6009
16461
9544
4055
8053
16691
16352
10494
1362
8384
13829
2656
16681
9038
2497
5220
2087
11678
402
15329
9573
11570
16780
5036
4422
1944
9945
6700
6927
4999
3169
16172
3081
2039
6200
8565
13614
10455
4616
3949
58
16722
6436
7481
12261
5851
13114
1386
13694
14928
1002
3688
17128
4555
8410
9739
313
15633
13455
3881
14348
393
11754
16872
81
9308
17278
12197
10780
9310
13698
12482
15572
4785
8025
9108
9302
12058
2247
11278
16497
11480
12374
8295
7267
8169
9298
5618
3557
6616
9651
16050
14447
12539
8711
8994
14720
17658
3669
13139
6332
9696
13151
4215
1891
13950
7706
4454
15824
7413
3726
10545
4559
9829
1492
9286
9954
9509
470
15660
12322
15969
10808
4858
16665
8244
14060
4451
16469
1893
2341
16590
61
4446
9468
11293
1859
15359
2432
7643
1058
16571
10217
12474
7025
12530
7104
13543
10757
5125
16108
13635
4733
4825
1443
2789
5439
10191
15445
11813
3152
14417
16840
12614
8764
6243
2849
4727
1739
1585
7376
4396
10461
5446
14208
7066
5578
13552
7874
16607
5765
1686
12027
16148
275
12320
3018
16942
7117
8805
15759
16396
8043
5127
16737
4429
17645
1684
3926
5490
2759
4742
5434
7580
16123
10356
4818
6615
7256
10198
15995
5133
7617
8237
8468
11456
12607
12630
7422
4183
787
1639
7076
10833
14993
1518
10969
2647
10304
14457
4828
15094
6445
6943
15851
2569
602
11145
6440
2412
11454
14115
10471
5393
776
12834
16008
15539
12433
7709
4160
12047
6977
1254
13523
12306
2475
13749
8398
6305
686
3430
16989
11346
9736
8590
2483
3870
293
5983
10469
3531
11720
3204
3052
4884
13371
6816
9532
17270
16125
16016
14691
2979
10569
8051
11856
9403
4364
5267
750
1220
7644
16811
2509
7429
11085
2526
7960
13993
7081
14086
3783
5820
175
6507
9413
6090
17463
4198
13448
11125
2703
14525
15439
4335
190
10573
16682
17088
14080
12830
360
9044
17562
4547
16871
8567
16386
16424
10136
5939
3348
8461
4931
15981
3763
13910
10022
15830
4169
79
160
11257
15211
930
9840
2238
13449
521
14408
2368
15823
6916
6744
1834
1806
2278
8157
3032
17533
7308
716
8171
17135
8462
11041
13509
17131
14819
17572
14352
5208
5373
12875
621
17251
13772
428
6819
7485
7327
5754
7509
11332
5367
13494
13748
17116
4116
6470
7139
10716
8752
14299
17388
527
11343
6421
17385
8539
4930
8479
4697
136
5995
8907
8998
14334
5883
1854
781
9537
9374
14849
17649
3220
11050
16137
6958
6115
11393
15032
17768
2438
2462
9042
10923
1673
5120
897
6386
7523
16428
14998
13010
14247
16340
5196
7738
9084
10001
1535
8321
13811
12463
12873
11778
9656
16794
6631
12987
9540
5687
16712
14230
145
1021
1577
3785
14761
5718
6214
9624
4003
13902
10014
3968
2542
11205
15460
6489
15621
10194
17693
7047
16279
9976
11560
15109
9292
1779
6967
11317
12203
7671
4283
1092
12895
11324
17596
91
3048
5491
16823
4007
17646
13206
11958
1643
4519
6558
15138
17161
9743
9505
2985
10803
12483
14219
10538
12975
17846
5863
15605
8587
15369
9959
12279
14658
5698
17725
14590
16223
770
5701
1108
4
283
14064
17867
9809
8660
105
8785
4577
7586
14594
2023
8026
4368
616
683
16370
17387
6045
9474
4804
17122
5256
1367
962
3715
1470
1232
7113
15462
5872
38
13677
15549
2783
1475
14773
2964
12977
9769
10016
15178
4831
13922
4951
3298
13296
1297
4907
12172
8651
9305
2620
5736
230
13259
9478
16053
1972
16209
15319
6729
3972
4554
13862
1633
13093
6857
109
2983
5640
17688
4525
15753
14501
13365
9382
425
14633
16716
6537
11465
2422
16228
13118
17890
6316
15669
13596
8644
4041
3630
7855
8941
10625
5774
11641
4536
3470
807
17195
5164
11672
13650
931
4860
4822
1095
10251
2813
10971
7862
7507
16229
9750
2556
17322
17702
14235
2120
6422
9428
10637
5647
9280
5165
4666
6455
2302
11053
12548
10840
11579
14397
10427
10031
12254
13369
9793
11014
11138
2543
14062
4924
929
8568
5236
8666
17605
8685
11534
16798
15431
13193
10956
1266
1937
12199
3902
8351
8701
6556
7257
17380
578
17763
14982
15156
9916
12823
11930
8871
16369
767
3199
1601
4461
7255
3255
6427
3218
7746
6999
6886
7465
12037
16917
14736
2012
12430
6347
16910
13545
14800
405
12749
1166
14969
11863
2577
15268
3316
4247
17035
7745
12716
693
14428
8162
884
14317
513
10390
14013
6939
4622
4002
15392
11477
7494
16977
2739
9469
12308
271
4029
11573
7309
13049
11222
429
13763
17441
15503
6491
14815
4653
9227
10515
6047
11150
8239
12935
2297
8687
8395
16569
9687
13463
2950
2210
1474
7545
7131
3312
746
9332
6642
15779
8580
15825
12691
5968
11630
11291
14411
11902
8836
260
13181
10111
5071
5219
17200
9265
5017
16512
5703
9623
12659
6463
15479
1368
12244
12334
14274
17151
6993
6474
5869
4649
5264
2158
226
6863
13443
9240
10435
12375
2763
14431
17321
17854
14162
9788
12500
11729
7943
7305
5170
15051
885
211
16128
769
9932
7633
7110
16673
5292
14985
9962
11378
3507
10460
86
3026
8382
17586
6739
13235
2187
17059
13618
17570
814
17577
17821
5927
1225
14237
745
1121
17530
4995
11747
17796
487
13115
6258
15871
12000
13197
9957
4959
3486
7828
5276
8693
7838
10462
9247
6799
791
3038
5497
3006
8534
16095
7548
10587
3786
15158
15656
9419
9045
16205
5041
15227
6095
1150
6024
5882
13668
17293
16120
2720
12655
15338
11850
5884
12096
13331
12400
13693
13500
11881
14258
6869
8158
1932
3223
12662
9184
6492
1713
1417
14051
13107
957
12841
14130
14031
8656
16078
1999
8122
14374
10711
10311
1453
15985
5138
9854
8510
2097
10200
13563
14509
2226
11543
8441
6499
1589
5965
12511
17559
6280
134
12026
8684
11216
4180
10024
10742
16612
2649
13754
3484
2225
1823
8037
12294
3191
4414
7899
1934
2010
9807
4143
3303
8229
13973
3241
952
10666
3460
10951
8024
1204
11253
9778
17418
463
13988
2567
352
8569
4896
10787
6923
15098
7366
15632
5016
17430
5332
3784
302
1013
419
12784
2109
12120
12643
5449
5329
14534
2373
4388
12327
4933
2273
9296
14088
7955
6714
5905
15171
16538
16371
5936
16129
11799
12802
15217
11154
443
703
13031
3971
8148
998
3227
17024
10870
12592
9408
10047
9397
1231
306
586
7299
5954
13299
17656
9235
3689
17833
3480
4449
10937
14581
2830
14631
10290
13595
16440
16405
15728
2815
10760
15928
4655
6523
14390
5651
13890
12973
11463
3569
10821
16545
15883
17603
14467
14490
6330
873
10338
10362
13445
15492
8605
10169
4309
11649
4700
15554
12594
4310
11998
11354
15752
6988
13662
16914
12449
12149
17452
1159
7109
9713
3359
9068
16375
6517
13028
10155
857
12134
12932
9470
16043
10572
2750
13414
7975
9412
10470
10241
5547
6245
2188
9709
4353
16070
7439
10954
8364
11406
12276
17345
2959
17394
9822
5453
13334
3013
3224
396
1650
2196
14271
14689
13147
13348
14660
13709
15463
8841
16749
4791
11234
15231
15884
2921
4546
14253
2239
10482
17794
1316
380
8098
15680
6183
14646
14752
13699
7504
4298
1992
4111
1909
10512
4286
2192
17799
15919
13423
839
13429
6713
8067
2387
10642
17643
15649
5507
16852
2220
13116
10449
1410
3883
8336
17033
6409
1744
2626
6279
17127
9942
14940
15876
13660
16253
10259
17098
2866
9325
4441
6030
472
12692
5864
16851
3581
11408
775
8586
989
10848
16139
14482
7189
17377
9531
10064
10147
14126
4259
5294
9601
6851
4704
4107
9717
11865
4291
13212
11891
5344
16330
7398
7438
147
3459
11859
1715
918
7919
4606
9986
1569
11294
3661
11844
8741
6718
7328
5649
11210
5047
322
12945
8530
9892
2565
5738
3929
2778
6932
14314
11177
933
11864
9326
8997
17282
5744
5615
620
6500
15117
12485
7186
15635
1255
14298
13504
2651
4747
3414
10898
17607
2150
16107
13742
11320
14014
14481
8738
15173
16324
11664
7027
15900
13298
7344
8154
11920
6252
8700
16083
5460
9898
12515
11109
13163
7596
17474
16808
1827
1682
12588
631
13476
11345
13356
12672
16576
16231
1203
9291
2131
15274
7374
7908
8601
10796
8215
15
11273
10669
17273
13412
4847
8985
273
14839
15064
4330
10866
5238
16838
943
13839
11266
1331
1579
15914
16514
16105
7336
2398
13776
8938
2864
1109
17038
5710
13184
3963
6921
16943
13486
5121
12419
11895
12284
5617
164
11922
8886
1623
133
10373
16454
9851
12028
9776
6213
4299
1502
12373
9602
5874
12786
12325
10236
10847
13741
2367
5033
17232
10963
7448
6139
17283
9439
3747
15347
16327
4975
7807
16291
15527
14561
5842
9417
5620
5025
1958
6072
11425
3801
15802
17472
5201
8892
11503
13320
3713
17256
12089
9790
15975
15555
11558
10886
16865
585
7435
14242
6529
16247
10624
17804
4781
1130
4226
12508
9356
6690
13203
15542
748
3262
6775
840
10891
5657
5743
8922
16645
14083
4026
2573
2521
16966
11861
8874
9563
14131
8138
16609
9048
10307
8924
12024
7736
12954
10628
13292
7839
574
9226
2069
8736
6930
13242
13458
8248
1449
6207
4048
9127
1240
4654
10527
6518
15744
11315
2433
6780
14933
764
696
7511
7948
7787
9754
9882
16964
16447
7089
1314
14719
11950
13374
17049
13084
14512
5807
14944
2033
6230
12711
5206
14125
1671
16638
13977
12674
5904
4874
10355
1124
1558
3111
2530
6904
12
5037
8867
7086
14498
8927
17660
7005
11612
2607
12750
6074
5837
14642
3503
6449
7070
15787
12489
1008
17631
13522
16690
3762
4239
5946
11801
2216
6578
3712
3176
13111
1168
655
2718
6464
12103
1288
6559
17875
7634
3461
4379
16309
9307
6019
17438
6483
13823
13441
1494
9570
2995
7906
6882
6688
4140
3368
14584
6624
15907
10744
5693
4084
10911
10300
13453
17812
7340
17410
17368
16448
16091
17771
63
13159
1329
10441
4264
3492
11882
17087
10717
6191
4592
4006
4338
17229
11637
4017
2676
10509
8448
7056
9718
6251
8778
6841
3885
16863
10988
375
258
8607
17340
7026
13150
17444
5980
10909
2694
5576
12180
11265
2224
14578
4909
6166
16599
17257
4725
17662
6995
7559
11518
267
8072
13559
5410
7446
1956
6973
9632
10316
9533
10280
7833
13069
16143
247
5580
9321
6010
12733
15200
500
7085
9640
6274
7897
2527
6776
7670
6490
8669
11721
10601
8208
17086
1553
761
15576
7249
15723
5702
9548
4367
10994
1664
16552
13817
14044
16140
6429
2824
13204
4683
4925
15588
13886
2770
17313
13427
6353
3586
10598
17848
6505
13099
13752
9425
7931
4030
14285
8929
639
14381
16963
16783
9580
9598
9295
12217
3234
612
2876
3297
10918
9008
16908
1796
8155
148
4797
304
15587
794
17509
6587
14648
4117
6564
14290
9266
10754
14307
4448
17654
7589
8680
14806
2672
4329
10395
10203
9146
8846
3795
14168
848
980
8514
248
10924
17011
2554
6400
2634
12497
5224
9507
217
10090
5606
6664
4457
3811
6228
6997
9411
956
16901
1098
691
8852
7068
2463
14692
13994
14564
7330
2036
2071
11652
12108
13888
15972
13079
15942
5062
3961
16887
8531
14945
15500
5665
10396
12964
11484
15085
5898
12071
5729
17704
17568
14577
5152
15769
1489
5726
16164
17202
7996
5476
8380
12384
9619
15373
9673
17012
708
9584
1296
5475
17709
4057
11775
4288
17192
8645
5881
7999
12021
11712
10965
14081
12011
8897
1865
4735
7307
17215
13820
10215
17847
15270
7871
3554
13133
15413
12303
9724
5166
14915
15441
16208
17723
15362
1759
1864
15327
7038
7554
12065
13908
2616
17097
13524
15819
10491
16206
5795
12822
11436
2333
9334
9738
14366
4063
10634
6597
3861
7835
15146
12807
14872
14687
100
11847
15694
16664
1065
17180
1077
15952
14959
17534
14016
16131
9690
457
7063
17887
14262
9609
17422
6853
10795
9327
3882
5223
13802
13733
1969
9708
1086
5855
15650
16452
3805
8474
5462
10500
9252
1269
7737
12673
7347
17269
17549
14665
7414
15100
5730
465
633
2034
13171
7004
11056
10763
6202
5629
13492
739
5725
13962
6263
15288
7518
9923
2397
1908
11327
14562
17079
6303
4385
4752
12730
3398
15863
519
10583
16653
16465
12468
11471
6954
13403
3952
12385
13338
14312
1537
909
1441
3465
1603
668
2942
554
11738
11713
8003
17790
14389
10333
5650
12015
17019
15922
10493
2645
8648
3248
5247
1146
12480
8327
9653
12093
2601
4121
3030
16855
2502
11624
1357
9712
13569
13544
5060
1821
2540
11032
11079
12885
4789
9897
2717
14063
9021
4941
2480
14865
14254
3045
16517
2470
3054
5915
15998
11457
10774
4524
13604
11826
16218
7014
9953
14337
163
233
17525
10519
8102
13682
10329
629
2342
11476
3707
3339
16433
1652
3286
4222
9817
16654
9925
15096
15619
5063
1059
15219
11918
9099
3134
1488
4973
13138
14997
15521
10749
10242
8402
2414
10779
14851
3638
6914
303
1995
13070
10617
2180
9900
10564
7964
5634
13639
3853
9522
8536
16280
3778
140
8482
16577
16399
11774
10868
8810
17895
3349
222
11734
1396
1035
7539
9107
2992
10320
13515
2231
6344
5556
711
14958
16762
7530
7568
11211
13634
8160
16045
15971
14639
1298
13158
3435
2274
7426
6676
573
3098
8480
7851
9202
5934
3355
13153
6942
16675
15638
12715
5392
12926
14567
1242
16968
1359
2170
16451
16118
13844
13456
1244
17156
4049
10805
8753
15249
2776
12683
15563
3047
12988
2550
9789
16161
13815
5653
3124
3840
3804
8935
13457
8621
6829
9931
15924
16
13777
2579
14278
6570
14471
14306
13418
17369
2742
4192
9968
139
9804
6520
13992
14858
15901
13475
8100
15411
1619
11694
3904
3325
9306
13392
12004
15383
2760
3637
6472
7129
16866
9287
15803
12361
9233
16668
10916
16526
14840
5554
12175
11472
13077
4276
14096
1307
6804
292
12826
1026
9081
7898
15181
6340
10337
7125
15382
13008
9590
2632
8451
2989
5023
4285
4375
14087
14315
2909
7739
10425
16002
3947
2653
7142
1811
3997
8433
8674
15941
1807
1414
2807
12722
15263
16696
7174
15182
7399
3025
17236
4889
17528
11289
15391
5383
14859
3923
7274
9061
11077
7726
13036
9121
13630
11462
2695
9906
17696
8973
7522
125
17571
7687
6061
5499
8972
3009
4693
7982
7867
10034
10184
9756
13746
16056
10313
16750
8811
12933
15652
9922
6269
6603
8744
4667
17206
17401
12372
13842
10873
3243
5773
11439
2687
15159
4245
13550
10265
16784
12074
12330
10109
3242
12939
9996
11379
16406
2839
4258
16957
10149
14289
4466
7946
2125
901
8442
9471
8962
3408
17829
186
12043
9683
10131
12036
9268
16106
12150
2332
1416
12793
17502
10844
82
6970
2166
836
1428
9867
4079
7313
11204
6296
5589
16951
7650
7283
11616
12646
11638
11460
7082
3015
3113
1175
3517
8082
6749
1641
16171
8750
5988
9679
3477
10758
6985
14538
5210
427
6990
9365
3417
1505
12469
7152
2338
8690
9643
6448
5178
3943
15199
349
2020
8081
12196
16810
1924
213
8055
10124
10588
11219
5801
5038
16236
9648
11768
3293
9557
8231
10855
5594
6172
5232
8657
11571
7472
4337
1447
155
1850
7108
17374
14384
5603
4091
8816
12003
2277
12663
2997
13284
4205
3585
187
8599
11108
14446
8457
5770
8955
1764
11052
12048
17647
11506
6906
5259
242
6406
13929
1219
5513
17744
2913
8763
7965
13790
3597
1885
3623
5753
1090
16387
2084
15625
14925
9033
16069
1186
11900
9781
863
10811
15960
1689
16381
9393
2399
10858
12944
9106
16189
14715
15870
17417
12122
94
13499
10905
3454
9155
1694
9480
7916
15746
15525
432
1060
835
13094
16197
8106
9234
11130
7306
4717
15005
4696
5607
7276
9083
15485
14190
3116
11731
7115
2828
8551
2029
7153
4256
1341
13537
7458
13472
7425
12228
3915
12519
13918
14901
10534
8508
1615
4199
6648
5581
8249
15910
10740
13318
430
12520
2780
14002
10618
6190
14776
1986
10282
9646
10033
13297
7910
8280
11314
11908
1012
12684
15841
12405
12866
3588
16395
14651
7166
4783
15125
17776
8010
14269
9139
1685
9063
2888
7698
11517
14703
11068
3908
10021
13846
12632
1874
7052
9899
7715
15450
16932
15579
8579
14813
2018
1568
1712
10187
6525
16295
2965
9842
13582
8446
106
3851
6307
14186
14820
376
3729
16911
15918
10157
6674
11329
13129
9283
7818
2571
6712
2079
17140
8050
8019
11776
10059
1344
76
11065
7837
2241
7783
11798
12863
299
13444
1645
11786
10288
13792
5630
14371
15418
1218
17222
9344
7433
9666
6892
15725
1607
16359
3232
588
12940
17235
13707
4230
16903
15247
17339
17760
5847
4977
16593
6224
2162
16640
6682
17551
7355
16551
17610
5769
6156
14586
15721
11852
6840
6459
6206
13473
17488
11854
13100
17689
5241
7427
7615
1789
4386
17034
7385
15604
6547
16030
13713
9731
2328
7778
9364
9874
5240
6527
2469
10548
15360
9163
15968
7890
17830
14700
13145
11287
16326
3791
4095
8318
3270
17208
15938
12038
3173
9607
12927
7939
12438
16786
15520
1239
2165
7397
2464
4534
6803
8270
5314
7290
6056
5426
16728
9094
6132
17094
1371
13419
3326
16429
9389
11536
14325
11010
2970
9245
11121
1528
6709
1951
1276
16245
6140
12208
16684
12345
10930
6043
8512
14783
3335
2057
4967
7019
15716
13054
9331
6264
16158
9278
8131
6808
15131
4087
2030
5265
11722
14023
5813
3822
12871
17432
97
6981
15364
14656
6179
2665
14554
7573
9052
12575
15121
250
16981
11028
3468
16199
15892
2711
622
8203
7629
2850
3906
15620
575
6014
6542
9451
14632
8205
2710
4150
16878
5157
2074
697
272
2851
14788
8089
13345
10382
1421
11029
11989
8048
4993
3731
17025
12561
16548
4344
6877
2352
7128
8570
1042
16455
2419
16422
12577
2103
8035
5937
1078
6948
2539
10567
16854
15023
16846
16027
192
728
13593
11698
1142
2938
9175
10284
7544
15977
9792
4303
11233
6238
13188
11270
12831
17553
12622
11045
14582
12046
15767
12886
8522
17805
5734
10865
13904
17335
462
738
5321
16976
12636
3627
9831
15835
2152
13553
9749
1052
8166
6431
8115
8110
15278
11651
2389
15481
1366
8363
15634
1144
11952
10392
7375
12557
3473
13893
17260
11509
5569
11142
604
10688
13210
7754
174
10856
116
16104
1120
12425
14529
13394
5542
9545
7895
17487
15077
5852
11528
15203
14488
6801
348
8422
3082
5849
6163
8038
14261
8289
5287
14030
255
14358
15899
6195
7836
5416
17591
10020
14629
17824
16792
6539
10928
17402
17778
6003
9242
11207
723
17515
1370
17274
8311
7849
7172
8485
3432
8622
1408
7165
17112
3322
15378
5306
5045
12703
17779
15026
993
15042
15206
2817
5285
3705
5938
5974
1853
5423
15647
481
2171
16874
7638
12495
15849
17479
1582
1377
12505
5959
4987
7585
8855
1217
14147
7555
9566
17581
12105
10910
4749
1549
13361
7945
6418
8904
14349
7222
16806
694
2081
451
9775
14747
2853
15457
16941
3109
10660
10993
15236
15143
17370
10987
600
11587
15597
4295
12968
11675
202
15390
1434
16185
15885
1081
17392
17281
14433
9029
9757
16527
9783
1089
17337
15239
4539
6953
13735
6920
8301
5745
17505
8921
9499
2744
8638
2837
11804
10960
4102
5925
7607
8520
4567
11367
566
8521
7464
4282
2782
1973
10817
14531
204
10996
11969
1136
317
3125
15719
6522
14697
5009
12923
1404
1472
14532
5129
7845
1188
15224
9503
17720
17160
9431
2108
1439
1263
15157
11186
9672
7430
14981
5075
13623
14324
15861
7806
15623
13048
11921
15454
11376
852
1252
7215
3739
3748
11066
1426
14966
7626
7526
6137
17686
10934
14926
5204
7959
15595
16034
6895
16133
5709
2114
15120
13370
13174
15044
11583
13398
2280
14741
13135
3088
12790
14418
10718
3431
4512
10682
12589
11851
1467
5130
2437
17154
7226
13088
3466
14405
13286
16415
5817
13000
7860
224
7282
730
10584
2507
2035
6385
2769
4859
1094
9101
6277
13624
14652
13063
3639
339
8600
5981
11133
10476
8151
6519
6093
16510
15237
4657
7367
4025
1918
10164
13637
3390
12905
13325
9003
5179
8786
318
14754
1313
10809
4360
2112
15984
14900
4151
13809
13641
16255
6378
504
673
16168
16362
15557
2038
6722
11507
14106
16226
15613
15277
6157
7050
14778
10850
3276
12164
5358
16856
17052
4077
14165
11092
7977
15808
10220
83
6540
8883
8661
16061
17611
11883
1521
2915
10989
2258
9994
11025
17071
14343
5623
8987
12464
9814
17271
12992
9734
3147
7782
3768
4496
8459
11325
16110
8749
9337
5270
16606
351
7351
14951
5829
14451
8965
15041
11705
17000
13189
6363
12368
10897
15879
3007
10353
13598
7242
3107
4565
3663
461
3162
9741
14937
7051
14296
14666
1705
12772
3272
17593
5039
2221
7395
13632
14145
14376
3896
16321
5887
11667
877
10342
16194
13397
6701
7515
1554
17398
9141
16177
827
13276
16304
1656
5278
8516
9043
6833
14357
11450
17258
13230
4135
3182
14807
15831
3057
2077
15783
12665
4056
14894
9348
17338
6092
7576
13788
13020
6411
16735
16490
14828
5706
11510
643
5311
4123
842
9105
12148
13261
4978
13591
1014
13789
10015
1862
16542
8731
3446
12006
4679
8132
13627
3065
6231
14889
9794
2949
10885
4703
12702
6185
12809
15518
17225
7508
6417
11194
8889
16830
6246
16320
6557
5699
10368
856
16864
16001
11232
13164
8611
7361
6038
8141
777
12583
16672
12033
6618
6144
13747
17420
12717
13191
8143
1657
9369
2316
325
9430
6209
3737
2318
11152
14311
9663
11589
4319
11524
9103
2006
906
8252
16498
3732
17788
14442
10399
9071
1018
11939
2363
3984
5382
14075
2592
10488
17013
486
15170
12880
9373
12049
16568
2833
8945
3764
7356
1096
1361
830
14422
2473
7797
12446
8353
5283
7547
17290
3913
17404
9203
13720
7201
10874
7207
14803
16747
3598
1184
9279
8705
8108
4988
819
5252
14201
7800
15080
3771
2269
14094
14749
16017
5543
6326
12602
1454
12769
7403
2236
3139
11360
9974
10957
11941
12312
4074
17451
13113
12478
12929
9493
3858
12417
8931
121
17680
12165
8974
11670
7701
1550
4603
10638
8191
1380
9564
8340
17177
13760
3532
449
12678
4821
4312
17819
16067
2405
12258
13980
6951
16929
7525
16651
16087
804
13549
16270
4548
13884
4932
3330
14968
11648
2514
14166
4001
15102
2111
11022
10652
17381
10453
15248
2506
8604
1306
12274
11313
15398
14045
11137
12346
14263
14662
1113
17155
508
8286
1984
11199
15144
11741
2185
1487
17630
13939
14971
16635
5966
16174
8415
9592
3482
10055
13646
2560
9129
13360
14265
12535
7302
16037
15420
7740
5381
7377
17239
8404
12092
13199
5619
13152
12928
1143
5688
15092
3163
4037
1100
307
13556
14766
10354
6740
16000
8885
6021
10223
6119
13205
5635
13797
15449
15371
8310
5686
10180
5370
4869
2602
15336
8268
15453
8916
3251
2355
11305
5468
11165
8523
9952
8456
2843
12746
7681
10655
12877
7660
3029
8768
9630
16805
15078
13942
1016
9170
1906
5058
10991
11787
1546
7940
3738
14833
3438
6594
3545
1872
14356
6758
10562
14825
2155
6227
17755
9157
12171
276
17317
2330
13824
4070
7130
12022
12263
15367
12993
4521
16202
15393
9460
7261
15243
10413
4743
9339
12794
16566
4730
10778
13653
16563
7006
17710
3665
11089
12473
15421
12479
9964
6458
7882
517
13247
11375
5700
5913
17840
10630
16260
17752
14429
13098
5539
8561
11758
16287
12106
9418
12078
15212
6496
12458
13665
7223
3283
3095
641
1770
8012
3177
16230
4433
16925
3086
6048
8533
6143
11304
12728
14711
17240
12778
14744
12595
4962
5443
17166
15610
12551
10767
2958
2975
6924
1283
16458
5977
3175
1785
17858
15190
7995
10633
10040
8414
17579
6377
15195
17031
1281
12460
1975
16464
501
15446
12253
8118
2746
9330
8343
8544
15936
16249
5469
9910
11897
11821
6731
1490
5591
8197
5559
16475
3474
12930
11680
958
2713
3498
15408
16641
4200
5989
12585
7266
10532
9543
14716
1180
10071
2582
16827
1540
3894
4635
14480
3790
5903
14455
2640
2007
2984
757
15136
2230
5388
5948
14777
10225
923
11103
13944
17084
8092
692
14243
12742
8147
12795
6545
456
7704
9312
4064
2479
8823
16101
7180
5911
11206
7624
4439
14845
12912
4052
8537
10647
8746
11296
8217
17221
9023
1451
7722
16485
14025
1840
17102
7484
8063
14144
7893
9188
15261
12397
10824
12609
5263
3751
15902
9803
6728
1783
10419
4745
14148
67
9883
16699
16191
161
8616
10517
16920
5614
9554
16318
13961
3207
10982
17772
9271
3422
16048
16210
274
8493
14808
13137
3756
4092
12896
10050
11532
3143
7912
5993
5363
1933
12440
13007
796
706
3644
3118
13376
8719
7234
6551
12721
13785
6160
3744
2481
14423
2960
8573
13782
8333
8668
6434
3338
12677
16094
16353
8313
212
7990
3340
2906
10559
15155
12421
14986
3189
6388
14753
4737
4675
17006
15061
5625
7529
10922
6055
12829
5198
8830
6318
4769
17640
14340
589
15838
4076
5900
11970
13072
10863
8223
16801
9328
9703
6131
11681
4803
12670
865
6871
9354
11208
15622
2425
11937
3746
8498
4318
4211
2406
11411
12341
5302
15432
1632
12243
10497
12271
12586
13221
13731
7386
7933
5347
12791
6762
13484
3969
12540
3358
3375
4998
7490
16292
7881
17065
11413
5529
14368
15234
11858
8875
2383
7382
2757
4159
5153
1778
15388
10376
2881
5351
16190
6260
17146
5924
3826
8496
9633
4990
16294
17670
581
17357
9827
5002
13258
9886
10522
14379
16481
7020
2803
1027
13769
4139
5766
12777
7286
218
9875
13895
268
6273
8891
13891
10822
10035
15089
6349
16701
1688
3814
12501
12195
16955
9246
3779
16589
677
5464
12461
1776
266
2404
9173
5819
12936
11494
3536
8389
5986
5496
3817
6424
3457
14010
14843
7788
14850
7799
6748
4768
2745
6931
15939
1838
1935
13293
3799
10861
2218
6658
10332
4031
10301
13433
7036
11357
9388
7418
17878
7353
7487
16042
5330
4585
8606
13841
7055
1942
5949
3835
14611
10797
13774
15009
1450
9556
5567
1102
10209
6267
15599
17137
13936
2728
3433
2758
2801
14459
13175
2655
5704
7941
3719
1757
2716
12509
15137
3033
10706
7040
11916
10547
10807
5064
6380
9204
14869
10713
4214
1198
17149
5396
485
17880
12514
5286
9458
1429
5361
9368
5386
6526
149
15582
12889
12457
4633
11455
5761
7288
6101
2098
11746
15614
2967
3331
15566
557
7107
7556
10813
5506
13518
4133
9122
11814
11956
11523
1735
12917
4416
734
17491
812
8196
12132
16266
16478
13280
14653
12062
6666
4314
6750
1381
11836
14516
16595
10568
2300
9112
17673
2076
14056
1431
14890
11632
3706
10348
12805
14076
5008
11091
5092
16196
13241
356
1640
4365
9452
2128
5767
9748
12696
13548
14038
9284
12526
1335
12812
5859
9523
15724
2353
4598
13526
15509
15380
13289
10120
8676
11237
2898
4178
1804
6364
6528
4581
111
9275
6044
8977
15678
806
3924
17456
15856
14774
2042
911
12666
16341
16822
3574
8542
10570
15331
15836
9714
3464
16028
13527
8799
13497
9919
4158
9972
13257
10235
8499
4320
9810
11412
3304
17117
5245
10162
15709
7832
2439
9392
15293
5458
14685
17266
7297
8084
11773
14499
13558
2411
4174
5457
5091
17786
14288
10825
15164
14367
17877
7610
17144
17718
12333
3603
13503
14444
2296
3044
12891
3252
4641
16639
16777
10121
6604
2859
480
13314
12900
10340
11434
3788
12499
2994
450
3085
12401
2891
11335
4996
5117
16676
2934
14756
6667
17320
6890
14591
6632
1246
2835
7567
12492
15244
9152
1787
17336
16357
5272
14684
2841
6847
5019
12332
8646
4404
8834
1714
3905
3409
8949
14107
7016
12126
10268
15207
4950
5481
16180
6903
3186
5213
8647
4236
10105
2043
526
12493
8733
8394
5452
4614
17075
17852
5572
15139
16611
13516
7315
16138
12437
16904
2643
8776
14540
13757
6685
12653
11490
8159
249
3681
8652
2740
15511
2600
15053
9988
6145
10612
15105
10690
6576
12966
13943
9241
3576
3677
14748
1005
3021
1112
6591
16813
9465
15569
4855
10433
16582
11200
4897
4842
7292
15318
9164
6241
12840
8291
11426
16006
9049
488
4274
17058
2259
11309
8142
17613
8619
14362
14620
16029
7067
14738
5879
8716
455
7844
16759
12340
7406
14760
3649
12559
2287
16282
6838
4442
4955
14767
8612
232
9088
16988
648
14197
5510
6410
8304
14174
10674
3901
13009
14565
14049
5342
1691
17181
13387
1766
12086
12477
3214
2408
14382
10835
4718
15444
6792
110
4689
7094
4197
6212
13615
8503
17555
2105
1279
2611
10593
7363
15298
15328
17061
978
7106
7560
17675
7449
1654
10334
5359
10659
194
4412
10018
12017
3642
1353
2516
17364
13897
7345
16305
4593
3167
7731
14114
12668
7729
14078
10294
5955
10126
7383
15755
4928
4976
5971
14400
950
17648
15917
5492
15285
8691
11615
4053
13702
17245
1905
17724
4912
1962
9529
2690
4014
11402
11853
9060
2897
17698
10726
14964
6198
6508
6509
6561
9837
11538
16121
13349
8877
4370
10705
2184
14003
10374
8911
1886
10972
6653
3225
14539
13876
16873
8413
16117
10867
11362
16145
7666
13339
6027
1420
6834
15194
1875
3513
14677
16153
11711
11441
6845
10686
8300
4301
14624
1015
1469
5546
9946
8721
3511
1463
13035
8322
9969
12650
5034
12680
5098
11224
10411
11060
6219
10524
16613
4816
70
9853
17068
10790
17403
10641
10710
13501
11448
13575
3448
11994
14108
9137
17003
4253
16162
15561
9697
16995
11512
15440
8707
10961
14871
7878
12031
9576
16041
14791
15611
12735
7971
7973
5727
13143
10426
726
178
6348
10472
8307
13606
6446
2229
12718
16758
17168
12901
4584
12513
17237
14967
4207
10535
1128
13438
7101
14073
16506
8021
5751
3850
6382
7902
9905
10266
6394
2868
12656
6392
3280
4672
947
11960
12077
644
10772
4465
14698
6894
2883
6793
16263
13344
709
10818
7620
12960
3061
3863
780
15843
12170
14229
4582
1350
2455
9211
9020
4724
6328
6466
5778
15670
7540
3691
3244
7084
7616
4468
12512
6001
10554
14
13505
16114
8042
13461
15167
6715
3819
6452
10953
8618
1939
11568
17626
15875
7163
11839
17249
12091
9885
11831
6205
1473
11977
15498
13766
3193
12766
8783
14502
7181
6423
196
10291
7528
16119
9243
8821
16239
14625
17329
8703
721
5601
16594
16689
16973
5097
2454
17594
6128
9341
14568
8275
3568
7457
16277
6079
10741
17427
9035
7343
12710
13966
10403
17490
3847
16516
4504
6828
11173
744
10714
3891
13220
10605
4265
9610
741
3512
9424
9145
5670
12356
17745
8575
2477
2065
14992
6549
15893
2250
1780
4456
12238
823
17054
13493
6099
11083
11828
1460
12399
6984
9109
15577
4617
15818
5444
8090
14007
7160
6598
12166
5011
1699
7339
12231
1504
12980
13995
13864
14723
1445
12157
16420
16456
1194
8183
15859
8023
13134
3695
6692
5750
10096
6232
3060
5209
4632
12251
8439
3275
5790
371
12843
13652
5050
14668
8655
3307
15006
876
14176
4471
8274
733
16939
15148
96
5854
1938
11037
6336
17889
5399
995
17289
2736
9608
2741
4228
16534
10341
2867
5473
1993
16054
10853
4387
5961
3973
7445
9893
11468
3350
7692
3685
12924
11192
10146
16531
10264
8091
13843
991
460
14758
10045
7658
8133
15868
5291
5253
10689
120
7859
9635
12042
11123
12329
11248
809
6004
8156
7796
12604
11004
14095
8492
11352
12309
2119
7008
10826
4942
1355
14184
9830
5112
13567
14866
13200
15306
12335
17837
6064
17785
1711
13761
2141
333
5642
9517
4181
5897
2362
2130
8546
366
17310
16414
12660
3537
8093
14398
14519
13906
14236
4136
16597
12484
11822
10999
13949
12556
1870
1742
14922
17372
5428
10667
6548
17721
14810
6611
3917
4994
4044
6907
13871
15079
10410
4248
7270
10207
12111
14678
5816
15059
2991
15592
11417
2002
5520
9007
16356
312
17781
15798
13409
167
5742
2809
3911
426
982
11458
8460
16112
2179
14074
9780
5826
10422
6534
13467
14696
6689
12997
10526
10013
17413
11139
16366
16831
8033
15668
9865
3396
11072
3000
5752
16662
5890
5194
5406
16833
206
14163
13273
10172
6510
1483
8194
3212
3934
4307
17300
14832
3429
4740
4844
3698
3131
11737
12828
725
9524
6
316
14929
14575
16695
5418
2723
15551
10221
16578
4922
8934
12714
13860
8566
7549
17494
8057
3674
7927
3992
6960
236
16720
13625
11361
11445
16351
10475
3105
1338
24
11699
13001
9586
11955
2863
4103
945
4311
5235
12612
7496
14198
14834
3119
4723
2659
13087
1752
13074
538
571
4989
10492
15741
11229
4066
12502
5853
14082
1677
7332
13813
6284
13672
16884
6412
3072
235
17114
9551
5052
1921
12118
6323
13460
80
9479
17839
11567
5230
16888
2066
3066
763
10882
3046
10092
17145
17132
687
8375
5371
15459
12212
384
10576
11236
7985
11999
15356
6860
8770
7772
7335
3956
15700
44
4810
9218
15757
4492
7854
645
15564
2570
13364
8016
15028
16099
2482
11929
10000
11870
12388
11394
13395
20
32
14473
4266
11913
7410
4625
6925
8528
14454
2845
7575
11195
10002
7755
4201
16134
3184
11193
972
8914
12878
10544
4438
5573
1508
6946
9244
16713
15858
1539
2673
13986
15067
16155
13970
4878
12538
13878
14436
14906
7251
8288
3724
9516
8630
3518
4511
5602
13485
1302
14251
12235
1011
13149
5357
15001
3950
16583
12700
5488
5051
12128
15484
6837
3233
16388
2708
14058
13834
10498
2421
4894
6608
6650
3064
4065
5461
15122
14612
5385
12925
11946
17211
3981
1987
8320
10195
3787
4106
1224
12567
16564
10921
685
546
6443
2009
1631
9599
7752
4027
10400
650
1424
6031
16768
9884
4437
16075
12249
2541
10079
11096
9363
10699
12734
3957
2848
14905
13738
14061
13282
7642
15651
6937
7734
9629
6107
10357
14931
8161
16954
10130
5303
14339
5608
3813
9917
10759
1543
10139
6737
5921
15297
3500
6218
7495
1178
16924
11217
12107
14426
297
14513
11021
6786
11328
8216
17706
6765
6329
13903
2575
9835
11153
9559
7389
1892
10976
844
3164
9941
403
12299
1857
6742
11519
8328
17798
6634
14523
15179
15409
4607
15083
17220
11001
17831
12264
8175
15429
928
4250
10631
3403
1318
5690
16193
5675
8478
6735
5322
7078
12143
12533
13562
3605
6084
15878
13051
15565
12169
6680
64
1237
11164
12292
8473
15880
6568
12689
16738
4943
5400
870
10137
7059
13127
12568
13454
14129
11263
17777
3183
3496
4363
9689
1398
12865
14328
16596
14164
9625
7447
8879
14826
6437
7583
15316
13533
6512
13160
10260
5042
17595
16445
17791
611
1949
5720
17492
15692
17853
813
9510
10798
10101
3625
12690
6369
5171
17684
5523
2663
15029
7653
15123
12084
8787
11487
792
4304
11131
3561
16844
16058
8992
16605
12376
8071
2431
11845
14443
17811
2862
13059
17478
8947
14518
12851
10165
8326
6265
16896
12218
7373
8455
16767
6855
14336
16933
12144
11419
12213
4552
17023
2264
11749
2243
14924
15707
6862
13162
5095
9176
3380
10161
13847
16039
12060
10159
1382
4756
636
12190
8381
4736
2161
2489
16333
3005
5823
6968
9766
1464
12075
1205
14596
3522
11991
14415
8826
16687
12961
2008
8211
1977
5593
9943
16766
8435
12300
16384
663
4900
7546
4923
6130
15365
2706
4391
1791
11935
4188
12645
6651
13927
7259
16081
39
1855
9501
8241
12273
5768
1275
172
14870
9193
5598
8350
2743
16444
1319
1485
6046
331
10585
8964
3320
5411
16007
12476
8488
8056
13405
13086
104
17327
12297
14954
12847
287
6240
14156
14507
3488
7577
13148
1003
4435
12481
3559
13335
13919
16528
7606
14342
6142
3769
3980
16669
4328
5352
11910
13178
5644
3962
11904
17264
14617
5812
16018
9772
1301
11300
1943
12141
4572
5583
8279
13955
6217
184
11155
8868
1347
13378
10310
768
16770
17457
10670
13233
17834
12352
9336
11143
4543
6957
16636
13941
10100
3652
2304
11600
10238
17587
9130
14158
1902
17628
16470
3479
855
4185
4078
9143
2402
6066
6797
8849
2160
7229
5485
17690
4619
15845
5808
17241
14154
4372
3042
17552
5952
12188
5967
13608
10133
9376
2487
8176
3831
8771
7516
4086
12789
13262
16998
8177
1199
15074
12443
16427
13896
12776
9216
492
16071
16947
7517
1741
2681
15532
7907
11167
9011
10801
5796
4642
940
12999
13214
7879
6169
10975
7952
14024
15417
12946
4293
11923
15346
5022
16621
7331
12605
5886
7590
2365
1524
10318
10208
1592
12853
16201
5648
8011
5504
864
2027
12811
8262
10437
16442
11055
7724
6049
15467
1611
15792
5007
16109
2715
494
15084
3596
5425
8167
4453
5950
9416
14387
14980
10654
13207
7776
5218
11241
4361
3978
6766
3160
9371
8006
7214
15991
16293
17449
15184
4929
11800
6203
4384
14838
335
11767
10752
13112
7538
5336
1135
5680
11924
8961
5681
13167
4497
1412
14713
5777
17727
7637
14722
4805
15307
7993
7603
17545
4759
12753
4508
4273
6609
11338
7095
12462
2284
7558
7628
14742
16093
11980
8411
905
8878
13645
8729
2410
7649
5181
13554
11550
13928
8745
16622
16361
16360
10434
1898
14630
3939
14790
1448
4196
12204
14066
6333
13956
13131
8465
15820
14252
6625
13380
5254
6401
7942
4378
489
4738
3736
7974
976
3556
1364
8908
15840
12649
13647
1647
5044
4019
14605
13584
8073
16632
13470
11650
10558
16734
16898
10967
4634
8975
15688
11983
1163
11340
10933
14585
10603
2969
185
8124
9087
8967
15800
6536
15315
10404
5277
15529
2197
2520
4663
2172
12737
9207
7468
1342
3520
464
17874
223
7760
2086
17113
11972
2191
8017
1866
13119
10080
17190
10802
4186
6146
5627
16063
15958
17178
13675
8303
7461
8501
17469
14580
8559
4699
8152
11533
9313
9812
16300
14006
6270
5331
6028
5365
4964
4671
9037
14852
15558
7462
12076
13923
6175
949
1852
15294
8633
8578
17856
8545
3701
4389
12441
14770
10881
12603
15642
1983
14395
14669
9819
3884
8665
3742
12970
7193
6671
17316
820
12187
4538
6176
12236
5032
547
3815
5390
14361
2618
5733
5592
471
5448
13911
2060
8385
16881
13253
8174
15801
4278
8959
4708
9100
13758
14988
9777
14350
14606
4879
12061
2712
5960
11244
6856
5673
8872
4381
17382
570
14589
4491
587
9448
13410
13512
15228
11095
10639
12827
3168
15468
4155
9457
7998
6178
3273
13696
6113
5997
7263
10597
12957
17806
8671
6308
8759
2495
11677
9844
16335
8887
8634
207
16147
5111
6405
359
14223
5964
15386
9269
9223
1729
12521
550
11058
11215
5295
14963
12883
13251
13775
1327
13985
16183
9870
9973
9261
681
9859
8557
205
9515
13773
1836
6167
10205
1430
1534
16487
12168
12067
17214
2016
5405
4369
14001
12016
4409
2944
13732
8804
17732
8423
8210
1658
3346
8718
8463
4556
11793
7408
9774
1990
9340
2558
2923
2055
9270
7405
8683
6582
3740
15370
7979
12348
11303
524
3226
16507
16765
15235
10537
16325
6991
2702
9525
11069
2638
698
5234
17199
9398
5191
17580
12615
1570
15349
8756
3687
10762
11949
5374
12755
12380
15869
16993
17100
16603
11409
8740
11619
5560
3394
12100
10664
8
3002
5552
1209
16956
6402
9386
2925
7392
10170
1154
188
6425
16787
14300
1191
1982
15887
6515
14194
7203
13283
14396
239
7434
1690
5996
14764
15793
534
6236
3524
17597
10733
3101
2972
12682
2306
13373
6595
11353
10323
17826
14533
13192
12931
874
12747
14527
3703
2323
15149
8028
6779
7173
15550
5350
12872
12326
16237
11806
15531
14576
5246
17243
13050
10197
6827
14240
11418
8263
9237
2294
9353
2049
15872
2285
15204
8314
13689
4024
13507
7553
12898
8341
14227
6649
12241
7015
14706
17265
3521
7675
13307
11541
15166
5065
3621
17685
8572
7492
10239
2654
6589
1401
17615
11586
10309
8293
17561
13745
1152
8195
28
16828
13767
3037
3954
2032
112
12580
11258
17585
10063
16251
13446
14886
10707
10156
199
16718
8383
1784
3146
11899
14360
831
10010
9909
2262
6129
17508
8184
12569
1116
10127
10591
16146
15618
1832
17676
5811
3919
13779
15658
12647
17359
4814
8870
6741
14975
4032
4698
8285
9866
13570
15309
15169
7937
14649
15702
13003
14640
1955
12995
13861
466
132
4067
5928
9828
11944
29
10188
10739
10613
3893
1029
10747
11730
9864
10979
3578
10719
12450
3017
7858
3573
1761
17504
15933
7185
854
1484
12859
9329
11013
9977
11479
10174
690
5514
7049
10997
323
12030
12804
4204
6012
13873
1971
10941
12102
10619
9907
2661
11188
3595
7268
9186
12357
14655
908
12121
15486
7962
4731
17797
9949
10447
17850
11967
12597
9400
12298
15740
7761
1638
15135
8200
9301
8374
7904
10366
11026
6854
11049
7969
3384
6480
3386
7437
10158
662
10467
1048
17138
12162
17341
1517
13753
5003
11593
10511
5899
13269
13227
13525
1256
16623
5409
4507
15251
16268
3916
12910
14370
642
2058
2699
11235
6956
9055
5297
4081
17002
12658
5759
16829
15931
15953
17747
15483
12552
2591
73
1630
281
2974
10269
4621
5082
6992
3217
7766
3793
10949
12423
11702
16348
3829
5641
6244
960
10458
7605
8076
13656
7815
4488
5377
8260
11470
13185
13025
4615
13765
12466
4587
16038
16203
9989
17051
3807
3562
17807
4322
3743
17666
14854
2113
2549
4643
15667
12836
2366
12413
14140
9464
11932
5784
15816
12490
11608
9131
12617
9553
14445
15703
6391
16994
2700
16958
3582
16115
16306
16889
9251
6577
6208
17303
7819
8323
16797
57
4035
522
10117
16044
1343
12101
7570
5696
9571
8425
1970
13288
4506
5975
12013
16010
12112
2648
3766
10888
12200
17713
6367
8548
14375
1084
7190
10606
6039
14136
14260
771
13938
16097
6752
69
15807
12163
15401
8346
16772
7873
5978
1871
17304
17461
3327
3014
1179
2206
8815
5014
3165
15684
2385
12282
11957
10123
13870
8259
7218
434
2222
14234
8577
3593
13301
13239
7521
17077
415
9387
14249
13248
15505
651
5255
3345
16310
2126
4891
6355
263
12081
12675
7416
16891
14345
13613
7419
7431
1040
17795
8747
2586
6550
10983
1435
7312
7561
12582
9228
699
16886
9995
14618
17109
5216
13231
11443
12491
478
11156
11726
4571
10768
14373
13588
4729
7659
6859
6588
16711
11486
7550
10927
4284
7514
14962
7784
6135
3031
17828
10504
1928
9381
12286
11485
8337
10968
11365
1415
193
1462
15834
987
2213
11596
3925
925
14128
17547
8519
1655
15333
11183
5020
3777
17150
12972
10879
17076
11504
15389
4272
4376
788
13363
9983
8412
406
12857
14728
9034
7850
9569
17350
8708
6372
11685
12301
6773
8906
9064
15925
17029
16616
3509
138
10842
11835
5266
14841
4080
14861
11756
6734
10777
16670
11544
9213
13332
6383
10959
12971
17342
15714
10325
8004
10958
1080
14740
6852
17731
4194
5563
12599
65
11996
8370
11971
11661
12713
1616
12856
9494
4060
7021
7469
608
3802
12958
3063
1182
14862
6732
4782
13592
14550
4494
15189
5737
3126
3680
11634
14055
6563
5004
15754
8104
6181
17363
3982
9264
8486
12319
388
2153
16580
12083
17569
10380
13367
9527
11034
2505
17743
10219
6221
13083
5564
17557
16585
15412
5613
11710
9299
2452
17055
17657
8864
8817
17194
17458
5533
5631
3570
8369
1667
6979
9855
9834
8434
4231
12001
1765
17540
5658
16992
7209
17736
10708
7378
13661
1215
1317
14295
13667
10878
934
16671
8689
10308
6602
11877
7064
15567
14402
10678
7350
15014
7156
4411
15766
7510
15303
3310
4564
16819
13687
9684
11547
15198
14321
7664
16182
3469
8773
1591
14623
9219
1197
7609
13183
8489
8863
7217
8002
15504
11824
9614
9671
8620
14332
5628
868
9577
12131
14956
15954
7044
8628
12546
3074
13085
14635
5189
5176
3362
13877
10383
14899
17773
14250
14885
395
8426
7773
17434
13434
2798
10466
11542
11176
3158
10914
14626
10495
1808
16731
11594
2075
12354
12867
7075
2133
4648
3075
141
11158
13965
6504
4068
2457
17056
8692
12913
13052
7928
5391
282
13858
17446
1193
437
13586
13223
16698
10061
2102
9694
4219
3410
2011
9591
8030
9796
11488
8966
5471
295
17838
10292
13218
11732
16927
6562
1523
10344
12629
16778
14419
8673
14183
14241
2289
8851
10683
13728
13498
6581
9375
7303
7852
2132
16286
11018
8232
15008
13123
16289
9967
453
2609
13489
5779
8574
8556
6686
12904
4533
5258
3181
459
7655
10828
2987
7680
1071
7053
14949
6060
16090
16483
4872
17544
10398
5843
9435
13447
7880
7623
13352
7697
13327
11564
774
14763
10009
14327
15209
319
14936
2990
13819
2529
16657
11321
1899
11556
1287
3834
6201
7407
433
8996
2089
9795
2428
10523
1270
17739
151
12176
6283
1123
9217
3049
8180
9502
408
10012
1202
8407
9562
3566
13186
10810
7100
7111
16642
5474
15593
15877
3852
7096
4478
2369
16004
9294
9104
300
1737
5379
536
4834
12054
7391
10658
1724
17841
9005
1387
11803
4732
17836
10414
5307
8242
7325
11658
7667
17703
17301
8186
7524
7054
10213
14059
14897
4099
8388
11953
2752
2245
5290
6668
11051
5372
6738
9990
13850
3145
13260
1155
15339
12798
8848
9324
8235
2424
3400
882
286
8794
16570
4702
590
4290
8926
564
11213
17862
2635
17021
11697
15152
8920
12201
12635
13954
3824
2751
13046
17286
11690
14671
979
3602
3527
16358
12974
11391
17864
13038
13924
6911
11559
12590
1678
14020
12507
7574
7247
6495
6210
13309
13734
5985
2266
15598
6272
2263
16219
10237
12796
11099
3264
13208
15275
10270
11841
10901
8824
15512
10279
10026
17844
17817
2078
3876
3367
12598
7228
17792
3120
16316
10067
4551
6612
16894
14313
4937
11666
3444
3650
15508
3752
12209
1670
5626
7443
15405
11866
1600
8832
577
4127
8793
8243
14786
15403
4705
6461
14470
10263
17412
6011
3547
2168
7232
13329
8079
9273
15497
8535
14305
8095
16619
15103
16791
16530
7744
16009
6663
16394
2371
13971
8487
17010
8123
3671
17842
10457
7690
2361
14424
5575
17044
2322
11377
11640
12223
2048
7170
16550
634
7830
176
9215
15491
7105
1208
1922
12467
13062
2784
5274
7803
4223
1868
15780
2658
5694
1597
2795
6687
10645
10134
12063
17409
14200
3195
5574
7563
12019
8636
2022
12057
17073
4244
2532
5174
11318
2804
10298
7986
16347
15955
8199
15426
7732
12055
16221
4580
13285
12785
11483
17074
291
5398
5814
11514
14891
2305
6301
216
14681
17866
130
11397
2135
10734
7204
17442
12214
2145
2261
4686
8538
9290
15906
17450
16250
25
4811
16495
8308
11687
7205
12641
15062
8086
1718
1054
11964
1273
6370
12953
4583
13033
13967
1172
6759
11308
15530
15745
17722
10173
11714
2732
860
1588
7770
6397
1895
16826
17326
14276
16144
8952
4483
3393
13198
11423
12611
13925
16588
6366
6149
12864
9699
2636
1352
14275
11271
996
523
9047
6335
4028
11256
11662
7188
6822
8838
5755
11015
11302
1500
17506
11780
7691
10892
13415
11163
7640
16899
7932
3179
12226
11875
7337
15385
8833
13132
8126
12344
16900
3203
12109
3965
11005
12289
5610
2568
7913
9915
169
259
13821
13179
17668
17541
7272
13432
11279
14228
7191
13237
16488
4535
13436
529
8168
8956
6746
347
13851
16959
16256
8040
7023
2598
12510
14207
15682
5184
12522
15992
2080
7420
9073
12293
8593
5659
15943
285
11777
2594
7780
8283
13805
12792
11871
17383
15674
14604
8256
1389
13717
6186
13381
10508
2299
17674
1233
754
3843
6450
3382
15559
17092
5479
5172
7098
3016
9496
60
3549
12624
4071
1383
6996
8640
15865
15788
6136
6717
4812
4132
4432
3999
16825
5056
11444
2943
1068
8909
11189
16471
4911
9889
16299
13889
13898
1332
8981
4762
1131
11336
10247
13574
4434
15082
4033
5284
1941
7454
12315
3231
5809
10391
15012
2201
9446
10299
17399
8678
1384
13981
13104
2434
17203
15335
17108
8686
8588
9956
15812
1509
9053
12472
2547
12613
17390
16744
16342
10676
5566
16793
7334
9120
14579
8000
10786
9162
2878
13506
2448
14380
505
11134
5070
8355
11740
13146
8347
13136
3194
15245
988
13828
17869
8202
17460
8748
16539
12082
168
11945
1672
4939
7394
4502
12758
13256
17815
12797
16602
16076
13669
14707
3137
1444
3647
11717
2916
10823
1598
13347
8366
2937
2309
10907
473
5346
9082
9187
12338
3890
10190
5116
13340
8213
14069
17575
9821
10829
2697
10025
2535
9093
2370
14226
15363
11180
4630
12550
11940
16435
17716
12824
15964
14779
5262
2748
13140
1514
13840
3344
9928
17163
14245
3209
11961
14042
13991
8065
7909
15617
14218
10068
13275
16953
6071
3423
502
8518
16789
1981
12369
3567
7639
15027
16136
12942
4553
8724
2683
3722
16845
3838
11820
2674
3679
11748
13480
15983
592
512
14244
382
9519
815
8725
8779
9415
14308
157
7478
7316
5000
850
4489
4144
11067
11614
12358
1190
14797
5711
10343
5799
7479
12821
8835
12596
4308
5604
4510
17495
1001
679
3823
5489
13529
3416
6414
9192
10743
6760
14903
8603
7216
10106
11868
7720
8502
2831
9715
2279
12436
9210
1520
11625
7028
3758
2435
15624
7668
1258
16869
8278
6546
6415
6772
11873
13372
9311
12366
12428
1173
4795
6901
15435
17746
11848
13040
13043
8209
713
9158
6350
4393
1171
8939
1336
11359
11790
2491
5175
8258
12919
15406
1681
7211
2775
14552
3725
10192
2248
893
4398
368
13989
15424
11161
6082
8128
7463
8866
6118
15442
17248
14378
11322
2255
10876
3589
7801
10423
11605
12350
5203
11301
11431
11691
12800
16453
228
17022
11111
7992
1963
7763
5477
7444
5944
13313
9530
10556
15452
8032
3388
6881
1897
11247
12331
6678
4191
11031
8915
15829
4224
12014
12704
10984
5432
12307
14683
3171
9719
11581
11342
12115
3558
14386
13659
6444
1117
6662
9174
12364
13396
8464
11693
17695
17323
8477
8408
17267
941
11893
14460
3028
9212
9763
328
1719
14283
17682
2838
15186
8856
8046
16169
7475
5421
17386
2476
11190
1418
16157
9260
284
6638
5244
13278
15494
6102
11421
3360
7708
17334
4748
10582
10622
8988
17632
11761
195
13695
16581
2954
3221
11272
5609
11938
5251
2666
9918
12965
16163
946
1023
7846
1563
11127
12921
8399
8583
7951
9993
8969
1399
40
5873
16281
14881
3970
9377
7348
12051
4669
12818
10799
10314
3008
2340
1249
16736
4982
15002
4166
4490
5804
10557
6969
3909
12759
1406
13326
16474
4549
8772
2484
5585
5599
7322
4867
5828
11645
1697
14667
3462
9603
11288
10701
13271
17885
5333
8135
308
14726
2962
11295
2628
8709
16714
4906
506
13804
10696
14506
5072
15628
2684
17793
6091
8543
10175
12574
16111
2416
338
4608
8905
6774
17157
12916
887
11120
17325
8576
3616
17415
15540
2576
11042
12002
13787
17511
13382
8979
5908
13960
440
1187
4148
10978
7527
12644
10736
13254
17295
1503
5233
7798
13130
3150
14793
9627
17573
1835
2657
12527
16732
2619
7024
12671
14622
5364
6182
3716
11584
153
5214
4359
13027
626
3324
7595
7693
14017
10944
17083
12392
16656
12563
6513
3300
6242
11104
5486
3830
7764
13165
12229
9588
16935
14976
2051
14132
16225
7011
10017
12351
10128
1773
7120
16987
191
13838
6256
10428
15853
15310
1230
7968
10424
16443
8116
3632
4830
2762
5275
4173
5901
2766
5134
12990
3093
5775
15731
16233
5279
5470
8828
6878
11382
6288
10275
8642
1050
17070
12068
2538
16800
3172
14458
16948
10724
407
4501
9585
11609
12743
11495
16276
4868
15560
12411
9568
1284
12565
17367
9647
9740
6627
7703
10305
2544
17119
2528
3754
4746
4569
6112
2003
3842
1805
11655
977
5678
11695
11059
1869
3130
14955
16390
12983
2354
966
7864
2345
12618
9832
9850
6068
8379
4289
4875
9357
11869
3565
4935
159
5839
15864
1819
7225
932
12810
107
12339
9151
4167
4527
17861
8968
2282
4788
5707
9148
6620
12389
13481
326
5456
17783
9700
13603
10665
17849
5731
14139
9628
14450
7074
17651
6769
14739
8807
3381
14187
14015
16417
240
13915
562
14472
13385
3012
9934
5672
8036
16135
11626
758
114
15291
10477
16982
1818
11209
762
2908
13755
5185
14204
6541
17455
1114
8861
11493
6868
1206
3664
11269
1613
942
10694
8368
9913
3714
6362
9487
2814
3730
15033
14316
13566
13508
7613
2242
410
9688
14133
10626
11575
15222
7473
12182
16763
1680
16418
5408
13487
10804
2825
2869
11781
990
6482
17774
6051
15050
7802
15399
17753
2052
7132
9936
1747
16450
4709
10276
10216
7167
8694
5930
2907
2286
8797
10528
15000
12651
2705
10089
1247
2562
13727
15616
15630
14848
5537
12323
12736
3190
13246
4576
7887
4405
2986
997
15355
11986
13913
6110
16373
15927
4537
301
16195
3247
9080
7244
0
12494
4090
11489
7137
5161
8679
9744
10831
3808
17093
2256
10565
2629
825
3073
11701
17612
3966
11117
17036
11047
8869
13933
1738
2474
8653
3940
15950
11984
15526
15982
594
17671
10695
2854
7622
15522
9161
4823
5732
4832
15047
16200
8735
9847
12757
1019
13768
16631
1750
16486
1056
12009
15929
16212
16331
7652
2737
4885
16434
8325
10785
6721
11791
11226
7816
13602
12234
2139
15341
6094
635
10521
15068
11202
10248
14385
14615
11115
5781
11987
296
13572
5096
5920
10456
93
2919
2200
16402
1880
5832
8418
6345
12661
9484
2564
9550
6599
4305
8532
498
13226
9391
1788
5015
5309
10042
3314
11673
871
15923
1170
17529
628
17481
8302
3798
7488
4620
8626
14792
10005
7779
11715
8890
4420
9618
12876
4755
5119
12087
16860
5834
9179
14351
15415
1216
9565
422
735
9692
15260
1959
13250
11298
15643
8062
1354
3866
8900
13014
8182
16084
11582
4485
7611
9473
11789
11006
12314
8238
4246
10359
2451
4626
13324
4015
12381
10352
14994
13357
5308
10440
4209
15541
4849
12801
12967
1847
4590
1118
2062
13350
7656
8015
12420
8331
14732
16944
270
2215
11742
7552
16694
13690
13005
4162
9799
12564
9535
12129
752
3069
11043
7147
3953
374
12367
4682
10326
15697
7092
2391
2320
11521
435
3899
2095
1437
12870
10293
1200
5167
12414
7300
8437
14341
11700
6723
14403
5441
1226
2186
846
9582
12956
5239
11842
11094
1723
16246
8876
13482
13561
9879
8312
16344
16885
15957
4503
11684
8784
4940
12860
14500
695
2879
2691
8265
4075
3379
4403
8932
17354
17213
13354
12313
13511
8319
15208
5200
11280
15905
3699
17787
6287
8342
15048
6719
2951
6117
7497
10287
17143
5571
8137
8330
17174
1167
2846
10193
13684
17879
337
15775
10296
6647
7455
5877
14718
9263
8334
11912
15022
5664
11766
1732
11577
3587
14118
4969
14215
15646
14784
9637
9575
9587
10319
5676
16753
1299
9165
2621
431
1799
5156
2993
11526
12059
219
6935
617
10479
2396
10416
12387
17205
3274
3128
3678
13744
15846
14546
4540
17276
3020
15147
5590
17118
9664
5508
3711
2465
17062
17639
2791
1612
361
10243
14233
1936
17770
4902
2895
13546
9367
15671
9096
5067
14695
9016
5145
15937
4870
14670
4458
9723
3600
851
15210
15612
1867
7321
3827
14246
12726
13442
11744
11100
7001
12227
16222
13762
3001
12744
11061
12040
9981
1111
9894
13794
6698
15641
4431
3862
3196
10167
9209
4898
1748
13393
609
6126
12262
8631
16021
4627
647
7631
7224
2181
5645
8449
6926
8029
4713
6693
10750
8470
16592
1957
2884
9026
117
3741
16617
582
14727
12623
13725
14974
2134
16462
11102
14755
6684
13328
16379
14100
8695
3626
3051
8913
1073
2749
661
12687
12579
11909
15021
16068
6170
1693
12637
3534
3317
1043
16620
4287
2004
13122
8667
8757
2902
1513
16288
5159
6322
11178
383
15433
10385
17539
15860
1028
14570
2882
6889
16350
4720
3265
14830
9728
3797
15683
10148
10871
12907
9001
12915
3343
3210
6947
9303
4793
4366
14297
1800
15677
12706
10084
5850
8658
3259
3436
2589
4794
17365
1392
3489
16905
15699
3855
11816
13042
2209
9437
13081
181
5674
13108
15897
3319
1583
5163
16165
2175
12562
17133
13649
343
5667
11372
11112
17501
16492
6807
6795
3733
10339
7412
15631
3487
12969
6506
2617
2688
5107
3964
12127
6104
13154
11763
4673
1620
16771
7141
6259
11166
10027
3538
8181
5472
9880
9965
624
15464
10443
16409
17749
4806
6966
182
3516
1559
8910
9668
15734
17663
15590
8472
10115
13880
14938
5638
17532
17016
4349
5389
4499
9948
4765
2630
13887
17302
8212
4845
2427
8294
4436
15997
17470
13402
1213
10929
7994
3481
14435
4531
14503
4970
1668
4321
11146
11784
5878
14505
7861
1946
17454
12756
5746
6809
15284
4082
13579
15049
48
15562
4813
4373
15896
6670
8515
3548
10912
13705
4772
16937
7672
8114
5998
10755
6626
1340
4208
11925
2123
2820
152
15987
11380
15073
10272
3601
14410
8946
12938
16859
13674
14950
6699
15257
8629
17554
652
5048
8761
8469
6052
2660
16709
11988
17633
6302
13109
6533
7323
11704
13201
13803
15794
14011
6919
6633
4767
8257
2922
15894
8775
9472
10218
15250
7886
7116
12416
11505
3197
8902
346
3084
9399
11074
5824
8880
11755
9504
16853
5822
14663
2574
220
3281
5885
13837
3229
7184
12136
2156
6571
14486
14037
10008
9317
914
12394
11260
417
14353
3401
11811
16697
13551
2307
7072
17493
6096
1328
2771
6531
10973
173
7018
11306
8507
749
4573
14551
6067
1927
15448
6601
13914
17219
13619
5177
15313
2360
17294
8682
16870
8850
15258
15069
350
15387
896
9786
13082
8247
7645
1907
1651
9891
17677
1774
1465
5339
13972
2138
1602
15730
9396
5838
2096
15781
567
16960
16522
5340
13555
10621
13355
3542
13806
5319
2633
2729
17638
2957
11405
4038
1471
1322
7502
9745
17333
4854
14188
12191
4306
1726
9304
10189
6538
7592
6964
3873
7124
1547
399
12090
9378
7565
15659
8125
4000
13322
15476
1914
9433
5401
784
11709
5427
615
9198
10800
13386
10549
3269
2625
1334
2637
7769
13849
5515
16883
497
4574
5870
2380
7097
11262
12695
9453
17183
11947
4232
11299
10793
3443
3455
13166
12496
6097
17037
4801
13351
8762
16820
10176
14613
13671
7319
16031
10098
6974
5132
17231
1091
13510
11643
16876
10753
8139
8627
9495
7944
9947
7694
3938
16764
13379
4399
16717
8782
1746
13245
14320
4357
7482
1578
1419
14942
2832
401
5338
1533
12088
1115
13783
14856
9985
15568
17169
12542
6781
3117
10531
10381
1545
6694
15323
12140
6017
9297
10764
10700
10473
5689
6261
12554
6516
14920
13319
7831
17496
9872
13712
11432
17835
5193
15311
4190
6806
5001
2423
1375
4779
11174
8309
2753
12606
3727
2167
907
10110
10087
14383
14123
12275
13513
9805
10179
10727
3515
632
4856
278
1825
1049
9857
6324
4754
1137
6486
6818
2054
17186
8993
13170
15111
2194
1863
16160
3099
15679
15230
13066
8206
11617
198
8513
4888
8594
9482
10966
16477
6560
13483
10324
618
1830
710
1185
12576
3918
1477
3495
5570
10358
12619
2844
13964
6812
13202
16269
15016
13417
1229
17622
5296
13479
3216
2792
13916
7121
9924
14504
904
13464
475
8812
14344
6077
16308
4085
3753
2880
7168
15574
17526
5982
3928
2860
13270
17523
4944
17521
3003
8517
8339
8271
9070
7936
14004
12523
11312
3958
9338
6751
2533
4523
16965
5636
21
3543
12242
16089
14595
7791
17105
4045
17429
7767
8732
10499
15640
4480
15422
15330
3289
6403
10255
12669
3250
8306
1099
9685
11009
13764
2956
1234
11880
17742
983
16141
37
8822
14475
3062
9447
5433
17067
678
6552
16774
14281
13818
13701
4477
5695
5343
10004
11919
9289
14960
2779
4528
4819
9075
14603
2315
13105
7354
2334
180
17486
10483
6233
544
16489
16648
16446
7599
12534
16967
6730
17348
13018
11356
14193
6896
9552
6161
2257
1160
672
1644
1461
4817
14934
1561
9490
6078
2000
9846
468
6432
11326
11316
6705
17624
142
6987
10857
13182
15535
3373
12173
4229
5498
4946
6023
17620
12780
10607
9077
4661
9655
2515
15088
16575
10869
11926
2963
10845
17881
10675
13830
16080
4237
16511
10936
14468
4275
12560
6867
5972
13987
9361
11284
14802
6015
14153
1954
12220
12245
7013
5360
15480
11795
6794
16188
10771
9128
14110
16574
5341
11039
17263
16301
11459
6159
4115
579
14160
6821
9622
10679
12816
7987
16836
16661
895
2143
14990
4277
14743
6884
355
2581
603
7542
16733
16207
12097
12288
4419
6150
15438
10459
1507
14898
8290
1790
4100
10843
6235
15822
6168
15496
9678
15372
3599
1755
499
16529
16974
8377
11982
8284
15676
8045
15427
11090
16156
14202
8506
8140
237
5186
5407
1339
12664
3782
3389
9963
10212
1532
13346
17136
11399
16389
6248
16906
4618
452
4157
12555
7467
8681
442
11492
4004
10915
13692
4202
6281
4402
11706
11906
15326
7158
8245
9221
10513
17717
10816
1634
15289
17600
15351
16036
7320
17089
9574
2847
9183
1753
8509
4647
6120
7967
560
2059
9395
4130
16990
1493
17598
15197
8119
16285
6982
13065
15093
12869
9881
1845
277
9434
4401
9762
6535
9645
5500
14599
16436
8253
16479
6675
10946
12783
4880
14280
9911
729
3510
8899
15337
7593
13399
7503
4206
16313
1662
8986
2929
1133
17601
4262
16441
15374
1300
1260
17599
1323
7000
3618
9414
9231
15400
6313
357
3526
11197
14282
367
3154
16192
2933
12018
15772
13173
14896
9594
16175
7619
802
15607
16660
12814
4963
265
2193
8401
11452
9765
2227
894
5616
3202
6975
15771
14609
5029
14091
1621
3504
10614
3718
7271
8163
7793
15013
14587
3472
10765
12185
15847
14789
7519
8865
8613
11020
11779
12426
3490
12591
3945
6934
7820
71
12167
13274
9111
6716
6569
15732
15785
14824
4355
10945
15036
7135
15477
14892
8058
5142
8287
9779
5760
11959
1245
14927
701
14103
520
10007
5561
1093
984
16890
6898
14047
12407
12775
3927
11976
13724
11023
3922
1816
10451
4137
1169
6850
17188
4380
10490
12007
10751
1930
14143
12903
17800
10487
13934
5776
14560
6621
12406
4269
10640
13531
8356
11097
17080
16633
4949
16922
5815
2953
17448
9355
6565
9951
2517
2121
15739
4152
11499
765
16979
16283
1438
16725
10995
3832
3299
14888
8107
16751
9767
1590
12506
6442
2217
14657
5326
14787
15799
17115
15070
11692
3519
14309
16425
8365
4195
9992
12246
9171
12415
937
12584
3363
15664
15989
530
3161
9561
13571
3112
12833
583
2395
11148
5269
5611
6312
7597
2926
4694
8204
12066
4605
14676
7032
7669
17524
8007
8790
6543
5914
2204
9463
6222
2240
17820
9497
4972
5933
14259
720
11126
17871
12110
11355
5794
3114
1105
17629
2840
1037
13963
10899
358
13982
8192
6357
17393
13867
12963
7579
15796
12179
7817
747
963
2834
2701
14991
2472
9677
12225
16997
8873
8400
7813
8858
11917
11384
2214
15915
9459
1164
4734
9716
16624
14542
15810
1817
4509
17669
1210
10369
2836
7713
17531
13034
2460
11671
13648
15145
12920
10285
15368
15272
9012
10107
1669
9166
16858
10943
1879
13316
13917
5242
2136
14664
13157
13833
5840
2276
3571
12553
4691
8847
1887
6959
15090
294
11292
3662
13317
6220
13736
9333
3166
10439
1268
14809
14737
9488
9848
4339
5835
7775
2872
17121
17191
7034
5122
16349
4297
14335
12899
11040
5118
6292
447
12608
16790
9438
16928
14185
7200
5404
7733
6488
1525
1148
10942
394
2208
10367
15482
10792
12782
12207
1700
16742
16895
8298
8831
11823
14887
12719
17499
13021
14212
9782
14124
7314
13881
5335
1581
3837
3579
10168
16868
11951
3497
75
12740
14515
6360
14680
6789
15583
10737
1876
9800
9674
1153
5057
3399
6398
16748
992
12652
10877
14526
15165
834
1861
14957
15402
8958
16579
14733
17306
16961
1425
2910
7424
5368
2893
13678
7953
1267
14608
7396
2118
16057
14425
10072
14121
6861
607
8825
15882
1646
10673
4118
8595
9097
16848
227
12723
816
11562
6544
1480
3453
4595
1499
5012
6276
10144
11513
8950
17471
54
2378
8714
1795
11943
13011
5089
4040
5414
14409
8185
5917
1127
3353
8893
6013
17566
5482
11595
7231
1243
1945
1968
1000
7604
11101
2914
4331
15589
10254
14012
4981
16710
1771
3411
4741
15686
6865
9074
13780
10371
1207
5355
72
10691
2603
14547
1820
13750
1760
1580
7278
4218
6311
7342
4323
17227
1436
2623
5654
10677
7716
2596
6655
9429
17822
789
1251
6696
11557
2234
10454
2147
11223
1291
10977
2503
12445
10571
9481
13948
10815
4766
10361
11447
1320
14456
17101
8818
15218
2786
11415
7541
17152
9642
11975
14310
2176
1456
3135
17356
4960
17740
14084
7065
5257
11527
10657
1754
10402
3238
16355
9826
1413
13611
11885
3502
15081
964
16467
6754
13975
10335
9726
7155
16544
829
16216
1557
8173
8494
7641
8632
16630
8246
16991
9072
10552
12395
51
15348
10939
4541
2904
16322
14079
826
11422
7233
9485
15536
7758
11531
10074
14935
15636
2614
2450
799
6787
6002
11540
8963
3058
15708
5273
8511
14710
7727
11772
4903
6645
1293
17518
15973
10906
315
10142
13053
11502
5545
12616
15712
17462
15478
13389
3336
889
14909
15104
4474
3253
15058
8282
6933
14690
12205
17653
7291
14089
4280
14267
15436
1165
3420
5068
2892
363
4763
13621
6928
10102
10261
17719
17318
17095
12620
2523
5719
14476
16398
6936
10543
3700
9547
3889
5395
1036
13793
15854
17435
5802
14330
4163
8820
10540
1211
2418
17480
2877
2157
7730
3023
2321
16198
7841
14559
9366
9422
8944
16799
5455
9248
10029
16879
14545
5821
373
3560
3282
14730
9113
10931
4687
1452
2283
10489
16802
9921
14759
14171
2531
11647
4602
16505
8552
16978
9873
5818
12152
880
14221
15795
10418
1516
2313
12906
17522
14104
4677
11261
14693
1599
7236
13142
209
11277
14583
9098
12404
4890
16035
15747
3230
1687
7393
16558
8372
5893
4947
4636
14116
1768
10336
7875
11760
3655
3440
16235
11894
4348
5683
14070
12064
16557
13187
11802
1541
7725
15475
10680
10048
4701
9539
10594
6811
13060
17268
9801
15302
3206
837
16476
15821
162
14729
2083
7220
16647
11024
9813
7903
9238
4952
62
10784
7984
14248
8392
11063
7883
12291
6761
12382
9567
16760
10596
5380
234
2436
12621
5420
9903
2796
3305
6456
4518
12267
11076
12455
13832
5549
5551
17733
6665
8315
14644
13726
17423
7002
6393
1515
1432
7926
2818
12039
5622
6361
8840
8484
7099
12337
13912
3651
13812
15786
10429
33
11242
4979
11620
7083
12386
15108
16843
11159
13739
8918
11686
4826
4961
3040
16634
9059
3989
13633
171
4550
11825
12528
17287
6949
7572
3658
5435
17882
8467
3213
3553
8819
12667
888
2382
12216
16934
5205
3624
17020
3294
5568
1006
14113
15490
4786
13786
17305
5976
13236
660
1574
10030
8635
9180
7719
12295
9613
11884
13294
4225
12699
5249
4296
17247
1017
1072
4837
10830
14175
13279
10227
3421
14682
122
7956
6872
13030
1373
12147
9449
3776
9019
4021
7493
9987
1174
3271
11098
14264
15322
2498
14161
14765
10925
1264
126
9675
16022
14528
7627
14449
4088
4908
15547
7480
15196
9224
6211
7177
1542
4058
11347
14000
10051
5143
1378
9960
13172
4623
15804
5861
4094
5712
4712
4670
11569
11973
10884
16005
8697
2941
15594
13655
13636
15784
14724
16491
5417
14717
391
3535
6755
16785
6613
4601
13277
7388
16167
2754
6266
9159
4016
5298
11348
7847
9394
9250
9214
15150
879
3825
15986
12570
2246
8614
11915
3676
1950
8101
6583
13836
6922
4966
3898
1679
15661
3606
11307
9177
17309
8193
3656
119
9475
16700
13041
8803
4108
10974
11129
12768
12471
2768
3041
3872
9410
17040
424
12887
16368
1751
11179
8390
12752
3592
14794
10992
5466
17126
3849
3096
17769
9004
12849
974
7587
8553
12808
9638
12035
7757
5684
4481
3228
910
3155
14155
8888
13845
7863
10154
11843
13968
6320
4798
3439
3092
7512
3254
2015
4901
17617
7865
14099
13866
9937
3892
14177
3897
14919
9125
15976
8153
1985
1998
3027
8034
3765
6986
7785
13404
3308
8845
3860
15325
17164
3990
1325
2931
3240
55
17538
3452
17445
8096
2202
7997
8068
320
13323
1919
12815
13039
14543
14169
4382
13599
4326
4463
5450
3761
12765
17465
3546
1286
16659
7834
3781
16284
6007
8808
6020
17498
16494
2903
10049
8281
9583
3609
6798
16556
4846
3880
12359
13058
1837
9845
11149
6297
7150
14224
3406
6679
7088
16404
12155
1221
5844
16543
922
8481
10081
15748
12252
12459
2773
17590
6524
3080
11689
2707
9636
4728
12429
13855
9427
238
11157
12198
8060
4761
9991
2650
17216
10563
12139
12123
13931
12052
10093
14090
2566
10116
8970
8227
11736
4863
11613
10581
6428
849
2376
17550
11834
16151
5280
8792
43
1815
16834
6695
3144
7421
17764
14318
16426
3068
1280
8251
12748
2608
2182
1292
742
13272
2797
411
17708
10616
17230
11817
17584
7630
6354
7950
4235
15515
9086
7009
14291
9323
7827
6331
15004
7349
2430
8591
11087
4958
14462
5671
4873
10094
15099
670
9970
627
5260
822
8495
10258
13265
817
3631
17459
13935
16930
15168
9491
5222
8305
753
6573
10083
4775
10351
14266
9257
13216
6460
11002
862
5081
4464
6574
10889
1920
12732
14621
11669
3828
11124
17453
12725
13940
17416
421
17726
17642
13629
11654
14474
16244
8789
10420
31
5106
3153
8951
12709
17371
16082
113
16754
4418
9711
11808
10893
4656
14904
11388
16862
5226
3845
15737
7600
2534
10041
8758
12517
6817
3192
2386
14592
2085
6291
2082
10138
13302
8387
15381
5932
3614
6915
13718
11132
7636
2693
5288
5146
3263
12937
16264
1997
7227
16821
8267
1812
1032
2788
6165
14961
13557
11276
15035
8054
16186
10687
7765
10186
4658
14257
6162
8649
3657
704
6908
11719
13440
3683
7362
10412
12402
5534
9895
4904
13798
15300
14996
16513
16969
16274
5691
1797
10781
1025
9662
14902
17307
11151
342
15273
6745
6103
2159
5735
13502
886
12943
13905
14943
6945
12448
15141
4611
7311
10854
8396
15693
14714
16297
10875
9626
10684
6952
10646
5154
17175
4920
16598
14372
14463
1896
11175
8813
2219
1312
8179
11872
15591
16724
16127
7569
9611
9293
11659
11739
15052
11663
11500
14989
17485
16336
6250
16432
9710
1888
917
11007
11782
11896
10112
11016
14127
1772
14440
11392
12544
4899
10577
17891
5079
16547
13872
3076
7917
12283
6887
4341
8742
5173
3127
11911
6365
17513
3960
5059
8798
2641
16472
7857
11147
12633
1610
15945
17714
8696
17254
16897
2384
5992
7296
15789
10900
13953
12739
12951
935
15470
7390
9380
5168
15908
3471
11708
8728
8563
12353
474
17517
1369
13642
7901
1756
6726
1829
16311
2235
5199
6888
6879
1468
3376
2401
3053
8989
2704
13999
11607
6122
15172
12844
5429
10097
59
14953
2195
17483
4142
4047
2275
3450
15299
16346
2861
14494
5066
15947
5876
2056
4578
3347
17081
5919
3483
8074
8702
7750
14520
1916
4346
15826
4292
17560
11530
16553
215
3365
10257
5366
3268
3564
13822
16463
7007
6475
15114
15797
17261
657
6368
6006
9887
9705
14304
1119
4010
2127
944
13057
2417
7712
12269
1151
13124
8597
6441
4270
11549
14939
16962
5962
12712
11529
718
12708
3986
10990
13568
4843
15091
4851
16841
591
66
11246
9759
4479
6778
10530
16832
1586
10226
11141
6640
409
1642
16252
16024
2267
9761
17761
14597
14022
3673
1145
1911
11255
17623
14882
10841
8129
9534
15115
3591
9154
731
14052
13854
5150
179
16248
17253
3370
10839
16559
1530
7663
1433
7126
4203
3451
3261
14199
1423
9600
3434
12996
13358
9825
15296
11874
15666
7884
11093
1351
2508
7826
5697
1839
7466
5862
17484
1330
10150
4726
385
4807
6054
314
3019
3449
4120
11770
7822
14109
3721
6944
6727
12914
4829
2021
3859
1596
2905
13620
2237
6876
14009
6646
11428
1587
1391
969
12475
4089
10998
7792
17210
16170
7543
5536
6451
15414
6757
3426
1177
5565
6319
5856
17376
1253
17378
1708
2966
10627
16382
10728
7042
13078
9441
8625
10095
3200
13126
6229
6677
1385
4216
14537
16374
1041
6659
688
9971
6873
7161
1046
17564
2971
5984
4352
4018
15188
8453
16644
12451
8541
2764
6502
13857
17027
5271
10834
8359
9342
17277
15627
13534
3156
2440
3138
5237
13103
10578
14548
16629
14029
2587
16468
12005
14394
12536
16560
16972
10485
2799
14705
12806
13037
13814
14485
3491
8475
10228
7240
14822
1403
516
10256
9961
4141
656
10668
16680
3806
2536
2512
2901
9256
16013
3912
9383
11252
17750
9732
2441
1572
16746
808
2680
3412
16319
755
4599
9362
7206
4586
565
3646
1440
9695
365
7840
14514
4172
10704
11688
16776
13800
5484
6177
3205
875
6584
1636
4778
12240
15760
7581
12543
3796
1793
13407
3055
9352
10904
6810
8592
539
4012
4104
10926
14734
17134
7536
7073
2403
10463
1665
17872
9140
4407
16227
5762
7762
6747
6226
10887
2606
951
17082
11887
7273
2329
10430
11274
15657
2896
311
637
6961
3629
5031
14326
3634
2092
11815
1781
1390
8936
13583
3149
53
17060
9384
15502
5148
985
5325
3337
1374
17873
15743
8198
15672
7520
13865
12189
5268
4039
10962
13743
13243
17330
1648
619
1536
4610
13161
13710
13190
14120
2900
11818
740
2510
11386
6476
16298
16014
3914
3078
15428
8376
17816
11381
17582
9168
10896
14294
14192
423
743
3222
12290
17053
6334
680
5348
2413
13068
9682
9309
15456
4690
832
10947
2067
4377
5771
6237
2511
264
16303
17001
14149
4083
2100
1257
14795
14541
8178
10145
10401
9258
15934
3371
214
5956
17863
2670
7499
1282
12008
17129
9926
3694
1965
14973
13450
6918
5229
15528
14637
3333
861
5831
15267
5931
2271
9426
16815
16500
15030
7060
1967
4327
795
3717
11396
2936
4624
5509
16915
12868
15581
15862
4175
8550
10465
13597
5512
6493
4154
11797
8136
5027
4532
14555
3868
7237
5896
9182
7169
2061
9549
6298
6439
7498
17659
3846
8432
15056
13180
2140
1763
4513
12410
5963
16679
17535
13388
7811
2563
330
14511
16796
6268
4848
3800
3323
9902
17343
2886
5677
5763
14814
16702
4281
10037
14167
6106
3364
6941
12760
16124
12676
15266
6154
12627
17379
2731
1271
15025
7591
4790
6978
14574
2486
5902
16608
4493
16315
15377
5248
4473
2281
1722
8005
2501
9890
528
14880
13664
7989
16503
700
14563
15205
15733
15506
13979
14399
15471
7401
5923
4413
3157
16775
13714
8827
6784
13751
1161
5169
12365
5889
8547
7254
4853
14231
2726
3544
17865
5605
12418
1020
4257
7700
7301
5836
3097
6874
4220
1158
1272
13826
15912
12342
14600
15815
9978
7980
6085
2822
5958
6485
17678
305
16936
1085
9579
2500
9676
4613
4254
14027
14983
15024
4558
1566
11539
1767
2301
10788
98
921
4460
6656
5792
4861
1889
12396
3070
13663
13808
13978
12947
4662
2068
143
16755
3708
10632
17896
13683
2040
8608
8978
7436
17130
17332
659
4358
6124
17754
3528
16909
1894
1720
1345
12099
2359
5798
2393
12537
15951
17741
3022
5685
13585
11267
540
17176
4294
6352
4165
16723
9546
7133
77
9518
115
6315
4098
2682
10103
11113
14453
6376
2106
2485
9230
11297
14860
7872
13390
7138
13315
12838
14407
2730
9650
4965
4505
9764
13238
7853
16407
3034
13168
14654
3485
11590
2343
4836
11618
6825
3110
9733
3946
9346
8781
10345
6187
12377
12549
13759
8483
1782
11250
6814
1978
8187
4374
4217
3693
13716
13428
6359
14046
10832
11461
3256
13300
2561
16159
6225
2996
9402
4427
3774
4520
2593
10649
6343
4325
12545
7179
454
15586
12079
7087
17536
14864
6065
15379
6005
7885
8226
13089
14021
17845
13437
1801
10555
16411
16023
12892
5888
4124
14702
2456
9536
14363
5848
16814
3690
6247
2244
17085
2790
17009
4390
3354
12316
12034
17291
5073
9300
12161
11427
16683
4612
14804
158
16437
1407
11081
1055
8654
11363
11344
14225
6036
1305
1674
10602
89
15361
11349
165
15575
6387
15404
14868
5080
9798
3750
3955
3977
2537
1828
3684
1878
17396
11230
10518
4916
16781
4957
13215
17104
12571
4522
15545
14875
9659
5531
6239
9436
2918
3645
1683
10746
12156
12720
15332
2787
9065
6000
1069
6133
1695
16132
9904
674
2471
6285
8504
12237
10379
2557
13564
8662
9062
5805
11622
4640
10073
1844
4462
16931
9015
5662
2374
15493
9912
6839
11333
1798
7829
12839
16152
6998
5789
7914
13310
6844
5637
11119
17123
12890
11978
2612
955
2559
7450
9492
5518
9092
8525
16242
12835
6579
5999
1104
9236
1824
7295
4161
8843
7144
4011
17738
10069
12781
6820
4840
15608
5621
17433
17699
14284
16430
17346
15770
9225
6050
6614
2988
1228
6605
15805
17563
3391
7618
16504
16586
17233
14798
9000
15324
16401
1775
15176
9067
13874
8220
15809
10520
3378
6086
10076
17296
5806
6938
416
12487
17397
12072
5313
12045
10432
5281
13801
11080
3816
14239
7151
5323
16643
1947
11785
15645
9190
1843
10246
10178
11642
3530
15920
13894
390
8739
507
12525
12232
17782
10468
2646
9051
6257
3998
8839
924
8393
15240
78
7707
1605
3525
9578
2351
11410
16011
8078
16025
16614
6767
2031
16079
6672
11437
2251
10054
17193
9658
5183
17447
8069
4980
8650
10932
9604
17352
7743
15437
10347
10086
10253
13071
9450
7911
13091
11716
1980
16015
7869
14602
2719
5929
7786
16601
838
11106
13560
10883
9860
13601
10480
2948
15926
8767
9277
1736
15366
14725
6553
10202
16178
7022
6022
14842
2734
2348
7920
5026
2388
8581
9862
6189
1132
5587
6796
4917
4776
11735
16610
10421
16213
1538
15675
10715
17606
4243
3352
15066
5093
2873
10986
17414
4013
10303
14930
11310
5557
11931
2453
15722
14979
345
17311
14487
7196
2952
10852
1903
3467
5100
17288
968
13311
7900
14893
2303
10075
8059
3541
2885
3239
13869
4073
6295
14573
3277
16343
16721
4774
15691
15966
8957
5758
15396
3666
16074
10181
8672
1157
7810
17440
15736
11464
12581
736
13640
2357
3563
7372
14686
2755
15177
16537
6720
1769
15451
3613
17384
9593
14831
9838
3102
14101
9758
7957
14255
5970
11449
5502
12116
2613
15570
3759
17473
16397
10250
1564
11212
10088
4444
4780
15281
6532
13723
17813
3875
23
15773
6151
12654
13341
5197
559
6771
4168
9753
7119
1363
8554
10151
12336
13959
16328
8117
14214
7821
16572
11849
7808
4545
7010
10919
805
6983
15225
7991
1075
14812
13411
17391
14553
12239
1346
2014
9589
16857
418
17223
11794
2347
15256
5909
3877
967
9512
4279
16769
915
16916
3351
675
4443
15514
12130
4579
12265
10895
6950
12697
4354
533
17784
2584
3620
11334
8409
4983
9030
17244
1544
8170
7665
8609
4827
11769
13330
625
15720
714
10233
2856
5094
15842
601
8774
5215
10249
8403
14645
16685
6035
354
12984
13901
8188
17641
17250
948
9206
959
10394
4915
15160
12874
9370
11383
3523
10378
11968
2588
7958
7551
16466
17728
16739
8884
1733
3246
11198
12911
8663
9255
15776
4757
2890
10245
5180
4345
9196
17729
3775
17637
14053
16523
12593
1996
7030
4023
8428
7608
7506
2174
10662
2394
9506
8077
4862
913
4210
8564
5403
4343
10183
6419
309
2207
11525
9824
4544
5424
6623
3590
17170
16098
12452
10129
13882
15999
14206
6058
6691
14293
16515
8801
3100
4061
12761
15913
16040
4145
13947
1803
17064
8146
14412
2642
7954
15553
1676
1692
4739
3697
12707
14782
16649
6032
12398
2631
7925
7198
14464
17818
146
10364
8639
17734
14072
2968
556
13303
9282
1567
3418
6234
15072
4112
3979
6063
12431
6037
9652
2117
13594
17661
8127
310
12432
3848
6572
859
7915
1376
17886
9358
1931
1044
16380
12233
2765
12206
14333
858
2615
4182
14708
8937
9722
1519
3188
15850
9089
16509
3720
244
5867
15762
3059
2458
3836
15544
3622
17255
14048
15534
3419
2467
15161
9680
13542
11482
5791
15935
1593
16573
2928
2555
14195
5375
14918
4271
2599
6358
4430
10321
13685
17111
9742
11516
12976
16438
15844
14746
7988
19
8164
5356
3572
9136
1728
5945
11728
12186
8730
5906
4883
5108
5991
3948
13937
6371
5055
4631
11508
14178
10370
17443
10579
5655
10730
16795
8710
10533
2821
3132
84
9349
2331
5076
11057
4022
13268
8980
10851
684
10693
2912
6465
7058
467
1814
12842
7017
5028
8109
6782
15045
13920
5511
5895
6514
13195
6040
16314
2461
12952
5757
9390
6912
4487
572
1910
6708
1923
6843
10141
14569
16646
9156
6815
17588
7317
13729
9320
15546
5866
5378
6173
3292
8617
1082
3575
3809
5846
16807
3610
16773
7662
12324
8254
99
13076
13019
14018
7192
7866
7359
12573
16533
9
3366
598
8971
15655
11221
15354
16704
11358
15886
14530
12767
6416
9172
12763
5797
7961
1394
6593
17516
828
2733
13496
17198
8296
15729
6800
4342
14151
6089
9816
11990
14947
1126
15232
12985
13853
1149
11796
1294
8172
4866
14883
3555
10384
9631
7213
599
11644
4887
2400
12408
14085
1379
9511
16835
4997
16839
6471
2911
13875
11030
3995
11553
15979
8923
2855
4784
5526
11182
8942
9420
17405
3385
13996
3148
14413
5544
12255
15282
5860
10709
1627
12268
14508
4046
1628
6711
13090
9839
5830
13945
17766
404
9914
1482
9276
8088
10913
17411
14102
5115
9201
15517
6724
6293
5785
6098
8269
552
10794
14437
13232
4105
17537
251
7061
14461
7471
11809
9144
12363
11184
10776
12137
13435
9110
5202
1365
7287
10062
7474
10297
7452
10387
9538
6271
3266
9808
7230
2692
5553
5317
5035
2390
15833
14863
13722
7045
5083
2252
17672
1953
2372
4122
7243
8527
4714
10196
8419
