516
264
795
771
935
11
1311
793
71
1370
478
1335
1279
433
102
1064
870
343
33
257
460
1135
1157
336
179
1091
171
1203
250
1210
584
739
1145
59
439
186
0
444
878
973
152
291
1220
799
223
1198
529
979
866
427
1041
633
22
605
708
15
834
187
1223
595
996
1177
387
1127
386
2
379
1196
1239
544
1113
1327
811
805
1257
838
4
936
109
93
534
614
683
1287
1101
263
545
751
73
31
400
1002
819
1123
1133
1227
1253
92
528
1295
132
1190
613
1276
524
1062
1296
1212
925
148
642
1007
968
836
1224
879
1367
1130
165
995
243
974
312
1024
85
758
329
648
87
268
1138
1230
587
1037
816
277
885
1061
690
381
801
156
122
488
1364
394
883
1315
1150
169
702
591
1117
988
735
854
913
116
1096
715
196
891
827
176
1205
566
141
1038
142
357
753
949
435
1272
308
484
311
1236
911
1211
1122
123
184
1273
645
457
1166
1192
844
1028
177
755
157
1206
961
686
615
1170
832
993
1204
375
1283
52
729
503
884
276
922
430
962
517
80
20
288
1341
65
182
1140
1286
705
341
971
765
1348
575
960
531
862
134
945
1214
325
759
1245
115
596
775
629
278
722
1158
1270
744
406
1325
363
50
687
1359
563
260
523
872
818
1259
839
1016
199
1039
512
434
1163
607
992
136
1284
792
619
232
691
239
486
1110
163
481
259
1241
857
1191
307
459
212
117
378
830
1183
1337
1093
1312
1258
390
35
1141
1006
421
515
1051
160
1137
415
593
228
1043
1033
113
908
94
681
1237
412
79
1076
201
998
710
78
888
752
1013
140
742
970
754
1090
1294
215
1199
865
398
999
934
230
399
111
294
477
1346
1232
1022
1004
519
772
203
1344
1332
1233
43
500
1075
493
1098
882
498
458
874
568
112
966
947
682
674
571
17
1156
588
107
1
330
269
502
207
669
732
1267
800
776
626
1269
603
1271
316
868
1008
254
306
712
701
403
248
190
927
636
972
1104
916
470
796
900
930
1114
300
1035
1179
45
769
1169
728
849
226
1068
761
181
514
315
610
560
955
464
630
384
108
815
1339
349
280
1175
166
162
1354
1277
767
569
63
1030
407
332
46
1015
340
941
405
600
904
345
1029
743
933
898
1250
395
597
96
1252
255
1334
785
602
1136
557
820
1263
694
237
205
8
337
331
1053
487
1182
1318
480
806
376
200
274
1342
798
921
1355
328
1243
1251
1352
350
344
153
1222
576
91
397
541
1299
718
1154
1358
1356
240
1268
270
489
542
1161
25
1172
1060
185
382
158
565
808
210
867
777
13
10
824
1162
348
180
994
1107
32
670
23
892
1225
1155
366
521
1174
1275
1207
1067
634
627
72
975
1105
41
362
804
135
764
902
951
653
188
809
881
266
700
1254
106
706
953
121
1031
51
476
831
1078
1265
1301
103
373
937
1050
1046
242
762
1280
299
689
424
202
915
640
296
183
385
532
957
1054
675
1202
173
1026
1171
1088
356
483
530
358
784
655
365
494
720
409
492
1201
847
533
1242
845
548
1264
812
252
70
909
353
426
748
1125
1160
520
851
351
497
417
657
1188
810
659
573
856
1065
886
963
924
360
725
724
1164
714
472
1345
482
658
601
647
297
1057
224
695
822
95
1193
211
361
887
301
354
696
721
589
369
1109
1092
840
218
53
780
48
875
133
813
295
585
271
1080
445
985
7
119
895
983
1249
846
1189
468
138
990
540
18
1255
383
1195
323
1020
1360
850
890
355
829
1168
1362
986
174
623
1129
471
624
1176
1323
420
416
661
842
1338
1244
60
249
561
734
505
1121
1139
443
704
118
741
550
509
1293
855
989
452
236
440
338
126
422
508
1000
392
220
290
766
114
716
1044
1115
733
247
275
309
27
450
579
159
1152
261
1089
740
442
608
448
304
1005
1209
781
1108
592
954
317
738
414
217
1234
1124
164
570
967
1246
6
1116
1180
1326
388
1298
894
83
1347
1238
305
1077
131
678
558
526
609
28
235
1036
631
473
553
948
238
1058
367
1320
1131
635
1197
1340
1151
649
774
76
594
679
786
1215
192
279
1256
193
652
668
643
625
692
1063
446
265
835
245
281
1120
61
110
364
1216
583
757
30
128
1278
146
124
641
447
154
1142
191
877
926
860
837
161
760
920
556
286
298
66
543
346
90
21
736
16
1324
803
905
943
143
1313
49
436
69
604
437
282
1343
1111
303
82
1097
314
310
44
1240
928
1173
621
1103
428
859
1229
1200
1351
577
253
74
574
717
1247
858
1282
86
372
267
418
745
1281
393
1302
1040
897
606
1314
958
244
1070
1011
1085
730
871
145
419
1159
825
189
880
507
660
582
175
551
214
334
956
81
289
727
997
586
1297
1274
1219
1361
410
841
19
1307
1017
617
667
538
787
1012
698
1368
959
535
54
501
869
377
1353
1059
339
490
411
518
293
783
773
1289
84
506
283
1119
456
817
1213
1194
1187
1231
684
100
453
864
321
431
333
914
467
1074
209
1363
873
167
932
3
703
637
638
709
1010
1025
370
940
1328
5
1134
198
680
413
664
1102
768
662
47
391
34
572
564
699
1047
1290
693
262
1045
964
671
67
1261
1128
139
29
425
1082
38
423
389
639
1262
1291
62
1003
99
546
788
1260
1048
991
285
1300
1309
912
170
598
779
64
981
1018
258
347
320
1001
1118
380
559
194
479
950
1317
272
980
982
475
537
449
1132
828
1369
677
685
1208
89
814
104
656
246
97
1042
611
1126
896
697
1149
770
749
547
1285
144
1069
599
791
352
120
1081
938
1366
451
1349
491
455
327
863
790
474
485
984
549
731
807
688
151
942
750
1228
1021
978
1144
1100
1331
1365
632
39
1303
216
946
469
172
876
213
567
284
802
1333
466
404
206
1084
233
36
673
1027
1019
654
1009
1181
580
746
149
322
1217
77
552
554
101
1322
1148
9
1153
1094
251
917
125
197
929
68
952
75
903
42
944
536
1147
918
1106
129
907
778
1087
234
326
965
1143
1330
57
555
1308
147
319
127
1218
1086
644
1221
939
342
527
901
1055
987
204
130
1288
324
622
1185
495
26
1357
1099
513
1305
318
848
335
618
227
713
906
