357
786
1091
777
837
148
6
57
626
456
19
993
899
689
516
760
949
86
744
585
686
263
594
1353
927
707
646
587
1116
1294
411
563
498
58
316
1179
610
845
48
247
42
932
685
107
293
193
70
1285
197
423
1243
335
709
853
290
1056
1260
1183
774
648
1213
1301
751
1
119
31
1333
727
995
188
654
1182
30
811
1300
1288
201
568
243
717
1079
69
317
64
81
1349
178
1119
400
1125
186
1153
737
80
1283
921
323
421
1048
493
103
1035
50
327
288
859
490
669
633
1336
343
209
429
841
747
718
97
677
781
1281
318
1318
840
427
880
537
693
1041
349
407
472
708
72
143
577
595
448
301
1015
1321
1228
946
492
1257
1127
1061
154
614
175
1162
1245
831
152
339
593
238
78
227
873
116
146
1306
173
791
670
46
959
1214
147
973
549
164
1230
780
526
942
324
1159
374
122
95
210
45
328
529
1219
1097
804
679
190
416
890
1244
475
168
928
91
1199
1126
362
606
944
1264
73
1160
910
1351
1009
381
425
1255
347
1067
881
763
1272
688
951
1156
360
809
115
296
1330
883
548
745
334
27
1002
586
477
1269
913
613
1000
235
202
1345
16
1147
785
109
849
678
439
982
262
442
784
782
1081
485
214
266
723
447
1259
471
330
999
581
1334
1063
321
893
984
612
1338
1189
539
1100
597
450
83
1054
1157
1211
975
4
51
592
1221
954
635
126
623
139
869
1038
620
355
761
1209
269
1312
702
162
909
287
866
431
255
169
1059
692
1141
896
749
428
314
1166
502
1210
1185
170
221
99
1064
711
796
885
615
1365
128
377
482
1040
311
583
132
1109
350
821
468
636
7
206
389
1308
1280
204
603
1235
989
616
203
876
1075
1069
703
488
28
783
588
570
515
1206
189
108
923
550
1055
1077
509
1078
22
1234
376
487
514
1250
746
1222
205
93
224
1083
1204
914
892
440
930
1297
92
270
1142
75
800
1139
1357
1233
1360
246
660
884
469
1356
1253
940
130
1145
1006
391
602
971
1314
656
1134
155
1303
877
542
768
560
1014
566
445
574
1227
792
179
1229
1212
10
354
67
145
948
415
756
506
300
523
1329
1027
437
671
697
138
1190
195
1200
449
674
1092
611
1315
969
1020
1013
1249
385
1290
638
34
265
557
89
1238
778
0
1191
5
941
752
101
956
39
528
452
124
177
136
336
118
931
1274
505
1148
617
807
192
997
851
1178
905
1369
979
460
41
358
297
1051
517
558
1254
618
465
410
1140
972
1363
938
1193
937
527
1169
963
1022
420
1323
1036
1317
590
1149
457
111
720
759
1008
726
1256
1120
102
454
1122
663
1352
1042
915
825
769
897
68
758
546
1284
743
649
894
1106
252
816
1286
134
771
1032
919
658
127
1121
1246
1362
237
1239
977
459
1034
55
74
105
163
991
1111
787
920
639
1163
935
518
591
854
412
1296
555
543
953
985
1337
1082
624
406
1187
644
1110
446
664
479
1130
863
1205
261
294
721
1146
1089
861
799
755
159
871
650
609
933
333
842
279
962
698
1335
629
533
1164
736
14
682
1012
392
422
1287
462
820
1128
1208
879
1094
619
1108
990
236
466
753
291
233
741
1072
409
1068
319
742
1101
1132
855
1188
958
59
1105
806
461
1341
534
628
1138
843
1203
401
819
371
399
847
1107
1215
37
589
673
895
106
322
351
356
715
251
1080
934
390
443
955
215
338
794
56
668
632
681
803
181
53
874
1279
346
231
151
500
1170
827
230
524
1039
21
405
257
700
388
694
525
185
43
473
1004
340
142
957
1047
1220
829
1354
1011
943
903
315
329
512
1355
345
579
981
1152
683
870
987
1218
1328
1248
772
1135
66
38
908
1322
1232
643
1207
808
283
645
417
1167
642
1124
1302
114
541
289
1028
1240
271
1263
313
889
911
284
129
395
1251
326
191
722
1095
1344
1137
1326
40
306
1192
373
716
1292
495
272
8
867
384
980
652
1123
397
414
1070
1332
1343
504
724
532
762
1136
978
1076
1131
491
79
936
1037
342
1347
49
250
1151
902
925
20
569
801
1053
135
536
1361
567
653
696
856
1173
481
33
850
790
1102
382
25
47
1168
174
29
571
901
153
988
822
1031
1158
161
244
510
832
158
530
838
770
882
922
501
432
253
1242
332
1071
1104
779
366
1370
54
584
766
680
1196
1133
812
1342
24
298
556
575
18
572
824
254
225
599
735
419
1065
1175
222
208
846
424
218
307
156
171
1085
705
286
453
1327
71
82
1224
1313
15
535
1052
918
451
1049
404
1265
1226
739
364
104
1271
1129
661
241
430
814
630
96
467
84
701
9
604
878
773
276
88
90
765
280
1007
651
992
365
23
676
998
310
1060
640
240
666
1307
98
167
496
275
714
1150
331
219
433
1316
1171
486
531
1186
260
810
305
1154
196
494
110
513
691
369
793
1098
926
273
396
1366
797
1074
1062
961
418
375
463
470
1099
559
302
582
798
11
1155
538
627
281
983
1359
223
672
966
1093
1358
994
580
1045
77
547
1367
748
826
125
757
1066
576
621
767
1364
1030
1241
802
844
1161
1348
1181
259
282
634
474
455
320
434
1324
299
436
1252
438
325
403
564
292
278
655
1194
732
553
94
1298
245
945
775
426
149
226
865
967
1118
900
699
601
1058
217
1096
817
220
213
1276
907
394
367
924
12
1267
234
695
1084
1289
1217
63
734
1023
964
607
13
839
435
17
764
348
207
1114
341
344
1231
1261
551
598
32
372
657
172
1086
1270
408
1050
1310
200
860
1282
1165
1262
1293
489
1291
212
133
60
690
26
100
974
776
788
520
363
309
795
828
544
939
441
647
1003
476
1046
62
1172
483
1026
52
242
1197
35
1202
738
120
1319
1019
44
836
76
368
906
1236
267
728
444
503
1057
1033
1184
285
295
625
277
1311
484
182
970
1339
684
1350
36
1180
2
754
508
497
308
141
1247
864
183
1331
1010
912
848
511
731
996
887
117
1025
113
545
165
184
274
1001
704
1024
383
561
862
1044
176
379
1195
1016
519
830
507
1176
413
622
872
858
641
1340
258
834
662
337
398
605
480
1143
917
1017
875
659
1021
789
256
968
952
1273
