387
691
142
70
204
1258
540
951
20
781
970
799
816
1370
727
379
580
1141
1158
1303
487
1156
285
1029
323
863
1034
535
1184
7
465
814
504
993
593
1291
978
47
356
801
694
1094
529
877
1025
363
365
684
21
61
1281
624
1015
212
953
335
484
194
678
688
907
526
1322
640
308
402
1256
1039
662
1047
1217
268
1124
1053
601
239
127
137
256
399
1127
586
169
102
119
796
235
856
259
771
1203
1136
332
932
311
564
964
1337
921
757
146
1012
1359
945
845
68
768
141
1292
388
837
272
659
1098
398
230
67
1255
1331
879
1353
818
15
158
744
400
1211
330
956
1111
462
1296
1202
695
99
328
83
2
542
1290
215
1131
80
37
455
367
417
182
1254
66
795
550
1332
307
172
1145
943
1116
1066
1125
232
370
315
965
486
472
697
270
460
1193
502
1351
201
265
512
955
825
279
301
1315
1175
914
129
240
968
710
732
1008
481
126
1269
597
468
1174
116
104
658
1134
699
884
457
293
1228
448
91
336
985
1052
590
1054
470
90
584
672
840
284
109
1092
888
763
891
541
1305
1018
1043
439
1247
1221
787
508
223
995
213
899
60
739
405
1362
77
523
0
431
1001
530
897
653
1122
705
1239
1345
33
1336
277
452
903
1278
82
322
761
773
1113
619
1346
848
1040
784
1213
1026
969
1251
920
305
1006
1114
1097
1104
839
854
93
944
1056
1272
717
1077
545
197
925
567
128
996
1138
309
741
281
200
716
981
664
1061
1101
1177
477
148
397
490
835
327
1115
65
690
803
625
852
271
503
143
861
1063
525
731
720
86
164
355
745
1178
498
798
1286
185
193
349
1150
326
343
108
488
171
18
1300
155
555
361
375
582
922
608
480
1270
84
611
844
1357
1020
1297
986
471
1185
16
997
549
75
134
1
544
437
701
560
827
1196
319
1209
241
1280
794
1330
519
321
719
251
715
941
62
677
89
621
568
156
441
577
414
847
511
521
704
552
473
823
600
180
1189
596
1234
401
345
547
250
295
1282
1350
1148
120
967
643
219
267
368
192
290
573
1246
917
546
74
1261
252
432
711
1279
11
606
1355
209
708
1226
843
179
513
312
440
160
376
205
288
56
384
500
984
682
231
1142
1190
310
589
237
236
426
1347
1216
581
175
1227
807
456
1327
1188
654
1318
317
1368
786
810
152
558
790
1238
737
779
1151
1236
1245
1223
574
1182
264
291
1169
599
946
765
22
1117
1230
1201
1274
1118
258
227
316
756
107
1250
1038
427
85
1206
871
592
610
1352
524
30
10
983
438
342
681
458
990
125
257
1068
851
313
1168
889
4
1143
198
628
409
675
174
1147
926
469
202
776
595
631
177
275
999
412
13
483
1309
1100
538
615
788
117
536
641
602
1079
1059
721
163
111
344
1210
911
482
1194
853
130
1198
1164
338
1183
1283
72
514
1171
515
1090
886
12
447
789
208
303
576
620
565
1237
693
862
644
340
346
1186
304
36
42
1308
1340
1105
940
733
459
707
423
1343
952
294
585
26
680
873
866
135
510
1093
353
770
55
463
1363
216
1173
40
396
1317
887
1349
1252
1264
178
176
740
507
570
1195
300
1289
893
639
563
1130
1014
518
915
980
228
913
1154
29
633
656
561
1207
833
883
203
444
371
32
1084
1055
668
1176
334
382
931
1267
372
151
778
819
3
1307
702
642
429
1064
1215
445
1310
41
222
1259
1312
501
113
48
289
76
206
905
123
1078
1180
386
225
1139
632
1249
857
832
221
963
683
1338
1199
617
959
878
1229
1288
161
692
673
749
916
408
629
1086
325
1129
6
671
1212
752
646
667
139
977
880
572
352
1257
165
812
214
966
297
394
131
314
138
1218
341
416
1089
38
249
1200
53
706
136
1240
1096
1232
793
35
971
657
1299
378
449
578
1275
929
1328
52
377
210
1046
302
1277
246
1339
425
1037
28
1062
777
1088
244
103
276
393
110
988
159
747
923
958
112
1002
660
1007
973
329
262
735
775
133
637
685
1091
167
1253
1167
927
860
154
50
24
806
1268
443
755
736
150
553
1276
94
1214
217
645
381
23
780
900
864
928
292
712
173
100
25
603
339
783
728
1204
489
1036
734
726
700
354
1027
750
962
1152
1348
588
242
168
73
559
1181
1341
1137
859
1144
118
782
114
520
713
992
5
475
254
1033
881
69
14
1364
383
369
78
1284
666
870
479
960
516
1244
652
54
467
266
583
766
537
1324
59
1048
166
1132
815
331
247
373
1108
499
1076
1051
636
616
1241
566
234
626
430
1010
1224
191
1058
435
836
1123
1016
184
687
638
569
933
533
1366
1102
742
196
1361
495
591
936
1041
979
380
27
395
320
147
797
623
238
1009
910
895
1197
106
350
650
389
1004
554
1293
170
1121
306
415
1335
1160
428
186
1005
908
269
867
630
950
162
413
1205
95
98
1030
876
817
822
207
974
686
872
245
229
906
8
896
1273
1301
865
1166
791
1022
189
260
144
828
698
919
1265
937
1035
1233
890
594
531
894
1333
57
1057
282
934
362
243
92
337
1013
947
1109
190
39
975
634
764
723
1128
63
233
676
105
753
902
253
422
774
858
924
79
989
1106
497
1314
87
64
605
274
1358
1222
1298
153
613
410
830
912
517
44
390
220
140
357
722
1157
261
898
1103
195
115
1075
1073
718
1323
1220
358
1060
1019
1000
935
754
420
149
9
1069
1119
1304
534
548
298
976
122
1159
1334
709
1242
769
88
1306
1032
97
1344
348
509
211
703
746
1045
939
1313
1360
1260
478
491
841
1070
364
296
49
224
1243
1329
850
647
1225
562
622
1365
1087
804
604
442
1285
1024
539
767
762
868
689
187
406
1011
1172
751
1050
461
670
655
785
1083
714
424
43
661
635
528
987
218
820
1367
1321
855
609
485
1149
1017
1085
81
324
1080
19
454
1110
838
758
34
808
1162
904
800
96
1107
446
474
366
1325
760
918
759
392
1295
506
434
648
942
1231
1354
132
1074
972
1262
450
31
121
1235
1326
1112
255
892
359
51
875
938
772
1126
1219
679
805
124
404
730
1311
831
1071
725
587
607
433
674
1287
360
1099
466
299
493
527
1192
