745
299
693
717
823
85
944
1290
53
637
109
1287
673
907
1231
283
956
379
703
796
368
780
444
478
1219
408
153
1117
243
997
651
267
1003
557
1302
1135
655
302
230
643
1041
606
1242
680
579
265
1310
195
509
970
1248
58
506
912
1077
779
503
576
60
1079
525
103
719
512
681
81
695
274
624
56
938
236
32
1261
916
414
207
765
324
539
1148
855
437
937
463
1164
282
318
611
389
1276
961
193
935
810
387
222
686
244
296
9
782
1155
546
754
1010
300
129
1238
524
1336
1208
90
431
151
146
134
264
775
253
604
740
1221
848
638
804
886
545
92
94
925
1056
121
1106
404
1114
751
1338
856
954
107
1093
144
633
1361
975
490
973
336
120
1243
629
1236
1245
592
382
284
652
580
749
1039
884
1191
289
618
455
1018
249
285
466
116
857
312
250
344
286
523
1169
551
1213
297
468
909
91
39
16
1008
110
589
397
1122
691
644
879
556
225
427
720
0
1113
958
1043
394
674
79
472
1367
943
882
900
409
439
166
8
293
573
621
671
1006
1091
1329
1347
1074
1119
273
248
640
1011
1192
1032
999
180
73
540
471
132
868
1157
77
446
1321
1127
738
479
232
280
866
1355
469
623
1333
433
204
319
677
1035
330
369
847
578
96
600
18
1162
1313
64
783
1212
836
1232
842
1013
976
654
926
862
254
689
1183
149
815
1314
942
899
1196
441
1000
769
80
1216
530
106
186
388
1206
477
430
705
736
355
1068
41
1046
908
327
326
547
706
978
415
173
934
197
793
1257
1304
553
1129
669
875
70
65
14
543
183
1181
965
100
1023
861
334
1075
785
448
210
1194
1270
632
697
148
1229
1165
789
200
76
12
311
700
457
984
1063
1052
939
390
889
903
198
1227
1306
45
384
1340
78
130
1301
666
366
913
517
759
1226
711
603
724
495
485
979
20
757
574
1020
1189
1273
1342
1037
139
4
1152
1064
617
114
374
245
1275
1149
595
392
380
1049
1204
596
838
880
1366
919
918
854
762
271
1255
1151
826
1015
398
35
50
125
682
1337
218
229
1234
564
340
239
774
1332
814
1264
1156
438
1353
411
933
531
538
276
535
537
492
235
818
43
1323
323
1280
791
542
367
1251
1296
991
753
747
127
1120
165
305
237
722
510
723
208
807
1211
124
30
1177
995
1252
246
830
806
664
233
1348
1277
365
972
881
262
840
66
1150
1042
966
1125
217
505
328
1088
1024
475
587
887
306
874
1124
196
947
498
824
482
921
837
601
185
363
62
778
281
923
1258
1263
1249
57
1048
1350
288
226
515
627
1365
544
715
488
877
1215
83
89
696
487
36
968
1305
732
1318
343
950
502
987
1071
413
331
1110
892
599
1256
489
733
969
486
588
87
1180
163
1034
1080
29
317
760
256
167
1025
1291
726
194
922
309
558
1138
348
898
335
554
213
1285
704
1253
1047
162
294
1210
119
405
1144
504
822
607
910
182
1081
869
329
901
1082
1095
310
1205
630
59
764
831
1326
1078
303
287
1341
890
88
1176
520
1357
1123
863
741
549
1175
967
699
1289
407
5
1233
25
320
895
375
15
1247
1308
219
393
832
959
1161
565
376
952
687
790
1153
883
1130
377
1309
718
401
805
1
1359
1293
160
772
63
625
1295
352
436
33
188
1203
661
1028
1096
660
755
1002
1072
812
955
692
628
1016
768
1345
894
71
314
645
1271
787
465
500
266
1087
731
179
992
27
272
228
534
1059
876
1133
231
1104
593
1029
209
820
1335
752
708
635
240
350
298
75
725
1040
945
338
1094
416
1217
1073
619
572
981
211
656
499
567
496
739
773
1131
234
1021
1330
521
658
577
1358
1268
443
1166
501
734
653
227
1202
425
1097
1265
474
38
84
888
729
920
158
313
1197
1067
370
917
982
896
315
1102
897
1334
1154
694
1179
1370
402
616
1312
399
342
122
191
473
1190
1262
1065
1076
358
1356
1266
859
1121
825
1254
668
113
164
771
1159
1207
215
95
684
1005
1209
1316
1300
1267
615
864
135
678
301
373
550
260
639
395
989
21
662
1007
1142
698
1187
763
871
707
641
1319
1092
914
631
1051
1057
1186
138
737
794
190
420
493
946
432
412
1201
872
406
13
583
608
1368
221
594
536
47
522
203
1322
932
649
891
1001
1061
821
279
1036
459
3
161
1173
371
360
646
527
68
585
44
801
781
948
97
609
507
31
1132
940
55
1354
1128
1012
26
383
1297
571
189
1307
1182
626
612
72
555
400
154
449
1328
1294
251
750
1111
971
963
464
610
67
278
69
613
665
11
1089
52
290
364
508
1237
295
1259
424
1198
24
1084
526
1199
532
150
255
1303
511
709
467
1362
17
852
676
1315
247
710
605
930
902
34
46
743
1060
983
591
843
1246
1170
770
177
445
1230
201
470
566
1139
325
614
1220
1360
104
275
1069
647
202
845
156
1009
957
974
1288
552
259
155
1200
1240
99
581
873
481
168
1228
1298
356
582
960
316
1292
1351
929
602
514
1134
683
1284
650
1146
137
1188
931
187
1218
1112
672
701
484
1058
291
713
1118
1053
513
927
915
816
690
1137
242
839
998
241
730
268
1066
1045
1086
1050
980
1101
1163
1195
817
648
23
171
1136
42
212
1320
142
1062
339
82
1352
721
1324
128
86
657
277
216
748
569
1225
321
417
597
435
885
792
480
220
1325
977
795
396
178
924
1017
460
1030
1283
867
378
362
835
1282
560
172
123
1141
744
1145
214
452
447
808
758
252
403
819
357
434
803
636
10
829
54
1223
1031
354
140
2
990
642
906
205
1038
152
800
865
184
192
797
419
561
476
716
1174
809
418
776
1369
702
454
962
1185
586
1019
1168
1193
928
1327
381
570
1171
911
679
1244
174
1099
483
659
834
767
6
1250
1239
98
1272
788
105
756
951
761
118
206
112
528
304
1344
19
426
742
7
994
841
1184
351
1070
634
423
450
1317
1346
1241
1147
199
422
1026
941
559
735
28
988
712
533
685
1044
1055
598
575
491
347
1105
494
1033
322
410
170
827
949
964
563
777
440
349
1126
270
1339
143
1085
269
620
667
458
115
828
1109
48
851
136
986
133
361
1364
451
