95
822
655
1228
57
924
3
126
602
288
1294
1063
966
1127
1014
432
652
957
475
1283
1207
1218
1248
1136
202
789
1167
149
514
1182
106
875
1288
11
358
1013
104
523
208
501
212
101
1138
159
292
246
1008
199
578
1073
50
1355
515
32
766
1072
748
802
470
1079
334
1174
1272
886
780
1247
814
71
626
269
1198
436
1271
556
533
654
786
316
427
424
880
236
800
1030
928
699
767
1362
253
592
286
1045
1124
586
915
80
123
589
1004
1067
1158
1264
419
1007
818
958
574
625
386
447
568
841
635
85
469
825
683
1100
953
59
1052
820
1364
121
213
903
376
28
600
965
863
942
1336
258
165
423
404
293
1317
1258
1117
616
247
1339
916
1011
72
136
93
531
581
181
564
1239
1132
666
35
978
537
299
479
759
972
244
1209
849
483
207
362
437
595
1342
754
295
1307
1331
797
735
1200
619
544
1006
1003
1122
909
176
1281
852
747
1041
1279
550
338
599
631
250
952
498
162
1039
964
793
856
388
1109
709
728
228
857
664
1318
1308
326
573
1078
1354
795
773
349
1028
305
1285
1201
971
855
201
487
941
792
370
331
715
60
696
12
894
691
506
594
234
1075
441
1114
1299
327
300
1340
97
984
1280
1350
132
910
412
1027
1335
718
1176
33
925
943
1038
716
347
505
576
1083
1144
836
524
426
963
131
521
610
86
1363
845
196
344
982
534
687
870
672
693
601
540
421
489
232
1260
929
711
495
776
1349
1146
994
346
230
1071
361
452
1365
351
926
298
1001
406
629
399
1249
969
838
308
991
684
464
615
1361
458
583
504
1221
449
13
1123
513
851
893
517
341
8
866
148
665
279
973
590
317
890
1065
612
400
335
168
1202
695
1205
1074
178
471
656
1081
976
1175
365
742
1047
526
319
1166
58
390
1289
1367
805
355
203
1265
284
633
520
736
392
529
1180
811
198
681
591
1328
1337
193
1179
1105
905
287
1213
1128
680
18
552
445
1140
1086
722
439
650
1108
864
606
1060
1192
791
660
775
826
416
309
486
353
1301
434
219
1096
567
859
936
1216
261
1295
1326
1102
919
698
195
322
688
37
968
1222
649
862
732
1031
830
172
1309
84
482
129
904
782
138
455
828
500
565
1304
1005
1080
996
944
356
636
997
42
657
621
985
275
1107
281
1256
1055
977
4
724
456
1310
153
669
1076
902
989
739
238
549
401
151
323
1016
596
733
512
1345
379
548
947
620
812
1036
1154
1287
191
762
1064
1300
832
663
163
1173
906
448
999
861
87
1338
908
1257
743
1276
519
237
342
296
200
375
816
99
1233
1023
1171
1229
336
179
622
554
720
630
959
118
877
1203
134
485
52
360
259
842
1261
329
607
297
641
706
579
22
490
473
282
608
1291
772
1210
1327
962
644
1330
1050
467
604
66
451
661
1323
1254
1348
939
143
430
692
1044
184
1022
980
990
478
532
409
675
560
557
1322
911
480
120
1116
89
1246
1240
107
1313
472
158
623
266
1245
1163
1369
249
88
1157
420
140
1296
466
462
477
673
105
1303
888
150
1178
701
611
403
302
613
1193
124
1057
348
368
141
961
21
518
843
847
49
787
950
61
1204
1061
562
931
1277
1311
1253
639
580
1185
26
1161
1230
765
25
956
77
1252
385
1356
834
1069
494
1021
272
587
240
310
53
241
394
1266
824
617
285
1262
1305
155
417
278
1009
585
764
1090
823
378
703
306
273
62
260
1227
682
891
502
1292
481
1043
1148
111
819
1084
1091
252
454
714
1
938
1106
1150
1059
325
197
209
68
647
1099
679
187
396
1231
64
330
854
115
1002
363
313
128
760
440
194
1302
135
1334
224
2
563
702
242
75
731
734
946
1267
1269
359
831
1098
369
1097
337
1153
794
6
1346
1263
248
1000
527
912
1051
536
1125
1353
318
1164
56
383
555
357
530
874
510
546
993
170
1149
1351
186
10
1190
686
182
1282
30
627
65
189
116
983
137
1188
865
769
907
954
1133
700
717
1087
48
848
214
125
833
869
878
46
256
618
829
1040
553
839
1033
91
1155
783
16
970
405
1324
47
157
221
1035
1012
746
883
541
658
887
382
218
70
69
707
90
674
1189
429
102
54
1120
457
885
614
1293
913
127
668
109
484
43
422
593
995
38
1151
975
588
809
1368
453
817
1135
1156
160
1145
145
1321
474
710
1225
96
949
289
1121
315
749
503
788
468
98
226
450
876
1297
381
815
1220
648
321
651
1325
948
442
582
750
1143
1010
873
713
371
397
1103
188
921
1217
1242
1199
122
9
1147
164
804
231
373
571
1208
726
271
1341
239
934
76
223
662
642
981
460
311
1042
413
1029
280
499
328
0
572
932
609
741
339
493
1360
781
927
55
350
940
771
39
522
1236
304
215
538
1181
1344
1219
268
1062
152
79
1191
844
389
345
174
1273
1169
24
161
1162
694
119
1082
262
570
1186
81
1130
738
1211
1315
410
113
1152
435
83
92
301
19
185
227
333
508
314
1358
790
1243
551
671
1049
1195
340
1085
307
922
17
67
1187
1165
721
112
725
516
1314
1126
415
263
1250
846
291
251
605
1212
1025
380
1255
967
367
402
678
1223
1026
1119
899
535
951
979
496
1237
459
211
937
173
192
142
1359
229
569
758
597
761
154
884
1018
74
808
414
930
640
233
20
1306
29
803
882
1054
290
914
1093
1111
114
1115
465
889
167
407
320
1312
897
1101
704
920
566
598
257
255
727
705
987
497
898
130
1343
100
171
491
1275
110
1224
1020
1226
712
827
1019
1160
960
659
270
63
393
1094
892
543
778
1184
169
36
243
82
945
860
372
1046
1170
751
507
1244
1037
1234
584
511
177
276
879
547
719
476
225
632
216
1053
837
180
918
745
901
1298
677
638
44
264
1088
1316
1238
1329
896
850
94
175
398
1196
332
1056
31
744
1259
374
408
685
418
144
265
986
14
1118
528
391
853
729
801
78
603
387
183
835
190
364
868
1159
245
881
274
147
1129
294
324
770
799
539
676
1134
900
768
5
974
1168
103
210
41
377
1278
146
1110
1089
205
1068
27
1104
1137
204
670
624
411
740
1032
73
1142
998
206
867
