500
533
1017
215
729
959
299
39
902
479
1
1164
459
452
1096
725
824
58
569
279
933
322
467
1150
420
957
621
911
1187
665
965
1367
14
1063
1355
1362
985
540
192
477
1233
1203
124
682
241
655
9
971
651
1136
1286
390
202
80
1148
747
787
542
317
609
1217
1283
61
446
381
92
775
580
40
75
1038
140
1256
1083
1303
587
434
874
1013
589
186
1361
156
692
56
8
298
1249
1046
310
418
27
233
615
646
528
862
980
505
436
1124
1142
295
1018
999
487
970
29
1209
231
362
440
326
753
1219
857
1127
746
578
789
1364
923
438
402
583
1299
579
443
906
1092
742
853
662
251
781
1328
1095
997
1108
1138
656
703
638
1317
1271
511
1346
1078
1318
194
240
1237
728
1311
49
625
315
458
793
501
1291
536
481
1048
44
1121
1029
830
300
399
554
276
483
269
761
563
283
695
1342
1316
740
772
320
195
988
863
70
613
10
900
1170
408
482
568
1202
1255
64
592
491
654
669
361
935
328
530
661
512
1240
744
1337
1011
790
581
353
785
472
722
811
1084
921
1360
904
687
1103
131
15
1262
1166
1327
1180
1228
652
1236
187
191
103
1354
60
924
427
432
771
1252
165
1190
1191
82
567
938
349
1253
371
471
1015
252
541
311
657
1044
494
113
666
249
358
752
263
996
359
1239
841
271
1265
768
1301
122
792
1014
875
1365
16
867
466
672
918
1116
805
351
431
1211
712
708
818
1370
97
1226
966
1193
196
473
183
1330
794
572
1250
1122
891
784
1264
175
870
81
397
267
77
758
989
386
1230
1275
520
898
994
634
1129
1196
892
88
1056
717
1090
590
1186
529
117
1288
1019
422
294
261
642
548
2
405
1049
338
356
912
182
884
769
716
1339
1195
847
566
1246
395
649
278
239
1340
887
453
110
1115
1274
464
1145
1165
549
1076
503
557
968
618
795
751
367
1357
384
200
65
1353
678
272
1189
840
1012
950
478
1181
1058
1229
1306
188
788
316
214
764
1261
531
255
30
1047
230
733
1161
1025
688
1343
264
101
13
953
879
679
1005
813
686
523
495
1069
608
1128
1027
366
574
979
962
206
79
190
492
1031
145
610
318
713
457
144
982
864
1341
848
693
878
83
154
871
1073
1039
127
1227
403
150
773
413
1297
1000
991
820
762
1050
352
95
571
37
485
143
629
158
552
711
856
942
648
236
1154
222
1344
759
817
588
1149
632
62
1199
193
235
181
1100
776
1133
521
905
901
1169
382
1157
1270
331
920
262
6
266
38
1329
545
118
1296
105
880
484
975
731
20
242
50
162
977
1205
922
301
172
658
961
914
1184
1358
726
987
1173
668
210
344
306
217
1345
289
378
167
421
983
616
12
522
1026
68
90
1144
380
372
258
801
304
1225
410
1324
724
42
208
1010
1059
490
596
1273
515
285
1113
71
561
179
798
1282
493
116
293
76
48
748
1131
1175
332
576
622
564
883
1089
409
636
1363
907
288
630
524
157
337
1294
496
46
944
462
829
1222
439
177
570
1102
424
325
981
664
350
447
799
17
1292
1098
1284
823
1276
345
1062
313
754
822
451
170
699
1369
133
1159
1093
78
1295
346
396
1280
389
385
1192
119
1036
1045
229
1160
21
1158
766
1214
250
243
1003
35
593
671
507
1023
969
1114
109
866
379
614
604
627
796
660
582
723
171
677
238
700
1118
1147
709
1347
321
120
1368
155
1163
624
138
125
456
66
899
958
780
1325
626
605
1356
1212
178
1130
415
100
946
219
741
334
114
834
681
833
220
391
1260
309
1194
1281
527
881
245
685
518
948
936
394
640
104
815
963
1079
720
814
51
602
354
1285
460
22
374
538
218
585
893
915
1061
1210
414
205
1109
497
516
702
1248
676
375
185
404
706
1001
401
1263
1111
441
132
745
173
690
825
827
428
1156
995
1350
1178
718
282
1021
96
1051
635
738
499
74
89
1052
691
1002
0
558
683
392
476
1213
519
926
107
347
1151
1320
223
1081
327
1055
102
1135
620
475
213
707
135
852
246
1352
1101
1232
1080
1032
1146
1254
1054
1030
365
248
736
26
836
284
417
993
680
1132
984
3
134
837
355
292
698
1188
1336
1321
986
897
826
228
1125
643
939
225
226
842
369
1117
844
339
419
1174
603
1235
265
454
916
927
63
1179
1097
990
360
237
650
943
112
1349
1298
1137
532
577
810
126
259
1008
1123
148
721
1086
376
851
896
694
137
1009
1105
7
502
854
947
631
929
407
1335
357
153
343
305
1223
612
1075
280
1258
1326
400
468
504
534
1016
903
1091
550
1218
1110
945
163
336
59
1277
449
855
1072
1315
1220
437
786
873
1259
819
1006
586
941
348
1120
1028
463
1278
653
573
647
595
890
470
800
281
932
732
715
832
951
1037
455
584
147
160
750
859
952
1309
628
606
164
106
1040
617
1140
329
480
498
1272
93
809
433
1107
43
860
1197
967
710
1338
1305
765
885
556
1302
69
514
509
340
221
146
1053
803
508
1224
176
804
168
1183
1257
129
189
136
1243
894
197
290
36
767
232
645
33
1112
1323
1068
865
341
1085
199
429
1351
876
730
919
297
73
807
547
949
1244
821
663
1231
623
1162
212
1035
1242
1269
727
701
1022
1310
234
1007
978
67
24
216
812
735
1153
111
166
1308
207
274
41
591
1215
525
287
469
121
1366
928
673
1141
886
956
25
1134
149
925
1176
696
843
889
598
1020
139
749
1004
323
180
450
607
1043
296
94
1245
637
286
488
444
1208
1198
275
806
1152
1206
32
1104
307
770
11
872
1067
86
778
1060
1359
1082
1065
782
562
209
1172
739
594
123
734
931
98
377
130
23
1287
555
370
383
201
917
368
973
387
816
256
1221
1119
169
560
373
909
719
791
954
1251
1167
1204
868
972
1155
1334
1071
964
774
324
203
84
633
908
611
398
91
1106
430
779
1143
291
57
257
888
1332
1066
388
335
273
756
1077
1322
128
802
28
1207
882
510
675
151
244
714
543
544
639
697
1289
1312
423
910
1171
659
797
1348
1201
99
850
448
755
976
115
777
72
845
537
849
174
87
551
705
314
600
1094
599
277
1033
763
835
1216
559
684
