848
1102
414
336
185
666
981
795
590
241
662
760
619
1049
638
740
610
756
828
194
252
253
43
810
961
603
617
151
431
1262
170
152
1362
700
905
68
1230
397
179
679
882
9
1139
637
825
899
798
1137
484
970
471
871
1211
869
46
1370
27
933
1111
986
755
1250
109
1190
122
186
571
751
1294
548
1307
1256
101
308
541
1157
732
1033
951
721
573
1028
982
284
790
597
420
964
1368
665
934
216
1120
1353
816
839
1327
525
1299
606
877
878
60
394
947
1200
498
960
330
1179
1172
620
635
289
125
806
707
578
1034
416
556
1314
53
1309
40
1088
1076
517
351
83
115
1056
283
1183
902
649
1142
447
681
1297
96
980
1249
673
48
643
1065
748
237
54
123
506
268
97
220
41
1313
657
715
712
1369
677
12
1341
668
1079
1295
468
1173
534
1167
683
868
779
1002
451
693
1329
1145
232
734
717
568
1073
893
927
1290
205
369
1158
412
426
742
1148
1168
817
618
830
720
383
564
797
157
731
1268
140
160
305
990
561
1340
1014
824
651
1170
224
1153
1143
355
415
948
767
1027
1276
385
26
1251
358
278
504
1264
511
23
752
432
347
503
957
389
1017
650
1108
478
379
1202
374
1184
513
1008
396
231
147
887
167
72
70
800
547
171
581
168
264
463
430
892
272
510
900
835
1095
1086
42
1164
1089
585
132
1070
801
38
306
450
1188
863
270
408
737
1364
166
680
71
530
901
925
509
1109
1292
595
574
507
1293
316
691
1348
4
531
1357
713
1138
609
493
658
492
1020
1343
452
94
95
1240
1317
611
1315
1346
1278
758
58
536
61
857
24
1355
1267
473
297
244
25
872
488
222
1322
105
1223
130
621
153
131
410
1121
845
1260
354
546
1025
1366
75
36
1206
57
196
1131
339
518
1275
696
199
593
820
477
86
134
1187
259
334
995
3
1171
1326
1105
1064
648
418
782
1280
812
1087
1160
962
977
1174
976
1078
1104
1072
8
765
1177
660
829
1196
74
704
522
335
88
217
1044
1015
881
861
319
1192
815
266
6
138
163
1125
1208
955
523
702
672
633
19
572
1228
642
674
137
557
1214
598
1163
746
368
1289
640
327
317
1041
1224
528
526
1011
479
338
1031
148
1106
1263
967
246
365
1226
1254
198
754
876
404
656
483
158
315
256
1116
384
177
773
314
357
298
455
543
898
698
527
1144
159
768
360
1205
202
750
112
735
307
697
422
652
997
777
459
802
1058
1296
449
799
80
1195
1261
215
1301
30
242
1081
641
209
687
435
912
1282
972
1321
551
544
1016
862
736
403
1351
362
271
466
1221
983
277
1335
1300
788
879
1067
442
299
930
375
837
1126
770
472
728
563
1241
388
22
1053
124
423
1229
943
1253
1367
142
50
993
874
623
963
81
482
321
1140
1232
1303
66
1210
703
975
417
632
941
64
139
1235
922
491
1334
928
532
65
1152
747
1310
296
591
419
438
261
724
920
281
626
832
1071
188
1098
251
1308
1077
921
906
514
781
706
487
663
273
685
1345
1233
448
411
458
1035
1194
667
1132
149
858
1236
733
218
239
953
725
192
191
771
1312
791
644
936
971
1328
16
1330
582
935
627
1271
323
1117
631
1074
778
1130
437
1022
1063
341
2
229
1231
1320
76
1265
1103
371
180
945
577
1284
1189
1178
1169
851
589
1024
785
1048
311
301
722
689
37
353
1257
714
236
1141
729
1127
1352
499
553
55
302
794
286
1042
219
838
387
974
390
1075
352
193
235
1162
694
480
567
116
1085
653
1146
1269
757
1013
1217
120
1050
1324
1026
62
743
875
453
515
570
223
984
613
843
221
886
516
465
52
1255
485
1305
818
386
155
1114
600
1090
248
761
870
855
441
1245
1258
542
1080
701
117
1045
628
946
206
291
1198
381
819
926
1047
200
596
897
1281
854
1302
1360
804
1039
918
792
769
1151
813
1133
505
891
348
1118
1363
340
786
615
154
1266
1010
77
1358
287
322
686
1054
1037
913
1242
82
512
1365
464
1038
999
1339
929
1023
333
10
738
470
831
32
150
413
580
382
793
1055
1286
1298
614
1304
378
89
692
601
213
833
332
133
346
555
7
28
320
1201
187
1182
634
552
304
31
1061
684
796
1134
1225
240
67
174
766
1338
245
56
630
583
1181
145
90
1277
392
762
682
310
1062
359
93
1069
1234
924
1150
885
1180
376
907
243
1238
87
214
444
856
173
998
853
1325
425
1197
118
119
1128
226
1110
0
401
84
162
114
670
1124
889
625
952
807
258
624
826
234
135
616
836
842
959
592
343
1123
293
364
178
659
996
14
165
59
709
676
780
424
292
1218
329
429
1012
79
1052
937
834
749
890
254
1333
136
852
723
859
969
496
950
805
129
337
1359
608
195
909
584
103
1259
1273
719
884
776
849
894
227
1283
126
405
775
821
711
1287
1060
303
267
545
212
896
916
675
814
342
549
966
295
695
73
605
104
645
1337
1040
439
1019
91
1112
1193
908
102
238
1336
942
938
5
1237
965
18
121
661
1149
274
433
811
1274
1288
181
184
406
865
520
1003
380
427
78
1009
1344
607
1212
1356
1316
1057
1091
1101
1129
1199
958
559
846
690
1323
1272
436
490
1361
1252
69
808
11
144
917
639
176
994
440
521
1349
1004
143
753
519
822
428
612
1032
156
539
461
576
255
979
1185
1006
560
208
910
1
269
265
914
230
1347
1119
1342
864
1066
873
1222
398
1246
45
161
991
727
629
288
1059
1331
575
850
911
1285
932
1100
1207
247
476
85
469
225
774
331
233
588
475
599
421
182
988
1000
49
1279
1029
529
486
497
106
443
646
1036
726
190
282
29
169
1001
1204
100
197
495
647
987
44
710
373
678
566
847
460
1155
39
434
973
1239
1007
456
260
35
827
309
276
636
654
622
844
393
107
349
524
784
47
203
21
402
1107
1154
989
741
1147
33
787
923
1043
1318
1243
579
481
931
356
1248
759
92
1175
803
745
279
764
604
1354
400
257
944
1096
1219
1161
494
772
550
201
312
290
1213
763
1136
949
183
1176
1068
1030
250
823
1099
940
391
1092
1191
904
730
554
366
345
535
1209
919
211
502
537
1220
175
