139
1154
1075
1055
535
260
113
1117
534
776
239
15
230
1209
588
1248
204
726
88
330
1077
983
157
163
435
872
120
404
1057
943
356
332
1079
703
502
1032
172
1231
65
1331
1254
850
674
496
747
445
1151
906
1020
473
231
630
253
492
222
293
816
186
566
799
584
871
701
345
513
1190
1091
76
609
44
598
895
98
788
437
971
675
1256
698
254
1028
380
1285
802
63
427
1181
1103
727
620
89
1143
136
1170
1269
164
1033
155
1316
1167
225
889
1111
661
750
891
280
358
1345
932
49
1353
286
975
1362
783
999
574
462
66
150
501
949
766
420
670
677
1157
35
666
1352
737
649
732
780
447
1187
419
1196
238
611
547
366
237
283
955
916
38
509
228
1199
450
538
270
1003
1126
1228
377
1212
741
645
127
1095
431
618
1239
309
1166
880
405
467
486
322
256
508
926
1293
1178
161
1116
652
1208
601
751
930
1052
279
1312
385
1266
292
374
779
20
1223
399
904
1134
166
869
877
430
898
1069
1283
631
511
19
1015
72
411
984
957
115
1098
744
353
34
479
1314
152
251
303
1040
814
1272
526
1076
616
258
863
1090
288
986
315
994
665
40
1023
369
570
593
319
154
1296
736
650
424
1094
803
557
902
952
980
1197
885
406
731
246
827
300
21
313
857
855
862
1122
542
1107
1019
866
794
265
809
141
805
765
822
1234
1240
401
948
112
658
1250
576
953
442
852
524
33
1108
1354
2
608
993
612
59
774
328
550
1213
887
928
132
1130
333
867
248
596
455
425
221
118
489
810
124
352
545
662
735
1224
170
128
708
1356
892
1244
334
1038
575
1259
1260
252
1174
8
886
1193
544
936
848
617
218
841
206
724
1183
636
244
153
349
690
245
1286
211
981
301
755
1172
1119
175
299
839
224
146
26
1110
135
305
1355
896
104
1338
275
1049
655
312
50
285
721
659
987
767
582
1127
402
441
740
179
676
826
642
46
989
961
995
682
440
215
1304
715
1010
1162
17
25
370
1251
379
1241
1290
1145
1177
347
1042
1307
819
1165
465
918
958
979
811
800
860
1088
1221
30
1182
1100
923
1344
965
1016
1282
1309
838
236
874
707
1263
879
921
331
482
782
1081
888
982
829
515
925
1328
189
202
1132
567
74
1141
42
922
722
323
398
367
1169
660
1192
105
1036
770
539
287
1087
878
929
919
890
568
321
390
573
90
996
558
77
363
83
125
79
1027
693
364
1349
525
306
463
214
1227
963
1061
418
1058
759
1106
837
1323
974
684
18
1176
310
523
738
581
786
973
833
804
1220
725
679
1284
36
580
705
262
73
717
1112
669
812
340
62
585
1327
758
78
846
934
193
517
712
395
991
960
1324
546
1297
307
1325
194
337
180
1171
1168
868
1115
277
1118
944
730
967
859
414
1350
554
304
798
942
1347
695
761
506
1343
1217
632
998
106
625
1153
1184
392
131
911
1160
137
1120
1311
939
1219
968
1207
1121
1074
294
220
477
1202
1370
671
181
1161
472
641
791
493
53
282
522
597
428
909
1335
381
828
1322
295
595
1236
1364
1059
830
1363
1306
481
324
278
167
1123
651
184
734
1152
503
790
93
1195
681
219
1279
901
130
1064
1136
114
1006
1001
54
1048
449
594
446
1000
111
213
1008
39
1299
208
840
771
956
1175
192
988
474
203
24
7
643
60
1139
475
990
1201
1308
858
117
57
556
101
451
743
806
1204
836
685
80
834
212
520
384
853
108
1280
541
359
176
351
1085
1313
760
423
490
45
159
266
320
719
592
854
81
391
268
718
583
623
267
97
1014
142
249
530
897
1133
61
1340
678
537
781
1218
1360
861
71
787
1292
22
628
169
1301
1137
694
1086
773
383
348
1367
1030
350
657
1243
873
1357
394
68
1128
276
1365
434
378
1125
687
452
216
917
1341
387
644
1018
1109
1305
416
177
1072
1294
714
458
864
1268
3
263
432
491
504
646
1067
495
1039
261
763
397
605
1206
226
444
536
484
1070
433
87
752
200
201
527
257
1225
14
1186
229
976
476
1278
126
144
563
1163
882
768
699
99
459
507
757
457
1334
281
1326
471
316
32
271
1215
407
903
123
654
656
820
1173
470
158
893
629
1320
910
317
600
168
368
1271
382
274
6
900
4
831
1300
417
1321
210
122
723
1261
825
1
813
497
1060
1358
815
64
461
1339
940
875
311
234
777
100
1253
1346
318
1071
338
403
789
389
103
196
1265
590
941
621
134
1113
700
410
298
668
464
599
551
160
635
1342
614
235
1210
85
365
1277
232
1009
371
16
572
344
129
269
613
1252
94
1129
1281
627
195
1180
242
881
1351
43
801
1044
205
1164
792
361
91
1101
82
1148
1124
339
1104
1063
733
96
84
817
756
702
762
1319
314
884
778
710
619
1013
633
555
197
1274
851
1247
978
784
140
914
48
1051
950
769
241
28
1273
1295
1084
12
1258
1045
1093
985
173
1062
469
272
899
673
1188
69
1047
856
1237
329
606
386
561
302
1257
1226
1230
346
355
697
847
622
528
796
217
603
924
1022
883
453
510
415
807
688
835
529
1222
843
327
532
915
400
1065
938
1179
648
199
1245
1270
480
514
1200
1238
639
182
933
894
185
531
1156
689
745
764
845
485
296
1043
373
1004
560
607
1359
1317
1289
116
148
821
797
1135
713
37
1142
335
23
602
844
876
540
1336
207
143
1105
569
1333
121
977
454
494
1050
500
754
992
396
1287
589
1332
795
647
1012
972
947
912
460
284
1046
720
1026
548
1053
498
920
1262
1029
1056
421
156
564
519
870
1329
610
586
259
297
553
1034
691
1031
1232
842
291
927
1073
686
448
52
308
488
591
742
959
638
119
1366
0
653
86
171
865
27
785
746
748
579
1276
552
1302
935
1155
626
565
1149
9
1102
913
808
543
1288
587
1078
388
250
443
165
505
264
51
107
1083
478
1264
499
1205
1368
466
969
711
1002
749
198
1080
1303
190
1214
1246
1138
151
187
1097
729
240
145
562
255
95
412
1185
426
243
680
343
954
1054
1369
706
56
422
149
533
183
1024
1150
1318
1068
946
1337
951
823
109
1082
393
818
456
360
709
439
174
1146
