1301
45
1016
775
1056
517
722
1023
958
27
684
390
582
1282
673
227
1327
1144
426
260
1207
304
111
976
629
819
21
493
614
1291
321
5
259
1300
139
675
544
890
871
603
100
943
1060
1269
1104
231
222
616
849
30
634
1319
659
1343
969
272
965
411
566
845
574
759
132
818
1068
62
1226
639
803
102
653
130
1118
1092
1281
1267
1101
1064
1365
702
747
279
506
1004
367
753
475
1208
512
159
1061
496
645
1167
217
723
877
669
142
135
303
1198
1264
1102
761
309
934
504
1081
833
376
281
799
97
1270
80
341
1006
98
117
1097
1071
838
1146
1173
119
374
751
229
352
64
588
531
839
199
510
900
636
520
81
425
200
228
1294
351
540
872
195
601
866
9
856
356
1195
589
637
213
313
87
592
1034
670
602
1107
486
431
1218
323
1256
1363
1019
649
931
437
435
895
792
1020
68
874
1119
951
767
1347
1151
433
1124
1210
150
666
1366
978
280
983
120
1340
289
495
1185
851
850
1203
1364
706
91
964
793
1362
999
1100
256
445
1123
1115
1251
844
334
1176
29
485
993
1350
1287
1001
691
40
16
658
1014
1157
1122
462
683
660
551
1136
1323
1232
1022
249
855
557
511
10
773
868
911
65
824
473
1137
846
508
989
740
168
226
832
193
371
541
1038
422
295
896
450
516
995
1059
429
889
611
1238
412
143
458
1229
716
34
141
332
1188
671
1196
398
188
605
248
1354
731
1334
1040
418
442
1235
1190
464
165
515
974
1353
453
187
1254
672
641
1239
394
72
1139
344
542
1201
532
924
449
164
561
992
721
408
189
700
1140
1206
1003
1230
1174
1168
1143
236
350
760
757
480
617
346
489
31
955
822
997
448
870
456
75
854
1041
606
741
572
1120
1152
927
201
610
1011
224
128
116
381
455
665
219
218
626
1163
507
106
1212
327
372
543
1035
957
1181
1305
52
1180
1028
804
299
441
24
1153
1147
746
1075
584
1179
459
1066
1184
300
858
204
697
972
661
1051
1199
1030
1044
1133
1039
124
1112
1219
503
1106
322
655
103
748
446
392
296
591
311
562
488
325
47
163
1279
950
807
990
18
783
1191
1197
1087
971
126
621
417
686
17
44
1280
595
479
316
1225
771
529
705
667
54
758
423
1222
581
251
580
784
1324
909
732
405
1189
676
1204
1062
32
559
1215
628
998
916
644
499
674
1255
689
937
25
207
502
607
1259
609
550
393
1265
363
494
939
368
415
553
1098
764
724
1333
1355
920
1240
369
283
984
1331
726
1073
811
294
800
210
745
1346
342
264
37
330
795
1079
941
679
1276
269
1093
981
1250
14
903
1113
1183
1278
1213
701
1314
451
642
519
597
867
1105
537
99
112
4
41
51
362
917
3
152
1026
146
90
704
194
1257
1169
881
535
104
549
599
565
1193
643
648
254
709
762
310
791
765
860
444
708
1182
1351
1002
191
498
763
1110
533
312
1078
852
46
863
8
1121
857
89
127
275
476
287
518
612
500
594
693
315
1313
383
359
1358
1258
699
1249
780
11
74
192
176
1263
70
968
174
940
1138
1170
439
1224
1307
861
7
184
386
865
20
1322
1054
1252
1290
555
178
175
1000
137
558
769
151
380
525
1017
813
829
221
410
71
19
277
288
466
1130
878
416
36
980
366
94
1186
583
1316
1326
770
690
1037
914
1111
840
66
912
654
421
1344
1057
624
320
63
707
930
1154
1164
837
197
1241
534
886
138
1108
123
1015
265
1047
652
373
677
1345
554
657
801
1304
454
891
827
1027
600
789
576
140
922
560
42
173
107
252
1156
50
233
268
402
1086
548
397
273
1209
1129
497
86
1234
1277
1349
879
1338
414
482
563
1296
692
365
524
302
1332
735
339
578
38
1150
608
379
490
635
768
1114
48
954
719
873
923
681
527
647
396
73
250
627
1361
262
13
1303
1089
947
802
1065
1339
907
336
960
687
308
1125
935
1158
925
820
650
579
575
1145
1074
185
84
147
754
743
1312
361
1356
1262
1155
406
651
586
678
487
1099
216
631
902
1342
155
613
1042
297
1242
1010
232
378
317
427
569
276
67
1308
730
26
114
662
810
1285
203
1194
545
160
349
215
404
105
1024
797
991
843
970
118
1095
908
329
593
93
942
513
28
190
387
331
292
242
530
663
734
83
604
474
904
985
546
750
460
95
212
1247
428
1049
15
1274
1310
587
171
888
301
23
1205
424
1085
1052
1050
465
156
167
1335
420
729
825
270
1187
1295
467
915
76
1298
1368
1063
848
1069
1013
92
110
235
307
869
961
973
1021
1033
717
1220
547
1177
1055
883
364
377
812
1008
703
101
1084
781
220
668
625
932
1148
1165
69
172
432
149
481
282
385
1337
209
340
598
1202
338
521
389
1077
35
286
622
314
1031
318
774
1131
1135
715
1330
61
452
630
162
1009
728
875
357
253
96
244
113
1286
744
1109
136
12
391
1216
505
492
293
206
806
1302
713
816
79
882
1025
400
157
491
1245
725
680
401
179
921
78
986
1288
1116
736
694
319
484
198
1128
817
711
620
1046
438
1325
133
1142
814
646
862
899
407
154
1029
278
794
115
596
1217
208
718
585
1032
468
539
835
528
239
1292
1359
457
419
263
1103
919
1083
946
905
430
202
183
177
936
1293
1192
1315
82
1369
158
85
153
1178
884
633
125
522
823
1141
619
975
1007
710
948
738
353
1053
847
966
523
1166
906
1289
285
737
1091
778
483
836
963
375
841
298
826
945
898
305
1272
1043
43
121
1160
1067
714
696
573
1273
470
291
698
623
33
685
0
938
1159
1352
225
1214
1268
243
266
885
786
1275
944
1072
1228
1126
1090
809
22
463
752
727
853
656
864
469
982
161
876
897
1088
987
928
859
967
1227
526
996
1318
1309
1248
1233
688
306
682
169
354
1328
413
962
230
1070
240
399
1271
205
1132
1243
1005
290
1
328
1317
926
403
1012
261
388
144
440
842
640
186
1076
355
245
772
1360
434
790
182
1357
58
443
360
959
49
1336
1161
1299
933
395
739
129
214
274
1036
632
892
234
830
952
472
1211
238
956
988
733
347
241
1320
571
436
577
1149
918
56
501
638
348
382
