1.000000 0.000000 1.000000 0.000000 0.000000 0.000000 2.000000 0.363478 0.353739 0.696087 0.248539 131.000000 670.000000 801.000000
1.000000 0.000000 1.000000 0.000000 1.000000 1.000000 1.000000 0.196364 0.189405 0.437273 0.248309 120.000000 1229.000000 1349.000000
1.000000 0.000000 1.000000 0.000000 2.000000 1.000000 1.000000 0.200000 0.212122 0.590435 0.160296 108.000000 1454.000000 1562.000000
1.000000 0.000000 1.000000 0.000000 3.000000 1.000000 1.000000 0.226957 0.229270 0.436957 0.186900 82.000000 1518.000000 1600.000000
1.000000 0.000000 1.000000 0.000000 4.000000 1.000000 1.000000 0.204348 0.233209 0.518261 0.089565 88.000000 1518.000000 1606.000000
1.000000 0.000000 1.000000 0.000000 5.000000 1.000000 2.000000 0.196522 0.208839 0.498696 0.168726 148.000000 1362.000000 1510.000000
1.000000 0.000000 1.000000 0.000000 6.000000 0.000000 2.000000 165.000000 0.162254 0.535833 0.266804 68.000000 891.000000 959.000000
1.000000 0.000000 1.000000 0.000000 0.000000 0.000000 1.000000 0.138333 0.116175 0.434167 0.361950 54.000000 768.000000 822.000000
1.000000 0.000000 1.000000 0.000000 1.000000 1.000000 1.000000 0.150833 0.150888 0.482917 0.223267 41.000000 1280.000000 1321.000000
1.000000 0.000000 1.000000 0.000000 2.000000 1.000000 2.000000 0.169091 0.191464 0.686364 0.122132 43.000000 1220.000000 1263.000000
1.000000 0.000000 1.000000 0.000000 3.000000 1.000000 1.000000 0.172727 0.160473 0.599545 0.304627 25.000000 1137.000000 1162.000000
1.000000 0.000000 1.000000 0.000000 4.000000 1.000000 1.000000 165.000000 0.150883 0.470417 301.000000 38.000000 1368.000000 1406.000000
1.000000 0.000000 1.000000 0.000000 5.000000 1.000000 1.000000 0.160870 0.188413 0.537826 0.126548 54.000000 1367.000000 1421.000000
1.000000 0.000000 1.000000 0.000000 6.000000 0.000000 2.000000 0.233333 0.248112 0.498750 0.157963 222.000000 1026.000000 1248.000000
1.000000 0.000000 1.000000 0.000000 0.000000 0.000000 1.000000 0.231667 0.234217 0.483750 0.188433 251.000000 953.000000 1204.000000
1.000000 0.000000 1.000000 1.000000 1.000000 0.000000 2.000000 0.175833 0.176771 0.537500 0.194017 117.000000 883.000000 1000.000000
1.000000 0.000000 1.000000 0.000000 2.000000 1.000000 2.000000 0.216667 0.232333 0.861667 0.146775 9.000000 674.000000 683.000000
1.000000 0.000000 1.000000 0.000000 3.000000 1.000000 2.000000 0.292174 0.298422 0.741739 0.208317 78.000000 1572.000000 1650.000000
1.000000 0.000000 1.000000 0.000000 4.000000 1.000000 2.000000 0.261667 0.255050 0.538333 0.195904 83.000000 1844.000000 1927.000000
1.000000 0.000000 1.000000 0.000000 5.000000 1.000000 1.000000 0.177500 0.157833 0.457083 0.353242 75.000000 1468.000000 1543.000000
1.000000 0.000000 1.000000 0.000000 6.000000 0.000000 1.000000 0.059130 0.079070 0.400000 0.171970 93.000000 888.000000 981.000000
1.000000 0.000000 1.000000 0.000000 0.000000 0.000000 1.000000 0.096522 0.098839 0.436522 0.246600 150.000000 836.000000 986.000000
1.000000 0.000000 1.000000 0.000000 1.000000 1.000000 1.000000 0.097391 0.117930 0.491739 0.158330 86.000000 1330.000000 1416.000000
1.000000 0.000000 1.000000 0.000000 2.000000 1.000000 2.000000 0.223478 0.234526 0.616957 0.129796 186.000000 1799.000000 1985.000000
1.000000 0.000000 1.000000 0.000000 3.000000 1.000000 3.000000 0.217500 0.203600 0.862500 0.293850 34.000000 472.000000 506.000000
1.000000 0.000000 1.000000 0.000000 4.000000 1.000000 1.000000 195.000000 0.219700 0.687500 0.113837 15.000000 416.000000 431.000000
1.000000 0.000000 1.000000 0.000000 5.000000 1.000000 2.000000 0.203478 0.223317 0.793043 0.123300 38.000000 1129.000000 1167.000000
1.000000 0.000000 1.000000 0.000000 6.000000 0.000000 1.000000 0.196522 0.212126 0.651739 0.145365 123.000000 975.000000 1098.000000
1.000000 0.000000 1.000000 0.000000 0.000000 0.000000 1.000000 0.216522 0.250322 0.722174 0.073983 140.000000 956.000000 1096.000000
1.000000 0.000000 1.000000 0.000000 1.000000 1.000000 2.000000 0.180833 0.186250 0.603750 0.187192 42.000000 1459.000000 1501.000000
1.000000 0.000000 2.000000 0.000000 2.000000 1.000000 2.000000 0.192174 0.234530 0.829565 0.053213 47.000000 1313.000000 1360.000000
1.000000 0.000000 2.000000 0.000000 3.000000 1.000000 2.000000 0.260000 0.254417 0.775417 0.264308 72.000000 1454.000000 1526.000000
1.000000 0.000000 2.000000 0.000000 4.000000 1.000000 1.000000 0.186957 0.177878 0.437826 0.277752 61.000000 1489.000000 1550.000000
1.000000 0.000000 2.000000 0.000000 5.000000 1.000000 2.000000 0.211304 0.228587 0.585217 0.127839 88.000000 1620.000000 1708.000000
1.000000 0.000000 2.000000 0.000000 6.000000 0.000000 2.000000 0.233333 0.243058 0.929167 0.161079 100.000000 905.000000 1005.000000
1.000000 0.000000 2.000000 0.000000 0.000000 0.000000 1.000000 0.285833 0.291671 0.568333 0.141800 354.000000 1269.000000 1623.000000
1.000000 0.000000 2.000000 0.000000 1.000000 1.000000 1.000000 0.271667 0.303658 0.738333 0.045408 120.000000 1592.000000 1712.000000
1.000000 0.000000 2.000000 0.000000 2.000000 1.000000 1.000000 0.220833 0.198246 0.537917 0.361950 64.000000 1466.000000 1530.000000
1.000000 0.000000 2.000000 0.000000 3.000000 1.000000 2.000000 0.134783 0.144283 0.494783 0.188839 53.000000 1552.000000 1605.000000
1.000000 0.000000 2.000000 0.000000 4.000000 1.000000 1.000000 0.144348 0.149548 0.437391 0.221935 47.000000 1491.000000 1538.000000
1.000000 0.000000 2.000000 0.000000 5.000000 1.000000 1.000000 0.189091 0.213509 0.506364 0.108550 149.000000 1597.000000 1746.000000
1.000000 0.000000 2.000000 0.000000 6.000000 0.000000 1.000000 0.222500 0.232954 0.544167 0.203367 288.000000 1184.000000 1472.000000
1.000000 0.000000 2.000000 0.000000 0.000000 0.000000 1.000000 0.316522 0.324113 0.457391 0.260883 397.000000 1192.000000 1589.000000
1.000000 0.000000 2.000000 0.000000 1.000000 1.000000 1.000000 415.000000 0.398350 0.375833 0.417908 208.000000 1705.000000 1913.000000
1.000000 0.000000 2.000000 0.000000 2.000000 1.000000 1.000000 0.266087 0.254274 0.314348 0.291374 140.000000 1675.000000 1815.000000
1.000000 0.000000 2.000000 0.000000 3.000000 1.000000 1.000000 0.318261 0.316200 0.423478 0.251791 218.000000 1897.000000 2115.000000
1.000000 0.000000 2.000000 0.000000 4.000000 1.000000 1.000000 0.435833 0.428658 505.000000 0.230104 259.000000 2216.000000 2475.000000
1.000000 0.000000 2.000000 0.000000 5.000000 1.000000 1.000000 0.521667 0.511983 0.516667 0.264925 579.000000 2348.000000 2927.000000
1.000000 0.000000 2.000000 0.000000 6.000000 0.000000 1.000000 0.399167 0.391404 0.187917 0.507463 532.000000 1103.000000 1635.000000
1.000000 0.000000 2.000000 0.000000 0.000000 0.000000 1.000000 0.285217 0.277330 0.407826 0.223235 639.000000 1173.000000 1812.000000
1.000000 0.000000 2.000000 1.000000 1.000000 0.000000 2.000000 0.303333 0.284075 605.000000 0.307846 195.000000 912.000000 1107.000000
1.000000 0.000000 2.000000 0.000000 2.000000 1.000000 1.000000 0.182222 0.186033 0.577778 0.195683 74.000000 1376.000000 1450.000000
1.000000 0.000000 2.000000 0.000000 3.000000 1.000000 1.000000 0.221739 0.245717 0.423043 0.094113 139.000000 1778.000000 1917.000000
1.000000 0.000000 2.000000 0.000000 4.000000 1.000000 2.000000 0.295652 0.289191 0.697391 0.250496 100.000000 1707.000000 1807.000000
1.000000 0.000000 2.000000 0.000000 5.000000 1.000000 2.000000 0.364348 0.350461 0.712174 0.346539 120.000000 1341.000000 1461.000000
1.000000 0.000000 2.000000 0.000000 6.000000 0.000000 1.000000 0.282500 0.282192 0.537917 0.186571 424.000000 1545.000000 1969.000000
1.000000 0.000000 2.000000 0.000000 0.000000 0.000000 1.000000 0.343478 0.351109 0.680000 0.125248 694.000000 1708.000000 2402.000000
1.000000 0.000000 2.000000 0.000000 1.000000 1.000000 2.000000 0.407273 0.400118 0.876364 0.289686 81.000000 1365.000000 1446.000000
1.000000 0.000000 3.000000 0.000000 2.000000 1.000000 1.000000 0.266667 0.263879 535.000000 0.216425 137.000000 1714.000000 1851.000000
1.000000 0.000000 3.000000 0.000000 3.000000 1.000000 1.000000 335.000000 0.320071 0.449583 0.307833 231.000000 1903.000000 2134.000000
1.000000 0.000000 3.000000 0.000000 4.000000 1.000000 1.000000 0.198333 0.200133 0.318333 0.225754 123.000000 1562.000000 1685.000000
1.000000 0.000000 3.000000 0.000000 5.000000 1.000000 2.000000 0.261667 0.255679 0.610417 0.203346 214.000000 1730.000000 1944.000000
1.000000 0.000000 3.000000 0.000000 6.000000 0.000000 2.000000 0.384167 0.378779 0.789167 0.251871 640.000000 1437.000000 2077.000000
1.000000 0.000000 3.000000 0.000000 0.000000 0.000000 2.000000 0.376522 0.366252 0.948261 0.343287 114.000000 491.000000 605.000000
1.000000 0.000000 3.000000 0.000000 1.000000 1.000000 1.000000 0.261739 0.238461 0.551304 0.341352 244.000000 1628.000000 1872.000000
1.000000 0.000000 3.000000 0.000000 2.000000 1.000000 1.000000 0.292500 0.302400 0.420833 0.120650 316.000000 1817.000000 2133.000000
1.000000 0.000000 3.000000 0.000000 3.000000 1.000000 2.000000 0.295833 0.286608 0.775417 0.220150 191.000000 1700.000000 1891.000000
1.000000 0.000000 3.000000 0.000000 4.000000 1.000000 3.000000 0.389091 0.385668 0.000000 0.261877 46.000000 577.000000 623.000000
1.000000 0.000000 3.000000 0.000000 5.000000 1.000000 2.000000 0.316522 305.000000 0.649565 0.232970 247.000000 1730.000000 1977.000000
1.000000 0.000000 3.000000 0.000000 6.000000 0.000000 1.000000 0.329167 0.325750 0.594583 0.220775 724.000000 1408.000000 2132.000000
1.000000 0.000000 3.000000 0.000000 0.000000 0.000000 1.000000 0.384348 0.380091 0.527391 0.270604 982.000000 1435.000000 2417.000000
1.000000 0.000000 3.000000 0.000000 1.000000 1.000000 1.000000 0.325217 332.000000 0.496957 0.136926 359.000000 1687.000000 2046.000000
1.000000 0.000000 3.000000 0.000000 2.000000 1.000000 2.000000 0.317391 0.318178 0.655652 0.184309 289.000000 1767.000000 2056.000000
1.000000 0.000000 3.000000 0.000000 3.000000 1.000000 2.000000 0.365217 0.366930 0.776522 0.203117 321.000000 1871.000000 2192.000000
1.000000 0.000000 3.000000 0.000000 4.000000 1.000000 1.000000 415.000000 0.410333 0.602917 0.209579 424.000000 2320.000000 2744.000000
1.000000 0.000000 3.000000 0.000000 5.000000 1.000000 1.000000 0.540000 0.527009 0.525217 0.231017 884.000000 2355.000000 3239.000000
1.000000 0.000000 3.000000 0.000000 6.000000 0.000000 1.000000 0.472500 0.466525 0.379167 0.368167 1424.000000 1693.000000 3117.000000
1.000000 0.000000 3.000000 0.000000 0.000000 0.000000 1.000000 0.332500 0.325750 0.473750 0.207721 1047.000000 1424.000000 2471.000000
2.000000 0.000000 3.000000 0.000000 1.000000 1.000000 2.000000 0.430435 0.409735 0.737391 0.288783 401.000000 1676.000000 2077.000000
2.000000 0.000000 3.000000 0.000000 2.000000 1.000000 1.000000 0.441667 0.440642 0.624583 0.225750 460.000000 2243.000000 2703.000000
2.000000 0.000000 3.000000 0.000000 3.000000 1.000000 2.000000 0.346957 0.337939 0.839565 0.234261 203.000000 1918.000000 2121.000000
2.000000 0.000000 3.000000 0.000000 4.000000 1.000000 2.000000 285.000000 0.270833 0.805833 0.243787 166.000000 1699.000000 1865.000000
2.000000 0.000000 3.000000 0.000000 5.000000 1.000000 1.000000 0.264167 0.256312 495.000000 0.230725 300.000000 1910.000000 2210.000000
2.000000 0.000000 3.000000 0.000000 6.000000 0.000000 1.000000 0.265833 0.257571 0.394167 0.209571 981.000000 1515.000000 2496.000000
2.000000 0.000000 3.000000 0.000000 0.000000 0.000000 2.000000 0.253043 0.250339 0.493913 0.184300 472.000000 1221.000000 1693.000000
2.000000 0.000000 3.000000 0.000000 1.000000 1.000000 1.000000 0.264348 0.257574 0.302174 0.212204 222.000000 1806.000000 2028.000000
2.000000 0.000000 3.000000 0.000000 2.000000 1.000000 1.000000 0.302500 0.292908 0.314167 0.226996 317.000000 2108.000000 2425.000000
2.000000 0.000000 3.000000 0.000000 3.000000 1.000000 2.000000 0.300000 0.297350 0.646667 0.172888 168.000000 1368.000000 1536.000000
2.000000 0.000000 3.000000 0.000000 4.000000 1.000000 3.000000 0.268333 0.257575 0.918333 0.217646 179.000000 1506.000000 1685.000000
2.000000 0.000000 4.000000 0.000000 5.000000 1.000000 2.000000 0.300000 0.283454 0.686250 0.258708 307.000000 1920.000000 2227.000000
2.000000 0.000000 4.000000 0.000000 6.000000 0.000000 2.000000 315.000000 0.315637 0.653750 0.197146 898.000000 1354.000000 2252.000000
2.000000 0.000000 4.000000 0.000000 0.000000 0.000000 1.000000 0.378333 0.378767 0.480000 0.182213 1651.000000 1598.000000 3249.000000
2.000000 0.000000 4.000000 0.000000 1.000000 1.000000 1.000000 0.573333 0.542929 0.426250 0.385571 734.000000 2381.000000 3115.000000
2.000000 0.000000 4.000000 0.000000 2.000000 1.000000 2.000000 0.414167 0.398350 0.642083 0.388067 167.000000 1628.000000 1795.000000
2.000000 0.000000 4.000000 0.000000 3.000000 1.000000 1.000000 0.390833 0.387608 0.470833 0.263063 413.000000 2395.000000 2808.000000
2.000000 0.000000 4.000000 0.000000 4.000000 1.000000 1.000000 0.437500 0.433696 0.602917 0.162312 571.000000 2570.000000 3141.000000
2.000000 0.000000 4.000000 0.000000 5.000000 1.000000 2.000000 0.335833 0.324479 0.836250 0.226992 172.000000 1299.000000 1471.000000
2.000000 0.000000 4.000000 0.000000 6.000000 0.000000 2.000000 0.342500 0.341529 0.877500 0.133083 879.000000 1576.000000 2455.000000
2.000000 0.000000 4.000000 0.000000 0.000000 0.000000 2.000000 0.426667 0.426737 0.857500 0.146767 1188.000000 1707.000000 2895.000000
2.000000 0.000000 4.000000 0.000000 1.000000 1.000000 2.000000 0.595652 0.565217 0.716956 0.324474 855.000000 2493.000000 3348.000000
2.000000 0.000000 4.000000 0.000000 2.000000 1.000000 2.000000 0.502500 0.493054 0.739167 0.274879 257.000000 1777.000000 2034.000000
2.000000 0.000000 4.000000 0.000000 3.000000 1.000000 2.000000 0.412500 0.417283 0.819167 0.250617 209.000000 1953.000000 2162.000000
2.000000 0.000000 4.000000 0.000000 4.000000 1.000000 1.000000 0.467500 0.462742 0.540417 0.110700 529.000000 2738.000000 3267.000000
2.000000 0.000000 4.000000 1.000000 5.000000 0.000000 1.000000 0.446667 0.441913 0.671250 0.226375 642.000000 2484.000000 3126.000000
2.000000 0.000000 4.000000 0.000000 6.000000 0.000000 3.000000 0.430833 0.425492 0.888333 0.340808 121.000000 674.000000 795.000000
2.000000 0.000000 4.000000 0.000000 0.000000 0.000000 1.000000 0.456667 0.445696 0.479583 0.303496 1558.000000 2186.000000 3744.000000
2.000000 0.000000 4.000000 0.000000 1.000000 1.000000 1.000000 0.512500 0.503146 0.542500 0.163567 669.000000 2760.000000 3429.000000
2.000000 0.000000 4.000000 0.000000 2.000000 1.000000 2.000000 0.505833 0.489258 0.665833 0.157971 409.000000 2795.000000 3204.000000
2.000000 0.000000 4.000000 0.000000 3.000000 1.000000 1.000000 595.000000 0.564392 0.614167 0.241925 613.000000 3331.000000 3944.000000
2.000000 0.000000 4.000000 0.000000 4.000000 1.000000 1.000000 0.459167 0.453892 0.407083 0.325258 745.000000 3444.000000 4189.000000
2.000000 0.000000 4.000000 0.000000 5.000000 1.000000 2.000000 0.336667 0.321954 0.729583 0.219521 177.000000 1506.000000 1683.000000
2.000000 0.000000 4.000000 0.000000 6.000000 0.000000 2.000000 0.460000 0.450121 0.887917 0.230725 1462.000000 2574.000000 4036.000000
2.000000 0.000000 4.000000 0.000000 0.000000 0.000000 2.000000 0.581667 0.551763 0.810833 0.192175 1710.000000 2481.000000 4191.000000
2.000000 0.000000 4.000000 0.000000 1.000000 1.000000 1.000000 0.606667 0.574500 0.776667 0.185333 773.000000 3300.000000 4073.000000
2.000000 0.000000 4.000000 0.000000 2.000000 1.000000 1.000000 0.631667 0.594083 0.729167 0.326500 678.000000 3722.000000 4400.000000
2.000000 0.000000 4.000000 0.000000 3.000000 1.000000 2.000000 0.620000 0.575142 0.835417 0.312200 547.000000 3325.000000 3872.000000
2.000000 0.000000 4.000000 0.000000 4.000000 1.000000 2.000000 0.617500 0.578929 0.700833 0.320908 569.000000 3489.000000 4058.000000
2.000000 0.000000 4.000000 0.000000 5.000000 1.000000 1.000000 0.510000 0.497463 0.457083 0.240063 878.000000 3717.000000 4595.000000
2.000000 0.000000 4.000000 0.000000 6.000000 0.000000 1.000000 0.472500 0.464021 0.503333 0.235075 1965.000000 3347.000000 5312.000000
2.000000 0.000000 5.000000 0.000000 0.000000 0.000000 2.000000 0.451667 0.448204 0.762083 0.106354 1138.000000 2213.000000 3351.000000
2.000000 0.000000 5.000000 0.000000 1.000000 1.000000 2.000000 0.549167 0.532833 0.730000 0.183454 847.000000 3554.000000 4401.000000
2.000000 0.000000 5.000000 0.000000 2.000000 1.000000 2.000000 0.616667 0.582079 0.697083 0.342667 603.000000 3848.000000 4451.000000
2.000000 0.000000 5.000000 0.000000 3.000000 1.000000 2.000000 0.414167 0.404650 0.737083 0.328996 255.000000 2378.000000 2633.000000
2.000000 0.000000 5.000000 0.000000 4.000000 1.000000 1.000000 0.459167 0.441917 0.444167 0.295392 614.000000 3819.000000 4433.000000
2.000000 0.000000 5.000000 0.000000 5.000000 1.000000 1.000000 0.479167 0.474117 0.590000 0.228246 894.000000 3714.000000 4608.000000
2.000000 0.000000 5.000000 0.000000 6.000000 0.000000 1.000000 0.520000 0.512621 0.541250 0.160450 1612.000000 3102.000000 4714.000000
2.000000 0.000000 5.000000 0.000000 0.000000 0.000000 1.000000 0.528333 0.518933 0.631667 0.074637 1401.000000 2932.000000 4333.000000
2.000000 0.000000 5.000000 0.000000 1.000000 1.000000 1.000000 0.532500 0.525246 0.588750 176.000000 664.000000 3698.000000 4362.000000
2.000000 0.000000 5.000000 0.000000 2.000000 1.000000 1.000000 0.532500 0.522721 0.489167 0.115671 694.000000 4109.000000 4803.000000
2.000000 0.000000 5.000000 0.000000 3.000000 1.000000 1.000000 0.542500 0.528400 0.632917 0.120642 550.000000 3632.000000 4182.000000
2.000000 0.000000 5.000000 0.000000 4.000000 1.000000 1.000000 535.000000 0.523363 0.747500 0.189667 695.000000 4169.000000 4864.000000
2.000000 0.000000 5.000000 0.000000 5.000000 1.000000 2.000000 0.512500 0.494300 0.863333 0.179725 692.000000 3413.000000 4105.000000
2.000000 0.000000 5.000000 0.000000 6.000000 0.000000 2.000000 0.520833 0.500629 0.922500 0.134950 902.000000 2507.000000 3409.000000
2.000000 0.000000 5.000000 0.000000 0.000000 0.000000 2.000000 0.562500 536.000000 0.867083 0.152979 1582.000000 2971.000000 4553.000000
2.000000 0.000000 5.000000 0.000000 1.000000 1.000000 1.000000 0.577500 0.550512 0.787917 0.126871 773.000000 3185.000000 3958.000000
2.000000 0.000000 5.000000 0.000000 2.000000 1.000000 2.000000 0.561667 0.538529 0.837917 0.277354 678.000000 3445.000000 4123.000000
2.000000 0.000000 5.000000 0.000000 3.000000 1.000000 2.000000 0.550000 0.527158 0.870000 0.201492 536.000000 3319.000000 3855.000000
2.000000 0.000000 5.000000 0.000000 4.000000 1.000000 2.000000 0.530833 0.510742 0.829583 0.108213 735.000000 3840.000000 4575.000000
2.000000 0.000000 5.000000 0.000000 5.000000 1.000000 1.000000 0.536667 0.529042 0.719583 0.125013 909.000000 4008.000000 4917.000000
2.000000 0.000000 5.000000 0.000000 6.000000 0.000000 1.000000 0.602500 0.571975 0.626667 0.120650 2258.000000 3547.000000 5805.000000
2.000000 0.000000 5.000000 0.000000 0.000000 0.000000 1.000000 0.604167 0.574500 0.749583 0.148008 1576.000000 3084.000000 4660.000000
2.000000 0.000000 5.000000 0.000000 1.000000 1.000000 2.000000 0.631667 0.590296 0.810000 0.233842 836.000000 3438.000000 4274.000000
2.000000 0.000000 5.000000 0.000000 2.000000 1.000000 2.000000 0.660000 0.604813 0.740833 0.207092 659.000000 3833.000000 4492.000000
2.000000 0.000000 5.000000 0.000000 3.000000 1.000000 1.000000 0.660833 0.615542 0.696250 0.154233 740.000000 4238.000000 4978.000000
2.000000 0.000000 5.000000 0.000000 4.000000 1.000000 1.000000 0.708333 0.654688 0.677500 0.199642 758.000000 3919.000000 4677.000000
2.000000 0.000000 5.000000 0.000000 5.000000 1.000000 1.000000 0.681667 0.637008 0.653750 0.240679 871.000000 3808.000000 4679.000000
2.000000 0.000000 5.000000 0.000000 6.000000 0.000000 1.000000 0.655833 0.612379 0.729583 0.230092 2001.000000 2757.000000 4758.000000
2.000000 0.000000 5.000000 0.000000 0.000000 0.000000 1.000000 0.667500 0.615550 0.818750 0.213938 2355.000000 2433.000000 4788.000000
2.000000 0.000000 5.000000 1.000000 1.000000 0.000000 1.000000 0.733333 0.671092 685.000000 0.131225 1549.000000 2549.000000 4098.000000
2.000000 0.000000 5.000000 0.000000 2.000000 1.000000 1.000000 775.000000 0.725383 0.636667 0.111329 673.000000 3309.000000 3982.000000
2.000000 0.000000 6.000000 0.000000 3.000000 1.000000 2.000000 0.764167 0.720967 0.677083 0.207092 513.000000 3461.000000 3974.000000
2.000000 0.000000 6.000000 0.000000 4.000000 1.000000 1.000000 715.000000 0.643942 305.000000 0.292287 736.000000 4232.000000 4968.000000
2.000000 0.000000 6.000000 0.000000 5.000000 1.000000 1.000000 0.620000 0.587133 0.354167 0.253121 898.000000 4414.000000 5312.000000
2.000000 0.000000 6.000000 0.000000 6.000000 0.000000 1.000000 635.000000 0.594696 0.456250 0.123142 1869.000000 3473.000000 5342.000000
2.000000 0.000000 6.000000 0.000000 0.000000 0.000000 2.000000 0.648333 0.616804 0.652500 0.138692 1685.000000 3221.000000 4906.000000
2.000000 0.000000 6.000000 0.000000 1.000000 1.000000 1.000000 0.678333 0.621858 0.600000 0.121896 673.000000 3875.000000 4548.000000
2.000000 0.000000 6.000000 0.000000 2.000000 1.000000 1.000000 0.707500 0.655950 0.597917 0.187808 763.000000 4070.000000 4833.000000
2.000000 0.000000 6.000000 0.000000 3.000000 1.000000 1.000000 0.775833 0.727279 0.622083 0.136817 676.000000 3725.000000 4401.000000
2.000000 0.000000 6.000000 0.000000 4.000000 1.000000 2.000000 0.808333 0.757579 0.568333 0.149883 563.000000 3352.000000 3915.000000
2.000000 0.000000 6.000000 0.000000 5.000000 1.000000 1.000000 755.000000 0.703292 605.000000 0.140554 815.000000 3771.000000 4586.000000
2.000000 0.000000 6.000000 0.000000 6.000000 0.000000 1.000000 725.000000 0.678038 0.654583 0.154850 1729.000000 3237.000000 4966.000000
2.000000 0.000000 6.000000 0.000000 0.000000 0.000000 1.000000 0.692500 0.643325 0.747917 0.163567 1467.000000 2993.000000 4460.000000
2.000000 0.000000 6.000000 0.000000 1.000000 1.000000 1.000000 635.000000 0.601654 0.494583 0.305350 863.000000 4157.000000 5020.000000
2.000000 0.000000 6.000000 0.000000 2.000000 1.000000 1.000000 0.604167 0.591546 0.507083 0.269283 727.000000 4164.000000 4891.000000
2.000000 0.000000 6.000000 0.000000 3.000000 1.000000 1.000000 0.626667 0.587754 0.471667 0.167912 769.000000 4411.000000 5180.000000
2.000000 0.000000 6.000000 0.000000 4.000000 1.000000 2.000000 0.628333 0.595346 0.688333 0.206471 545.000000 3222.000000 3767.000000
2.000000 0.000000 6.000000 0.000000 5.000000 1.000000 1.000000 0.649167 0.600383 0.735833 0.143029 863.000000 3981.000000 4844.000000
2.000000 0.000000 6.000000 0.000000 6.000000 0.000000 1.000000 0.696667 0.643954 0.670417 0.119408 1807.000000 3312.000000 5119.000000
2.000000 0.000000 6.000000 0.000000 0.000000 0.000000 2.000000 0.699167 0.645846 0.666667 102.000000 1639.000000 3105.000000 4744.000000
2.000000 0.000000 6.000000 0.000000 1.000000 1.000000 2.000000 635.000000 0.595346 0.746250 0.155475 699.000000 3311.000000 4010.000000
3.000000 0.000000 6.000000 0.000000 2.000000 1.000000 2.000000 0.680833 0.637646 0.770417 0.171025 774.000000 4061.000000 4835.000000
3.000000 0.000000 6.000000 0.000000 3.000000 1.000000 1.000000 0.733333 0.693829 0.707500 0.172262 661.000000 3846.000000 4507.000000
3.000000 0.000000 6.000000 0.000000 4.000000 1.000000 2.000000 0.728333 0.693833 0.703333 0.238804 746.000000 4044.000000 4790.000000
3.000000 0.000000 6.000000 0.000000 5.000000 1.000000 1.000000 0.724167 0.656583 0.573333 0.222025 969.000000 4022.000000 4991.000000
3.000000 0.000000 6.000000 0.000000 6.000000 0.000000 1.000000 695.000000 0.643313 0.483333 0.209571 1782.000000 3420.000000 5202.000000
3.000000 0.000000 6.000000 0.000000 0.000000 0.000000 1.000000 0.680000 0.637629 0.513333 0.094533 1920.000000 3385.000000 5305.000000
3.000000 0.000000 6.000000 0.000000 1.000000 1.000000 2.000000 0.682500 0.637004 0.658333 0.107588 854.000000 3854.000000 4708.000000
3.000000 0.000000 6.000000 0.000000 2.000000 1.000000 1.000000 0.744167 0.692558 0.634167 0.144283 732.000000 3916.000000 4648.000000
3.000000 0.000000 6.000000 0.000000 3.000000 1.000000 1.000000 0.728333 0.654688 0.497917 0.261821 848.000000 4377.000000 5225.000000
3.000000 0.000000 6.000000 0.000000 4.000000 1.000000 1.000000 0.696667 0.637008 0.434167 0.185312 1027.000000 4488.000000 5515.000000
3.000000 0.000000 7.000000 0.000000 5.000000 1.000000 1.000000 0.722500 0.652162 0.396250 0.102608 1246.000000 4116.000000 5362.000000
3.000000 0.000000 7.000000 0.000000 6.000000 0.000000 1.000000 0.738333 0.667308 0.444583 0.115062 2204.000000 2915.000000 5119.000000
3.000000 0.000000 7.000000 0.000000 0.000000 0.000000 2.000000 0.716667 0.668575 0.682500 0.228858 2282.000000 2367.000000 4649.000000
3.000000 0.000000 7.000000 1.000000 1.000000 0.000000 2.000000 0.726667 0.665417 0.637917 0.081479 3065.000000 2978.000000 6043.000000
3.000000 0.000000 7.000000 0.000000 2.000000 1.000000 1.000000 0.746667 0.696338 0.590417 0.126258 1031.000000 3634.000000 4665.000000
3.000000 0.000000 7.000000 0.000000 3.000000 1.000000 1.000000 0.720000 0.685633 0.743333 0.149883 784.000000 3845.000000 4629.000000
3.000000 0.000000 7.000000 0.000000 4.000000 1.000000 1.000000 0.750000 0.686871 0.651250 0.159200 754.000000 3838.000000 4592.000000
3.000000 0.000000 7.000000 0.000000 5.000000 1.000000 2.000000 0.709167 0.670483 0.757917 0.225129 692.000000 3348.000000 4040.000000
3.000000 0.000000 7.000000 0.000000 6.000000 0.000000 1.000000 0.733333 0.664158 0.609167 0.167912 1988.000000 3348.000000 5336.000000
3.000000 0.000000 7.000000 0.000000 0.000000 0.000000 1.000000 0.747500 0.690025 0.578333 0.183471 1743.000000 3138.000000 4881.000000
3.000000 0.000000 7.000000 0.000000 1.000000 1.000000 1.000000 0.762500 0.729804 0.635833 0.282337 723.000000 3363.000000 4086.000000
3.000000 0.000000 7.000000 0.000000 2.000000 1.000000 1.000000 0.794167 0.739275 0.559167 0.200254 662.000000 3596.000000 4258.000000
3.000000 0.000000 7.000000 0.000000 3.000000 1.000000 1.000000 0.746667 0.689404 0.631667 0.146133 748.000000 3594.000000 4342.000000
3.000000 0.000000 7.000000 0.000000 4.000000 1.000000 1.000000 0.680833 0.635104 0.476250 0.240667 888.000000 4196.000000 5084.000000
3.000000 0.000000 7.000000 0.000000 5.000000 1.000000 1.000000 0.663333 0.624371 0.591250 0.182833 1318.000000 4220.000000 5538.000000
3.000000 0.000000 7.000000 0.000000 6.000000 0.000000 1.000000 0.686667 0.638263 585.000000 0.208342 2418.000000 3505.000000 5923.000000
3.000000 0.000000 7.000000 0.000000 0.000000 0.000000 1.000000 0.719167 0.669833 0.604167 0.245033 2006.000000 3296.000000 5302.000000
3.000000 0.000000 7.000000 0.000000 1.000000 1.000000 1.000000 0.746667 0.703925 0.651250 0.215804 841.000000 3617.000000 4458.000000
3.000000 0.000000 7.000000 0.000000 2.000000 1.000000 1.000000 0.776667 0.747479 0.650417 0.130600 752.000000 3789.000000 4541.000000
3.000000 0.000000 7.000000 0.000000 3.000000 1.000000 1.000000 0.768333 0.746850 0.707083 0.113817 644.000000 3688.000000 4332.000000
3.000000 0.000000 7.000000 0.000000 4.000000 1.000000 2.000000 815.000000 0.826371 0.691250 0.222021 632.000000 3152.000000 3784.000000
3.000000 0.000000 7.000000 0.000000 5.000000 1.000000 1.000000 0.848333 0.840896 0.580417 0.133100 562.000000 2825.000000 3387.000000
3.000000 0.000000 7.000000 0.000000 6.000000 0.000000 1.000000 0.849167 0.804287 0.500000 0.131221 987.000000 2298.000000 3285.000000
3.000000 0.000000 7.000000 0.000000 0.000000 0.000000 1.000000 0.830000 0.794829 0.550833 0.169171 1050.000000 2556.000000 3606.000000
3.000000 0.000000 7.000000 0.000000 1.000000 1.000000 1.000000 0.743333 0.720958 0.757083 0.090808 568.000000 3272.000000 3840.000000
3.000000 0.000000 7.000000 0.000000 2.000000 1.000000 1.000000 0.771667 0.696979 0.540833 0.200258 750.000000 3840.000000 4590.000000
3.000000 0.000000 7.000000 0.000000 3.000000 1.000000 1.000000 775.000000 0.690667 0.402917 0.183463 755.000000 3901.000000 4656.000000
3.000000 0.000000 7.000000 0.000000 4.000000 1.000000 1.000000 0.779167 0.739900 0.583333 0.178479 606.000000 3784.000000 4390.000000
3.000000 0.000000 7.000000 0.000000 5.000000 1.000000 1.000000 0.838333 0.785967 0.542500 0.174138 670.000000 3176.000000 3846.000000
3.000000 0.000000 7.000000 0.000000 6.000000 0.000000 1.000000 0.804167 0.728537 0.465833 0.168537 1559.000000 2916.000000 4475.000000
3.000000 0.000000 7.000000 0.000000 0.000000 0.000000 1.000000 0.805833 0.729796 0.480833 0.164813 1524.000000 2778.000000 4302.000000
3.000000 0.000000 8.000000 0.000000 1.000000 1.000000 1.000000 0.771667 0.703292 0.550833 0.156717 729.000000 3537.000000 4266.000000
3.000000 0.000000 8.000000 0.000000 2.000000 1.000000 1.000000 0.783333 0.707071 0.491250 0.205850 801.000000 4044.000000 4845.000000
3.000000 0.000000 8.000000 0.000000 3.000000 1.000000 2.000000 0.731667 0.679937 0.657500 0.135583 467.000000 3107.000000 3574.000000
3.000000 0.000000 8.000000 0.000000 4.000000 1.000000 2.000000 0.710000 0.664788 0.757500 0.197150 799.000000 3777.000000 4576.000000
3.000000 0.000000 8.000000 0.000000 5.000000 1.000000 1.000000 0.710833 0.656567 0.630833 0.184696 1023.000000 3843.000000 4866.000000
3.000000 0.000000 8.000000 0.000000 6.000000 0.000000 2.000000 0.716667 0.676154 755.000000 0.228250 1521.000000 2773.000000 4294.000000
3.000000 0.000000 8.000000 0.000000 0.000000 0.000000 1.000000 0.742500 0.715292 0.752917 0.201487 1298.000000 2487.000000 3785.000000
3.000000 0.000000 8.000000 0.000000 1.000000 1.000000 1.000000 765.000000 0.703283 0.592083 0.192175 846.000000 3480.000000 4326.000000
3.000000 0.000000 8.000000 0.000000 2.000000 1.000000 1.000000 775.000000 0.724121 0.570417 0.151121 907.000000 3695.000000 4602.000000
3.000000 0.000000 8.000000 0.000000 3.000000 1.000000 1.000000 0.766667 0.684983 0.424167 0.200258 884.000000 3896.000000 4780.000000
3.000000 0.000000 8.000000 0.000000 4.000000 1.000000 1.000000 0.717500 0.651521 0.423750 0.164796 812.000000 3980.000000 4792.000000
3.000000 0.000000 8.000000 0.000000 5.000000 1.000000 1.000000 0.708333 0.654042 415.000000 0.125621 1051.000000 3854.000000 4905.000000
3.000000 0.000000 8.000000 0.000000 6.000000 0.000000 2.000000 0.685833 0.645858 0.729583 0.211454 1504.000000 2646.000000 4150.000000
3.000000 0.000000 8.000000 0.000000 0.000000 0.000000 2.000000 0.676667 0.624388 0.817500 0.222633 1338.000000 2482.000000 3820.000000
3.000000 0.000000 8.000000 0.000000 1.000000 1.000000 1.000000 0.665833 0.616167 0.712083 0.208954 775.000000 3563.000000 4338.000000
3.000000 0.000000 8.000000 0.000000 2.000000 1.000000 1.000000 0.700833 0.645837 0.578333 0.236329 721.000000 4004.000000 4725.000000
3.000000 0.000000 8.000000 0.000000 3.000000 1.000000 1.000000 0.723333 0.666671 0.575417 0.143667 668.000000 4026.000000 4694.000000
3.000000 0.000000 8.000000 0.000000 4.000000 1.000000 1.000000 0.711667 0.662258 0.654583 0.233208 639.000000 3166.000000 3805.000000
3.000000 0.000000 8.000000 0.000000 5.000000 1.000000 2.000000 685.000000 0.633221 0.722917 0.139308 797.000000 3356.000000 4153.000000
3.000000 0.000000 8.000000 0.000000 6.000000 0.000000 1.000000 0.697500 0.648996 0.674167 0.104467 1914.000000 3277.000000 5191.000000
3.000000 0.000000 8.000000 0.000000 0.000000 0.000000 1.000000 0.710833 0.675525 0.770000 0.248754 1249.000000 2624.000000 3873.000000
3.000000 0.000000 8.000000 0.000000 1.000000 1.000000 1.000000 0.691667 0.638254 0.470000 0.276750 833.000000 3925.000000 4758.000000
3.000000 0.000000 8.000000 0.000000 2.000000 1.000000 1.000000 0.640833 0.606067 0.455417 0.146763 1281.000000 4614.000000 5895.000000
3.000000 0.000000 8.000000 0.000000 3.000000 1.000000 1.000000 0.673333 0.630692 605.000000 0.253108 949.000000 4181.000000 5130.000000
3.000000 0.000000 8.000000 0.000000 4.000000 1.000000 2.000000 0.684167 0.645854 0.771667 0.210833 435.000000 3107.000000 3542.000000
3.000000 0.000000 8.000000 0.000000 5.000000 1.000000 1.000000 0.700000 0.659733 0.761250 0.083962 768.000000 3893.000000 4661.000000
3.000000 0.000000 8.000000 0.000000 6.000000 0.000000 2.000000 0.680000 0.635556 0.850000 0.375617 226.000000 889.000000 1115.000000
3.000000 0.000000 8.000000 0.000000 0.000000 0.000000 1.000000 0.707059 0.647959 0.561765 0.304659 1415.000000 2919.000000 4334.000000
3.000000 0.000000 8.000000 0.000000 1.000000 1.000000 1.000000 0.636667 0.607958 0.554583 0.159825 729.000000 3905.000000 4634.000000
3.000000 0.000000 8.000000 0.000000 2.000000 1.000000 1.000000 0.639167 0.594704 0.548333 0.125008 775.000000 4429.000000 5204.000000
3.000000 0.000000 8.000000 0.000000 3.000000 1.000000 1.000000 0.656667 0.611121 0.597917 0.083333 688.000000 4370.000000 5058.000000
3.000000 0.000000 9.000000 0.000000 4.000000 1.000000 1.000000 655.000000 0.614921 0.639167 0.141796 783.000000 4332.000000 5115.000000
3.000000 0.000000 9.000000 0.000000 5.000000 1.000000 2.000000 0.643333 0.604808 0.727083 0.139929 875.000000 3852.000000 4727.000000
3.000000 0.000000 9.000000 0.000000 6.000000 0.000000 1.000000 0.669167 0.633213 0.716667 0.185325 1935.000000 2549.000000 4484.000000
3.000000 0.000000 9.000000 0.000000 0.000000 0.000000 1.000000 0.709167 0.665429 0.742083 0.206467 2521.000000 2419.000000 4940.000000
3.000000 0.000000 9.000000 1.000000 1.000000 0.000000 2.000000 0.673333 0.625646 0.790417 0.212696 1236.000000 2115.000000 3351.000000
3.000000 0.000000 9.000000 0.000000 2.000000 1.000000 3.000000 0.540000 0.515200 0.886957 0.343943 204.000000 2506.000000 2710.000000
3.000000 0.000000 9.000000 0.000000 3.000000 1.000000 3.000000 0.599167 0.544229 0.917083 0.097021 118.000000 1878.000000 1996.000000
3.000000 0.000000 9.000000 0.000000 4.000000 1.000000 3.000000 0.633913 0.555361 0.939565 0.192748 153.000000 1689.000000 1842.000000
3.000000 0.000000 9.000000 0.000000 5.000000 1.000000 2.000000 0.650000 0.578946 0.897917 0.124379 417.000000 3127.000000 3544.000000
3.000000 0.000000 9.000000 0.000000 6.000000 0.000000 1.000000 0.660000 0.607962 0.753750 0.153608 1750.000000 3595.000000 5345.000000
3.000000 0.000000 9.000000 0.000000 0.000000 0.000000 1.000000 0.653333 0.609229 0.713750 0.115054 1633.000000 3413.000000 5046.000000
3.000000 0.000000 9.000000 0.000000 1.000000 1.000000 1.000000 0.644348 0.602130 0.692174 0.088913 690.000000 4023.000000 4713.000000
3.000000 0.000000 9.000000 0.000000 2.000000 1.000000 1.000000 0.650833 0.603554 0.712500 0.141804 701.000000 4062.000000 4763.000000
3.000000 0.000000 9.000000 0.000000 3.000000 1.000000 1.000000 0.673333 0.626900 0.697083 0.167300 647.000000 4138.000000 4785.000000
3.000000 0.000000 9.000000 0.000000 4.000000 1.000000 2.000000 0.577500 0.553671 0.709167 0.271146 428.000000 3231.000000 3659.000000
3.000000 0.000000 9.000000 0.000000 5.000000 1.000000 2.000000 0.469167 0.461475 0.590417 0.164183 742.000000 4018.000000 4760.000000
3.000000 0.000000 9.000000 0.000000 6.000000 0.000000 2.000000 0.491667 0.478512 0.718333 0.189675 1434.000000 3077.000000 4511.000000
3.000000 0.000000 9.000000 0.000000 0.000000 0.000000 1.000000 0.507500 0.490537 695.000000 0.178483 1353.000000 2921.000000 4274.000000
3.000000 0.000000 9.000000 0.000000 1.000000 1.000000 2.000000 0.549167 0.529675 0.690000 0.151742 691.000000 3848.000000 4539.000000
3.000000 0.000000 9.000000 0.000000 2.000000 1.000000 2.000000 0.561667 0.532217 0.881250 0.134954 438.000000 3203.000000 3641.000000
3.000000 0.000000 9.000000 0.000000 3.000000 1.000000 2.000000 595.000000 0.550533 0.900000 0.096404 539.000000 3813.000000 4352.000000
3.000000 0.000000 9.000000 0.000000 4.000000 1.000000 2.000000 0.628333 0.554963 0.902083 0.128125 555.000000 4240.000000 4795.000000
4.000000 0.000000 9.000000 0.000000 5.000000 1.000000 2.000000 0.609167 0.522125 0.972500 0.078367 258.000000 2137.000000 2395.000000
4.000000 0.000000 9.000000 0.000000 6.000000 0.000000 2.000000 0.606667 0.564412 0.862500 0.078383 1776.000000 3647.000000 5423.000000
4.000000 0.000000 9.000000 0.000000 0.000000 0.000000 2.000000 0.634167 0.572637 845.000000 0.050379 1544.000000 3466.000000 5010.000000
4.000000 0.000000 9.000000 0.000000 1.000000 1.000000 2.000000 0.649167 0.589042 0.848333 0.110700 684.000000 3946.000000 4630.000000
4.000000 0.000000 9.000000 0.000000 2.000000 1.000000 2.000000 0.636667 0.574525 0.885417 0.118171 477.000000 3643.000000 4120.000000
4.000000 0.000000 9.000000 0.000000 3.000000 1.000000 2.000000 635.000000 0.575158 0.848750 0.148629 480.000000 3427.000000 3907.000000
4.000000 0.000000 9.000000 0.000000 4.000000 1.000000 1.000000 0.616667 0.574512 0.699167 0.172883 653.000000 4186.000000 4839.000000
4.000000 0.000000 9.000000 0.000000 5.000000 1.000000 1.000000 0.564167 0.544829 0.647500 0.206475 830.000000 4372.000000 5202.000000
4.000000 0.000000 10.000000 0.000000 6.000000 0.000000 2.000000 0.410000 0.412863 0.753750 0.292296 480.000000 1949.000000 2429.000000
4.000000 0.000000 10.000000 0.000000 0.000000 0.000000 2.000000 0.356667 0.345317 0.791667 0.222013 616.000000 2302.000000 2918.000000
4.000000 0.000000 10.000000 0.000000 1.000000 1.000000 2.000000 0.384167 0.392046 0.760833 0.083346 330.000000 3240.000000 3570.000000
4.000000 0.000000 10.000000 0.000000 2.000000 1.000000 1.000000 0.484167 0.472858 0.710000 0.205854 486.000000 3970.000000 4456.000000
4.000000 0.000000 10.000000 0.000000 3.000000 1.000000 1.000000 0.538333 0.527138 0.647917 0.177250 559.000000 4267.000000 4826.000000
4.000000 0.000000 10.000000 0.000000 4.000000 1.000000 1.000000 0.494167 0.480425 0.620833 0.134954 639.000000 4126.000000 4765.000000
4.000000 0.000000 10.000000 0.000000 5.000000 1.000000 1.000000 0.510833 0.504404 0.684167 0.022392 949.000000 4036.000000 4985.000000
4.000000 0.000000 10.000000 0.000000 6.000000 0.000000 1.000000 0.521667 0.513242 0.701250 0.045404 2235.000000 3174.000000 5409.000000
4.000000 0.000000 10.000000 0.000000 0.000000 0.000000 1.000000 0.540833 0.523983 0.727500 0.063450 2397.000000 3114.000000 5511.000000
4.000000 0.000000 10.000000 1.000000 1.000000 0.000000 1.000000 0.570833 0.542925 0.733750 0.042304 1514.000000 3603.000000 5117.000000
4.000000 0.000000 10.000000 0.000000 2.000000 1.000000 2.000000 0.566667 0.546096 0.808750 0.143042 667.000000 3896.000000 4563.000000
4.000000 0.000000 10.000000 0.000000 3.000000 1.000000 3.000000 0.543333 0.517717 0.906250 0.248150 217.000000 2199.000000 2416.000000
4.000000 0.000000 10.000000 0.000000 4.000000 1.000000 2.000000 0.589167 0.551804 0.896667 0.141787 290.000000 2623.000000 2913.000000
4.000000 0.000000 10.000000 0.000000 5.000000 1.000000 2.000000 0.550833 0.529675 0.716250 0.223883 529.000000 3115.000000 3644.000000
4.000000 0.000000 10.000000 0.000000 6.000000 0.000000 1.000000 0.506667 0.498725 0.483333 0.258083 1899.000000 3318.000000 5217.000000
4.000000 0.000000 10.000000 0.000000 0.000000 0.000000 1.000000 0.511667 0.503154 0.486667 0.281717 1748.000000 3293.000000 5041.000000
4.000000 0.000000 10.000000 0.000000 1.000000 1.000000 1.000000 0.534167 0.510725 0.579583 0.175379 713.000000 3857.000000 4570.000000
4.000000 0.000000 10.000000 0.000000 2.000000 1.000000 2.000000 0.532500 0.522721 0.701667 0.110087 637.000000 4111.000000 4748.000000
4.000000 0.000000 10.000000 0.000000 3.000000 1.000000 3.000000 0.541739 0.513848 0.895217 0.243339 254.000000 2170.000000 2424.000000
4.000000 0.000000 10.000000 0.000000 4.000000 1.000000 1.000000 0.475833 0.466525 0.636250 0.422275 471.000000 3724.000000 4195.000000
4.000000 0.000000 10.000000 0.000000 5.000000 1.000000 1.000000 0.427500 0.423596 0.574167 0.221396 676.000000 3628.000000 4304.000000
4.000000 0.000000 10.000000 0.000000 6.000000 0.000000 1.000000 0.422500 0.425492 0.629167 0.092667 1499.000000 2809.000000 4308.000000
4.000000 0.000000 10.000000 0.000000 0.000000 0.000000 1.000000 0.421667 0.422333 0.741250 0.099513 1619.000000 2762.000000 4381.000000
4.000000 0.000000 10.000000 0.000000 1.000000 1.000000 1.000000 0.463333 0.457067 0.772083 0.118792 699.000000 3488.000000 4187.000000
4.000000 0.000000 10.000000 0.000000 2.000000 1.000000 1.000000 0.471667 0.463375 0.622917 0.166658 695.000000 3992.000000 4687.000000
4.000000 0.000000 10.000000 0.000000 3.000000 1.000000 2.000000 0.484167 0.472846 0.720417 0.148642 404.000000 3490.000000 3894.000000
4.000000 0.000000 10.000000 0.000000 4.000000 1.000000 2.000000 0.470000 0.457046 0.812917 0.197763 240.000000 2419.000000 2659.000000
4.000000 0.000000 10.000000 0.000000 5.000000 1.000000 2.000000 0.330833 0.318812 0.585833 0.229479 456.000000 3291.000000 3747.000000
4.000000 0.000000 10.000000 0.000000 6.000000 0.000000 3.000000 0.254167 0.227913 0.882500 0.351371 57.000000 570.000000 627.000000
4.000000 0.000000 10.000000 0.000000 0.000000 0.000000 1.000000 0.319167 0.321329 0.623750 0.176617 885.000000 2446.000000 3331.000000
4.000000 0.000000 10.000000 0.000000 1.000000 1.000000 1.000000 0.340000 0.356063 0.703333 0.106350 362.000000 3307.000000 3669.000000
4.000000 0.000000 11.000000 0.000000 2.000000 1.000000 1.000000 0.400833 0.397088 0.683750 0.135571 410.000000 3658.000000 4068.000000
4.000000 0.000000 11.000000 0.000000 3.000000 1.000000 1.000000 0.377500 0.390133 0.718750 0.082092 370.000000 3816.000000 4186.000000
4.000000 0.000000 11.000000 0.000000 4.000000 1.000000 1.000000 0.408333 0.405921 0.702083 0.136817 318.000000 3656.000000 3974.000000
4.000000 0.000000 11.000000 0.000000 5.000000 1.000000 2.000000 0.403333 0.403392 0.622500 0.271779 470.000000 3576.000000 4046.000000
4.000000 0.000000 11.000000 0.000000 6.000000 0.000000 1.000000 0.326667 0.323854 0.519167 0.189062 1156.000000 2770.000000 3926.000000
4.000000 0.000000 11.000000 0.000000 0.000000 0.000000 1.000000 0.348333 0.362358 0.734583 0.092054 952.000000 2697.000000 3649.000000
4.000000 0.000000 11.000000 0.000000 1.000000 1.000000 1.000000 395.000000 0.400871 0.758750 0.057225 373.000000 3662.000000 4035.000000
4.000000 0.000000 11.000000 0.000000 2.000000 1.000000 1.000000 0.408333 0.412246 0.721667 0.069038 376.000000 3829.000000 4205.000000
4.000000 0.000000 11.000000 0.000000 3.000000 1.000000 1.000000 0.400000 0.409079 0.758333 0.062196 305.000000 3804.000000 4109.000000
4.000000 0.000000 11.000000 0.000000 4.000000 1.000000 2.000000 0.380000 0.373721 0.813333 0.189067 190.000000 2743.000000 2933.000000
4.000000 0.000000 11.000000 1.000000 5.000000 0.000000 1.000000 0.324167 0.306817 0.446250 0.314675 440.000000 2928.000000 3368.000000
4.000000 0.000000 11.000000 0.000000 6.000000 0.000000 1.000000 0.356667 0.357942 0.552917 0.212062 1275.000000 2792.000000 4067.000000
4.000000 0.000000 11.000000 0.000000 0.000000 0.000000 1.000000 0.440833 0.430550 0.458333 0.281721 1004.000000 2713.000000 3717.000000
4.000000 0.000000 11.000000 0.000000 1.000000 1.000000 1.000000 0.530000 0.524612 0.587083 0.306596 595.000000 3891.000000 4486.000000
4.000000 0.000000 11.000000 0.000000 2.000000 1.000000 2.000000 0.530000 0.507579 0.688750 0.199633 449.000000 3746.000000 4195.000000
4.000000 0.000000 11.000000 0.000000 3.000000 1.000000 3.000000 0.456667 0.451988 0.930000 0.136829 145.000000 1672.000000 1817.000000
4.000000 0.000000 11.000000 0.000000 4.000000 1.000000 2.000000 0.341667 0.323221 0.575833 0.305362 139.000000 2914.000000 3053.000000
4.000000 0.000000 11.000000 0.000000 5.000000 1.000000 1.000000 0.274167 0.272721 0.410000 0.168533 245.000000 3147.000000 3392.000000
4.000000 0.000000 11.000000 0.000000 6.000000 0.000000 1.000000 0.329167 0.324483 0.502083 0.224496 943.000000 2720.000000 3663.000000
4.000000 0.000000 11.000000 0.000000 0.000000 0.000000 2.000000 0.463333 0.457058 0.684583 0.185950 787.000000 2733.000000 3520.000000
4.000000 0.000000 11.000000 0.000000 1.000000 1.000000 3.000000 0.447500 0.445062 0.910000 0.138054 220.000000 2545.000000 2765.000000
4.000000 0.000000 11.000000 0.000000 2.000000 1.000000 3.000000 0.416667 0.421696 0.962500 0.118792 69.000000 1538.000000 1607.000000
4.000000 0.000000 11.000000 0.000000 3.000000 1.000000 2.000000 0.440833 0.430537 0.757917 0.335825 112.000000 2454.000000 2566.000000
4.000000 0.000000 11.000000 1.000000 4.000000 0.000000 1.000000 0.373333 0.372471 0.549167 0.167304 560.000000 935.000000 1495.000000
4.000000 0.000000 11.000000 0.000000 5.000000 1.000000 1.000000 375.000000 0.380671 0.643750 0.098896 1095.000000 1697.000000 2792.000000
4.000000 0.000000 11.000000 0.000000 6.000000 0.000000 1.000000 0.375833 0.385087 0.681667 0.068421 1249.000000 1819.000000 3068.000000
4.000000 0.000000 11.000000 0.000000 0.000000 0.000000 1.000000 0.459167 0.455800 0.698333 0.208954 810.000000 2261.000000 3071.000000
4.000000 0.000000 11.000000 0.000000 1.000000 1.000000 1.000000 0.503478 0.490122 0.743043 0.142122 253.000000 3614.000000 3867.000000
4.000000 0.000000 11.000000 0.000000 2.000000 1.000000 2.000000 0.458333 0.451375 0.830833 0.258092 96.000000 2818.000000 2914.000000
4.000000 0.000000 11.000000 0.000000 3.000000 1.000000 1.000000 325.000000 0.311221 0.613333 0.271158 188.000000 3425.000000 3613.000000
4.000000 0.000000 12.000000 0.000000 4.000000 1.000000 1.000000 0.312500 0.305554 0.524583 0.220158 182.000000 3545.000000 3727.000000
4.000000 0.000000 12.000000 0.000000 5.000000 1.000000 1.000000 0.314167 0.331433 0.625833 0.100754 268.000000 3672.000000 3940.000000
4.000000 0.000000 12.000000 0.000000 6.000000 0.000000 1.000000 0.299167 0.310604 0.612917 0.095783 706.000000 2908.000000 3614.000000
4.000000 0.000000 12.000000 0.000000 0.000000 0.000000 1.000000 0.330833 0.349100 0.775833 0.083958 634.000000 2851.000000 3485.000000
4.000000 0.000000 12.000000 0.000000 1.000000 1.000000 2.000000 0.385833 0.393925 0.827083 0.062208 233.000000 3578.000000 3811.000000
4.000000 0.000000 12.000000 0.000000 2.000000 1.000000 3.000000 0.462500 0.456400 0.949583 0.232583 126.000000 2468.000000 2594.000000
4.000000 0.000000 12.000000 0.000000 3.000000 1.000000 3.000000 0.410000 0.400246 0.970417 0.266175 50.000000 655.000000 705.000000
4.000000 0.000000 12.000000 0.000000 4.000000 1.000000 1.000000 0.265833 0.256938 0.580000 0.240058 150.000000 3172.000000 3322.000000
4.000000 0.000000 12.000000 0.000000 5.000000 1.000000 1.000000 0.290833 0.317542 0.695833 0.082717 261.000000 3359.000000 3620.000000
4.000000 0.000000 12.000000 0.000000 6.000000 0.000000 1.000000 275.000000 0.266412 0.507500 0.233221 502.000000 2688.000000 3190.000000
4.000000 0.000000 12.000000 0.000000 0.000000 0.000000 1.000000 0.220833 0.253154 0.490000 0.066542 377.000000 2366.000000 2743.000000
4.000000 0.000000 12.000000 0.000000 1.000000 1.000000 1.000000 0.238333 0.270196 0.670833 0.063450 143.000000 3167.000000 3310.000000
4.000000 0.000000 12.000000 0.000000 2.000000 1.000000 1.000000 0.282500 0.301138 0.590000 0.140550 155.000000 3368.000000 3523.000000
4.000000 0.000000 12.000000 0.000000 3.000000 1.000000 2.000000 0.317500 0.338362 0.663750 0.060958 178.000000 3562.000000 3740.000000
4.000000 0.000000 12.000000 0.000000 4.000000 1.000000 2.000000 0.422500 0.412237 0.634167 0.268042 181.000000 3528.000000 3709.000000
4.000000 0.000000 12.000000 0.000000 5.000000 1.000000 2.000000 375.000000 0.359825 0.500417 0.260575 178.000000 3399.000000 3577.000000
4.000000 0.000000 12.000000 0.000000 6.000000 0.000000 2.000000 0.258333 0.249371 0.560833 0.243167 275.000000 2464.000000 2739.000000
4.000000 0.000000 12.000000 0.000000 0.000000 0.000000 1.000000 0.238333 0.245579 0.586250 0.169779 220.000000 2211.000000 2431.000000
4.000000 0.000000 12.000000 0.000000 1.000000 1.000000 1.000000 0.276667 0.280933 0.637500 0.172896 260.000000 3143.000000 3403.000000
4.000000 0.000000 12.000000 0.000000 2.000000 1.000000 2.000000 0.385833 0.396454 0.595417 0.061571 216.000000 3534.000000 3750.000000
1.000000 0.000000 12.000000 0.000000 3.000000 1.000000 2.000000 0.428333 0.428017 0.858333 0.221400 107.000000 2553.000000 2660.000000
1.000000 0.000000 12.000000 0.000000 4.000000 1.000000 2.000000 0.423333 0.426121 0.757500 0.047275 227.000000 2841.000000 3068.000000
1.000000 0.000000 12.000000 0.000000 5.000000 1.000000 1.000000 0.373333 0.377513 0.686250 0.274246 163.000000 2046.000000 2209.000000
1.000000 0.000000 12.000000 0.000000 6.000000 0.000000 1.000000 0.302500 0.299242 0.542500 0.190304 155.000000 856.000000 1011.000000
1.000000 0.000000 12.000000 0.000000 0.000000 0.000000 1.000000 0.274783 0.279961 0.681304 0.155091 303.000000 451.000000 754.000000
1.000000 0.000000 12.000000 1.000000 1.000000 0.000000 1.000000 0.321739 0.315535 0.506957 0.239465 430.000000 887.000000 1317.000000
1.000000 0.000000 12.000000 0.000000 2.000000 1.000000 2.000000 325.000000 0.327633 0.762500 0.188450 103.000000 1059.000000 1162.000000
1.000000 0.000000 12.000000 0.000000 3.000000 1.000000 1.000000 0.299130 0.279974 0.503913 0.293961 255.000000 2047.000000 2302.000000
1.000000 0.000000 12.000000 0.000000 4.000000 1.000000 1.000000 0.248333 0.263892 0.574167 0.119412 254.000000 2169.000000 2423.000000
1.000000 0.000000 12.000000 0.000000 5.000000 1.000000 1.000000 0.311667 0.318812 0.636667 0.134337 491.000000 2508.000000 2999.000000
1.000000 0.000000 12.000000 0.000000 6.000000 0.000000 1.000000 0.410000 0.414121 0.615833 0.220154 665.000000 1820.000000 2485.000000
1.000000 1.000000 1.000000 0.000000 0.000000 0.000000 1.000000 0.370000 0.375621 0.692500 0.192167 686.000000 1608.000000 2294.000000
1.000000 1.000000 1.000000 1.000000 1.000000 0.000000 1.000000 0.273043 0.252304 0.381304 0.329665 244.000000 1707.000000 1951.000000
1.000000 1.000000 1.000000 0.000000 2.000000 1.000000 1.000000 0.150000 0.126275 0.441250 0.365671 89.000000 2147.000000 2236.000000
1.000000 1.000000 1.000000 0.000000 3.000000 1.000000 2.000000 0.107500 0.119337 0.414583 0.184700 95.000000 2273.000000 2368.000000
1.000000 1.000000 1.000000 0.000000 4.000000 1.000000 1.000000 0.265833 0.278412 0.524167 0.129987 140.000000 3132.000000 3272.000000
1.000000 1.000000 1.000000 0.000000 5.000000 1.000000 1.000000 0.334167 0.340267 0.542083 0.167908 307.000000 3791.000000 4098.000000
1.000000 1.000000 1.000000 0.000000 6.000000 0.000000 1.000000 0.393333 0.390779 0.531667 0.174758 1070.000000 3451.000000 4521.000000
1.000000 1.000000 1.000000 0.000000 0.000000 0.000000 1.000000 0.337500 0.340258 465.000000 0.191542 599.000000 2826.000000 3425.000000
1.000000 1.000000 1.000000 0.000000 1.000000 1.000000 2.000000 0.224167 0.247479 0.701667 0.098900 106.000000 2270.000000 2376.000000
1.000000 1.000000 1.000000 0.000000 2.000000 1.000000 1.000000 0.308696 0.318826 0.646522 0.187552 173.000000 3425.000000 3598.000000
1.000000 1.000000 1.000000 0.000000 3.000000 1.000000 2.000000 0.274167 0.282821 0.847500 0.131221 92.000000 2085.000000 2177.000000
1.000000 1.000000 1.000000 0.000000 4.000000 1.000000 2.000000 0.382500 0.381938 0.802917 0.180967 269.000000 3828.000000 4097.000000
1.000000 1.000000 1.000000 0.000000 5.000000 1.000000 1.000000 0.274167 0.249362 0.507500 0.378108 174.000000 3040.000000 3214.000000
1.000000 1.000000 1.000000 0.000000 6.000000 0.000000 1.000000 0.180000 0.183087 0.457500 0.187183 333.000000 2160.000000 2493.000000
1.000000 1.000000 1.000000 0.000000 0.000000 0.000000 1.000000 0.166667 0.161625 0.419167 0.251258 284.000000 2027.000000 2311.000000
1.000000 1.000000 1.000000 1.000000 1.000000 0.000000 1.000000 0.190000 0.190663 0.522500 0.231358 217.000000 2081.000000 2298.000000
1.000000 1.000000 1.000000 0.000000 2.000000 1.000000 2.000000 0.373043 0.364278 0.716087 0.349130 127.000000 2808.000000 2935.000000
1.000000 1.000000 1.000000 0.000000 3.000000 1.000000 1.000000 0.303333 0.275254 0.443333 0.415429 109.000000 3267.000000 3376.000000
1.000000 1.000000 1.000000 0.000000 4.000000 1.000000 1.000000 0.190000 0.190038 0.497500 0.220158 130.000000 3162.000000 3292.000000
1.000000 1.000000 1.000000 0.000000 5.000000 1.000000 2.000000 0.217500 0.220958 0.450000 0.202750 115.000000 3048.000000 3163.000000
1.000000 1.000000 1.000000 0.000000 6.000000 0.000000 2.000000 0.173333 0.174875 0.831250 0.222642 67.000000 1234.000000 1301.000000
1.000000 1.000000 1.000000 0.000000 0.000000 0.000000 2.000000 0.162500 0.162250 0.796250 0.199638 196.000000 1781.000000 1977.000000
1.000000 1.000000 1.000000 0.000000 1.000000 1.000000 2.000000 0.218333 0.243058 0.911250 0.110708 145.000000 2287.000000 2432.000000
1.000000 1.000000 1.000000 0.000000 2.000000 1.000000 1.000000 0.342500 0.349108 0.835833 0.123767 439.000000 3900.000000 4339.000000
1.000000 1.000000 1.000000 0.000000 3.000000 1.000000 1.000000 0.294167 0.294821 0.643750 0.161071 467.000000 3803.000000 4270.000000
1.000000 1.000000 1.000000 0.000000 4.000000 1.000000 2.000000 0.341667 0.356050 0.769583 0.073396 244.000000 3831.000000 4075.000000
1.000000 1.000000 1.000000 0.000000 5.000000 1.000000 2.000000 425.000000 0.415383 0.741250 0.342667 269.000000 3187.000000 3456.000000
1.000000 1.000000 1.000000 0.000000 6.000000 0.000000 1.000000 0.315833 0.326379 0.543333 0.210829 775.000000 3248.000000 4023.000000
1.000000 1.000000 1.000000 0.000000 0.000000 0.000000 1.000000 0.282500 0.272721 0.311250 0.240050 558.000000 2685.000000 3243.000000
1.000000 1.000000 1.000000 0.000000 1.000000 1.000000 1.000000 0.269167 0.262625 0.400833 0.215792 126.000000 3498.000000 3624.000000
1.000000 1.000000 1.000000 0.000000 2.000000 1.000000 1.000000 0.390000 0.381317 0.416667 0.261817 324.000000 4185.000000 4509.000000
1.000000 1.000000 2.000000 0.000000 3.000000 1.000000 1.000000 0.469167 0.466538 0.507917 0.189067 304.000000 4275.000000 4579.000000
1.000000 1.000000 2.000000 0.000000 4.000000 1.000000 2.000000 0.399167 0.398971 0.672917 0.187187 190.000000 3571.000000 3761.000000
1.000000 1.000000 2.000000 0.000000 5.000000 1.000000 1.000000 0.313333 0.309346 0.526667 0.178496 310.000000 3841.000000 4151.000000
1.000000 1.000000 2.000000 0.000000 6.000000 0.000000 2.000000 0.264167 0.272725 0.779583 0.121896 384.000000 2448.000000 2832.000000
1.000000 1.000000 2.000000 0.000000 0.000000 0.000000 2.000000 0.265833 0.264521 0.687917 0.175996 318.000000 2629.000000 2947.000000
1.000000 1.000000 2.000000 0.000000 1.000000 1.000000 1.000000 0.282609 0.296426 0.622174 0.153800 206.000000 3578.000000 3784.000000
1.000000 1.000000 2.000000 0.000000 2.000000 1.000000 1.000000 0.354167 0.361104 0.496250 0.147379 199.000000 4176.000000 4375.000000
1.000000 1.000000 2.000000 0.000000 3.000000 1.000000 2.000000 0.256667 0.266421 0.722917 0.133721 109.000000 2693.000000 2802.000000
1.000000 1.000000 2.000000 0.000000 4.000000 1.000000 1.000000 265.000000 0.261988 0.562083 0.194037 163.000000 3667.000000 3830.000000
1.000000 1.000000 2.000000 0.000000 5.000000 1.000000 2.000000 0.280833 0.293558 0.540000 0.116929 227.000000 3604.000000 3831.000000
1.000000 1.000000 2.000000 0.000000 6.000000 0.000000 3.000000 0.224167 0.210867 0.731250 0.289796 192.000000 1977.000000 2169.000000
1.000000 1.000000 2.000000 0.000000 0.000000 0.000000 1.000000 0.127500 0.101658 0.464583 0.409212 73.000000 1456.000000 1529.000000
1.000000 1.000000 2.000000 0.000000 1.000000 1.000000 1.000000 0.222500 0.227913 0.411250 0.167283 94.000000 3328.000000 3422.000000
1.000000 1.000000 2.000000 0.000000 2.000000 1.000000 2.000000 0.319167 0.333946 0.508750 0.141179 135.000000 3787.000000 3922.000000
1.000000 1.000000 2.000000 0.000000 3.000000 1.000000 1.000000 0.348333 0.351629 0.531250 0.181600 141.000000 4028.000000 4169.000000
1.000000 1.000000 2.000000 0.000000 4.000000 1.000000 2.000000 0.316667 0.330162 0.752917 0.091425 74.000000 2931.000000 3005.000000
1.000000 1.000000 2.000000 0.000000 5.000000 1.000000 1.000000 0.343333 0.351629 0.634583 0.205846 349.000000 3805.000000 4154.000000
1.000000 1.000000 2.000000 0.000000 6.000000 0.000000 1.000000 0.346667 0.355425 0.534583 0.190929 1435.000000 2883.000000 4318.000000
1.000000 1.000000 2.000000 0.000000 0.000000 0.000000 2.000000 0.280000 0.265788 0.515833 0.253112 618.000000 2071.000000 2689.000000
1.000000 1.000000 2.000000 1.000000 1.000000 0.000000 1.000000 0.280000 0.273391 0.507826 0.229083 502.000000 2627.000000 3129.000000
1.000000 1.000000 2.000000 0.000000 2.000000 1.000000 1.000000 0.287826 0.295113 0.594348 0.205717 163.000000 3614.000000 3777.000000
1.000000 1.000000 2.000000 0.000000 3.000000 1.000000 1.000000 0.395833 0.392667 0.567917 0.234471 394.000000 4379.000000 4773.000000
1.000000 1.000000 2.000000 0.000000 4.000000 1.000000 1.000000 0.454167 0.444446 0.554583 0.190913 516.000000 4546.000000 5062.000000
1.000000 1.000000 2.000000 0.000000 5.000000 1.000000 2.000000 0.407500 0.410971 0.737500 0.237567 246.000000 3241.000000 3487.000000
1.000000 1.000000 2.000000 0.000000 6.000000 0.000000 1.000000 0.290833 0.255675 0.395833 0.421642 317.000000 2415.000000 2732.000000
1.000000 1.000000 2.000000 0.000000 0.000000 0.000000 1.000000 0.279167 0.268308 0.410000 0.205229 515.000000 2874.000000 3389.000000
1.000000 1.000000 2.000000 0.000000 1.000000 1.000000 1.000000 0.366667 0.357954 0.490833 0.268033 253.000000 4069.000000 4322.000000
1.000000 1.000000 2.000000 0.000000 2.000000 1.000000 1.000000 0.359167 0.353525 0.395833 0.193417 229.000000 4134.000000 4363.000000
1.000000 1.000000 2.000000 0.000000 3.000000 1.000000 2.000000 0.344348 0.348470 0.804783 0.179117 65.000000 1769.000000 1834.000000
1.000000 1.000000 3.000000 0.000000 4.000000 1.000000 1.000000 0.485833 0.475371 0.615417 0.226987 325.000000 4665.000000 4990.000000
1.000000 1.000000 3.000000 0.000000 5.000000 1.000000 2.000000 0.353333 0.359842 0.657083 0.144904 246.000000 2948.000000 3194.000000
1.000000 1.000000 3.000000 0.000000 6.000000 0.000000 2.000000 0.414167 0.413492 0.621250 0.161079 956.000000 3110.000000 4066.000000
1.000000 1.000000 3.000000 0.000000 0.000000 0.000000 1.000000 0.325833 0.303021 0.403333 0.334571 710.000000 2713.000000 3423.000000
1.000000 1.000000 3.000000 0.000000 1.000000 1.000000 1.000000 0.243333 0.241171 0.506250 0.228858 203.000000 3130.000000 3333.000000
1.000000 1.000000 3.000000 0.000000 2.000000 1.000000 1.000000 0.258333 0.255042 0.456667 0.200875 221.000000 3735.000000 3956.000000
1.000000 1.000000 3.000000 0.000000 3.000000 1.000000 1.000000 0.404167 0.385100 0.513333 0.345779 432.000000 4484.000000 4916.000000
1.000000 1.000000 3.000000 0.000000 4.000000 1.000000 1.000000 0.527500 0.524604 0.567500 0.441563 486.000000 4896.000000 5382.000000
1.000000 1.000000 3.000000 0.000000 5.000000 1.000000 2.000000 0.410833 0.397083 0.407083 0.414800 447.000000 4122.000000 4569.000000
1.000000 1.000000 3.000000 0.000000 6.000000 0.000000 1.000000 0.287500 0.277767 0.350417 0.225750 968.000000 3150.000000 4118.000000
1.000000 1.000000 3.000000 0.000000 0.000000 0.000000 1.000000 0.361739 0.359670 0.476957 0.222587 1658.000000 3253.000000 4911.000000
1.000000 1.000000 3.000000 0.000000 1.000000 1.000000 1.000000 0.466667 0.459592 0.489167 0.207713 838.000000 4460.000000 5298.000000
1.000000 1.000000 3.000000 0.000000 2.000000 1.000000 1.000000 565.000000 0.542929 0.617500 0.236950 762.000000 5085.000000 5847.000000
1.000000 1.000000 3.000000 0.000000 3.000000 1.000000 1.000000 0.572500 0.548617 0.507083 0.115062 997.000000 5315.000000 6312.000000
1.000000 1.000000 3.000000 0.000000 4.000000 1.000000 1.000000 0.557500 0.532825 0.579583 0.149883 1005.000000 5187.000000 6192.000000
1.000000 1.000000 3.000000 0.000000 5.000000 1.000000 2.000000 0.435833 0.436229 0.842083 0.113192 548.000000 3830.000000 4378.000000
1.000000 1.000000 3.000000 0.000000 6.000000 0.000000 2.000000 0.514167 0.505046 0.755833 0.110704 3155.000000 4681.000000 7836.000000
1.000000 1.000000 3.000000 0.000000 0.000000 0.000000 2.000000 0.472500 464.000000 0.810000 0.126883 2207.000000 3685.000000 5892.000000
1.000000 1.000000 3.000000 0.000000 1.000000 1.000000 1.000000 545.000000 0.532821 0.728750 0.162317 982.000000 5171.000000 6153.000000
1.000000 1.000000 3.000000 0.000000 2.000000 1.000000 1.000000 0.560833 0.538533 0.807917 0.121271 1051.000000 5042.000000 6093.000000
2.000000 1.000000 3.000000 0.000000 3.000000 1.000000 2.000000 0.531667 0.513258 0.821250 0.089558 1122.000000 5108.000000 6230.000000
2.000000 1.000000 3.000000 0.000000 4.000000 1.000000 1.000000 0.554167 0.531567 0.831250 0.117562 1334.000000 5537.000000 6871.000000
2.000000 1.000000 3.000000 0.000000 5.000000 1.000000 2.000000 0.601667 0.570067 0.694167 0.116300 2469.000000 5893.000000 8362.000000
2.000000 1.000000 3.000000 0.000000 6.000000 0.000000 2.000000 0.502500 0.486733 0.885417 0.192783 1033.000000 2339.000000 3372.000000
2.000000 1.000000 3.000000 0.000000 0.000000 0.000000 2.000000 0.437500 0.437488 0.880833 0.220775 1532.000000 3464.000000 4996.000000
2.000000 1.000000 3.000000 0.000000 1.000000 1.000000 1.000000 0.445833 0.438750 0.477917 0.386821 795.000000 4763.000000 5558.000000
2.000000 1.000000 3.000000 0.000000 2.000000 1.000000 1.000000 0.323333 0.315654 0.290000 0.187192 531.000000 4571.000000 5102.000000
2.000000 1.000000 3.000000 0.000000 3.000000 1.000000 1.000000 0.484167 0.470950 0.481250 0.291671 674.000000 5024.000000 5698.000000
2.000000 1.000000 3.000000 0.000000 4.000000 1.000000 1.000000 0.494167 0.482304 0.439167 0.319650 834.000000 5299.000000 6133.000000
2.000000 1.000000 3.000000 0.000000 5.000000 1.000000 2.000000 0.370000 0.375621 0.580833 0.138067 796.000000 4663.000000 5459.000000
2.000000 1.000000 3.000000 0.000000 6.000000 0.000000 2.000000 0.424167 0.421708 0.738333 0.250617 2301.000000 3934.000000 6235.000000
2.000000 1.000000 4.000000 0.000000 0.000000 0.000000 2.000000 0.425833 0.417287 0.676250 0.172267 2347.000000 3694.000000 6041.000000
2.000000 1.000000 4.000000 0.000000 1.000000 1.000000 1.000000 0.433913 0.427513 0.504348 0.312139 1208.000000 4728.000000 5936.000000
2.000000 1.000000 4.000000 0.000000 2.000000 1.000000 1.000000 0.466667 0.461483 0.396667 0.100133 1348.000000 5424.000000 6772.000000
2.000000 1.000000 4.000000 0.000000 3.000000 1.000000 1.000000 0.541667 0.533450 0.469583 0.180975 1058.000000 5378.000000 6436.000000
2.000000 1.000000 4.000000 0.000000 4.000000 1.000000 1.000000 435.000000 0.431163 0.374167 0.219529 1192.000000 5265.000000 6457.000000
2.000000 1.000000 4.000000 0.000000 5.000000 1.000000 1.000000 0.403333 0.390767 0.377083 0.300388 1807.000000 4653.000000 6460.000000
2.000000 1.000000 4.000000 0.000000 6.000000 0.000000 1.000000 0.437500 0.426129 0.254167 0.274871 3252.000000 3605.000000 6857.000000
2.000000 1.000000 4.000000 0.000000 0.000000 0.000000 1.000000 0.500000 0.492425 0.275833 0.232596 2230.000000 2939.000000 5169.000000
2.000000 1.000000 4.000000 0.000000 1.000000 1.000000 1.000000 0.489167 0.476638 0.317500 0.358196 905.000000 4680.000000 5585.000000
2.000000 1.000000 4.000000 0.000000 2.000000 1.000000 1.000000 0.446667 0.436233 435.000000 0.249375 819.000000 5099.000000 5918.000000
2.000000 1.000000 4.000000 0.000000 3.000000 1.000000 1.000000 0.348696 0.337274 0.469565 0.295274 482.000000 4380.000000 4862.000000
2.000000 1.000000 4.000000 0.000000 4.000000 1.000000 1.000000 0.397500 0.387604 0.466250 0.290429 663.000000 4746.000000 5409.000000
2.000000 1.000000 4.000000 0.000000 5.000000 1.000000 1.000000 0.442500 0.431808 0.408333 0.155471 1252.000000 5146.000000 6398.000000
2.000000 1.000000 4.000000 0.000000 6.000000 0.000000 1.000000 495.000000 0.487996 0.502917 0.190917 2795.000000 4665.000000 7460.000000
2.000000 1.000000 4.000000 0.000000 0.000000 0.000000 1.000000 0.606667 0.573875 0.507917 0.225129 2846.000000 4286.000000 7132.000000
2.000000 1.000000 4.000000 1.000000 1.000000 0.000000 1.000000 0.664167 0.614925 0.561667 0.284829 1198.000000 5172.000000 6370.000000
2.000000 1.000000 4.000000 0.000000 2.000000 1.000000 1.000000 0.608333 0.598487 0.390417 0.273629 989.000000 5702.000000 6691.000000
2.000000 1.000000 4.000000 0.000000 3.000000 1.000000 2.000000 0.463333 0.457038 0.569167 0.167912 347.000000 4020.000000 4367.000000
2.000000 1.000000 4.000000 0.000000 4.000000 1.000000 1.000000 0.498333 0.493046 0.612500 0.065929 846.000000 5719.000000 6565.000000
2.000000 1.000000 4.000000 0.000000 5.000000 1.000000 1.000000 0.526667 0.515775 0.694583 0.149871 1340.000000 5950.000000 7290.000000
2.000000 1.000000 4.000000 0.000000 6.000000 0.000000 1.000000 0.570000 0.542921 0.682917 0.283587 2541.000000 4083.000000 6624.000000
2.000000 1.000000 4.000000 0.000000 0.000000 0.000000 3.000000 0.396667 0.389504 0.835417 0.344546 120.000000 907.000000 1027.000000
2.000000 1.000000 4.000000 0.000000 1.000000 1.000000 2.000000 0.321667 0.301125 0.766667 0.303496 195.000000 3019.000000 3214.000000
2.000000 1.000000 4.000000 0.000000 2.000000 1.000000 1.000000 0.413333 0.405283 0.454167 0.249383 518.000000 5115.000000 5633.000000
2.000000 1.000000 4.000000 0.000000 3.000000 1.000000 1.000000 0.476667 0.470317 0.427917 0.118792 655.000000 5541.000000 6196.000000
2.000000 1.000000 4.000000 0.000000 4.000000 1.000000 2.000000 0.498333 0.483583 0.756667 0.176625 475.000000 4551.000000 5026.000000
2.000000 1.000000 4.000000 0.000000 5.000000 1.000000 1.000000 0.457500 0.452637 0.400833 0.347633 1014.000000 5219.000000 6233.000000
2.000000 1.000000 4.000000 0.000000 6.000000 0.000000 2.000000 0.376667 0.377504 0.489583 0.129975 1120.000000 3100.000000 4220.000000
2.000000 1.000000 4.000000 0.000000 0.000000 0.000000 1.000000 0.458333 0.450121 0.587083 0.116908 2229.000000 4075.000000 6304.000000
2.000000 1.000000 4.000000 0.000000 1.000000 1.000000 2.000000 0.464167 0.457696 0.570000 0.171638 665.000000 4907.000000 5572.000000
2.000000 1.000000 5.000000 0.000000 2.000000 1.000000 2.000000 0.613333 0.577021 0.659583 0.156096 653.000000 5087.000000 5740.000000
2.000000 1.000000 5.000000 0.000000 3.000000 1.000000 1.000000 0.564167 0.537896 0.797083 0.138058 667.000000 5502.000000 6169.000000
2.000000 1.000000 5.000000 0.000000 4.000000 1.000000 2.000000 0.560000 0.537242 0.768333 0.133696 764.000000 5657.000000 6421.000000
2.000000 1.000000 5.000000 0.000000 5.000000 1.000000 1.000000 0.627500 0.590917 0.735417 0.162938 1069.000000 5227.000000 6296.000000
2.000000 1.000000 5.000000 0.000000 6.000000 0.000000 2.000000 0.621667 0.584608 0.756667 0.152992 2496.000000 4387.000000 6883.000000
2.000000 1.000000 5.000000 0.000000 0.000000 0.000000 2.000000 0.562500 0.546737 0.740000 0.149879 2135.000000 4224.000000 6359.000000
2.000000 1.000000 5.000000 0.000000 1.000000 1.000000 2.000000 0.537500 0.527142 0.664167 0.230721 1008.000000 5265.000000 6273.000000
2.000000 1.000000 5.000000 0.000000 2.000000 1.000000 2.000000 0.581667 0.557471 0.685833 0.296029 738.000000 4990.000000 5728.000000
2.000000 1.000000 5.000000 0.000000 3.000000 1.000000 2.000000 575.000000 0.553025 0.744167 0.216412 620.000000 4097.000000 4717.000000
2.000000 1.000000 5.000000 0.000000 4.000000 1.000000 1.000000 0.505833 0.491783 0.552083 0.314063 1026.000000 5546.000000 6572.000000
2.000000 1.000000 5.000000 0.000000 5.000000 1.000000 1.000000 0.533333 0.520833 0.360417 0.236937 1319.000000 5711.000000 7030.000000
2.000000 1.000000 5.000000 0.000000 6.000000 0.000000 1.000000 0.564167 0.544817 0.480417 0.123133 2622.000000 4807.000000 7429.000000
2.000000 1.000000 5.000000 0.000000 0.000000 0.000000 1.000000 0.612500 0.585238 0.576250 0.225117 2172.000000 3946.000000 6118.000000
2.000000 1.000000 5.000000 0.000000 1.000000 1.000000 2.000000 0.573333 0.549900 0.789583 0.212692 342.000000 2501.000000 2843.000000
2.000000 1.000000 5.000000 0.000000 2.000000 1.000000 2.000000 0.611667 0.576404 0.794583 0.147392 625.000000 4490.000000 5115.000000
2.000000 1.000000 5.000000 0.000000 3.000000 1.000000 1.000000 0.636667 0.595975 0.697917 0.122512 991.000000 6433.000000 7424.000000
2.000000 1.000000 5.000000 0.000000 4.000000 1.000000 1.000000 0.593333 0.572613 0.520000 0.229475 1242.000000 6142.000000 7384.000000
2.000000 1.000000 5.000000 0.000000 5.000000 1.000000 1.000000 0.564167 0.551121 0.523333 0.136817 1521.000000 6118.000000 7639.000000
2.000000 1.000000 5.000000 0.000000 6.000000 0.000000 1.000000 0.600000 0.566908 0.456250 0.083975 3410.000000 4884.000000 8294.000000
2.000000 1.000000 5.000000 0.000000 0.000000 0.000000 1.000000 0.620833 0.583967 0.530417 0.254367 2704.000000 4425.000000 7129.000000
2.000000 1.000000 5.000000 0.000000 1.000000 1.000000 2.000000 0.598333 0.565667 0.811250 0.233204 630.000000 3729.000000 4359.000000
2.000000 1.000000 5.000000 0.000000 2.000000 1.000000 2.000000 615.000000 0.580825 0.765833 0.118167 819.000000 5254.000000 6073.000000
2.000000 1.000000 5.000000 0.000000 3.000000 1.000000 2.000000 0.621667 0.584612 0.774583 102.000000 766.000000 4494.000000 5260.000000
2.000000 1.000000 5.000000 0.000000 4.000000 1.000000 1.000000 655.000000 0.606700 0.716667 0.172896 1059.000000 5711.000000 6770.000000
2.000000 1.000000 5.000000 0.000000 5.000000 1.000000 1.000000 0.680000 0.627529 0.747083 0.140550 1417.000000 5317.000000 6734.000000
2.000000 1.000000 5.000000 0.000000 6.000000 0.000000 1.000000 0.692500 0.642696 0.732500 0.198992 2855.000000 3681.000000 6536.000000
2.000000 1.000000 5.000000 0.000000 0.000000 0.000000 1.000000 0.690000 0.641425 0.697083 0.215171 3283.000000 3308.000000 6591.000000
2.000000 1.000000 5.000000 1.000000 1.000000 0.000000 1.000000 0.712500 0.679300 0.676250 0.196521 2557.000000 3486.000000 6043.000000
2.000000 1.000000 5.000000 0.000000 2.000000 1.000000 1.000000 0.722500 0.672992 0.684583 0.295400 880.000000 4863.000000 5743.000000
2.000000 1.000000 5.000000 0.000000 3.000000 1.000000 2.000000 0.656667 0.611129 0.670000 0.134329 745.000000 6110.000000 6855.000000
2.000000 1.000000 5.000000 0.000000 4.000000 1.000000 1.000000 0.680000 0.631329 0.492917 0.195279 1100.000000 6238.000000 7338.000000
2.000000 1.000000 6.000000 0.000000 5.000000 1.000000 2.000000 0.654167 0.607962 0.755417 0.237563 533.000000 3594.000000 4127.000000
2.000000 1.000000 6.000000 0.000000 6.000000 0.000000 1.000000 0.583333 0.566288 0.549167 0.186562 2795.000000 5325.000000 8120.000000
2.000000 1.000000 6.000000 0.000000 0.000000 0.000000 1.000000 0.602500 0.575133 0.493333 0.184087 2494.000000 5147.000000 7641.000000
2.000000 1.000000 6.000000 0.000000 1.000000 1.000000 1.000000 0.597500 0.578283 0.487083 0.284833 1071.000000 5927.000000 6998.000000
2.000000 1.000000 6.000000 0.000000 2.000000 1.000000 2.000000 0.540833 0.525892 0.613333 0.209575 968.000000 6033.000000 7001.000000
2.000000 1.000000 6.000000 0.000000 3.000000 1.000000 1.000000 0.554167 0.542292 0.611250 0.077125 1027.000000 6028.000000 7055.000000
2.000000 1.000000 6.000000 0.000000 4.000000 1.000000 1.000000 0.602500 0.569442 0.567083 0.157350 1038.000000 6456.000000 7494.000000
2.000000 1.000000 6.000000 0.000000 5.000000 1.000000 1.000000 0.649167 0.597862 0.467917 0.175383 1488.000000 6248.000000 7736.000000
2.000000 1.000000 6.000000 0.000000 6.000000 0.000000 1.000000 0.710833 0.648367 0.437083 0.144287 2708.000000 4790.000000 7498.000000
2.000000 1.000000 6.000000 0.000000 0.000000 0.000000 1.000000 0.726667 0.663517 0.538333 0.133721 2224.000000 4374.000000 6598.000000
2.000000 1.000000 6.000000 0.000000 1.000000 1.000000 2.000000 0.720833 0.659721 0.587917 0.207713 1017.000000 5647.000000 6664.000000
2.000000 1.000000 6.000000 0.000000 2.000000 1.000000 2.000000 0.653333 0.597875 0.833333 0.214546 477.000000 4495.000000 4972.000000
2.000000 1.000000 6.000000 0.000000 3.000000 1.000000 1.000000 0.655833 0.611117 0.582083 0.343279 1173.000000 6248.000000 7421.000000
2.000000 1.000000 6.000000 0.000000 4.000000 1.000000 1.000000 0.648333 0.624383 0.569583 0.253733 1180.000000 6183.000000 7363.000000
2.000000 1.000000 6.000000 0.000000 5.000000 1.000000 1.000000 0.639167 0.599754 0.589583 0.176617 1563.000000 6102.000000 7665.000000
2.000000 1.000000 6.000000 0.000000 6.000000 0.000000 1.000000 0.631667 0.594708 0.504167 0.166667 2963.000000 4739.000000 7702.000000
2.000000 1.000000 6.000000 0.000000 0.000000 0.000000 1.000000 0.592500 0.571975 0.598750 0.144904 2634.000000 4344.000000 6978.000000
2.000000 1.000000 6.000000 0.000000 1.000000 1.000000 2.000000 0.568333 0.544842 0.777917 0.174746 653.000000 4446.000000 5099.000000
2.000000 1.000000 6.000000 0.000000 2.000000 1.000000 1.000000 0.688333 0.654692 0.690000 0.148017 968.000000 5857.000000 6825.000000
2.000000 1.000000 6.000000 0.000000 3.000000 1.000000 1.000000 0.782500 0.720975 0.592083 0.113812 872.000000 5339.000000 6211.000000
3.000000 1.000000 6.000000 0.000000 4.000000 1.000000 1.000000 0.805833 0.752542 0.567917 0.118787 778.000000 5127.000000 5905.000000
3.000000 1.000000 6.000000 0.000000 5.000000 1.000000 1.000000 0.777500 0.724121 0.573750 0.182842 964.000000 4859.000000 5823.000000
3.000000 1.000000 6.000000 0.000000 6.000000 0.000000 1.000000 0.731667 0.652792 0.534583 0.179721 2657.000000 4801.000000 7458.000000
3.000000 1.000000 6.000000 0.000000 0.000000 0.000000 1.000000 0.743333 0.674254 0.479167 0.145525 2551.000000 4340.000000 6891.000000
3.000000 1.000000 6.000000 0.000000 1.000000 1.000000 1.000000 0.715833 0.654042 0.504167 0.300383 1139.000000 5640.000000 6779.000000
3.000000 1.000000 6.000000 0.000000 2.000000 1.000000 1.000000 0.630833 0.594704 0.373333 0.347642 1077.000000 6365.000000 7442.000000
3.000000 1.000000 6.000000 0.000000 3.000000 1.000000 1.000000 0.697500 0.640792 0.360000 0.271775 1077.000000 6258.000000 7335.000000
3.000000 1.000000 6.000000 0.000000 4.000000 1.000000 1.000000 0.749167 0.675512 0.422500 0.171650 921.000000 5958.000000 6879.000000
3.000000 1.000000 6.000000 0.000000 5.000000 1.000000 1.000000 0.834167 0.786613 0.488750 0.165417 829.000000 4634.000000 5463.000000
3.000000 1.000000 6.000000 0.000000 6.000000 0.000000 1.000000 765.000000 0.687508 0.601250 0.161071 1455.000000 4232.000000 5687.000000
3.000000 1.000000 7.000000 0.000000 0.000000 0.000000 1.000000 0.815833 0.750629 0.518750 0.168529 1421.000000 4110.000000 5531.000000
3.000000 1.000000 7.000000 0.000000 1.000000 1.000000 1.000000 0.781667 0.702038 0.447083 0.195267 904.000000 5323.000000 6227.000000
3.000000 1.000000 7.000000 0.000000 2.000000 1.000000 1.000000 0.780833 0.702650 0.492083 0.126237 1052.000000 5608.000000 6660.000000
3.000000 1.000000 7.000000 1.000000 3.000000 0.000000 1.000000 0.789167 0.732337 0.538750 0.134950 2562.000000 4841.000000 7403.000000
3.000000 1.000000 7.000000 0.000000 4.000000 1.000000 1.000000 0.827500 0.761367 0.457917 0.194029 1405.000000 4836.000000 6241.000000
3.000000 1.000000 7.000000 0.000000 5.000000 1.000000 1.000000 0.828333 0.752533 0.450833 0.146142 1366.000000 4841.000000 6207.000000
3.000000 1.000000 7.000000 0.000000 6.000000 0.000000 1.000000 0.861667 0.804913 0.492083 0.163554 1448.000000 3392.000000 4840.000000
3.000000 1.000000 7.000000 0.000000 0.000000 0.000000 1.000000 0.822500 0.790396 0.573750 0.125629 1203.000000 3469.000000 4672.000000
3.000000 1.000000 7.000000 0.000000 1.000000 1.000000 2.000000 0.710833 0.654054 0.683333 0.180975 998.000000 5571.000000 6569.000000
3.000000 1.000000 7.000000 0.000000 2.000000 1.000000 2.000000 0.720833 0.664796 0.667500 0.151737 954.000000 5336.000000 6290.000000
3.000000 1.000000 7.000000 0.000000 3.000000 1.000000 1.000000 0.716667 0.650271 0.633333 0.151733 975.000000 6289.000000 7264.000000
3.000000 1.000000 7.000000 0.000000 4.000000 1.000000 1.000000 0.715833 0.654683 0.529583 0.146775 1032.000000 6414.000000 7446.000000
3.000000 1.000000 7.000000 0.000000 5.000000 1.000000 2.000000 0.731667 0.667933 0.485833 0.080850 1511.000000 5988.000000 7499.000000
3.000000 1.000000 7.000000 0.000000 6.000000 0.000000 2.000000 0.703333 0.666042 0.699167 0.143679 2355.000000 4614.000000 6969.000000
3.000000 1.000000 7.000000 0.000000 0.000000 0.000000 1.000000 0.745833 0.705196 0.717917 0.166667 1920.000000 4111.000000 6031.000000
3.000000 1.000000 7.000000 0.000000 1.000000 1.000000 1.000000 0.763333 0.724125 645.000000 0.164187 1088.000000 5742.000000 6830.000000
3.000000 1.000000 7.000000 0.000000 2.000000 1.000000 1.000000 0.818333 0.755683 0.505833 0.114429 921.000000 5865.000000 6786.000000
3.000000 1.000000 7.000000 0.000000 3.000000 1.000000 1.000000 0.793333 0.745583 0.577083 0.137442 799.000000 4914.000000 5713.000000
3.000000 1.000000 7.000000 0.000000 4.000000 1.000000 1.000000 0.770000 0.714642 0.600417 0.165429 888.000000 5703.000000 6591.000000
3.000000 1.000000 7.000000 0.000000 5.000000 1.000000 2.000000 0.665833 0.613025 0.844167 0.208967 747.000000 5123.000000 5870.000000
3.000000 1.000000 7.000000 0.000000 6.000000 0.000000 3.000000 0.595833 0.549912 0.865417 0.213300 1264.000000 3195.000000 4459.000000
3.000000 1.000000 7.000000 0.000000 0.000000 0.000000 2.000000 0.667500 0.623125 0.762500 0.093921 2544.000000 4866.000000 7410.000000
3.000000 1.000000 7.000000 0.000000 1.000000 1.000000 1.000000 0.741667 0.690017 0.694167 0.138683 1135.000000 5831.000000 6966.000000
3.000000 1.000000 7.000000 0.000000 2.000000 1.000000 1.000000 0.750833 0.706450 655.000000 0.211454 1140.000000 6452.000000 7592.000000
3.000000 1.000000 7.000000 0.000000 3.000000 1.000000 1.000000 0.724167 0.654054 0.450000 0.164800 1383.000000 6790.000000 8173.000000
3.000000 1.000000 7.000000 0.000000 4.000000 1.000000 1.000000 0.776667 0.739263 0.596667 0.284813 1036.000000 5825.000000 6861.000000
3.000000 1.000000 7.000000 0.000000 5.000000 1.000000 1.000000 0.781667 0.734217 0.594583 0.152992 1259.000000 5645.000000 6904.000000
3.000000 1.000000 7.000000 0.000000 6.000000 0.000000 1.000000 0.755833 0.697604 0.613333 0.157350 2234.000000 4451.000000 6685.000000
3.000000 1.000000 7.000000 0.000000 0.000000 0.000000 1.000000 0.721667 0.667933 0.623750 0.170396 2153.000000 4444.000000 6597.000000
3.000000 1.000000 7.000000 0.000000 1.000000 1.000000 1.000000 0.730833 0.684987 0.668750 0.153617 1040.000000 6065.000000 7105.000000
3.000000 1.000000 7.000000 0.000000 2.000000 1.000000 1.000000 0.713333 0.662896 0.704167 0.165425 968.000000 6248.000000 7216.000000
3.000000 1.000000 8.000000 0.000000 3.000000 1.000000 1.000000 0.717500 0.667308 0.677500 0.141179 1074.000000 6506.000000 7580.000000
3.000000 1.000000 8.000000 0.000000 4.000000 1.000000 1.000000 0.752500 0.707088 0.659583 0.129354 983.000000 6278.000000 7261.000000
3.000000 1.000000 8.000000 0.000000 5.000000 1.000000 2.000000 0.765833 0.722867 0.642500 0.215792 1328.000000 5847.000000 7175.000000
3.000000 1.000000 8.000000 0.000000 6.000000 0.000000 1.000000 0.793333 0.751267 0.613333 0.257458 2345.000000 4479.000000 6824.000000
3.000000 1.000000 8.000000 0.000000 0.000000 0.000000 1.000000 0.769167 0.731079 0.652500 0.290421 1707.000000 3757.000000 5464.000000
3.000000 1.000000 8.000000 0.000000 1.000000 1.000000 2.000000 0.752500 0.710246 0.654167 0.129354 1233.000000 5780.000000 7013.000000
3.000000 1.000000 8.000000 0.000000 2.000000 1.000000 2.000000 0.735833 0.697621 0.703750 0.116908 1278.000000 5995.000000 7273.000000
3.000000 1.000000 8.000000 0.000000 3.000000 1.000000 2.000000 0.750000 0.707717 0.672917 0.110700 1263.000000 6271.000000 7534.000000
3.000000 1.000000 8.000000 0.000000 4.000000 1.000000 1.000000 0.755833 0.699508 0.620417 0.156100 1196.000000 6090.000000 7286.000000
3.000000 1.000000 8.000000 0.000000 5.000000 1.000000 2.000000 0.715833 0.667942 0.715833 0.238813 1065.000000 4721.000000 5786.000000
3.000000 1.000000 8.000000 0.000000 6.000000 0.000000 2.000000 0.692500 0.638267 0.732917 0.206479 2247.000000 4052.000000 6299.000000
3.000000 1.000000 8.000000 0.000000 0.000000 0.000000 1.000000 0.700833 0.644579 0.530417 0.122512 2182.000000 4362.000000 6544.000000
3.000000 1.000000 8.000000 0.000000 1.000000 1.000000 1.000000 0.720833 0.662254 0.545417 0.136212 1207.000000 5676.000000 6883.000000
3.000000 1.000000 8.000000 0.000000 2.000000 1.000000 1.000000 0.726667 0.676779 0.686667 0.169158 1128.000000 5656.000000 6784.000000
3.000000 1.000000 8.000000 0.000000 3.000000 1.000000 1.000000 0.706667 0.654037 0.619583 0.169771 1198.000000 6149.000000 7347.000000
3.000000 1.000000 8.000000 0.000000 4.000000 1.000000 1.000000 0.719167 0.654688 0.519167 0.141796 1338.000000 6267.000000 7605.000000
3.000000 1.000000 8.000000 0.000000 5.000000 1.000000 1.000000 0.723333 0.242400 0.570833 0.231354 1483.000000 5665.000000 7148.000000
3.000000 1.000000 8.000000 0.000000 6.000000 0.000000 1.000000 0.678333 0.618071 0.603333 0.177867 2827.000000 5038.000000 7865.000000
3.000000 1.000000 8.000000 0.000000 0.000000 0.000000 2.000000 0.635833 0.603554 0.711667 0.086450 1208.000000 3341.000000 4549.000000
3.000000 1.000000 8.000000 0.000000 1.000000 1.000000 2.000000 0.635833 0.595967 0.734167 0.129979 1026.000000 5504.000000 6530.000000
3.000000 1.000000 8.000000 0.000000 2.000000 1.000000 1.000000 0.649167 0.601025 0.673750 0.072771 1081.000000 5925.000000 7006.000000
3.000000 1.000000 8.000000 0.000000 3.000000 1.000000 1.000000 0.667500 0.621854 0.677083 0.070283 1094.000000 6281.000000 7375.000000
3.000000 1.000000 8.000000 0.000000 4.000000 1.000000 1.000000 0.695833 0.637008 0.635833 0.084596 1363.000000 6402.000000 7765.000000
3.000000 1.000000 8.000000 0.000000 5.000000 1.000000 2.000000 0.702500 0.647100 615.000000 0.072146 1325.000000 6257.000000 7582.000000
3.000000 1.000000 8.000000 0.000000 6.000000 0.000000 2.000000 0.661667 0.618696 0.712917 0.244408 1829.000000 4224.000000 6053.000000
3.000000 1.000000 8.000000 0.000000 0.000000 0.000000 2.000000 0.653333 0.595996 0.845833 0.228858 1483.000000 3772.000000 5255.000000
3.000000 1.000000 8.000000 0.000000 1.000000 1.000000 1.000000 0.703333 0.654688 0.730417 0.128733 989.000000 5928.000000 6917.000000
3.000000 1.000000 8.000000 0.000000 2.000000 1.000000 1.000000 0.728333 0.666050 0.620000 0.190925 935.000000 6105.000000 7040.000000
3.000000 1.000000 8.000000 0.000000 3.000000 1.000000 1.000000 685.000000 0.635733 0.552083 0.112562 1177.000000 6520.000000 7697.000000
3.000000 1.000000 8.000000 0.000000 4.000000 1.000000 1.000000 0.706667 0.652779 0.590417 0.077117 1172.000000 6541.000000 7713.000000
3.000000 1.000000 8.000000 0.000000 5.000000 1.000000 1.000000 0.764167 0.689400 0.587500 0.168533 1433.000000 5917.000000 7350.000000
3.000000 1.000000 9.000000 0.000000 6.000000 0.000000 2.000000 0.753333 0.702654 0.638333 0.113187 2352.000000 3788.000000 6140.000000
3.000000 1.000000 9.000000 0.000000 0.000000 0.000000 2.000000 0.696667 649.000000 815.000000 0.064071 2613.000000 3197.000000 5810.000000
3.000000 1.000000 9.000000 1.000000 1.000000 0.000000 1.000000 0.707500 0.661629 0.790833 0.151121 1965.000000 4069.000000 6034.000000
3.000000 1.000000 9.000000 0.000000 2.000000 1.000000 1.000000 0.725833 0.686888 755.000000 0.236321 867.000000 5997.000000 6864.000000
3.000000 1.000000 9.000000 0.000000 3.000000 1.000000 1.000000 0.736667 0.708983 0.741250 0.187808 832.000000 6280.000000 7112.000000
3.000000 1.000000 9.000000 0.000000 4.000000 1.000000 2.000000 0.696667 0.655329 0.810417 0.142421 611.000000 5592.000000 6203.000000
3.000000 1.000000 9.000000 0.000000 5.000000 1.000000 1.000000 0.703333 0.657204 0.736250 0.171646 1045.000000 6459.000000 7504.000000
3.000000 1.000000 9.000000 0.000000 6.000000 0.000000 2.000000 0.659167 0.611121 0.799167 0.281104 1557.000000 4419.000000 5976.000000
3.000000 1.000000 9.000000 0.000000 0.000000 0.000000 1.000000 0.610000 0.578925 0.547500 0.224496 2570.000000 5657.000000 8227.000000
3.000000 1.000000 9.000000 0.000000 1.000000 1.000000 1.000000 0.583333 0.565654 0.503750 0.258713 1118.000000 6407.000000 7525.000000
3.000000 1.000000 9.000000 0.000000 2.000000 1.000000 1.000000 0.577500 0.554292 0.520000 0.092054 1070.000000 6697.000000 7767.000000
3.000000 1.000000 9.000000 0.000000 3.000000 1.000000 1.000000 0.599167 0.570075 0.577083 0.131846 1050.000000 6820.000000 7870.000000
3.000000 1.000000 9.000000 0.000000 4.000000 1.000000 1.000000 0.612500 0.579558 0.637083 0.082721 1054.000000 6750.000000 7804.000000
3.000000 1.000000 9.000000 0.000000 5.000000 1.000000 1.000000 0.633333 0.594083 0.672500 0.103863 1379.000000 6630.000000 8009.000000
3.000000 1.000000 9.000000 0.000000 6.000000 0.000000 1.000000 0.608333 0.585867 0.501667 0.247521 3160.000000 5554.000000 8714.000000
3.000000 1.000000 9.000000 0.000000 0.000000 0.000000 1.000000 0.580000 0.563125 0.570000 0.090183 2166.000000 5167.000000 7333.000000
3.000000 1.000000 9.000000 0.000000 1.000000 1.000000 2.000000 0.580833 0.553050 0.734583 0.151742 1022.000000 5847.000000 6869.000000
3.000000 1.000000 9.000000 0.000000 2.000000 1.000000 2.000000 0.623333 0.565067 0.872500 0.357587 371.000000 3702.000000 4073.000000
3.000000 1.000000 9.000000 0.000000 3.000000 1.000000 1.000000 0.552500 0.540404 0.536667 0.215175 788.000000 6803.000000 7591.000000
3.000000 1.000000 9.000000 0.000000 4.000000 1.000000 1.000000 0.546667 0.532192 0.618333 0.118167 939.000000 6781.000000 7720.000000
3.000000 1.000000 9.000000 0.000000 5.000000 1.000000 1.000000 0.599167 0.571971 0.668750 0.154229 1250.000000 6917.000000 8167.000000
3.000000 1.000000 9.000000 0.000000 6.000000 0.000000 1.000000 0.650000 0.610488 0.646667 0.283583 2512.000000 5883.000000 8395.000000
4.000000 1.000000 9.000000 0.000000 0.000000 0.000000 1.000000 0.529167 0.518933 0.467083 0.223258 2454.000000 5453.000000 7907.000000
4.000000 1.000000 9.000000 0.000000 1.000000 1.000000 1.000000 0.514167 0.502513 0.492917 0.142404 1001.000000 6435.000000 7436.000000
4.000000 1.000000 9.000000 0.000000 2.000000 1.000000 1.000000 0.550000 0.544179 0.570000 0.236321 845.000000 6693.000000 7538.000000
4.000000 1.000000 9.000000 0.000000 3.000000 1.000000 1.000000 635.000000 0.596613 0.630833 0.244400 787.000000 6946.000000 7733.000000
4.000000 1.000000 9.000000 0.000000 4.000000 1.000000 2.000000 0.650000 0.607975 0.690833 0.134342 751.000000 6642.000000 7393.000000
4.000000 1.000000 9.000000 0.000000 5.000000 1.000000 2.000000 0.619167 0.585863 0.690000 0.164179 1045.000000 6370.000000 7415.000000
4.000000 1.000000 9.000000 0.000000 6.000000 0.000000 1.000000 0.542500 0.530296 0.542917 0.227604 2589.000000 5966.000000 8555.000000
4.000000 1.000000 9.000000 0.000000 0.000000 0.000000 1.000000 0.526667 0.517663 0.583333 0.134958 2015.000000 4874.000000 6889.000000
4.000000 1.000000 10.000000 0.000000 1.000000 1.000000 2.000000 0.520833 512.000000 0.649167 0.090804 763.000000 6015.000000 6778.000000
4.000000 1.000000 10.000000 0.000000 2.000000 1.000000 3.000000 0.590833 0.542333 0.871667 0.104475 315.000000 4324.000000 4639.000000
4.000000 1.000000 10.000000 0.000000 3.000000 1.000000 2.000000 0.657500 0.599133 0.793750 0.066546 728.000000 6844.000000 7572.000000
4.000000 1.000000 10.000000 0.000000 4.000000 1.000000 2.000000 0.657500 0.607975 0.722917 0.117546 891.000000 6437.000000 7328.000000
4.000000 1.000000 10.000000 0.000000 5.000000 1.000000 1.000000 615.000000 0.580187 0.627500 0.106350 1516.000000 6640.000000 8156.000000
4.000000 1.000000 10.000000 0.000000 6.000000 0.000000 1.000000 0.554167 0.538521 0.664167 0.268025 3031.000000 4934.000000 7965.000000
4.000000 1.000000 10.000000 0.000000 0.000000 0.000000 2.000000 0.415833 0.419813 0.708333 0.141162 781.000000 2729.000000 3510.000000
4.000000 1.000000 10.000000 1.000000 1.000000 0.000000 2.000000 0.383333 0.387608 0.709583 0.189679 874.000000 4604.000000 5478.000000
4.000000 1.000000 10.000000 0.000000 2.000000 1.000000 2.000000 0.446667 0.438112 0.761667 0.190300 601.000000 5791.000000 6392.000000
4.000000 1.000000 10.000000 0.000000 3.000000 1.000000 1.000000 0.514167 0.503142 0.630833 0.187821 780.000000 6911.000000 7691.000000
4.000000 1.000000 10.000000 0.000000 4.000000 1.000000 1.000000 435.000000 0.431167 0.463333 0.181596 834.000000 6736.000000 7570.000000
4.000000 1.000000 10.000000 0.000000 5.000000 1.000000 1.000000 0.437500 0.433071 0.539167 0.235092 1060.000000 6222.000000 7282.000000
4.000000 1.000000 10.000000 0.000000 6.000000 0.000000 1.000000 0.393333 0.391396 0.494583 0.146142 2252.000000 4857.000000 7109.000000
4.000000 1.000000 10.000000 0.000000 0.000000 0.000000 1.000000 0.521667 0.508204 0.640417 0.278612 2080.000000 4559.000000 6639.000000
4.000000 1.000000 10.000000 0.000000 1.000000 1.000000 2.000000 0.561667 0.539150 0.707500 0.296037 760.000000 5115.000000 5875.000000
4.000000 1.000000 10.000000 0.000000 2.000000 1.000000 1.000000 0.468333 0.460846 0.558333 0.182221 922.000000 6612.000000 7534.000000
4.000000 1.000000 10.000000 0.000000 3.000000 1.000000 1.000000 0.455833 0.450108 0.692917 0.101371 979.000000 6482.000000 7461.000000
4.000000 1.000000 10.000000 0.000000 4.000000 1.000000 2.000000 0.522500 0.512625 0.728333 0.236937 1008.000000 6501.000000 7509.000000
4.000000 1.000000 10.000000 0.000000 5.000000 1.000000 2.000000 0.563333 0.537896 815.000000 0.134954 753.000000 4671.000000 5424.000000
4.000000 1.000000 10.000000 0.000000 6.000000 0.000000 1.000000 0.484167 0.472842 0.572917 0.117537 2806.000000 5284.000000 8090.000000
4.000000 1.000000 10.000000 0.000000 0.000000 0.000000 1.000000 0.464167 0.456429 0.510000 0.166054 2132.000000 4692.000000 6824.000000
4.000000 1.000000 10.000000 0.000000 1.000000 1.000000 1.000000 0.487500 0.482942 0.568333 0.081483 830.000000 6228.000000 7058.000000
4.000000 1.000000 10.000000 0.000000 2.000000 1.000000 1.000000 0.544167 0.530304 0.641667 0.094546 841.000000 6625.000000 7466.000000
4.000000 1.000000 10.000000 0.000000 3.000000 1.000000 1.000000 0.587500 0.558721 0.636250 0.072779 795.000000 6898.000000 7693.000000
4.000000 1.000000 10.000000 0.000000 4.000000 1.000000 2.000000 0.550000 0.529688 0.800417 0.124375 875.000000 6484.000000 7359.000000
4.000000 1.000000 10.000000 0.000000 5.000000 1.000000 2.000000 0.545833 0.522750 0.807083 0.132467 1182.000000 6262.000000 7444.000000
4.000000 1.000000 10.000000 0.000000 6.000000 0.000000 2.000000 0.530000 0.515133 0.720000 0.235692 2643.000000 5209.000000 7852.000000
4.000000 1.000000 10.000000 0.000000 0.000000 0.000000 2.000000 0.477500 0.467771 0.694583 0.398008 998.000000 3461.000000 4459.000000
4.000000 1.000000 10.000000 0.000000 1.000000 1.000000 3.000000 0.440000 0.439400 0.880000 0.358200 2.000000 20.000000 22.000000
4.000000 1.000000 10.000000 0.000000 2.000000 1.000000 2.000000 0.318182 0.309909 0.825455 0.213009 87.000000 1009.000000 1096.000000
4.000000 1.000000 10.000000 0.000000 3.000000 1.000000 2.000000 0.357500 0.361100 0.666667 0.166667 419.000000 5147.000000 5566.000000
4.000000 1.000000 11.000000 0.000000 4.000000 1.000000 2.000000 0.365833 0.369942 0.581667 0.157346 466.000000 5520.000000 5986.000000
4.000000 1.000000 11.000000 0.000000 5.000000 1.000000 1.000000 355.000000 0.356042 0.522083 0.266175 618.000000 5229.000000 5847.000000
4.000000 1.000000 11.000000 0.000000 6.000000 0.000000 2.000000 0.343333 0.323846 0.491250 0.270529 1029.000000 4109.000000 5138.000000
4.000000 1.000000 11.000000 0.000000 0.000000 0.000000 1.000000 0.325833 0.329538 0.532917 0.179108 1201.000000 3906.000000 5107.000000
4.000000 1.000000 11.000000 0.000000 1.000000 1.000000 1.000000 0.319167 0.308075 0.494167 0.236325 378.000000 4881.000000 5259.000000
4.000000 1.000000 11.000000 0.000000 2.000000 1.000000 1.000000 0.280833 0.281567 0.567083 0.173513 466.000000 5220.000000 5686.000000
4.000000 1.000000 11.000000 0.000000 3.000000 1.000000 2.000000 0.295833 0.274621 0.547500 0.304108 326.000000 4709.000000 5035.000000
4.000000 1.000000 11.000000 0.000000 4.000000 1.000000 1.000000 0.352174 0.341891 0.333478 0.347835 340.000000 4975.000000 5315.000000
4.000000 1.000000 11.000000 0.000000 5.000000 1.000000 1.000000 0.361667 0.355413 0.540833 0.214558 709.000000 5283.000000 5992.000000
4.000000 1.000000 11.000000 0.000000 6.000000 0.000000 1.000000 0.389167 0.393937 0.645417 0.057846 2090.000000 4446.000000 6536.000000
4.000000 1.000000 11.000000 0.000000 0.000000 0.000000 1.000000 0.420833 0.421713 0.659167 0.127500 2290.000000 4562.000000 6852.000000
4.000000 1.000000 11.000000 1.000000 1.000000 0.000000 1.000000 485.000000 0.475383 0.741667 0.173517 1097.000000 5172.000000 6269.000000
4.000000 1.000000 11.000000 0.000000 2.000000 1.000000 2.000000 0.343333 0.323225 0.662917 0.342046 327.000000 3767.000000 4094.000000
4.000000 1.000000 11.000000 0.000000 3.000000 1.000000 1.000000 0.289167 0.281563 0.552083 0.199625 373.000000 5122.000000 5495.000000
4.000000 1.000000 11.000000 0.000000 4.000000 1.000000 2.000000 0.321667 0.324492 0.620417 0.152987 320.000000 5125.000000 5445.000000
4.000000 1.000000 11.000000 0.000000 5.000000 1.000000 1.000000 345.000000 0.347204 0.524583 0.171025 484.000000 5214.000000 5698.000000
4.000000 1.000000 11.000000 0.000000 6.000000 0.000000 1.000000 325.000000 0.326383 0.545417 0.179729 1313.000000 4316.000000 5629.000000
4.000000 1.000000 11.000000 0.000000 0.000000 0.000000 1.000000 0.342500 0.337746 0.692917 0.227612 922.000000 3747.000000 4669.000000
4.000000 1.000000 11.000000 0.000000 1.000000 1.000000 2.000000 0.380833 0.375621 0.623333 0.235067 449.000000 5050.000000 5499.000000
4.000000 1.000000 11.000000 0.000000 2.000000 1.000000 2.000000 0.374167 0.380667 685.000000 0.082725 534.000000 5100.000000 5634.000000
4.000000 1.000000 11.000000 0.000000 3.000000 1.000000 1.000000 0.353333 0.364892 0.613750 0.103246 615.000000 4531.000000 5146.000000
4.000000 1.000000 11.000000 1.000000 4.000000 0.000000 1.000000 0.340000 0.350371 0.580417 0.052871 955.000000 1470.000000 2425.000000
4.000000 1.000000 11.000000 0.000000 5.000000 1.000000 1.000000 0.368333 0.378779 0.568750 0.148021 1603.000000 2307.000000 3910.000000
4.000000 1.000000 11.000000 0.000000 6.000000 0.000000 1.000000 0.278333 0.248742 0.404583 0.376871 532.000000 1745.000000 2277.000000
4.000000 1.000000 11.000000 0.000000 0.000000 0.000000 1.000000 0.245833 0.257583 0.468333 0.150500 309.000000 2115.000000 2424.000000
4.000000 1.000000 11.000000 0.000000 1.000000 1.000000 1.000000 0.313333 0.339004 0.535417 0.046650 337.000000 4750.000000 5087.000000
4.000000 1.000000 11.000000 0.000000 2.000000 1.000000 2.000000 0.291667 0.281558 0.786667 0.237562 123.000000 3836.000000 3959.000000
4.000000 1.000000 11.000000 0.000000 3.000000 1.000000 1.000000 0.296667 0.289762 0.506250 0.210821 198.000000 5062.000000 5260.000000
4.000000 1.000000 11.000000 0.000000 4.000000 1.000000 1.000000 0.280870 0.298422 0.555652 0.115522 243.000000 5080.000000 5323.000000
4.000000 1.000000 11.000000 0.000000 5.000000 1.000000 1.000000 0.298333 0.323867 0.649583 0.058471 362.000000 5306.000000 5668.000000
4.000000 1.000000 12.000000 0.000000 6.000000 0.000000 2.000000 0.298333 0.316904 0.806667 0.059704 951.000000 4240.000000 5191.000000
4.000000 1.000000 12.000000 0.000000 0.000000 0.000000 2.000000 0.347500 0.359208 0.823333 0.124379 892.000000 3757.000000 4649.000000
4.000000 1.000000 12.000000 0.000000 1.000000 1.000000 1.000000 0.452500 0.455796 0.767500 0.082721 555.000000 5679.000000 6234.000000
4.000000 1.000000 12.000000 0.000000 2.000000 1.000000 1.000000 0.475833 0.469054 0.733750 0.174129 551.000000 6055.000000 6606.000000
4.000000 1.000000 12.000000 0.000000 3.000000 1.000000 1.000000 0.438333 0.428012 485.000000 0.324021 331.000000 5398.000000 5729.000000
4.000000 1.000000 12.000000 0.000000 4.000000 1.000000 1.000000 0.255833 0.258204 0.508750 0.174754 340.000000 5035.000000 5375.000000
4.000000 1.000000 12.000000 0.000000 5.000000 1.000000 2.000000 0.320833 0.321958 0.764167 0.130600 349.000000 4659.000000 5008.000000
4.000000 1.000000 12.000000 0.000000 6.000000 0.000000 2.000000 0.381667 0.389508 0.911250 0.101379 1153.000000 4429.000000 5582.000000
4.000000 1.000000 12.000000 0.000000 0.000000 0.000000 2.000000 0.384167 0.390146 0.905417 0.157975 441.000000 2787.000000 3228.000000
4.000000 1.000000 12.000000 0.000000 1.000000 1.000000 2.000000 0.435833 0.435575 925.000000 0.190308 329.000000 4841.000000 5170.000000
4.000000 1.000000 12.000000 0.000000 2.000000 1.000000 2.000000 0.353333 0.338363 0.596667 0.296037 282.000000 5219.000000 5501.000000
4.000000 1.000000 12.000000 0.000000 3.000000 1.000000 2.000000 0.297500 0.297338 0.538333 0.162937 310.000000 5009.000000 5319.000000
4.000000 1.000000 12.000000 0.000000 4.000000 1.000000 1.000000 0.295833 0.294188 0.485833 0.174129 425.000000 5107.000000 5532.000000
4.000000 1.000000 12.000000 0.000000 5.000000 1.000000 1.000000 0.281667 0.294192 0.642917 0.131229 429.000000 5182.000000 5611.000000
4.000000 1.000000 12.000000 0.000000 6.000000 0.000000 1.000000 0.324167 0.338383 0.650417 0.106350 767.000000 4280.000000 5047.000000
4.000000 1.000000 12.000000 0.000000 0.000000 0.000000 2.000000 0.362500 0.369938 0.838750 0.100742 538.000000 3248.000000 3786.000000
4.000000 1.000000 12.000000 0.000000 1.000000 1.000000 2.000000 0.393333 0.401500 0.907083 0.098258 212.000000 4373.000000 4585.000000
4.000000 1.000000 12.000000 0.000000 2.000000 1.000000 1.000000 0.410833 0.409708 0.666250 0.221404 433.000000 5124.000000 5557.000000
4.000000 1.000000 12.000000 0.000000 3.000000 1.000000 1.000000 0.332500 0.342162 0.625417 0.184092 333.000000 4934.000000 5267.000000
4.000000 1.000000 12.000000 0.000000 4.000000 1.000000 2.000000 0.330000 0.335217 0.667917 0.132463 314.000000 3814.000000 4128.000000
1.000000 1.000000 12.000000 0.000000 5.000000 1.000000 2.000000 0.326667 0.301767 0.556667 0.374383 221.000000 3402.000000 3623.000000
1.000000 1.000000 12.000000 0.000000 6.000000 0.000000 1.000000 0.265833 0.236113 0.441250 0.407346 205.000000 1544.000000 1749.000000
1.000000 1.000000 12.000000 0.000000 0.000000 0.000000 1.000000 0.245833 0.259471 0.515417 0.133083 408.000000 1379.000000 1787.000000
1.000000 1.000000 12.000000 0.000000 1.000000 1.000000 2.000000 0.231304 0.258900 0.791304 0.077230 174.000000 746.000000 920.000000
1.000000 1.000000 12.000000 1.000000 2.000000 0.000000 2.000000 0.291304 0.294465 0.734783 0.168726 440.000000 573.000000 1013.000000
1.000000 1.000000 12.000000 0.000000 3.000000 1.000000 3.000000 0.243333 0.220333 0.823333 0.316546 9.000000 432.000000 441.000000
1.000000 1.000000 12.000000 0.000000 4.000000 1.000000 2.000000 0.254167 0.226642 0.652917 0.350133 247.000000 1867.000000 2114.000000
1.000000 1.000000 12.000000 0.000000 5.000000 1.000000 2.000000 0.253333 0.255046 0.590000 0.155471 644.000000 2451.000000 3095.000000
1.000000 1.000000 12.000000 0.000000 6.000000 0.000000 2.000000 0.253333 0.242400 0.752917 0.124383 159.000000 1182.000000 1341.000000
1.000000 1.000000 12.000000 0.000000 0.000000 0.000000 1.000000 0.255833 0.231700 0.483333 0.350754 364.000000 1432.000000 1796.000000
1.000000 1.000000 12.000000 0.000000 1.000000 1.000000 2.000000 0.215833 0.223487 0.577500 0.154846 439.000000 2290.000000 2729.000000
