1726
9336
2348
4211
10542
16581
11526
4305
13600
2127
17167
4483
16732
17130
11967
1927
5370
10036
10651
3669
12194
2336
10498
6598
7983
15683
15364
1415
9687
14504
15938
1270
9405
1685
9775
16459
10326
9
12605
9415
16510
2524
2924
1113
5950
11942
8216
3436
10572
12271
711
7857
8871
5513
10004
12763
1577
1177
2061
11064
9564
8617
6509
3636
16799
11490
8953
17264
9925
15062
14189
6025
8093
13199
3481
12391
11492
12386
9233
3953
14974
15690
3995
9389
15574
291
1536
6027
9075
7629
2834
15289
5081
3594
7063
14417
4961
8592
1222
12111
2258
2055
4543
12193
13496
7606
15552
10031
4966
12404
11067
15722
7887
2688
1439
3207
17162
6522
6520
10129
3292
4806
14746
12995
1873
14076
11545
1441
10773
2053
2324
4942
14418
6122
11573
17060
4280
9851
6798
7683
4345
3986
16619
17024
4660
11104
7243
11757
87
7522
7827
11946
11037
12996
14915
6514
15808
16954
17318
11647
8077
5592
7092
12025
11541
5154
2826
11280
5974
12877
7001
11612
13962
6136
2273
879
5521
13217
13554
1018
42
4761
4796
12356
7658
12956
7907
3077
11281
3937
264
536
14492
6919
3847
11552
4381
8535
5274
790
6196
14820
12922
16561
4336
9222
3416
976
11935
8833
8355
9148
7015
11294
8964
5359
6352
8010
1353
10314
7465
2106
4669
2853
7911
1093
1109
5567
7363
146
15419
6647
13771
11651
1855
11928
14166
10317
8767
9683
16670
10637
13201
14064
9125
186
8423
2711
16271
14196
6756
4596
17053
6913
3156
9316
2237
6786
9073
14813
11233
16044
12833
5300
2284
12185
13437
1446
933
10810
11049
3027
17372
14285
10824
2480
4868
13834
7602
9390
433
6487
14246
16905
14083
5586
11864
8085
4736
1436
3941
8565
8907
10029
10682
9529
12925
8259
4632
15465
14662
13573
9855
4552
7852
15868
9989
16909
16243
2085
6355
14020
822
1362
11638
4668
13264
748
3902
7004
4409
15612
175
6461
4508
5473
3294
3922
13431
1620
16969
7258
96
462
8066
5581
3799
4463
5036
9409
3346
14876
3113
3005
5208
3755
4432
15486
6184
5103
11702
15016
5837
2952
9473
15158
10352
12301
10278
3018
7089
1162
12932
16940
2764
9660
8545
10628
6664
2760
9914
5862
15590
923
15150
10500
7269
7836
2256
4292
14048
9509
7279
13717
1057
12884
11004
624
12994
11116
1017
5798
1170
4376
3358
9427
14085
15055
7262
11955
11559
11360
16487
7382
2200
11411
9140
7940
14536
15577
12899
9930
14171
6817
6271
9542
14685
11640
15457
14045
8165
10446
7002
14129
6493
11979
9061
12230
8598
5327
6744
9917
7331
942
5912
1625
9165
16606
11610
14575
12591
6223
4390
151
1172
4429
6922
1184
6615
14426
8324
3015
9650
3557
10251
4064
15617
5011
10128
9568
15877
8065
9975
11191
17163
12783
726
7497
15003
7580
16242
3091
1826
11329
1087
3318
16540
17064
17046
13190
4619
14716
11560
14817
13354
11150
4360
16822
7407
3074
12247
89
2038
485
9903
11772
111
1238
16007
3340
3546
17057
9246
10558
7679
4927
15710
8733
13620
3972
8017
1735
13142
880
6961
8465
6214
8646
11790
1588
2395
14059
16644
8697
2456
15059
11293
552
7485
16208
6731
243
1803
2825
14222
11030
205
15019
2662
679
4892
1466
12501
16211
10888
10902
11953
11013
16317
15670
15943
10145
206
14847
14247
922
4541
8696
16423
4797
3605
11460
5790
14981
8681
15840
9745
7628
14777
5969
3203
8370
12897
13728
5681
4020
7285
337
11244
2166
5043
8338
10239
8997
10141
7651
6777
16309
17050
5648
7813
3138
8754
9949
14164
1241
10512
10329
13753
11433
2392
1072
830
14830
798
12344
1411
5221
3974
454
8731
8334
1730
4911
5262
3577
14937
5628
8587
6466
45
5739
8468
11566
12774
3439
8280
6028
16985
610
15491
4455
434
15922
17128
5622
4070
7101
2782
11256
8971
5343
14849
1581
12218
13343
58
7768
14712
11663
15966
5830
4252
14010
6618
13240
62
4606
7681
165
11815
7108
8609
8818
6342
4178
12686
9174
5085
10878
7175
2482
905
12939
13198
9000
820
7615
4941
2428
7284
8747
10472
13855
8798
4319
13141
269
16624
5075
8075
10122
5324
7155
6024
1267
10312
2670
7231
6900
9718
16753
8426
4181
4332
3733
892
15638
11646
17123
7335
15813
14804
14819
2092
8765
13363
4544
12452
8579
2402
1030
7266
11606
8430
12342
4989
4277
13184
8893
8858
10059
16486
5771
6117
11448
324
3658
16830
7494
5789
1097
16458
1452
10019
2308
17031
13984
7463
16259
1945
10000
3433
8920
3403
11800
12986
13113
8815
6838
1418
11828
7405
1756
15627
3726
16339
6761
16877
14630
6534
2326
13930
8493
6108
3560
9601
9638
13243
7773
5633
12785
5545
1994
12968
11561
12005
1628
6115
1440
1218
2823
2937
15846
15475
13539
11016
10245
14872
14620
6131
4298
3471
2155
14918
1914
6554
14237
4687
8930
14263
2316
9382
3296
7949
17021
12149
8159
11882
15049
5003
16808
11429
15584
13338
9184
1990
12784
7060
10361
3512
17109
7868
12166
11044
4597
4127
8025
15959
9945
2815
14436
7804
6907
11453
12590
12085
1173
13681
11914
2286
17226
14294
15347
13255
6994
6737
167
9734
16035
9871
5534
1328
440
12259
17296
4681
11318
10654
13210
8746
16484
3547
2666
8315
15399
2024
7534
16512
386
17190
8390
3008
15848
7212
3140
16094
9430
3227
4854
955
10356
13393
15044
17170
14283
9557
15557
15742
9974
4448
5143
3370
4790
14223
11687
1010
15199
11998
6050
12646
7261
6600
8943
5505
13794
5233
12282
2902
15073
2162
3434
178
4466
17013
5341
5356
5424
16238
10713
14369
3946
868
6996
6199
2828
5100
1054
6149
7281
5595
2105
13531
1959
9553
3451
11727
2483
2974
15758
4721
3389
5340
15503
8938
528
4172
17336
13086
1451
3017
9657
452
3056
14018
265
5930
991
8290
1972
6703
8412
5825
15854
10207
8751
1553
9598
11032
15271
7128
5390
13044
6551
3127
5817
15659
1064
13950
8560
13316
4662
13727
12849
6459
1655
6491
2479
5701
8884
9065
2377
11630
15850
9655
13381
7017
3924
12864
12176
15102
16253
5425
8343
11934
13643
1079
10229
6935
2807
10854
6920
13712
1013
115
10518
12828
12700
12491
8362
3947
13358
535
12179
11745
12017
8656
7323
5373
1491
5635
12955
14422
375
9282
2098
15559
10107
3352
5237
3772
2798
8071
2044
5692
15332
15449
7519
3010
11175
10943
5735
9621
15816
12481
1031
9303
2945
7377
13653
12310
17078
4351
7774
14383
11701
14624
14584
5362
16784
6056
6174
12519
16660
3280
10078
14519
14604
3102
6993
14844
16532
1065
5216
1980
2916
16666
519
7854
450
2896
6449
15238
7093
2294
842
156
6192
1366
5698
5464
2911
17155
4974
4943
760
9225
3543
8584
11119
6061
7031
12465
9213
12451
130
15731
221
7064
11793
12982
10097
4958
641
10342
17161
945
7452
7607
7574
10213
5185
9954
4444
9391
16788
17043
12886
12288
14561
11691
12622
6467
3251
5680
6766
6649
10373
15834
16578
11785
1966
15985
9263
16483
8032
9243
15237
1396
9208
12966
16643
5675
4135
10524
15210
547
7321
14794
16947
692
12189
15633
5614
11930
16265
11386
15113
10330
3045
14732
4766
16055
13617
9253
15431
16957
8796
5560
2894
13839
17052
11406
10622
15065
14449
16590
13870
4981
4176
9626
6385
7283
10593
8405
8730
10836
5876
16846
9477
4563
5287
12536
5346
6645
15211
12358
9990
15335
13925
5440
6075
14676
8548
3514
10123
12527
11820
13023
11254
936
14952
9928
582
8013
5228
5156
12167
13400
16658
17351
15769
6770
12984
10515
5885
1619
16477
16020
6103
2717
6808
3191
4426
12368
9255
9024
3276
2736
13667
6596
6980
16726
10194
7342
5439
9819
11515
10443
13320
12015
298
7217
12500
5268
12950
13419
12147
10423
2416
4682
3592
1571
17359
10521
14854
7653
5501
6899
11089
12952
7877
1902
13583
15514
6613
5503
5474
3326
10478
10475
29
6030
9490
17361
6283
1500
1686
3093
7902
14109
13856
5756
16669
10608
2904
16492
12222
7203
10311
729
9664
9384
4447
12317
15267
555
13986
6380
14972
17023
14138
12693
7360
14465
10831
9589
12800
4262
11870
5385
6154
16554
773
7914
8846
2608
12246
6572
4278
16596
14089
5533
9741
1633
10885
12613
1940
1159
5463
12175
11111
13202
1156
17065
2852
14213
7068
5166
6541
10516
6873
5010
7515
16990
4918
8717
1215
3919
15119
4386
8867
14766
14488
13476
9130
247
6740
9921
8643
14605
8048
9109
7191
2805
4995
9211
13285
2042
10816
7338
13574
11302
16069
16728
16767
10778
10368
15440
12535
6116
2186
5119
781
13254
3533
6956
13467
12042
752
12730
13196
17315
8163
12927
5945
8413
10861
7425
67
14329
2245
11262
2724
7476
11500
15723
602
5451
16944
3239
10156
9955
8902
10729
14402
12838
5386
5088
16367
8233
3900
3048
7393
968
1626
8246
7850
16364
16396
680
1506
4462
7922
9335
1542
12872
12090
13406
2759
2630
3645
997
3202
14437
11080
15143
14395
11023
8033
12756
13564
4824
5316
7631
1316
3627
7714
14737
5097
9119
14588
7662
16460
14435
10704
2538
9879
7678
236
2961
16665
13429
3211
10551
9297
4239
15809
11752
11613
12846
6943
2225
8979
7180
792
3413
15913
15317
12201
6503
17311
17213
16937
11367
1348
5518
9541
15776
11806
16721
5030
8128
10953
13146
15652
3259
10771
13578
8838
17215
14482
8473
15941
16212
14806
13367
10184
7527
9480
2150
11397
5234
273
7921
7705
12499
966
5721
5722
16179
12990
14808
10984
9746
2810
8342
10825
10747
12526
9959
8887
12375
16661
3918
1390
2793
5301
12554
9298
17366
1282
8458
2590
4107
1438
6043
8171
1131
15305
16072
11210
940
9283
2895
7731
12442
2020
2596
13237
9081
11659
7078
6085
7439
5506
8009
6779
16081
12834
14896
3262
14104
12731
4456
1227
1455
3616
12978
9240
12152
564
11100
16002
10616
11804
4477
9001
14359
11959
6583
14552
1212
12777
7280
1456
16393
7095
16709
10445
6365
12428
9365
6479
13085
13382
15077
136
5512
7708
17245
11320
13304
11130
6066
7198
5815
2255
4066
2512
14963
11669
13353
3037
15375
11895
10279
14094
6044
7109
3896
2607
8647
368
4904
9787
11539
5802
14879
10784
16945
14767
4220
5922
14480
12537
5322
12052
16464
2775
13157
5731
13680
3254
6568
12695
12570
755
1802
8588
16814
1672
1992
1321
13740
16381
16656
5719
5524
13292
15365
15575
2404
8099
9896
15443
1073
14324
1928
15127
5465
14265
1991
14586
12204
8926
5500
13650
4399
12795
10840
16646
3893
16027
12538
812
16787
11954
5354
14044
16301
15264
9487
5491
3749
7943
16996
1769
8616
3689
5205
10235
12657
9731
12942
2672
2123
7326
14708
12810
11899
3462
14650
9286
14602
15777
157
2288
9966
7379
14037
989
10111
9747
16012
11218
3033
16221
5273
9724
15975
15301
10785
187
5429
1987
4368
4860
3277
3927
15382
9478
11180
4149
3100
2947
10769
17200
12071
5908
12875
11809
16793
11424
15255
1698
15275
11583
3180
5564
11556
13091
14472
8497
1402
3852
1840
241
12437
6550
983
10007
17273
43
3345
15161
14600
15518
5004
10986
1428
15982
11299
9618
5225
2928
3767
8600
6767
11974
8735
3044
12459
357
246
13305
16575
15230
6719
7310
228
13981
2786
14019
5412
4387
14941
4058
14690
13486
11489
2147
6298
4311
6882
15906
5677
1832
3270
5958
15329
3404
10643
7542
478
10684
2727
3315
9252
498
1740
7598
4260
13442
10891
4012
5808
5643
7118
5332
318
12946
13827
5573
13057
3975
12106
3379
11484
6304
16838
15694
5140
14254
16434
15353
9182
2131
14441
16409
5832
15472
9702
4188
8727
17266
14546
5951
1364
3131
4912
2835
8862
12628
8003
1378
4751
4722
15395
14497
16607
3810
4098
10711
7927
9873
17108
3570
11377
14753
11549
8102
11177
12820
16444
12964
13591
4971
7668
16197
11202
14729
16041
4093
14393
14398
5187
15051
10053
15240
8651
4373
13945
9423
2113
3517
15843
11348
4885
11241
13789
11546
6483
2650
5261
5114
6357
16495
10685
13173
1098
6915
16794
465
448
7752
6310
10205
194
1636
8852
11581
293
15536
2918
12467
4061
2886
9416
217
16456
14929
12998
15691
1433
56
10494
15050
16557
16054
3461
4424
37
10257
2674
4406
12865
4131
15602
2195
5590
12114
16582
13715
15146
2230
7432
15594
14589
1634
15345
16140
14672
9019
13872
12273
7185
8933
4916
6049
21
9898
8431
7612
16895
10169
15088
15778
11728
16162
7049
8725
12944
6653
11114
8722
17232
13755
387
7546
12340
8310
7096
439
3385
8067
8790
13069
962
17317
4802
4865
3766
425
4743
11118
12918
14452
6428
8669
7431
2531
10488
7710
8569
17098
622
2246
1110
1453
9159
14880
1160
8939
13203
10212
3031
924
2591
4784
6415
12397
16725
12020
2678
1974
14572
5468
6599
11538
4452
182
17035
6908
4133
11313
4059
7564
4356
6086
39
6967
1462
768
6019
10085
13384
7833
5887
453
13369
14593
2476
9705
17183
4408
16748
6693
10930
9666
15137
7220
11440
9662
15933
2109
9680
5014
2229
3371
7240
1194
7760
2884
4910
270
16475
8139
1053
12912
9113
6034
13972
12915
11117
2332
7968
15272
7348
17038
10923
13909
7959
14688
38
2751
16335
12668
15524
12598
8002
6821
2564
15664
13475
5685
7808
441
521
1399
4235
9543
16124
2832
3363
15732
13470
1351
15814
12107
16636
5278
3148
6856
1811
2535
2525
13336
13416
3182
2748
3219
7256
996
943
9319
8094
2876
103
1627
16966
16970
2417
6783
14977
6982
13365
3629
3362
9645
3050
15765
4550
9640
8443
11436
6887
16350
15505
10010
8028
9083
5827
10830
12083
12858
1384
12059
16729
10556
16550
5570
15110
7422
6295
5836
4817
4847
7936
8419
3515
5753
6176
9571
15028
6735
12887
12594
11410
789
9695
2465
5072
10914
2625
6500
6470
7418
5352
9663
2397
7436
10487
12227
13698
4137
13278
9790
17299
16358
10301
9332
1852
10271
5314
6853
11714
11277
5927
14293
9881
8475
3160
17193
3576
8454
3659
4034
50
15403
3376
12190
11582
14505
4446
16343
8638
3933
16348
10579
16414
12840
3641
10706
6515
8227
10023
7962
10749
11158
13900
13147
10109
3357
9112
3188
9823
10385
12045
660
11531
5034
9807
16056
2298
14261
346
10543
13589
9038
1211
10394
2563
3483
204
15302
14965
5738
15253
1772
7361
15997
3412
1461
261
15653
9173
10402
14227
6172
10804
14574
6499
15979
477
11457
5475
2000
17205
13997
10139
9396
7254
4285
455
15579
14185
4122
4846
7138
11726
2526
4201
4268
11455
11712
16199
15917
14507
2452
4764
6112
14615
13527
16215
13567
2788
4651
5389
12675
12829
10733
12302
5155
9242
13439
16632
16248
17341
3788
1239
11052
10221
15960
1383
2675
14080
11493
5986
203
2183
8918
5355
15668
7490
6173
15098
7755
3856
15100
7340
6966
1862
5087
10340
5460
8597
10989
4096
10321
10719
3476
5377
8359
4579
13078
16777
13532
10969
533
11983
4735
3945
569
9158
6983
1771
6768
11330
16108
16948
16213
3510
6755
3382
7065
3162
3111
17011
15984
4050
1377
7295
5937
10783
352
12588
7448
632
14762
14787
6754
4438
12199
5528
10264
2350
2750
17118
16425
8392
5706
9938
7073
8300
8344
13413
11823
12728
8014
2575
15330
16584
6642
4520
833
5063
10357
6620
12425
2878
1749
14058
10299
11273
16333
9179
5886
16446
7037
7011
10987
9010
1764
10517
4570
2403
2792
15828
8822
9230
10956
4990
7160
3264
5001
4310
13563
9798
9733
7481
13992
70
13749
1743
14984
7792
2005
7576
16798
14289
10104
11235
7238
12154
7798
4112
9475
4169
13541
1675
4028
16740
10172
3445
8204
9818
16031
0
8812
13311
517
15822
9467
6065
12713
12161
6128
8946
16692
10198
7230
10432
11357
913
9357
7869
2712
17007
16923
2664
606
16075
475
382
5304
7975
13552
10437
2668
6404
9842
431
16904
3955
16346
15764
11153
17207
2699
13269
14490
12262
11579
8642
811
16249
6294
98
9805
16697
12278
12150
6473
12910
4529
1103
14756
7470
8417
11700
10255
2533
14892
7912
2320
11690
4369
5522
8821
8567
2396
14011
6852
8952
11190
7549
7274
12275
8889
4754
12122
7455
9969
1808
15308
9217
8070
2408
16717
7913
1291
13246
4459
14200
5272
14978
6460
1459
6398
14053
6441
10636
17095
9460
15093
7251
14961
10694
8816
2547
16236
3848
2435
13299
10136
8761
4855
8279
2510
520
1240
7104
13464
16857
183
4712
15129
1564
4699
2405
2008
16679
14445
13440
8425
6317
2096
10092
5029
11748
17338
7012
16750
1967
2223
15825
11716
12573
15276
10179
2601
6689
3084
8894
2998
14102
11766
9347
3932
16736
6705
4975
8544
195
1833
7620
916
16323
2198
15436
808
12907
8720
14739
8201
4665
10099
17344
7201
3743
4697
9678
6842
16154
3406
9279
6462
3021
8753
4828
11597
15501
2202
6457
12031
413
17027
12258
554
895
9725
5456
8589
3151
3158
6502
14282
6121
6256
4946
14905
16813
13090
10683
3583
5284
13940
11148
4514
10681
16316
14136
4097
15463
15961
15411
10098
14326
7745
5461
9847
295
10901
9214
13083
10564
14176
13039
11997
13414
15078
16633
11550
9363
5955
4478
9737
10206
16462
125
7604
9032
7614
14050
199
9906
2334
13186
14394
652
7106
8903
8848
4675
17288
1668
1606
15439
12602
15936
13937
9275
8350
15371
14017
15662
13969
617
3167
13143
11860
7753
13228
10559
10162
4937
4513
15995
10754
11260
1794
2969
17269
5861
9152
6251
9754
16407
9437
7409
10297
7518
1044
17129
5493
5788
12856
4279
3397
6517
11514
10185
9804
13150
541
9011
12778
12456
10052
1497
3980
1476
12809
16313
11255
9087
9463
11890
55
9569
12188
6543
1419
11029
6171
1492
14614
1880
16152
9594
6226
12234
14502
10508
16013
14823
9260
104
16306
10912
15715
12677
7677
673
2391
14882
1610
7435
11361
10267
663
4467
4087
17295
1575
7585
716
2963
5375
6341
12289
14457
6804
14870
15455
11759
13518
5921
9137
16546
13049
5371
13339
14111
13441
14759
13388
13067
13656
4582
8780
10083
14559
6409
2891
8217
12306
10413
11530
16009
7722
5248
5432
2499
1225
15783
16231
1983
3069
16096
12688
10691
7296
4338
12735
3518
7329
6018
4119
7351
12403
14069
5903
9933
15705
10427
11056
4005
3116
12637
1207
5976
1432
14523
3446
9328
11392
17327
5135
2353
5835
3336
16805
367
9136
7822
3864
10481
10673
12432
9952
14884
5219
16273
832
12869
15246
6406
3463
8282
6248
7702
7486
15572
11234
8209
5658
3798
5523
4065
14000
13615
4130
12975
7018
14007
779
13858
3654
16274
12079
7493
13048
14551
2926
6662
10197
14036
15372
15180
2463
6430
12307
4547
8956
12135
4695
2018
16292
1379
7897
123
15892
13457
9785
8057
5863
8241
15953
12957
12336
10523
13824
11517
8824
8330
8736
1820
10583
7992
1309
5717
2172
10858
10995
7343
15482
16911
6617
4702
13890
13297
7845
4501
14370
5574
6147
1897
3881
10418
3508
6545
8327
3170
9700
13556
7136
685
15111
1517
9311
9637
4972
15060
12013
10746
6823
2121
3910
3322
1594
3051
3334
3748
13983
14509
13825
5037
2393
13298
11378
8599
10041
9526
7675
16003
11398
2781
16288
7029
12539
7623
4560
10142
2616
310
3374
5117
11093
6829
15376
8155
14126
14462
9234
13849
15618
13877
2471
15707
2278
13679
13208
11602
15671
4254
3449
675
5511
14024
9169
16101
14513
5329
2909
13461
11534
13056
231
5547
17032
4442
9575
10633
6537
8354
14625
1143
843
6875
11001
8086
10774
16984
13126
15193
6637
9223
15632
1195
12561
7793
3073
4397
15326
12316
12705
17209
17306
6885
3205
11474
15817
9672
13765
8026
12372
3811
1925
8874
13931
13646
15771
10014
5145
7052
6999
8202
13902
11635
14692
10284
1061
12516
15356
10035
9220
14188
14542
14360
17145
15637
12977
1187
11074
14947
15227
3029
3253
1821
14344
1074
6574
4088
4556
1979
1676
16478
17
12284
15135
4468
2661
10393
10620
2254
1744
7103
4545
10842
9886
5323
10270
12997
1773
4559
16744
6661
590
16497
13630
1715
6590
1661
11309
153
5787
9455
4686
4286
11271
9584
8051
2047
12104
13778
13920
7809
12186
3133
2285
274
10492
15614
11532
6871
16058
9596
10851
5824
4288
17203
3375
5599
4689
15149
6562
2276
15804
14943
10280
12721
2740
6631
13990
11478
16033
8024
5176
7369
13734
3951
14968
3712
4652
13546
3130
658
16589
1255
12971
7241
1835
2795
4862
11542
11414
1045
713
12351
10204
9176
588
15916
11619
15104
2829
2667
801
11487
16762
13504
15561
438
4144
11006
13385
9163
259
12577
14800
9248
326
5445
15750
13621
10400
9329
13536
11124
10650
7617
14453
7743
6158
7572
12837
15586
7835
138
10196
17253
13327
7547
8049
12823
9236
10705
2948
16914
4690
101
6168
12576
4741
317
7739
12472
5711
10748
16657
5772
2119
11083
16057
6007
12878
11655
10949
9760
7956
11143
7187
14057
4964
2936
5839
11091
13136
5666
16759
15969
11919
1679
17137
5179
15712
11673
8877
6048
8741
16476
2124
16938
8694
1458
2445
13896
8916
8118
7966
4400
5795
14456
4633
2325
10088
2906
10372
961
15090
11418
615
14361
68
5562
8095
3861
4052
17332
11853
12866
2410
2357
6245
14489
12422
12369
10250
13177
2215
2270
1957
2261
4404
12670
13603
2437
6375
15881
3032
11163
13332
13340
10261
2021
5911
12549
934
12892
3316
7116
8885
12836
127
7957
2312
1150
13345
14730
1320
11463
10567
8006
6893
7964
12126
13674
14653
25
14526
7707
11649
9829
13836
4417
12012
16610
9982
12345
11021
3729
10732
4607
6745
5782
13179
10389
13871
8297
701
7659
6869
1490
15555
9715
11138
15597
11167
7316
9597
7086
5416
10474
640
4482
10884
12174
7197
4787
12921
12343
11645
12223
24
898
2429
1839
13741
6763
13571
11886
12371
8766
8648
16141
10190
4179
3934
9764
7131
11206
14249
6439
16388
15363
2718
9444
11003
11763
11633
14156
15281
16303
872
5764
1416
15209
2366
14706
16560
8618
9175
255
5538
1770
2174
15061
4655
7740
5644
4841
15925
11761
16042
3286
6060
9632
12611
13912
7506
2824
6382
14260
8810
15164
5236
12117
8941
12767
12490
3905
15897
11452
9143
2964
4333
14988
9205
9489
3867
1746
2264
8185
1075
12350
9292
11253
10813
9940
13296
6635
529
13817
15523
1121
9511
12566
11916
16800
2478
14906
11285
9074
4737
12419
17000
14889
10853
16353
2975
4684
5726
3169
11208
12564
4001
8367
7716
16749
16758
13003
5259
14221
12241
1132
16445
2488
9468
13273
6275
897
7105
14199
9344
1513
8807
13747
164
7597
16053
5485
16571
4617
6881
3815
12876
4161
2897
16537
7
5173
13495
5601
17353
7663
5453
16247
9615
644
15483
14992
4903
1710
4881
9536
9153
594
10150
12563
4987
3063
3490
17104
2519
9229
10431
10073
9588
17350
556
2873
1385
1742
13341
13944
6424
8100
15350
8192
15387
753
11837
1763
16861
6148
6858
10126
8572
14209
3319
15587
1331
6918
9826
5823
12026
3422
2840
5448
11467
1357
4222
12943
8992
2041
10281
5563
10552
7859
5446
9086
503
113
6322
15131
9552
3571
3123
9743
13791
5472
6308
15567
12136
2542
6418
3487
8989
4018
13942
11592
14776
12666
15170
13722
2685
7350
13936
309
15703
12618
4269
8897
16780
12742
7532
12050
4538
12645
14363
5283
4921
16533
9443
17150
2942
14291
2279
15929
10268
285
13144
5144
11725
15479
6595
14579
3608
2292
3030
585
15571
1400
4861
6175
4475
2875
13226
11053
5489
8061
550
6652
8318
2071
3353
15918
14491
3790
11557
12969
12008
17263
13512
7447
17300
15401
437
11458
10176
16617
725
8614
15314
16871
14634
392
7691
16680
3968
865
1694
16629
3317
5297
5015
5450
2534
7669
6255
15806
1501
5454
3732
16682
16831
4120
3474
8145
12367
17363
3598
13642
8621
16688
9508
2037
944
13101
13193
5983
15261
8856
1570
1372
6105
12398
4357
1295
8397
796
9308
1829
4398
7242
4820
5286
13249
7543
7948
4939
2939
8205
17113
5806
6417
5940
14356
11836
10174
14957
16060
16408
10776
11875
1358
11634
10376
20
2957
11969
3096
8514
7289
7292
11042
14117
5344
17028
2958
5436
8716
3409
13491
6886
15711
3187
8391
14371
4679
14121
10380
2115
15604
17239
7892
1111
5026
15214
4109
16686
1544
5550
3829
11504
9239
844
14934
57
460
16004
13319
14148
3083
8386
14946
3854
3936
4322
7999
16091
8999
15284
4121
2715
5312
1048
8476
2438
10215
13447
1580
7244
2653
6880
9693
6944
5577
16769
14780
9267
14560
14660
3838
3609
11794
238
8963
8769
339
14152
6243
5025
10232
303
15599
1924
9563
2646
9256
11574
10096
12736
10417
10777
6067
1782
10647
12479
4041
13598
3066
16093
12514
2870
2181
8052
17136
5313
15748
13522
13498
7861
6785
1168
1810
5227
22
13303
2631
15385
5074
5678
14774
8594
8559
1340
5870
12488
234
7205
1094
8308
10513
1875
7903
15605
14022
1014
12635
5948
10387
9830
13911
7328
12723
35
15645
4844
6408
11502
3356
14358
2253
15606
4225
12055
3835
3762
7647
2639
16016
13458
1754
2557
6126
7963
8173
5392
10850
12014
9832
3674
9909
3695
10441
11331
6320
14667
304
15801
321
13261
15165
15099
16287
16011
8285
4734
10094
8136
10996
2561
4248
8331
8929
405
891
7640
904
5482
3520
15484
687
17062
16473
6738
15676
15869
8534
4036
11715
3813
3152
6990
11376
14960
16631
14773
17042
7735
3421
8134
2730
9412
13333
14438
6218
9257
17168
5045
15415
11189
4515
11825
15540
7673
899
10741
1569
16833
2877
11198
15297
7696
5107
784
2427
1612
8890
1277
15855
254
12483
7461
1690
59
2457
11333
11368
6678
8230
7525
10829
6471
14002
15084
6008
15692
6270
16447
10154
5552
5238
11684
16322
7732
16172
2422
15859
5397
13848
1029
15812
5555
12532
7320
6977
9049
1540
5421
8212
9361
15517
1071
11062
9200
13923
6311
15811
4282
8038
2626
10687
7121
1755
4646
16761
9653
6556
1796
10852
8784
1734
777
17030
11362
7503
3035
9843
2461
11905
10621
11871
13886
16032
4801
10450
16971
6272
15837
349
5031
1918
7413
1102
208
15856
821
9704
9472
13704
856
1034
6377
5867
12022
4151
6937
3236
11520
4713
9566
15658
7676
8690
15907
1729
9977
361
2345
13572
10065
494
17369
10817
16083
12265
2814
5750
5279
15349
1638
8652
13448
1921
7685
4546
9730
16061
12680
12394
12987
17026
14194
9556
12676
1650
286
15880
13386
12762
15002
10378
11851
10334
5556
11035
2426
9410
13000
14764
7889
4077
11656
2315
10623
13449
17058
12505
12216
11603
5778
13530
13894
14909
10491
14179
3186
12759
13229
16789
12210
10247
16023
835
13596
7207
7000
5289
1913
13605
5387
2866
1253
13397
5400
10883
17081
2303
706
7208
16995
9580
4565
10762
10121
16539
13963
5068
17158
11622
9786
5804
12806
12441
16931
4116
5229
4539
10722
8678
11381
3120
4099
4554
3502
3917
7005
3745
532
1273
3089
347
12119
202
697
8794
3719
16797
3868
8353
5342
14404
568
8284
15118
11528
15408
6203
13697
4141
16778
17039
7633
16184
14075
13843
7886
14903
423
308
5388
1
6095
6701
16929
1708
5076
1609
4168
15384
3444
13174
14357
657
11607
16359
11380
4407
11476
2577
11488
9197
577
9392
3661
8389
9740
15890
12329
10419
1548
14055
4371
5125
16176
14985
1196
14738
5271
14544
16616
807
4276
11671
12933
7747
11675
7239
4258
14280
16276
17355
7733
7832
7601
611
4385
9918
16858
7008
6165
10812
10304
16325
13948
6724
8665
2227
6087
10561
14917
373
192
4627
11431
14920
3136
6469
2287
8795
15585
16674
4612
7107
8734
14754
7035
3801
16225
6916
6519
3883
6263
4915
8802
15142
3970
15761
4837
10925
240
14639
17374
10837
9178
12815
14885
16791
12450
15699
5159
6717
14958
3013
14635
13663
10787
8523
4075
17008
10338
1842
9077
5310
12181
9681
10336
10093
3899
3438
2148
16193
8693
12239
3298
15327
15976
12007
13581
9904
15875
4692
5780
10761
8764
7900
5831
15456
4014
9268
3525
5391
14928
16244
12636
17290
5532
5578
7997
584
8083
2139
14940
12903
17096
11043
10535
2660
13407
12609
12215
2579
3714
6039
2643
6752
4866
5596
4324
17235
13506
3174
13131
9013
13409
11710
3876
16587
8624
16185
11498
17221
11079
6709
4813
2694
16384
16406
15241
4303
5509
16840
10587
14951
14122
2125
10568
1392
1567
7700
10834
378
4838
6407
8861
6201
11775
17271
5968
4499
9953
9273
537
5067
9436
5769
7233
10390
6200
4973
8566
1745
8698
9354
16662
878
9516
11843
3002
14458
2827
12066
3108
13265
6948
9507
7019
9041
9875
6809
10401
9534
11345
16559
13301
12388
11631
2854
10786
13638
10448
3647
8267
1911
340
7961
1905
112
1429
10994
17059
4471
5878
11107
17243
9960
1095
14198
1822
11960
13957
8372
8439
3870
3734
10411
2188
3794
4342
6814
8196
13510
7801
3959
9852
11456
4242
15458
2173
7458
3858
8161
12416
3440
2423
7636
12850
3099
16534
11475
1998
2100
6447
11134
14406
15213
8723
4976
13011
10406
4832
850
12002
14298
17270
10339
1365
2537
9616
10936
11364
212
12525
10485
7097
8123
16856
3807
5942
1007
17297
7087
6850
3599
6721
8394
7874
7699
4945
2571
4484
7750
4138
819
10959
2797
9002
7533
14809
3218
6139
5517
903
2468
15318
13459
2544
13047
8878
213
7905
967
12091
1077
2367
3601
3690
1671
12141
6955
1592
2075
5298
12744
6349
635
11387
8713
3913
12916
4043
13987
4843
8580
193
15283
5740
15799
9338
12816
8115
9042
9697
15195
3717
5305
13176
16366
15291
10753
16508
13276
12696
2407
13735
5183
1388
319
9723
3168
8629
1473
14945
1702
12049
11325
10957
11350
7930
17323
14613
5285
9294
4294
2459
15087
4653
8232
631
8637
14133
5078
15641
837
8756
3942
14807
8719
11113
13250
10999
3602
8968
14425
14273
2914
9266
7400
16699
8020
1381
13895
7273
1640
9141
14565
5039
8555
3678
8455
1176
252
938
8522
16687
257
2401
10160
7858
12973
9595
12789
15500
2218
9376
8644
16063
1635
17178
209
8433
13025
13018
3957
11461
16109
7113
5467
141
10453
8109
5077
11242
8873
8307
5252
17236
11346
9191
9694
7186
15159
8966
1119
1970
17187
7027
810
2731
1964
9581
16845
8888
17206
6933
491
2863
13801
11229
13622
6528
5139
17049
6878
7324
6958
10246
2683
3266
4518
6498
15306
2371
12294
907
6523
11717
3713
15974
6697
762
1825
6177
2387
5747
5096
8336
11999
4511
9464
17134
1324
524
6526
14770
2726
3966
2613
14763
1523
1134
9716
15621
7516
15593
14993
920
15091
11536
14953
7799
4877
3109
8842
11454
322
14576
5083
10214
14545
9134
3503
11795
12621
15053
7480
16908
4654
6110
4023
8707
8955
14654
839
11782
6302
15260
5796
6972
3979
10560
12764
5884
2420
12788
3230
14309
8498
13807
8326
13493
11373
14087
4969
6720
15589
979
10140
7075
8261
11943
13618
14
8800
7026
3067
13511
1827
3011
10678
15921
9459
14702
3391
4889
10605
17036
13124
5180
4678
2012
16499
13819
16372
16663
10116
3164
14719
16542
7622
3993
3261
10470
3536
7426
6433
6672
12937
4207
3106
15361
6323
3706
4893
8271
2841
4196
13158
9458
14533
13280
91
10937
8562
6774
8506
9131
14259
4396
6494
7624
1370
16385
14894
3747
7909
7232
984
11698
5381
12035
4778
618
15250
6505
13599
6146
3549
3771
13947
3020
10981
12643
3882
229
15027
7059
6601
7252
5537
9738
8615
6031
9005
3275
11577
12562
10192
14742
14757
13998
7290
4370
17248
5018
8479
2143
5841
13549
6125
14178
14015
7767
12001
1183
4580
13471
16167
3304
7100
15684
12949
14857
1618
6249
16963
1232
7899
7536
3737
15355
14715
15866
11009
16496
1584
248
7401
9272
3696
3754
12750
16936
7152
13267
16073
16029
16548
7824
4536
73
9054
5763
9121
1704
3007
4198
4789
14107
10391
15215
4153
12321
4011
7748
2265
8287
16209
2355
5105
471
10715
8668
6797
16087
5834
10790
14506
10735
11432
3990
13172
5294
4774
12715
16171
3153
3155
11936
5092
10379
8153
14971
13420
16869
15496
16080
10018
8191
1932
9993
851
10625
5073
10038
14779
8847
5469
14709
14318
3538
11129
3607
14646
5005
8447
9861
10409
14691
5883
6346
16724
8519
12110
9428
14275
4221
10335
1888
11846
1786
11427
8132
12076
14775
12962
1947
451
6
11110
4598
12131
10738
4624
13161
3386
4078
16694
10436
7521
6927
591
3759
7030
6040
15980
9876
11758
9513
17047
13356
11144
12374
480
4618
10228
10926
13287
15957
13893
16812
10233
16952
3117
7054
6640
5177
1573
1982
15998
11868
17004
4287
4666
7229
10327
1834
10322
4174
7806
1948
6612
5917
4656
2470
6038
196
16378
2031
3967
16315
17250
13207
707
5580
15008
12669
1891
15476
3480
5079
1795
16648
2861
14695
9227
7786
7829
11031
2072
13833
7482
4024
15689
14006
4983
15510
1859
9668
107
14127
587
15862
4956
7307
13700
4577
13087
7358
1496
6658
14026
2982
9530
11924
16988
2530
11469
5576
4762
17018
4230
8970
5979
5909
13853
6396
9426
12574
6945
11963
1037
13194
90
6962
2110
2219
9435
9744
1986
4473
3643
10193
2453
8388
15075
9482
7762
14731
7362
885
16421
8104
9029
1605
4391
13
7424
5361
16638
5987
1404
3213
12187
4661
8640
11028
16469
12346
12708
5607
1146
13635
1158
4200
8160
8273
10167
5757
8402
5374
11063
3081
15112
3842
2406
15388
3312
10272
2343
7443
8168
11485
16876
1574
7734
6950
2708
15888
14169
11840
9494
15069
3283
10581
2424
12867
7581
5066
4573
3506
1879
7195
8004
4852
6843
908
8337
10629
1720
3220
6713
14587
5989
10152
13538
12557
5394
6094
10631
1000
5934
10199
6265
12254
16404
5732
544
10557
7446
6198
8783
48
4512
263
14898
2847
11323
5608
17346
2929
737
16673
3699
2120
17176
7855
15896
6230
14554
13687
1593
15319
16104
11415
8211
8876
3059
3584
17122
2677
5718
3775
2372
16893
3973
7545
16145
10459
15081
1613
8910
13168
4887
14599
15373
15200
8703
10323
11399
17099
12413
6082
14812
5515
11654
642
1250
13810
16641
4782
8684
3491
16599
6029
13840
14332
6431
15048
9652
2980
3582
15406
3667
4755
6901
12399
9398
14312
13766
8381
1961
16770
2304
7237
10074
15277
12326
4128
13006
2811
5536
6222
4677
11865
10138
12411
11904
12418
15720
13878
5408
5483
14926
9971
332
1975
15595
15126
2744
3204
14046
9380
5665
15981
17127
8909
3700
16126
7826
7079
12264
11501
9465
6277
15624
6555
271
7611
16698
2569
1630
8863
14881
6289
9721
15037
4944
9901
5056
4628
12552
13904
13165
8097
8214
10008
7159
9762
4204
7795
5336
4637
16182
8834
16357
12541
9203
12919
1653
1642
11283
13012
2347
12438
16825
15719
11991
877
445
6156
9355
15847
12825
17283
12319
12102
9811
16017
5334
17371
16181
10795
3458
9320
12579
10295
13360
13659
1711
5939
7566
719
15063
9671
6354
1867
1518
12212
282
12134
3885
10081
5499
8418
6728
8505
10062
15833
3585
16711
11401
9162
16987
12409
15064
6941
14612
7603
7867
15082
11005
11266
3359
11932
16005
7759
6092
4042
4441
9973
6985
9998
10612
14307
16106
6929
9132
4671
6970
16110
3524
3246
12665
13610
5923
12805
16371
15235
14979
8748
901
17014
9433
731
9791
10529
12196
5209
7042
11264
6803
2521
3890
11658
3722
14866
3420
5758
11459
2799
9327
1126
6811
6627
10119
11086
6549
4412
13033
2002
13595
500
1951
3265
17334
11564
13913
10287
16034
13881
16337
1124
1901
11182
15499
10230
11336
5080
495
11161
4746
1412
7127
1161
6005
9103
6261
14248
1631
10234
12191
15094
11059
17287
672
3455
10985
15072
1299
626
3523
3894
14673
1762
13284
10880
8387
12096
1646
2142
2574
5167
12444
2175
13633
10693
17280
5708
14167
2789
3611
2681
4418
2611
16821
10716
4219
7134
6299
1450
2610
8692
7901
3963
5751
8250
9204
11010
13847
7523
12513
10434
9510
876
13037
8923
6401
6181
9749
3076
13031
10589
8936
954
869
11287
5496
7505
14120
13455
3697
9994
6414
10273
10667
13443
2114
5793
4643
11922
4769
5148
8568
5539
11976
14484
3969
8549
3139
12400
9353
4265
12086
2545
13066
10112
3895
2010
7528
3931
15986
14333
975
5199
13421
2697
11968
1055
12010
5337
1868
15024
3880
11599
11767
1407
2212
3337
7122
13726
13891
15878
4436
14728
10366
14826
13472
15179
10758
5104
9170
16095
12893
1916
8606
2145
5317
6325
3310
12051
9713
16286
16310
11094
6741
10341
15201
1996
11990
11251
13116
6427
2603
14722
14277
2466
14014
10461
8356
13403
2088
11704
11070
12113
10669
1482
8399
15688
2589
13019
13074
3565
6370
4190
11040
1617
6897
7578
14374
15325
4055
4738
994
15685
3752
15447
3962
4367
14904
6928
13434
10889
11742
4611
11845
11211
3179
14842
15546
16235
12630
16117
13525
7364
5914
1100
9147
6209
14071
9864
15133
5848
17342
3321
3075
3019
7010
2509
4615
13137
4124
14618
14636
11008
3698
5320
1691
8446
1515
2749
5265
8146
17186
4998
977
2431
3769
1784
13105
9314
5733
8937
12323
16363
13915
81
4136
1294
8706
16901
9445
7007
17179
11993
12803
2171
7428
11109
5868
14405
9587
6237
7040
11810
4829
11894
15424
3978
15558
2322
1398
9429
12797
16318
3542
16435
13415
10106
14530
17072
8870
9492
11419
15950
11588
4922
4901
16651
5935
15610
14434
6307
11805
7782
14803
16879
9393
10870
6097
5147
8518
1876
8101
6951
3068
6333
3604
15374
14925
1092
2849
12360
6655
5007
9295
4676
6548
14783
4703
5630
13220
12832
3552
712
10240
7514
736
12224
13671
6113
16959
8236
15167
7821
14411
5907
8935
14661
6778
2541
3331
16953
5544
7499
6084
6328
3535
3977
11012
730
9895
13519
5293
16222
12940
5326
2485
14573
4047
4213
7226
2772
4792
2504
3448
5303
6879
5430
16566
13995
12655
15085
2709
2979
9318
12890
14944
4240
6518
9326
9803
10951
8620
16066
12989
1125
15120
10570
7396
668
12313
1732
17333
12861
9404
13652
13770
4800
14266
11826
2915
1410
12935
4715
15336
15208
1714
11620
14858
12178
7618
16467
11844
12642
12099
16718
3222
8424
15448
15657
16283
14671
7033
7638
9212
12575
15520
1680
12606
3691
6949
14343
5212
11450
5121
13022
16592
3781
6257
16811
3595
16614
3912
6273
1977
9166
10477
1799
3621
5382
17320
177
16645
12290
2903
8197
3009
2342
15013
7872
15675
5902
6685
16999
2434
10916
7222
13389
8351
15625
4980
4352
2099
15912
12067
13349
2543
2687
14647
17085
11477
8742
6159
10076
2920
12036
14396
14168
823
7263
2654
6475
12417
12263
14955
3971
7742
14154
3559
2532
13699
567
2199
9021
3006
2552
5330
7028
9862
1306
9866
10586
14229
12109
6621
10897
2293
17115
7828
7374
3308
8749
5099
198
16178
4037
394
16166
2885
4002
8063
5202
10137
2073
15502
12543
17227
10351
15519
10355
14897
13227
4733
13953
5360
9888
9647
11404
13362
15901
13684
13528
10082
9238
637
3429
10343
9894
17358
1051
2889
1670
3274
586
17110
863
11563
9350
15757
4585
14345
1658
16115
11120
7143
13260
13799
1297
16443
2943
2698
10324
10892
8988
1144
3364
15192
9812
160
6960
506
2493
5437
13850
4377
369
11931
15745
4125
13149
16834
11978
12435
7072
10848
13775
4694
12889
3569
1300
9271
10467
14430
11194
15999
8793
5814
11099
829
7890
12928
8319
2251
12851
16258
12781
4756
4636
17135
5459
1067
16123
7789
10563
11258
9685
15274
1422
11518
10318
11696
4835
4880
896
15478
12046
10157
12463
4740
13295
3226
5967
5621
5023
16897
4826
5349
8645
7627
10881
12753
4217
4780
8757
7235
13164
3224
12870
9055
4873
4630
14648
1522
15156
2669
6071
1285
10291
5364
1374
13169
10600
17076
7088
7333
14334
6193
11847
1214
7718
302
3201
15738
5981
12208
16084
2205
13702
3650
9606
11422
13125
16036
377
406
4094
12913
13347
15196
10712
13804
1721
5558
9064
13241
1728
3507
14761
4963
8291
7791
12660
16783
12701
9504
8363
14989
16168
6378
2981
16365
2321
16278
5130
1526
7451
15481
2633
11912
16703
12151
13898
10601
7588
12766
3783
4437
8700
1231
6905
9877
9772
6402
10924
9673
10058
13516
13070
3012
8542
8226
2356
16161
15459
9368
10927
10577
13956
17160
4988
13675
8488
1192
4253
3530
6844
372
12469
15780
8040
16098
12253
11084
16841
5541
3558
6877
11128
8994
11788
4723
31
9483
14440
13473
402
7978
10811
2034
12585
853
1541
13662
4218
14791
10709
4750
9846
2949
2540
3834
1757
13275
7453
14407
1608
4497
12324
16111
11185
14130
7034
16354
15790
4954
1263
14570
4102
8601
884
2559
4629
14717
7695
7972
15367
9360
13593
5956
8585
11015
6405
746
8996
10520
7249
8596
13115
15728
4530
7440
8141
14640
16875
16133
6616
1507
12672
13774
12120
5150
7053
6760
6014
9150
8712
3135
8499
11821
1251
15947
4808
8303
331
15949
16324
973
11058
16848
11069
9108
715
13451
1181
13521
11718
6974
9339
918
16180
11290
16502
10648
4902
5734
16896
11674
5379
4608
2378
1889
13769
14860
4587
69
17017
16410
6366
1944
13837
7301
2216
13967
12741
13865
328
12195
14439
16854
2940
3233
4205
15348
15046
14281
6684
4003
8277
11340
7896
1765
9334
8047
3247
11335
13077
12772
16772
11512
4095
6421
5405
12547
399
15867
10407
16727
1824
3478
4259
15924
16302
3107
16859
16853
9559
15737
13743
2344
5065
12515
12018
10965
2014
7938
4148
11274
8942
5093
12192
539
16980
4567
7224
11708
2968
7761
2023
16730
16481
6119
5952
857
11832
13543
9583
396
7474
958
3809
6690
8801
7928
14696
3887
8509
5519
10476
11203
763
11624
3739
7475
12470
15304
15262
14975
11601
2339
2249
4878
2995
1197
11639
2769
4502
9399
3314
7655
5964
11652
9462
6280
7567
11425
6825
8398
10932
5190
17074
12184
10468
16224
13394
13223
10929
9669
16246
7117
7434
9947
15057
5019
5852
9729
7723
14721
747
6001
6135
10200
13738
2629
4086
12019
6975
8982
16006
9777
10020
9825
2386
11863
11751
5358
15730
3685
708
2364
10238
549
2783
8269
15972
7925
4229
13714
10821
2128
8383
5052
10793
3311
3817
10217
12799
16089
4193
14886
7094
3380
3473
5198
9321
2381
6981
8908
10533
94
16950
15394
841
13109
15095
10707
13209
15221
4246
6507
3121
15454
14683
4082
6818
3985
1648
10909
14687
2152
6694
4394
8255
15342
159
5591
2640
6384
10939
13832
6496
8228
173
5985
4537
1559
1727
13805
16852
3633
16883
14741
4693
10864
1395
1896
9794
4216
7352
6667
3459
3112
15903
3768
2966
14149
10438
513
5803
1274
118
3415
4234
14056
10856
4698
13351
5331
9407
15477
8262
11521
181
16289
13689
2268
686
925
5995
3028
8437
5880
15354
5610
13433
8175
10886
15245
7487
93
11223
10686
8263
11653
2135
10792
9776
1703
11464
14840
8404
15640
12171
2250
16420
4189
13050
14197
8286
7496
16452
1465
5800
12084
11061
7297
11747
14423
11678
14868
8841
7161
16149
7421
430
1190
9164
16768
2956
8082
9030
4557
3703
723
2352
9878
9281
6495
16320
12714
12703
10974
15243
5896
13966
16328
17216
5737
1801
10130
9491
1759
4875
13430
14824
2083
8667
13692
12698
9593
6758
14170
14743
12992
1078
11359
2790
13167
210
1376
7489
11808
7471
8602
5961
4186
4084
9892
1217
10415
14146
404
2151
135
3159
3628
5695
5720
14745
12648
16147
8634
15560
13118
4134
7357
3163
15432
13908
10875
10789
1140
4236
2644
4068
10037
4851
11575
15236
6940
1169
16389
14278
15425
15891
12439
6781
9759
8504
9884
13968
2502
6292
3784
4753
826
16766
13751
6816
6053
11085
3052
10530
15322
6718
8221
4827
12503
8797
17252
11075
8726
4487
9366
8721
13975
7347
3065
818
13695
6129
6629
14949
7772
3237
15588
10575
14381
3741
3804
16549
13405
5933
16139
1603
15876
9139
8495
13713
9926
9051
12285
12881
7811
11662
1696
418
14827
4340
11078
15303
5954
2899
13739
9031
16426
6833
2208
15279
7441
15860
11657
5684
12125
16501
6444
4489
10549
16078
7904
9322
11736
11787
6072
3921
8578
7444
12070
16205
5251
15733
16076
1904
2306
12266
11045
3034
11204
15820
14067
2821
4053
5441
5410
2638
5195
7282
12732
14341
16219
10061
5693
11977
17063
2658
645
14531
9802
16220
11734
15471
12315
15183
9331
13537
5184
5663
14475
188
11321
14986
10890
14822
11755
5585
15343
15022
10022
5916
16926
1470
5291
14927
200
563
14701
10422
6676
481
9902
3313
170
6914
7698
4825
5245
16752
4948
8808
3855
7929
4888
10868
6931
15171
6055
14682
4781
12304
5169
3550
10841
11883
11508
4803
15622
2800
3351
2333
3787
14601
17328
5486
4729
671
9228
8626
6715
16352
6376
6037
15800
1662
3255
12596
17192
4613
15244
2599
14180
1301
17012
11268
3638
16142
13235
6383
4822
4923
16442
15647
2651
3400
10399
13500
9549
1335
5682
13159
2738
12792
4104
5710
874
11901
1226
1528
14477
16449
5201
15162
13121
5113
6696
15124
17335
7711
11947
14626
780
4469
16760
16565
15996
9648
12277
14009
16819
2859
8453
379
16257
5526
13140
10720
13427
14001
11384
987
1147
17337
9872
8371
8724
13910
5543
7055
6412
8526
3682
8081
11889
371
15962
267
9806
1787
7692
9186
12206
7993
9868
1682
13677
11774
1599
8940
12006
14408
14617
12421
8879
10497
2370
17164
5872
6020
7383
4609
16696
7520
5133
16018
12923
9670
1556
15946
3731
7268
15217
1931
15207
12551
2752
3837
10395
13664
14054
4593
5807
12155
10296
2728
862
6890
8755
4645
2271
593
7584
11676
5892
9219
2573
11819
16291
6335
5016
7058
4850
4924
15041
3402
10087
15988
14644
14184
7456
8670
4897
7299
9312
15175
9599
15973
1881
467
12281
12251
14901
4811
8264
7688
8482
2925
10006
7843
13625
11711
235
5667
16250
16964
1130
10934
13982
3782
16518
5136
7433
8157
10148
120
13737
2409
2380
14851
1793
5572
2991
15568
12947
12751
9944
6478
2583
9771
16649
5120
9701
15634
16097
13411
14969
993
12960
2201
7586
695
6896
10680
9046
9296
3786
11869
12863
5263
16678
17240
15441
3185
14547
15865
7553
8432
16723
9484
292
14494
1912
6602
9809
1585
166
11754
16615
13779
1166
6281
9525
1205
1420
8421
5481
1258
953
10414
5767
12951
11917
3940
1722
9520
16558
10801
3177
9265
9189
986
9848
1445
15656
1354
912
7830
15114
2809
11471
11022
15176
1847
1776
15316
13980
6813
9185
2411
13096
15739
388
6516
11540
5172
8091
5247
3539
15717
2340
6099
649
2582
1336
12331
224
1347
10663
9116
5962
10844
8
4301
12712
5843
16160
6639
6862
8098
17174
1623
7937
7270
9395
13383
11584
10120
2617
14203
13540
7529
15108
2189
13181
14025
579
11915
15615
8143
6822
13508
10117
11227
10068
1883
10630
16014
929
6338
10011
15716
10410
5742
5321
11849
981
14004
6069
6305
16351
14677
9224
1393
6123
11668
13637
9540
10040
13785
4057
7666
10915
7682
17025
7942
2226
7070
15948
1431
1622
16327
6215
6906
5593
11310
16440
9651
1424
1614
1085
10721
5657
11296
2921
935
9769
13326
7215
16719
4507
16376
10569
8235
9145
10710
15994
10024
960
15679
1011
7931
9753
3989
689
1243
2064
4991
9644
9388
1006
8058
7368
3495
12496
3303
7573
8843
15506
1989
2063
16040
9470
12433
4562
4076
290
2390
6995
9381
105
17093
14354
13436
859
17237
10977
15368
4588
5636
10244
2839
12818
5186
8510
14272
12854
15225
17316
7430
957
3504
9620
5299
395
2011
3256
7950
14042
6455
11816
12108
814
10054
6991
245
1033
1437
11217
4330
11125
4898
8541
9506
4206
4840
16885
13608
5053
10596
9226
4603
407
3094
7375
10537
10077
8702
3057
5777
15292
4152
10262
12855
13454
2032
7381
15145
5529
15902
4564
10632
6260
11412
8298
15295
12524
10344
13559
14665
17325
11038
11101
6643
16038
5399
16455
11830
12412
11068
2528
14035
2864
10102
1228
4113
11090
1481
12914
6773
1128
3327
2084
3522
12480
2996
4117
621
3826
6827
15797
7974
9658
2576
5651
932
3653
1256
3492
7373
2455
2178
4589
3862
2742
14377
4506
3496
10276
2684
2919
16746
1303
13665
4183
1733
11593
10134
7780
12089
6912
861
15786
5269
2813
15873
11831
9003
12309
10331
17087
12798
8868
16621
14297
15741
487
6558
17048
16153
2951
1089
13792
2443
5094
14994
14698
14139
11981
6725
11524
2272
13195
16535
1602
15186
3390
3891
8650
11385
15721
12681
9836
661
9688
11813
13020
1681
2753
6863
7006
389
8631
1529
4795
12486
2235
13632
1760
3366
5462
5275
595
6336
4857
10666
13973
8639
17312
11139
7531
8866
3454
26
12327
4358
9891
6963
5749
10113
15849
8844
8179
9206
17180
4845
7558
13224
15473
10576
4772
13222
16485
2259
4100
12717
17066
2193
6722
12092
1036
8244
12634
7715
2158
8117
1417
8407
11183
4773
16671
14814
2140
16695
505
12667
7787
7796
6711
4839
11896
4770
7044
1598
2462
6208
11196
3064
13232
1946
13551
17286
1629
472
5527
12293
14078
13988
6586
3541
1484
1807
6393
12639
14232
3175
4108
16413
11641
7775
14713
7210
5752
7124
14364
4413
1164
9592
6861
14469
10645
184
9070
5686
9722
13290
7325
9844
8471
1171
14995
15083
6379
5307
9127
4126
2054
3716
5786
17146
15426
9168
4791
16701
11449
11057
16382
17111
9307
9900
7395
12936
17368
5938
16913
11275
7123
12623
4401
9315
16652
362
7384
15216
16403
2373
4883
2652
9135
12347
5302
4118
12058
13187
2484
583
5152
9502
3761
17153
8304
2305
13668
2588
13548
15908
4905
16019
4302
6178
11155
5900
12338
14524
268
16491
666
2722
88
11308
6609
9965
11000
3252
12664
15223
4164
7182
7298
14172
5659
677
13634
2600
15870
4510
14447
1537
12733
5754
8925
5062
5762
7014
13929
6274
14711
670
13404
797
7985
12389
14914
11937
11609
13901
9305
14913
761
5588
6511
8215
11284
10675
244
10202
4365
9579
3996
14748
11137
14515
8986
13079
2819
16608
8949
17181
5477
13782
3221
9106
15163
718
13452
6952
140
5168
8062
16329
11499
5101
7982
16626
4583
5716
2692
13108
13682
15178
9813
12520
11525
15844
10506
13526
7467
14448
15970
4732
11628
12053
9479
11962
8973
17003
13639
9012
7286
5492
8322
10701
3987
8312
6264
7881
13487
510
11121
8711
15494
17088
12487
2865
8710
9793
7724
354
11626
13306
14335
17321
8416
3795
3289
7883
1021
12504
350
575
14330
15958
2360
9274
128
10898
9155
3122
14983
939
16295
11389
12920
11157
6452
14590
3528
1001
10919
14534
3350
11370
2959
5242
16198
2690
15544
14226
8763
4992
5422
534
12276
14655
5728
9144
7466
1038
9544
148
13535
5153
5138
7667
1533
9649
592
4083
11421
691
634
17304
9379
13225
3424
6512
8683
10408
12311
7917
9911
17184
2556
13575
13234
2472
8218
2016
2872
8249
16300
10499
11220
7790
12619
13463
4767
16979
1333
7069
11776
2822
12461
16642
1806
7842
10899
16068
4864
7851
6535
15952
8195
16430
13919
7511
2637
7853
17222
8932
15695
3192
6964
2331
7264
7077
9249
3884
1444
4704
8242
14725
8836
5057
16612
14478
3778
9934
14930
15678
4498
13445
6812
15965
6426
654
13594
16890
6669
15539
4601
216
4952
2893
6815
1249
2290
15939
5378
1846
9602
5816
10433
5971
14084
8975
10288
5582
12616
7552
4568
4788
11176
8628
4167
3820
400
4291
8657
6211
15074
14793
16527
16394
15184
7717
4527
13100
12819
9317
11178
9893
10904
14674
8664
7838
1516
12595
16113
7250
1464
12725
15642
13425
8809
14785
15233
15038
13691
15466
7304
12080
72
15686
7737
16864
5953
2869
16888
12379
15468
1123
8377
11898
6480
1510
16470
9068
15698
1275
17267
6865
4295
10846
14471
10256
10016
5866
15708
7119
5999
15529
15369
14217
4038
5540
11921
10293
11709
5267
117
8382
13946
969
2983
3447
7815
16640
13693
34
9425
4430
6276
15926
5641
5315
751
8001
7213
2517
6194
1186
5661
8980
11685
17091
15032
7984
1597
13965
7556
2116
13119
7998
12396
7165
13258
8944
9867
15706
15553
12395
4962
260
12804
6391
8441
1978
16975
3095
15629
14279
15144
5530
16269
4909
5350
1199
12620
4079
9474
12770
5502
7419
3309
13446
8743
9624
17114
6668
1056
9215
788
14500
5000
15188
3540
572
6634
5213
8378
9210
4663
623
1206
9539
11304
3399
16684
11731
15437
100
2970
9728
10978
36
13106
8701
13378
15899
15492
6059
7812
4027
13694
2436
12550
4731
8770
14670
16457
15058
10933
4578
7174
1475
2586
1723
11033
17089
6904
13154
14535
3171
11466
13462
14734
2247
11187
9358
9646
9343
3573
14878
2962
3851
1624
3668
16503
8778
1460
14421
12891
13026
16390
12862
13256
3930
14678
8911
7665
16207
315
1032
15218
8904
16668
11243
3724
1360
15247
6242
770
7267
6440
391
10164
9978
838
11594
10700
14308
4533
7736
2746
11082
3648
1601
14132
16691
314
15116
1346
14540
9946
6889
15583
9006
15056
12202
16183
7540
13979
10412
2009
15174
11224
11270
3681
3043
15838
6106
1930
16100
5579
8164
3157
13729
8135
3960
13424
16280
12355
15438
13938
15141
9102
12011
565
4517
7277
9636
1259
1863
16121
16585
5851
4807
15792
6646
8140
7876
8272
11473
4349
15781
11956
3418
9291
10918
7895
2043
10538
13661
6619
1129
13129
4029
2913
2028
11982
1229
15418
9486
5625
4816
11024
6571
12908
7478
12057
8150
13007
3396
4111
6388
3827
10911
17073
15212
11948
7996
7706
9837
6677
9919
10080
17309
11317
7141
16070
17208
15983
9101
4384
1174
15092
16577
12061
11920
2107
3217
7083
10961
12164
6633
5204
9739
15166
14755
5662
12901
7315
13093
16851
12270
11926
3566
12339
2682
6789
16188
12530
12420
9356
3232
1397
3082
8251
8590
13517
6074
13951
10614
6710
3452
496
12494
6729
14786
1871
6957
8203
5181
6839
14597
2680
7046
325
4191
7674
11388
12776
14784
9419
2527
9370
13263
14558
463
2274
7404
11680
5182
774
2241
15242
15450
4708
8043
14747
9763
2971
16223
5929
12879
11228
6432
9078
2163
3450
2554
5255
1775
732
14704
5002
2319
2880
3383
3806
3178
14733
6297
974
1136
384
8254
15805
9913
3070
11873
1866
10696
2908
16605
512
4380
9699
14668
8000
8525
1355
6706
14366
16628
7831
4869
1934
5932
5847
3869
8036
15103
1394
8492
4535
11123
14912
1414
6331
230
15954
7952
6497
1504
14954
13373
12068
4696
5108
11569
4968
8042
5571
16361
6529
16513
9016
9712
2850
33
15774
7720
4354
6810
5674
7184
9828
10
13494
14175
1530
1949
4129
9377
10809
9183
6195
16138
1514
15530
5811
6070
11797
15773
7870
8457
7171
720
1278
15702
8477
1120
124
17033
6490
12794
7684
490
226
10056
1046
5222
13082
10672
14642
7788
15259
2803
16860
9519
596
17051
3956
10359
16536
1872
1115
6312
1319
1783
8655
7758
9420
5070
15197
604
6686
5367
5998
7880
9441
14401
10527
7987
11047
2922
10503
7341
15321
16818
6976
3425
9359
4245
250
16956
4509
7366
13483
2791
12130
6663
11576
3693
5368
15905
12548
5008
4092
1621
5433
16792
10698
3333
14468
13507
4833
13666
7488
9692
14549
9324
3671
152
7596
1257
5899
3805
8759
5295
10063
518
2846
5111
14966
8311
10118
12958
8507
5365
4007
17175
11562
1781
11272
2477
8739
8803
4383
5264
15934
12348
5865
288
12583
17107
8106
12370
13641
7115
489
3763
8666
4634
3529
4416
12078
13577
2289
6052
15206
84
15296
15872
9923
76
11618
5990
5631
16978
14788
4393
12475
14119
1909
3961
5277
7206
14315
14899
581
323
2070
3432
8860
3453
3923
6683
2017
10796
15420
8213
10751
2978
3260
15681
8983
5069
6445
10659
1088
3926
743
15485
14611
12871
2197
16693
8358
2732
5707
10486
10610
2019
9690
14501
10285
9495
5051
16707
13588
13780
16803
683
10742
7047
8853
6727
9023
6746
7771
13466
5709
10364
15023
13748
3707
14110
8673
3866
4366
6585
12087
2665
12464
10657
7291
10893
3242
1260
13370
10872
8384
4103
8306
1091
12988
10808
2399
16156
15639
13098
7626
5871
1423
11088
5672
4264
3793
16112
9040
8729
4504
12604
12312
2714
6301
13892
3210
11535
9063
13324
5266
10843
9374
7557
6790
6463
13723
703
4375
14444
3128
8223
6969
4711
15779
5490
9452
14145
16206
12325
909
2621
2233
15798
13960
13182
10033
4575
8934
4949
4936
7862
12985
4067
16842
16143
4920
12614
17173
12038
10043
1860
566
14348
16946
15168
16370
9968
5357
16201
14578
16667
7863
11014
6235
7599
8610
3365
11363
11393
4422
15076
16092
8619
12039
1028
10613
5175
14923
1935
14675
5325
3238
11065
12934
1224
16174
102
6942
16266
6443
9840
15655
12821
15628
4707
14893
3200
1843
4350
10797
13253
12521
4010
3705
10646
14503
6978
5853
6142
2837
15287
7111
9096
11857
10728
3146
1344
3663
8090
2475
4316
7495
2318
16190
2985
12460
16903
6736
5820
497
3195
15106
14569
15802
10159
12710
7090
15362
5466
2595
8969
10223
4815
8041
3279
11164
16148
6345
2578
12970
9085
5411
8224
7846
4882
13640
3928
12857
10595
2628
16538
11682
10430
12062
10151
16498
7275
12697
10449
852
8208
16866
14143
11394
2522
14841
1856
10362
11801
9951
12482
14215
9461
3147
11269
12485
6539
601
1182
4657
3209
4896
1922
17102
15791
3361
9124
15300
8415
16863
13985
355
2756
809
3984
6559
10555
7386
4899
3347
10309
6224
461
1486
522
14299
12517
15138
4821
9413
7967
6250
4724
8352
13875
12546
5551
15101
16967
8253
11644
16135
2252
13928
2890
2848
16296
5115
6153
109
8245
12659
8805
14466
296
2773
12625
11494
16045
15898
16099
14608
10604
5395
15177
10313
3040
9845
7228
9751
2719
16169
2584
7166
4105
15879
7721
10493
13325
1099
2696
12064
1338
9092
16785
11252
6309
14948
15651
4420
893
1693
10015
3803
8691
12037
12072
1718
6622
3736
16683
14317
3948
11505
7081
11076
8299
11642
2566
8538
8274
8527
10679
1380
1157
9915
2086
15696
6422
11097
13592
11802
3983
881
6561
15609
1391
3443
13688
8687
5418
14987
13657
15841
13197
10201
16918
10502
11614
16275
6183
11263
11034
9995
15089
7866
6145
4411
7634
3087
5822
16245
15311
11096
15067
8895
7991
757
6476
12226
12158
3511
6565
14681
15886
5973
667
2369
6340
6749
14349
6080
4337
12261
10921
7003
17077
8491
15125
3339
14750
3392
11578
14296
13034
13523
13212
14375
10768
11126
11442
15964
11354
7610
13375
6254
6506
3715
15701
15017
7176
479
6089
4062
5203
3860
5688
9931
15280
13790
16136
13927
5963
3634
15140
2627
12041
13613
14173
9449
11145
12711
5781
4691
6578
11791
17362
5061
12308
17126
11147
13958
12182
9586
1117
13978
10153
4745
13281
6327
134
5924
16489
16647
3497
17125
9059
7196
8379
17070
420
13802
7408
12694
12197
7167
12382
4934
6988
7023
10752
5347
17277
12757
10641
15851
15596
9817
16922
8320
7834
1269
12993
2277
11719
9216
6567
12429
13334
13138
14391
4081
5881
17349
13484
8571
3704
11713
5149
2133
9732
3189
2883
14386
6867
1546
5384
11551
11861
5055
16547
3384
3708
13061
8403
7041
7390
16077
15453
1988
2989
15803
17124
11375
10397
5162
5163
10952
5542
3241
5650
14864
12555
8682
16360
7818
1555
169
3677
2323
914
8760
11879
7492
6077
6698
15490
6150
14157
2184
8200
12558
4123
2624
10452
13030
8957
13776
6182
16397
7013
6594
4312
8275
11408
11221
5122
3597
14996
14190
1252
16122
2705
5021
1558
1965
15543
2209
312
4009
14933
9642
4403
12297
2207
3072
10292
5997
4574
15493
15830
1788
10857
11939
1919
8420
10456
8837
16779
15766
15009
15920
2448
9261
13576
8151
15562
10337
6472
5609
14081
17352
2703
8207
7312
11054
16307
5372
3079
8789
11315
1471
9451
14736
8613
9582
4224
4752
4814
8513
10658
1511
3249
10163
3656
17105
12229
2581
6303
15239
13013
16237
7227
16754
580
3419
3819
6679
10178
14769
15428
2912
15269
14821
4638
2776
7637
9941
10991
1666
3757
3245
1070
9629
4836
11957
14707
8126
5508
6504
9986
7849
15270
12627
14323
5189
6239
3149
12817
5699
8222
9126
1279
3625
7908
3908
4479
15025
9770
6361
759
16412
1188
10545
13408
3556
13815
1561
10794
5306
6151
5873
9963
8959
12745
3026
2048
13010
17212
7776
2833
12497
9045
15416
10429
7958
6795
15410
2103
13864
1024
10069
8182
16786
13135
14105
4165
2723
6699
422
7873
3348
14658
7504
6332
6372
3877
8148
7554
5826
15066
13565
8581
1493
2442
13071
14034
9856
8401
15511
3078
13021
2058
11306
557
5060
5809
12220
4476
13374
10071
8811
9251
7670
12662
6318
3016
741
11693
15864
15136
15551
4831
9801
10597
3341
6716
10566
7464
5813
7953
14049
12240
11586
5507
4194
15273
13763
4853
8960
7910
11179
14563
11337
3198
8636
14455
5435
11703
1203
11744
9696
300
126
15205
2560
6397
7402
1673
11544
6682
9550
12974
10224
1443
9503
15521
9816
9853
1607
15461
16341
13200
10739
2275
3090
4251
5819
1900
7288
662
12300
13481
9505
6107
9107
15819
9201
11480
7575
8883
2657
12232
1858
14527
4871
16595
15377
10242
15219
272
7805
16849
8991
15172
4266
1369
5308
10203
12608
15977
12508
13371
14287
7074
2224
5044
10241
14163
7411
3824
14068
11838
9920
740
11812
16790
3521
2078
816
14935
1246
16297
5257
10189
9675
7144
15951
6806
14637
8500
3134
8958
2242
13497
16165
11589
13080
16454
6820
3746
11533
14258
1677
2892
13268
14098
12983
14877
10655
16773
971
17345
15744
17258
3372
1586
12476
12647
9783
14316
9432
1326
13450
4346
1216
7066
7327
1656
7300
11724
7712
1292
4085
9245
16509
6219
14342
13533
12029
17199
5240
13460
9439
10702
16380
12169
13084
16930
6936
15169
9014
7098
9889
8059
3216
9091
16170
8149
10303
10703
1724
242
6575
9735
11352
8293
4457
9456
15900
6801
2082
5363
9714
9351
8078
2693
5449
6775
2260
7565
11677
11237
992
10966
4474
3907
10574
7875
17152
15344
8577
13001
12269
3898
15109
14835
11355
4182
3055
6286
15379
11803
16255
16387
1804
6791
12569
8125
3234
8198
2984
6225
10282
1739
3401
11132
174
7960
12213
4586
7919
6137
12644
10315
8605
704
12236
3527
15740
7367
11841
14649
6104
16405
11547
15266
2439
13524
8037
4231
15155
4623
13627
12283
6316
6016
4914
9890
8340
6925
7524
13259
7885
15623
8529
910
2871
14267
10367
2879
14123
15018
1276
6334
370
51
16935
4166
17116
3272
10894
13216
14594
5704
11911
11428
14700
7293
10671
10480
8775
5050
4325
15498
14768
7969
15012
14616
16399
7398
16576
12445
13379
2240
10034
3958
11722
14461
5727
12272
9767
7642
12219
10505
4049
14479
3751
11771
13710
8503
3494
13846
14990
2741
14838
13410
207
4156
5146
5554
16233
14346
8188
11852
121
3291
6363
15460
9757
16356
13063
4157
12209
9850
6306
15826
13046
11441
16826
10947
1884
7112
14679
11108
6489
1953
11276
13387
13842
5102
16293
2180
12335
13035
4223
10510
6769
9177
13813
11523
8633
1066
10544
1096
5282
9961
13097
16722
5668
8517
424
253
15858
16747
16025
6010
14240
4147
4759
7454
548
16461
867
14924
516
7509
458
825
6381
16654
14028
8129
4069
18
7468
15795
9841
8080
17340
1382
12706
2796
2597
11402
4233
1289
8777
7156
1363
8557
16262
1938
16052
13221
9120
17292
11349
11209
6367
5857
9979
11636
3300
4180
12906
13160
1877
14041
7814
11358
5838
10588
10057
3085
3086
7442
14142
12139
13806
8314
1082
10979
7129
12260
13213
699
5134
5028
16672
10900
9617
403
6096
4907
6524
560
13644
16450
4965
6035
643
8341
17082
15909
10211
11510
11760
16119
13609
15033
10992
16437
10800
15378
13547
12493
16432
11342
4039
10865
6762
8947
17231
16835
2030
1543
1209
1678
2228
305
882
316
12402
7178
13045
1389
2269
11965
4960
13191
840
14082
3655
16516
9674
4015
15944
4925
12610
9058
13283
17268
409
6456
10435
1981
14714
10526
854
2695
13989
14666
8464
11383
7445
16331
13926
2441
4063
5296
8176
1060
13883
10060
8442
8906
1741
17298
14450
464
5619
722
16344
12221
7671
12098
4940
13368
6836
14798
12740
1356
13756
3488
4389
6671
14262
9958
10277
2659
13465
698
12231
13744
4283
1752
86
3456
16466
6448
2062
3982
2425
12531
11591
3670
15435
6314
14244
9546
11778
397
14382
6530
16187
11011
16261
6012
12638
4142
3125
12203
1148
11231
14205
7193
14627
10546
11623
16708
16771
6390
11818
6986
12040
16419
15001
3849
14442
7751
1230
11950
16735
12474
6041
7871
919
2784
13376
9345
8172
4255
15874
4431
16415
11437
3293
16530
15842
7754
13489
9340
8875
1525
1550
14810
1138
11496
7660
3588
11372
14467
13764
11567
9924
16401
8480
2376
13716
17002
4060
15263
8258
4566
5656
15115
5801
10814
3564
14956
15086
10730
3335
14473
5775
3692
12773
9302
10547
15914
6782
13773
4318
11985
8229
750
6695
6776
7730
2501
2558
16568
4250
10396
256
2449
1659
8898
4453
7508
8537
2641
10115
6965
16395
17257
7770
15154
8030
7933
8917
2454
14460
1151
6229
16411
15497
3423
1645
562
6547
805
16916
10466
8029
799
2460
7437
3477
4919
15366
8574
8820
12165
13629
3873
13231
13308
8494
15030
1790
8183
13760
6807
12142
6891
10980
7898
3268
890
376
5256
1731
17202
1304
14362
636
15396
4906
7646
16418
11737
14073
7388
8829
6216
2266
5810
785
16520
4000
17364
1468
9313
9033
10688
928
3172
15978
7140
14182
13357
10181
7148
4929
14112
5193
16448
16284
10573
6063
7349
6531
8773
10219
776
2745
12632
6723
6356
12468
1281
14567
2614
1314
16712
10760
13585
9485
3176
6604
12267
1643
15034
8661
3822
6895
17139
17260
10084
7746
8346
16586
3407
8962
6179
10274
10161
10420
1995
15693
334
14160
4984
11839
13474
12699
6450
13619
9518
344
2310
1242
6641
6004
11548
6628
17117
7500
13708
1208
9290
13321
2609
6666
14459
3119
3302
8365
10993
5972
8376
3943
10013
5618
7888
1499
8427
4531
6079
3435
15754
1104
4876
5214
3548
6285
13816
964
7765
7353
16342
15904
917
5024
15026
8680
3840
16700
603
11537
4451
9656
7541
1713
4890
4054
4307
16989
16192
1213
7253
11020
116
9218
1830
14811
12170
8234
9262
15446
13626
15736
15935
7216
4208
982
9454
16203
543
9349
9659
16874
3278
7020
7378
13733
8022
2855
1327
17354
12905
3060
6228
7979
15417
12948
4776
10208
2388
5309
14610
10003
3430
218
6632
8121
3915
1485
6047
3466
14242
4605
8072
364
16751
10177
17188
8268
8380
3405
15522
2022
11249
6532
16436
7050
4256
7650
15538
4170
13127
10044
7981
14201
15635
3441
3802
2593
11506
7410
8515
14710
2490
9795
10689
5270
8987
6088
2433
14063
6210
5712
16314
16541
7415
8718
12842
8744
11892
6185
15755
2938
7701
6420
14771
16862
10714
11887
6989
12100
3886
13322
12003
8162
15993
5705
14096
2767
10609
13601
459
1805
5629
2766
13570
11212
514
6252
13706
2185
12279
7559
4031
15340
8776
365
2440
14079
3991
5713
2190
10353
14428
11854
6134
2138
5409
11396
14039
10862
14088
7954
4454
4488
12787
14270
10171
15040
16191
9306
449
5141
14410
16226
10046
17083
3244
6319
16986
16998
13852
17281
9386
13499
15845
6189
3061
4414
14135
11232
9985
8130
3981
1421
4742
10248
71
625
6163
6360
10283
12707
6368
8993
13132
10594
7526
13624
11503
6284
12853
10042
6279
13088
13456
8728
4505
1595
10835
239
8915
6435
13094
2144
13128
11447
9939
11188
627
1332
7625
12765
14183
17079
570
12959
9027
1469
9609
1850
14694
2413
17303
16912
956
5895
3764
2153
172
16234
13065
13678
15054
1512
12729
8456
14476
3637
7417
3646
11026
15352
12682
14264
16611
2762
9062
13329
4812
724
14643
4379
9661
2074
16580
4006
12385
12589
10699
154
9560
9608
9100
470
3022
11605
19
3702
10252
4410
8817
11507
14327
6324
15407
4344
5905
11250
14782
10859
13759
7021
16129
16479
1861
10935
7537
8435
16620
13711
10294
1882
14368
4
1971
6090
14496
9808
1874
11686
3190
11765
10002
7271
3744
10798
11741
6267
16521
6560
12146
576
4503
3282
10105
7024
215
9123
5604
10442
9679
7551
8220
824
16915
12859
5557
13076
16416
16843
3639
14839
4321
13826
911
8333
10541
10578
13192
7246
6799
1090
8396
8045
9869
1308
17201
9278
1413
8516
1312
9156
14790
12830
5936
12967
9708
11154
6485
16256
13270
1766
3776
13939
10027
14350
3115
2506
10950
6938
3825
11884
12357
4953
13614
2474
9304
1489
1330
3938
14236
620
6805
8593
12361
2923
12808
15105
7387
7568
17223
4524
9883
8927
10482
15286
9093
17103
6704
4243
8451
8112
15894
11913
15923
12640
4317
15945
1816
2757
11570
13606
8470
508
13417
12295
12980
3721
11025
11409
6987
9991
12752
14907
6626
9590
12687
700
436
14040
15068
7221
16441
17291
6751
2374
6732
6169
17147
3273
9639
11799
14680
15234
1062
6217
12073
5920
16894
9453
61
16028
13955
1005
6536
2365
11908
4238
14801
13337
546
2655
13266
12069
149
11405
16001
648
7923
3408
775
13803
5494
11753
15191
12144
9948
4209
4199
888
2503
8147
2338
4823
3836
9207
10827
17329
13017
10871
1047
11796
6015
5383
15152
4155
14795
11239
7479
14340
16714
17132
13767
9789
5992
6296
12658
7385
5192
8850
5413
419
5980
14498
10210
4571
16186
9916
16240
14302
10967
16043
597
8550
12813
12885
15852
13016
11347
14828
7045
2935
3470
9383
4355
612
2046
7354
16260
2
6144
4542
1547
8823
5249
13720
855
1637
4494
11984
13053
13073
13032
9574
1042
14931
7477
14030
7643
5438
3039
10347
846
13239
5110
12690
7472
1325
553
14412
13786
11483
1725
4035
7211
1244
12999
10611
13318
2263
11465
3954
17171
7483
5188
9860
2220
10360
3124
3184
3561
12103
12410
15298
10585
10265
13171
5447
10131
7994
3105
11213
11940
7995
16439
2830
14463
8068
14865
9403
1083
3843
6588
416
6032
10237
10086
8039
871
5755
16173
13514
2001
12888
12518
3395
3818
10009
12094
15810
2817
17265
9111
10662
6394
13380
3553
15680
3519
12016
11095
3964
5127
12601
65
17259
1025
5943
9481
2015
14792
11764
16386
6100
5725
6213
8654
10325
287
11660
3024
5116
10455
3137
653
1202
16471
11554
16010
11923
14997
11672
1261
12457
5670
8283
13215
2094
11301
2486
10750
14908
14295
15134
15516
14137
1427
4074
15990
15130
11906
14564
11511
5978
16267
9726
12737
1107
13288
8469
9069
11694
5480
6802
11587
9020
15724
5129
8672
14789
11353
17230
10802
7406
8237
15549
6592
5335
12691
2368
12387
3630
16776
2168
14384
6474
5669
11571
185
2663
14962
4046
7944
4719
5821
16507
7344
2102
4739
10310
4705
4326
5022
13874
13426
8819
2820
16082
10863
12953
2007
1527
8103
9750
8199
1532
8799
4232
8981
6540
1943
1035
13488
15576
6187
3614
11625
11238
16127
4555
11529
12043
754
2778
10907
13038
499
5038
9446
2341
3387
8313
13658
1923
5743
444
13145
3863
7202
3999
17293
7649
10135
12123
7099
12322
11282
3664
3903
14124
15123
13602
9138
8977
1899
12349
14140
6894
14419
6587
15128
6656
9408
9043
1963
17294
139
12471
16817
12507
13423
614
14585
16216
10780
427
9523
9727
4667
3411
10690
5671
5616
3624
4728
15513
2500
3952
10114
1293
12054
9810
6968
7810
12408
10765
6903
8189
2451
8373
14818
3911
3101
7158
11929
13315
7392
9748
10509
12137
17219
16312
990
4175
5915
3500
8539
10191
12743
8485
16809
14495
10388
7728
14595
16917
15328
16737
3914
7255
3417
14518
11341
6828
15919
1962
17279
15832
11779
7510
13401
10640
150
2095
15603
9323
11073
13062
8490
1937
9600
2052
2238
2539
5696
15672
168
5064
4492
12509
10404
6898
8119
10416
11850
13933
10463
8436
14816
16544
356
693
11735
3373
511
3579
930
2132
4569
629
8023
5369
11279
4631
650
16710
3871
14758
10772
5488
2051
9613
11856
5226
12318
6533
10968
13831
3925
7147
1237
16545
12004
4154
1290
7114
5697
1266
6726
2473
6484
2239
16285
17009
7130
7630
1084
9849
11972
5612
4110
12726
14003
1474
14833
4458
14603
12291
13616
16739
14861
14511
9202
10462
16349
11730
3976
886
9631
12157
12498
1848
1669
17218
1615
8074
12522
8738
16872
14656
3145
14250
3295
14623
12414
16983
16345
5729
9703
16251
3684
15887
10743
16158
15079
13155
2808
17278
8658
2888
10195
5850
10695
9181
3199
3587
8131
9401
1939
10005
15495
710
8462
10382
3250
13611
11328
10736
197
10090
817
14322
16630
6625
15895
16488
8785
2816
3906
5700
17370
3378
1341
3126
12652
15444
14598
3460
12945
2933
6510
11230
4647
4210
11516
4033
17094
4658
4362
4273
7582
613
9561
14310
9882
3437
10039
12364
179
4779
17092
15222
4771
10757
7970
7449
9193
27
8978
14538
13534
12533
6546
1841
2702
4985
14483
7334
7450
8084
15989
4274
13612
2093
15031
1737
3791
13996
10717
8289
3944
1495
7346
5632
7091
9244
16907
2359
10333
14991
1434
12593
1706
7308
10638
12510
6446
6231
11248
16465
2636
4486
11590
8524
11598
10225
15383
2087
3305
3758
758
9301
1375
14571
16514
10451
3596
1200
15265
887
16332
11721
9665
10692
14652
16981
5736
7587
8825
12553
13742
5879
2676
3687
3229
10298
5561
1716
11910
8019
9387
16847
16375
5694
11472
14629
5348
12702
5799
6846
4315
13468
1748
6143
60
6525
4425
17313
1701
10170
6910
7484
11131
5194
8166
64
4226
15788
941
14568
9180
11136
3631
6849
16453
5157
6451
15889
3414
13251
5949
12761
8400
13453
7865
7727
4359
12965
10050
2838
9362
10479
17339
14077
2536
4900
16085
1557
14859
7305
1483
3875
8653
13052
1853
9493
4727
14351
8114
10534
3457
14125
8881
15331
4146
11495
9342
12661
13993
4793
2562
2077
7844
9899
14566
7272
4495
7577
10745
1985
17054
5402
4272
14387
756
4284
12981
8781
10428
10471
12172
13503
10440
9289
1154
15578
7785
3257
6570
6651
6026
7939
10832
14765
2645
17182
493
17172
7924
4025
15775
15570
15533
8921
5414
13112
15573
9782
9929
4670
13002
4004
10444
306
13170
15956
8950
8813
3046
108
1687
2464
5191
10653
8686
1193
4720
16702
16829
5691
5426
6413
2992
883
15871
16125
12243
8901
1539
8368
6232
14443
15309
4584
15070
1105
815
9551
9402
15884
16239
10403
4392
12793
4323
13014
9009
4726
7183
10826
13036
13959
4710
9517
2619
14100
864
7245
11509
6236
15007
3965
12979
10075
4879
15451
11434
4581
16200
4327
17037
2491
3468
14888
15433
9167
15132
6700
171
15391
3897
4481
559
2977
320
12198
12454
15380
14231
8410
12458
9766
15767
4602
6953
9554
5
14910
4428
16965
7416
2045
2384
15565
3486
9684
4716
3243
3750
10606
7704
11225
6569
9797
11344
2458
6403
1026
11848
11103
9880
6564
13247
6793
2513
8328
483
5434
16991
15293
8804
14047
1956
14208
15097
1641
11195
13686
10066
4999
5875
3431
1368
2149
16241
14890
5504
16734
14869
10253
13553
16088
11122
12249
7639
7555
6851
1707
12559
4938
6939
14663
13204
16433
2179
3593
16531
3833
15429
11407
3041
8786
4187
11756
7150
1163
12383
7825
6830
9104
4314
681
10101
1660
10697
1926
11768
8116
2990
12607
1223
15768
8316
14528
6659
2994
9084
16051
8533
14414
11632
17251
14607
85
15592
2421
9572
4777
16892
2758
13330
11371
4434
16824
8270
6160
7036
3062
8444
7589
2735
16362
2648
7067
5151
4435
1798
6240
10532
6353
4863
1334
16807
1954
16330
3
501
7168
14095
8502
13515
14339
11750
15709
995
6482
608
11215
10302
12205
3472
13880
11720
17210
14752
14233
3816
15677
9241
15194
4443
10188
8295
16338
6857
9471
5280
7976
4870
11174
8689
9450
15346
8641
6477
299
10345
16563
14062
9007
8309
3181
5246
13971
2444
11286
16553
10554
13122
6155
5040
16850
16676
16796
15294
8170
4680
17159
3248
10731
690
2965
10469
12734
2112
11966
7311
10788
16074
14529
6062
13636
1198
4348
7779
7686
12401
15759
6712
16685
13788
12544
9972
1040
5901
2467
7137
13812
7502
14562
6389
15619
15315
12839
63
13395
14325
8591
1587
11784
10363
1903
12790
12183
110
10618
11994
1264
16369
7783
11192
14212
3998
10807
14103
12584
16151
14228
1568
2520
9414
5947
9048
7800
5805
12354
9922
2642
6784
16867
13520
1652
15310
12462
13438
4933
13180
4626
15548
860
7560
2713
12129
341
16882
16177
8603
1654
2358
5640
13859
15931
540
2194
9528
6268
9080
11992
2029
14852
12747
2214
16884
4757
2398
3812
15282
13750
10305
2993
16716
1141
3215
15535
7802
8892
5444
10744
6057
14162
6492
3929
14099
13102
13110
4809
2177
13820
1632
289
13398
14705
15569
13882
1179
2057
6973
17196
1791
7218
5311
2967
11867
11621
15687
13348
1828
13331
2887
6330
16451
3367
6552
3879
2164
5243
14686
13513
13133
3796
4830
7318
16976
9333
4275
4080
664
12148
17034
8035
17045
10591
10286
10133
1910
3307
12523
10920
9950
10820
6098
11522
4700
7179
7841
8257
669
4032
2129
3544
10504
9707
16982
4101
4522
6227
8122
15665
8142
16229
13822
16272
17254
155
428
15004
8608
12760
9209
12649
10938
4549
15682
11305
14831
16424
8459
4532
2941
301
7317
5520
4688
6212
10756
14516
9369
14922
10922
11933
13768
8348
3014
11670
8649
13798
16715
12961
410
17275
6800
980
10642
2507
9799
6078
2191
6247
7039
950
3652
11259
7920
16030
12252
1895
412
4748
15794
8532
5783
2192
3103
15784
16634
11181
4635
12453
6739
11648
12115
7151
4521
7690
3377
16
16298
9385
443
14128
1305
13970
8945
8961
16972
15727
8329
14555
6351
5906
17217
8053
16927
5931
11395
16374
16134
5768
12233
12874
12650
13130
2222
10634
8325
8177
7154
5495
13162
13876
9192
9512
10473
5171
11807
9603
4308
131
10582
1779
190
1785
7236
1562
9348
16347
4970
191
16463
7219
1488
79
5855
8750
11527
9067
14815
1719
14514
1317
17143
10426
10421
1984
6576
10095
5620
1778
13156
12298
2351
10258
17238
7645
14873
14760
3285
14274
16600
12679
972
656
83
13862
9577
7259
17204
15525
8265
7199
10186
10254
3465
82
4228
5071
10392
1296
7544
7856
16603
9907
11945
5606
1576
5059
2111
9537
573
11168
446
2946
14581
17040
15402
9521
9232
15667
11491
2932
12704
10306
17069
12032
2761
12177
9822
9082
16902
13800
6395
8474
16422
4639
17246
15823
15011
15080
5568
11142
16974
1479
11468
12332
10740
9709
15029
12511
12571
5380
6190
11958
3618
1885
16071
14230
8632
14850
16844
10249
6714
3410
429
14420
10990
12034
13719
1780
6486
13868
10983
1589
11600
16159
5479
7427
4859
16252
14474
13051
335
4701
13866
10895
13597
7459
12143
10879
12880
9992
5531
831
3821
15507
3349
8561
311
15312
5791
17133
7652
4171
7080
1639
4955
7517
8005
1220
8174
5598
9863
9367
5744
16968
4744
348
11379
13111
3680
11312
10946
6708
10839
8385
2618
16137
9052
7336
3328
3555
2972
8152
1430
6926
14313
12162
8511
10755
6654
504
16022
12363
3208
12423
4257
5746
1133
7412
12841
11451
8547
8339
12021
1076
4145
6206
14397
10144
15121
15598
1221
5617
5993
6045
8679
6759
15341
7043
3193
3484
201
9235
8521
9015
1908
12352
6734
772
9859
12653
616
9299
3240
353
8056
678
415
875
14583
4765
9098
14304
1955
12268
5645
6579
4496
8069
16480
7223
4709
1813
13761
12689
6917
12592
5913
4600
227
14043
4341
11486
9827
3723
12991
14290
374
4215
40
8238
8855
4202
646
10770
9627
14936
11987
7839
13884
7359
2794
2065
13043
3369
4650
2950
6438
16118
2027
5417
5860
802
15735
1387
6650
6022
6132
8586
16865
14106
8570
3269
13081
605
6054
9706
8481
7632
1271
10806
11219
8998
275
7693
12334
17084
8489
1917
17305
2973
15835
5415
15644
7884
9573
1768
4799
5730
10726
5027
1549
10869
2039
10964
8674
13655
6607
11201
11878
3320
9897
4372
1838
9199
2602
6765
5006
15752
10877
13707
14337
16263
5351
3355
1797
17165
12512
1367
11112
14863
16131
5200
14141
7051
1283
14218
12081
11071
3753
5779
14832
7139
4177
2898
2604
9050
16299
13961
7319
7661
15071
1149
15320
106
598
15910
4162
6436
10665
13218
14537
8551
10635
3644
8361
14378
14214
5319
5910
1869
10457
14147
13480
16050
11322
2511
5925
17373
866
12116
14060
4263
12629
5239
13623
2243
17020
12578
4159
16504
3789
11555
16906
11172
8530
16713
2076
9622
16880
8792
16144
15911
2622
5427
4013
7749
393
16228
11973
765
3098
2679
12582
8880
15323
6253
13690
6924
9742
2160
17357
3271
17067
3904
4300
11824
10540
2720
12972
16706
8891
16021
4982
16655
5818
17169
2555
6997
17234
16627
1337
3720
1329
1611
1480
13307
9788
457
12121
12
6675
7741
17142
9887
14192
3287
10166
14464
7169
11291
1552
17348
16526
13139
3568
8984
9375
7389
15487
13676
906
2430
4664
15339
14499
14778
7276
15043
2785
15607
15290
14557
1893
16090
15541
4364
16008
14796
7988
488
4353
744
432
4783
10955
11746
1579
7977
6293
3489
14429
10948
6630
1664
2346
1774
6399
12941
13685
6241
6614
5594
507
764
1449
8575
11066
9962
13954
2734
4674
13897
16079
14367
16942
421
2858
14086
8882
9531
1288
4335
13008
14033
10424
13887
16898
6623
10913
5874
3649
8110
2572
9095
17055
5965
5655
12843
1311
4296
3118
8995
11018
11893
4747
6636
15036
3393
10718
343
9522
3992
12814
15649
2469
17376
4382
6750
258
10132
3173
2910
468
7082
16604
9768
7265
6501
10383
8088
17365
2101
14871
13828
9277
10661
13838
11519
8124
5041
12255
17120
1122
12455
11681
16377
9996
13328
11
13730
6114
13545
13654
11996
3615
2280
17005
13040
145
12599
1043
12256
11777
5546
12775
13823
10603
3589
11482
3718
10619
2737
13509
8965
5333
10103
3797
15646
1287
11423
16837
3290
16801
949
2997
15815
7648
12801
15963
633
14508
3088
5634
11400
4842
5013
8564
8905
11951
15445
12678
12033
9781
6269
3997
11278
10531
9099
8096
6170
571
2362
13718
13482
16588
10025
5893
14875
2489
12245
476
16828
5553
14950
13976
1709
4872
17166
7595
10032
162
9942
9835
13841
8292
10460
14744
7457
1809
12124
10674
408
5478
15556
9538
2068
2450
5089
7322
1667
3142
11679
3640
14689
4139
5833
17343
9643
12427
14331
14305
9047
13796
8440
5443
1849
11200
3485
12447
5724
14891
5745
10079
1323
10615
9270
4267
8573
13058
3196
561
16622
2108
1505
11439
1039
4614
8054
7345
14347
16635
15393
9154
6011
14376
283
1219
2755
8900
11975
5759
280
4616
11699
9967
8951
16116
2327
14541
2167
15991
4132
12314
9088
15151
12373
7689
16951
804
2881
15789
16202
16431
1738
10319
13163
147
11298
1700
9285
14400
5946
927
3760
527
1262
3935
12626
16886
11140
4895
10805
2291
11327
6454
12568
381
8677
16763
2328
5797
16373
13390
8788
15421
8107
9605
13586
5690
11876
12780
5891
10818
8771
5898
10847
12894
4935
9476
3777
12930
10539
13072
11986
10660
7563
15488
16254
10021
786
2721
10384
2137
2568
10375
10173
9628
6681
15422
1178
11193
12685
5638
11160
6923
12738
3728
9122
12077
3845
5220
7189
8016
17131
4490
8704
10998
327
12095
1936
13725
13660
7126
8452
11300
9857
6009
8190
10447
16114
3792
114
12376
6350
2780
15338
13469
10988
1538
9337
3574
13236
12118
7071
6788
4610
1322
6883
3888
15014
1508
10260
4072
1864
9060
12384
2169
4730
10439
220
6847
2999
16569
3920
3212
8178
6888
8913
14372
8496
3097
6665
12287
1851
6162
16878
8974
9288
15853
46
11403
1145
12900
15930
7562
15202
10725
3770
717
1494
3110
8787
7894
589
8714
10942
15430
9780
8899
12768
12366
7163
11438
5996
1068
10815
15654
7149
1531
15512
10972
3053
15404
4644
17331
11995
13505
6648
1268
5970
15674
8144
4402
5714
11814
6006
8607
8676
11944
1683
5689
8622
8138
10782
15381
14051
11214
2585
11205
10149
10028
16774
12173
5792
11949
12478
11197
4848
8184
8076
10483
12424
5773
15763
4622
6152
8546
16994
13584
1265
15324
10528
11133
11762
5419
9667
10049
7738
484
7906
5403
6258
3660
8194
2097
2615
9259
14735
180
12434
12280
12917
15096
401
14749
13392
2907
14942
9641
13797
8364
13861
4763
8429
6371
14101
336
12048
2523
10108
5009
10727
17141
10882
3299
14911
10220
8967
3214
15725
6992
1004
14539
6046
411
8450
900
13860
6093
12028
5702
16618
5760
12250
13811
9607
5565
791
530
9089
2354
11481
2122
16993
9157
2514
9025
6140
13683
12671
9625
4886
14072
2598
12075
8972
16214
9371
1108
14487
2851
15807
13432
8108
6130
132
10668
14723
13490
7009
14510
6068
6513
7941
12895
16438
2867
10511
15782
13745
11072
12341
619
1015
14301
12572
11692
4798
1551
7570
9488
7579
11925
1952
11019
15726
6819
12709
14651
2567
8321
5583
11257
12898
15650
14373
474
12847
3049
10489
16427
14211
15928
14268
13867
10873
6083
6288
727
12796
11445
6344
14718
15409
7287
13787
11098
5235
17377
8046
16733
3442
7744
2801
5401
11390
6023
12088
1457
15760
769
11739
10182
14633
12225
1302
3306
12506
9325
12292
8630
5765
249
15515
11382
16941
4197
10676
15427
609
16048
9501
9346
10971
5584
14416
734
11159
5877
12238
1521
3613
12755
11667
11366
3467
15351
17272
11319
10896
7672
5206
10209
16602
8662
15581
10910
9997
15357
5864
7365
11246
17149
3780
3297
8948
16997
15829
10941
284
14451
5785
12330
7971
12027
11426
8827
4526
80
2313
14115
17001
4289
16962
6979
782
14251
3676
15462
137
1560
733
2689
6855
5042
735
11051
10867
3606
15942
16836
16804
16562
6266
9885
11050
8366
5118
13153
1405
1753
5770
15413
13582
8460
15827
7837
16594
13009
12393
7583
14517
2768
9066
16949
10365
3330
15713
11106
12286
1898
1836
14454
9269
10982
2954
3666
15015
4775
3513
10519
15489
9151
17157
12909
6792
14005
2141
17151
11880
15299
13809
9619
4185
4016
8463
4195
6313
15254
14070
16217
5664
5829
6138
15389
15663
12235
5761
10187
1582
2716
14845
16992
4343
745
17228
9956
4523
1684
13286
5603
8345
6362
13854
10599
4106
10236
14392
9017
9555
13095
7120
7980
17289
16961
921
14319
12248
13117
17189
11740
7619
13233
8087
1572
14628
4056
5058
5353
13924
9035
7473
4516
13999
14834
10656
6764
3909
5431
13435
16304
360
5627
7157
13134
9133
5941
8445
1892
4090
4978
8660
11769
2067
10377
3493
7609
13317
6984
9682
3575
1116
4048
10091
11833
11314
14550
17185
2739
16924
10030
1844
15626
5091
8089
14306
10464
1616
11842
1189
5984
345
5741
7200
10180
9765
13746
9187
12065
937
8830
12132
4957
17322
10226
10320
3223
1894
2081
14216
9547
1063
1761
3288
3949
15992
12654
4768
5095
2385
95
9905
13092
2182
12612
12392
9964
2927
14016
9105
1112
2647
15743
3675
4977
5548
6369
11783
16552
10734
16305
7085
1345
4959
10263
2196
12380
3688
17256
9022
15751
4150
11885
11170
10598
6423
8508
6220
13645
6234
10259
13673
214
9190
9258
1114
2594
16583
2548
3516
12406
2553
13148
13977
5244
10976
14641
15370
13245
3023
8357
15785
8393
16428
4334
6073
7194
985
4648
10905
10183
8990
10125
10155
14980
11661
1819
7133
5615
1644
7339
6003
1280
9591
2671
10231
8240
13272
1254
8582
435
3263
366
10354
1310
9570
6934
2843
13028
2944
3144
3874
14207
3183
7337
7916
14556
17086
12023
12802
14486
14027
9623
2763
1699
11723
4572
5224
6638
7605
3143
3001
16196
15971
11102
13921
14097
16400
8695
7590
1695
806
2236
5649
13211
1002
6411
9129
8864
15390
12684
11907
1657
14703
14632
12556
10548
11572
13502
5840
9194
5338
1647
978
2725
7234
15157
2673
4203
7302
6848
12047
6033
13701
13544
351
3823
15700
2211
4553
3323
6902
2754
8768
7797
3342
10332
9008
9943
12651
4951
2917
13313
142
17233
15818
10216
5569
2210
333
9053
6787
12904
5497
16120
7571
11902
7594
5514
3354
8762
6854
7932
7132
13219
12615
1814
1180
10819
1401
16613
1578
2905
3581
9117
15729
7145
16146
951
2035
7878
11835
14580
6465
787
4950
1454
16155
4649
15467
3499
4818
16910
5928
8472
13412
7025
10887
15547
15967
14158
11356
5126
10425
15220
1318
3154
17006
8248
11391
9036
10522
189
13059
14591
9545
2283
4140
3612
338
6204
15480
7469
12495
1442
12656
10833
15987
2704
13669
7697
16891
2844
12466
13294
10775
12896
7657
8193
2383
4163
9614
8840
10799
1566
5210
11039
15863
16839
3672
9908
16506
6118
5345
12852
12674
2234
4040
3324
2309
3727
7048
385
2300
74
14013
5033
4021
12128
11781
15148
16832
7260
13555
1472
5174
15968
8478
12440
7225
1792
17261
2706
17314
6692
5605
10963
11666
10227
342
4449
14856
10917
12303
13214
9034
17211
4433
8243
11611
3132
12159
3642
7177
6591
9515
15307
8752
6186
4388
14193
11627
1758
6127
12718
638
6191
12443
11416
10592
11166
14155
8886
813
5919
12477
15187
14389
8239
9417
2006
8050
7986
16681
4160
5897
6884
15861
8715
13242
3509
9406
15010
13672
16775
15666
4030
12597
4683
10536
5217
8869
13309
14431
442
1554
10048
11688
13709
5856
9411
13359
9039
11811
17225
9800
8335
7306
13757
2080
4347
3398
13089
6458
7680
12542
11918
15182
8912
10370
7781
3738
6831
16391
16024
15669
5882
13550
2126
5859
15414
5484
13428
5559
8740
2221
11822
14403
14772
5858
8851
11046
2987
16334
7162
52
1247
10350
237
2299
15746
8914
12333
8919
16000
11938
6102
970
11240
4993
952
16574
10723
1751
15821
10454
15398
7423
11989
6841
14874
13724
3505
4858
502
7538
12873
17198
11855
7794
2953
5774
2187
12056
4519
6300
16511
6101
14520
1870
12827
1284
16277
2551
3586
3554
4214
7915
9418
13814
16493
14239
15359
10398
8133
6589
9310
1101
12502
4874
5646
8501
7694
7498
17010
12716
16321
12624
12112
17022
13949
12883
8556
16943
8708
9779
2806
6416
9854
14161
3939
14093
5428
674
12063
8623
2729
5164
5869
358
14802
2988
9018
8252
6339
6058
682
10973
17148
14195
6386
1152
889
7142
9527
5957
5982
526
16340
15313
11141
13004
14311
14606
5112
6064
17090
54
7656
766
16960
16039
14525
10348
15190
3622
3756
8167
8928
12860
8540
12381
1248
17220
1003
8206
7608
17274
13888
12812
7438
8774
13422
7512
7882
12848
7891
8105
8845
3003
8034
5366
417
14805
5082
6481
2857
9231
847
9341
11184
10823
14727
14092
9719
12060
2203
665
1022
9758
14887
16609
11970
13344
4621
9980
947
17015
3701
7719
10100
4450
1697
721
4241
3092
15660
10763
2213
16555
6581
8247
12426
14799
2856
1997
9161
6582
15582
14253
12673
7766
13346
15047
7056
9773
8281
794
7945
16827
14388
10369
6757
9221
11365
11316
8231
3600
14314
13068
16720
14206
10358
13844
8434
11169
9833
8543
7394
5647
2508
4819
4794
16742
17276
6876
7926
5637
9717
4714
4561
2743
4173
9611
13350
14415
2649
12779
10767
3831
15386
16919
2414
17326
3662
7934
2026
8671
8294
1478
12257
10903
12138
17075
53
15474
8260
12228
13005
5196
2774
3343
5487
15122
5254
11964
12415
5679
11162
14825
6563
3580
17310
6603
1106
3235
6188
12749
14720
639
8422
10652
13607
12831
9752
4928
16482
9442
1887
14187
7102
13758
15000
2900
15107
11743
3651
2060
294
8411
6091
14998
16543
1236
12938
7777
10845
7501
14008
13941
8512
3808
16398
3464
3475
4558
9079
1692
12931
3603
16268
5977
16227
13041
9110
8483
233
11629
15139
14385
2025
9677
12822
6772
2976
14916
12214
525
7535
1080
10639
16689
6971
15470
15397
4685
8865
10346
5442
5471
13123
251
12954
14159
390
1467
1591
11479
5458
1933
2104
9397
2394
15591
4247
827
13542
2069
12545
15885
8092
12473
14379
11092
4908
10580
4460
13152
3901
1350
12617
8854
12633
13120
13857
8007
7146
4641
17302
13060
7654
66
1950
5158
2691
9858
14365
9330
16925
13587
10553
12180
7084
5404
129
1929
11413
307
13352
16059
15256
7635
4591
3080
15203
8576
2700
4493
7819
17041
14855
6868
2580
13917
161
4576
9128
9558
17242
4022
13562
10072
2529
16210
16150
11374
4143
15796
15534
11245
6021
11417
6597
17197
14144
14150
5890
6002
15258
14837
12720
44
10931
13364
13366
6824
7840
2860
10975
11288
6442
12844
2623
599
8611
10328
5398
9438
9424
13736
10458
2204
1812
6315
13754
8467
705
14622
8305
12359
7664
6124
15772
16525
14113
14577
13206
12739
7935
12771
14740
1565
3765
13027
3988
2412
8296
12244
9824
2329
12168
3889
12529
10670
7371
14276
4192
2515
17121
13478
16468
9910
13166
1339
276
1408
3844
3994
6909
11247
1906
13772
1823
5420
7370
1426
11604
4461
7513
10218
998
13477
10550
14976
11617
11643
1342
2146
16551
8688
5845
6419
3161
6911
219
2481
17324
3730
5960
14485
14596
6954
16062
5260
13906
12782
7989
13396
13557
6657
6835
4465
3683
15434
7687
7460
926
14609
1815
1298
9254
12758
13829
16270
14638
12163
1359
4894
12826
6771
6425
15613
13271
5575
15937
17056
7593
4071
9585
3141
13282
8772
9237
14592
5854
13114
12153
1960
10124
1596
4672
13863
4717
767
16103
15734
13628
659
5613
16279
3572
277
4378
4051
10874
1973
6464
3735
4395
6580
10266
14220
4534
10565
6120
14900
13914
12200
12580
1837
655
1058
8924
8745
1191
9548
16810
7709
9378
9057
8120
4996
15035
7641
9720
13579
8409
15153
6364
4309
2955
3694
2282
8111
13372
17112
4045
6207
1023
13252
6157
8627
12305
14684
14543
2389
7548
15831
32
10791
12320
16756
8849
3742
15508
2248
13604
17244
5703
1534
7309
15697
17356
16873
12791
14548
16517
8073
7756
13262
5784
13064
4884
363
4891
14224
9820
6688
5035
13793
8839
7190
9364
8675
7170
16319
3329
6081
9394
15248
1019
4932
10316
9936
4464
11146
3284
4363
2492
9711
1712
6429
8487
7784
12565
16868
1520
8374
14512
17068
5276
2050
17138
10737
14269
3632
7391
9056
2231
8011
10514
5106
11152
2779
8060
16107
13175
12405
8021
11265
2161
545
16046
9981
2232
16037
14271
8466
8896
8055
383
5525
15198
7188
13647
7713
11435
10759
4926
14843
9834
6557
4718
7016
858
4019
12929
11580
8127
2710
1498
3610
6542
1447
7061
11115
11261
6400
15288
11513
1688
5994
