15348
11995
1523
12071
6237
10268
16997
5437
643
9729
13435
1283
10332
5452
3813
8461
7378
14166
15302
3410
321
6284
9057
12213
394
11115
4388
13179
12575
16231
7282
2107
3198
14976
16580
11747
13507
6774
5813
13055
15052
6529
3319
10798
6249
8971
14928
7349
978
7420
13000
8902
9770
14027
15851
9973
14589
10764
2092
15591
8362
15107
7134
6807
3982
16235
16548
8555
7263
1136
16609
15821
5183
11820
15074
4719
7294
3051
17048
11730
12104
16383
15497
6353
12462
14485
14428
4582
8828
467
14749
15057
8761
1992
14955
16545
9189
14320
12205
574
12684
7121
3865
167
15368
15414
4632
4737
1623
11781
13965
13871
11666
7198
11893
6785
12775
9080
15415
4211
2049
7449
16144
7635
6973
8360
6972
914
16639
6526
8663
8308
11364
3546
1988
3940
808
13874
15230
6939
6757
7602
16360
16433
5691
5762
528
7639
7721
7889
16313
10701
196
16002
7477
9085
15027
14721
15399
1377
12857
15354
13045
7568
15670
7814
16493
11003
8169
11879
13652
16576
10118
3057
4857
2118
13745
10911
11321
5488
4617
1373
4172
11694
9764
11549
14841
6713
12567
6649
9028
280
5320
16856
11767
1281
15793
5911
1957
122
16592
9645
8746
12951
11332
7808
1235
9675
12317
12190
16720
1894
5613
4456
1919
3578
2455
16649
1001
9190
10822
2669
5440
16179
16588
1352
10836
6338
11565
2959
13675
4429
13642
14385
6608
9537
2907
9934
799
8013
12768
9551
5180
888
15800
15552
15857
12832
12069
9808
3132
16941
6152
14858
2384
7352
1070
10282
2876
6585
13149
190
8860
4752
9348
14062
13279
4880
3745
16250
7381
12807
15730
4661
7491
16229
1829
2791
8114
5228
15263
15820
15262
12356
2332
7269
4320
17369
4109
4230
14208
13691
13761
13879
13324
6686
9858
5111
16506
2060
598
832
13602
9590
168
15589
8896
2193
10544
14405
13091
2711
8876
11008
6715
14526
1088
4623
16719
660
3714
4872
17029
3594
2676
9521
10206
1817
8101
12149
12580
13308
3184
11758
15477
8499
129
7357
11285
37
8269
8981
9943
14056
15243
9352
798
2894
521
5640
11210
9199
4003
31
13115
11906
8815
7126
17078
17322
6675
4911
12056
4022
8184
4263
4288
6167
4629
5583
10300
12797
15777
11274
12235
16135
8451
7243
6492
5378
9074
15327
8693
134
3010
10730
6342
16328
3460
14071
1308
3625
10493
7975
13197
6948
9378
2500
10852
2185
13579
8017
5874
14350
6596
7112
6554
10153
14233
17074
6259
11400
4495
10326
11011
1844
16778
5129
3424
7330
14115
33
11370
8863
16547
1142
2285
5838
16333
5502
1399
5815
5031
1568
6810
675
13493
6439
14303
12530
8420
6924
2090
12570
2917
874
1752
9528
908
2157
1524
7875
15145
5961
12639
10491
8690
14284
9860
9574
15372
4425
15525
11927
10120
1180
10457
5165
1794
146
10325
3618
7347
5214
7099
11746
6501
14960
8493
13914
14384
4064
16455
3806
4749
17175
15677
1783
448
5938
605
4296
7251
15610
6737
15722
3639
1167
6738
10893
10711
14432
11934
16442
16239
6882
4115
4040
9442
2610
8366
16672
14964
14760
1231
13658
16245
10143
5987
828
11443
10458
7851
3373
2777
14429
12178
8679
7898
17351
220
6846
4254
1578
7430
10739
2445
7312
4701
8589
12375
16760
9532
9704
15277
7133
14522
976
628
3261
16642
3895
7904
7324
5601
7852
17360
14761
12850
334
2006
1977
260
14930
3993
11783
8339
4379
15837
8077
8643
13007
14346
14946
14957
356
13311
11279
13982
13289
17164
13074
4367
11460
6261
7657
2091
4134
6643
2573
216
10061
2357
15374
14489
13971
11808
12303
1379
12084
2760
8994
12966
10929
10236
12997
343
6390
10795
10808
6221
12953
5319
2625
6478
8812
4374
11720
15559
7980
1587
8037
1060
5893
5069
13561
10714
1993
2261
716
16988
6756
1700
6917
7286
9150
13891
6295
1217
4957
14986
1490
16073
1948
16708
5946
5108
2658
2252
2306
1581
8422
555
7442
13100
4110
9178
6891
13038
9830
14372
8073
454
16526
1087
14984
1302
13954
5697
340
16473
11436
4142
14051
12510
9
6786
5766
17228
4725
8317
16241
5033
1927
1640
3116
13529
9659
9563
16765
7218
944
8747
15560
1457
16946
3487
6158
8918
10029
12225
5044
17055
5120
320
12944
2466
8753
5406
8065
9837
10884
15227
8439
15757
9429
11029
3473
2468
10598
9512
3267
9229
11462
2224
5124
5174
12385
852
7863
12816
2763
10697
991
3420
16666
9806
16353
12813
5285
14731
15119
5078
4816
4500
12979
13440
6164
8779
2105
17221
11293
16852
4091
7701
12060
8070
7870
15725
8064
12077
10411
4343
119
9462
3144
9817
10141
11948
8545
11574
10196
14253
9554
272
16785
14819
15375
11538
16651
7118
17280
9620
8965
9001
4013
1983
5965
4658
2232
15337
14812
12833
12506
4030
12257
3374
7237
4114
6455
9477
2516
13720
16420
1638
12610
5127
1438
9250
10080
11405
15717
2856
11637
1485
13620
15381
12860
2549
12723
5501
1106
13534
15755
4088
7902
6722
12166
15031
7460
8831
7530
7703
12155
10621
1462
17330
6183
7274
4221
12973
6892
12577
8600
5283
3679
725
10770
13934
15029
1963
14309
1652
1113
17324
15521
10469
9198
8546
3213
10964
6079
15191
13410
397
2767
11394
12348
17088
10356
4891
3281
9646
10207
6150
6005
16482
3093
4001
15410
11310
8634
4298
13076
2817
5633
13056
14338
4368
8426
2436
12358
13538
9720
920
5761
12101
16222
1471
8716
8881
2267
5685
11182
11154
604
7240
5187
15935
12631
7607
495
12249
2351
12137
9603
16646
3990
5459
12869
1520
16657
11748
1836
17014
15721
3740
3047
11772
2778
836
3671
16724
6292
16077
14571
5897
11960
15843
6323
719
3628
1805
325
13738
10221
1121
6433
14787
7277
17024
3974
2465
13775
11744
9274
8298
11903
6828
1082
7302
16798
5915
13837
3852
11081
12908
6839
10065
4974
10037
15503
2119
15255
14792
15946
10664
10792
13715
12302
13734
1910
7892
9549
565
15386
16457
15023
8528
5249
12094
13628
8630
3759
12818
10583
6060
257
3061
14827
14143
7107
94
12458
2030
14330
15141
2749
14005
2448
6866
14553
16010
15435
10615
14462
14155
9875
6542
1741
5948
476
6085
5168
12305
11254
15267
16555
4018
4194
12942
16990
16634
8899
7829
4066
2696
16620
11846
2502
15120
7905
2294
14089
12291
11125
17199
16308
14951
16566
3314
16658
5654
4171
5211
2578
17377
7261
16674
1250
4615
2551
6546
15367
11348
7804
7362
10776
9682
4672
10842
7585
5244
11902
4542
4583
1391
8818
3710
14594
10145
6669
17302
13057
15157
7433
10448
4663
5431
12835
11192
15137
8429
13329
8542
10866
15999
15439
8304
5962
11818
2670
1347
5225
9689
5276
7223
1547
4777
12313
11840
15261
5589
4408
415
399
767
4944
11136
7446
7422
9799
16016
286
4231
11190
10031
13082
9277
4837
10023
16685
4900
12887
8938
15346
13863
7475
15673
11222
12186
17349
16522
14908
12991
9649
7479
11449
2444
3284
7340
15615
5503
9315
2089
9672
4135
14708
13906
6303
9278
3182
7926
12563
15526
3515
8652
14085
12127
9465
4306
9132
5373
712
4336
8883
1651
12138
14880
16892
5739
2614
11639
4492
12817
10828
6877
16507
10060
3645
8213
13101
1823
16118
4653
13578
15771
112
312
14065
4984
12033
7588
13414
1035
11874
9746
16114
14325
12346
13973
6864
4592
7310
4597
16109
7440
121
8788
10845
5804
13783
7572
4794
17244
8202
13543
9068
5155
16339
2337
14172
12000
5847
10432
10549
16538
6456
2861
11880
6459
11986
14906
13491
16396
16284
9188
3269
16258
9423
16820
7028
2536
1943
9715
4840
13660
3932
7564
8434
13194
3883
5297
8925
640
14607
5412
9953
11875
11956
15729
776
14169
2176
12359
7376
10500
9319
16870
15642
5849
5943
10967
15607
16848
4608
8614
188
3882
8949
10546
14442
11731
5942
8729
2175
16312
4630
14355
15970
10233
1269
3260
13384
11540
9493
5461
13144
9386
7624
620
950
14357
16815
14916
15702
11971
6847
10774
11850
9343
14905
5704
14356
2473
7497
2389
16809
16018
1747
12212
10262
2143
7695
17348
15823
15971
10977
6942
13054
6147
7059
13853
15110
3599
3018
7985
7115
4860
7201
12616
7281
16325
14163
2044
1173
12324
7527
15269
5068
5548
5609
466
2873
6274
7824
15801
14490
15286
7628
3435
8432
5053
17064
6254
16362
16148
10865
7145
13926
3220
16009
1831
13294
13468
11676
10513
4024
9002
12650
17193
16862
1982
10662
14849
3733
10133
7923
15464
901
8134
13820
5953
6759
8399
14105
3514
8165
2456
7052
14475
12243
17177
1499
9561
10875
16912
14777
1687
5164
8369
9636
9652
13345
7056
13818
15214
5179
8210
12251
4773
1437
8340
3048
10673
13917
15003
4707
10295
8672
2260
9691
4144
2607
7727
9308
6821
8890
17135
5760
2988
6639
5338
7489
15152
176
13968
1454
16484
3152
10532
7483
3571
11381
1751
13432
9087
157
13703
6611
15960
12982
10809
11711
11706
16418
843
13259
3008
9364
12008
10374
15547
6488
6155
7122
15973
9073
10251
9585
3176
530
14655
17096
9717
6739
8996
1338
16873
1272
8344
5136
5076
14150
6881
15909
15735
8087
5844
9046
13162
665
13253
4084
8146
4297
11835
2033
5357
13363
3909
1247
10313
11333
16959
8011
5806
13539
3948
11342
11422
6701
1034
1955
13993
3539
2459
393
2865
7645
12986
13828
2973
4149
3256
6258
14403
1388
3675
3169
10059
15518
11229
17156
2291
8879
1267
13944
8482
2249
16978
6928
13707
9579
5303
5984
1085
11432
6476
13234
15071
17166
5543
7552
11897
9476
11685
12221
15197
11866
15513
16139
4025
15791
5073
6361
7476
8403
12163
7086
16327
17136
5818
5480
8055
8843
6450
459
5006
12828
4219
15629
6190
12242
126
14004
12793
10815
2244
6202
9030
4951
1536
15314
2828
10259
2454
15297
16377
12247
14276
16826
15051
3873
12181
6146
11982
17277
1218
6133
7384
12520
11539
10883
7364
1169
14732
13735
16392
8314
13021
15790
3549
11705
10941
3567
10998
9495
6279
12112
1304
10032
6856
4391
12491
13012
7690
11665
497
11066
533
7753
8540
12361
14114
2826
9205
9010
7030
9260
9128
11502
10821
6768
3291
16613
313
13648
9895
11384
4986
10862
12623
12964
16857
9614
2438
4148
1868
11635
3380
11374
12778
4818
2627
1764
16694
7803
9787
4750
1271
11282
2686
17132
10968
5979
2827
6352
14237
7798
4520
2048
12027
14947
5632
10428
10561
7506
15738
3037
9643
15566
14192
6753
11041
5466
6674
3079
15799
11726
7705
14615
4848
8701
12868
15281
15582
10228
8656
14112
1468
7529
1826
16789
3943
2862
6711
4993
9508
10517
10512
10635
11839
13790
11320
3856
8920
1978
206
15864
11036
1021
3782
5639
15341
872
10894
10415
15266
10766
4244
1820
14203
13619
11379
1879
5449
2799
8509
7298
5595
9832
1595
6595
7633
5750
2077
7343
15697
1969
9290
15453
4897
10927
9721
2797
5571
5523
10039
6245
4247
4999
6491
6575
10048
1735
16351
13023
3795
15025
9552
12040
12209
10720
16452
6391
8553
12210
6126
9405
11997
11255
10898
11713
1494
7952
13475
10843
7558
4069
15091
6296
13932
38
14408
15187
15198
11280
16421
7150
2343
9591
3941
9959
13897
7288
12644
7260
863
10652
437
291
16228
12655
7222
7569
1669
8179
14483
14147
17066
9915
12430
15664
5490
8094
10169
4386
15495
5991
1413
12709
15100
10575
16909
16656
11715
3998
13872
5964
4026
15917
16707
6156
3951
9285
1094
16338
16340
2002
16494
15824
8160
1091
3024
13639
12948
2617
17040
15426
6934
6637
13983
14593
2602
2397
4730
3596
3569
5226
11615
5799
10310
13718
3459
15693
14502
5827
3840
10452
8541
6851
1670
12476
3894
15732
7663
16104
15058
10545
16435
7972
13436
6673
4433
8305
13441
5957
11751
5007
11924
6343
11352
1336
2930
5770
16244
7559
13551
5967
11123
17342
12752
6409
8431
6415
2915
2712
2227
3099
17099
9136
16443
4908
8414
3775
7109
7901
9406
13313
12044
9816
16769
15806
13464
4946
14057
4742
1726
16963
1814
10501
9158
4311
7681
3388
6030
7388
10156
15185
11806
2764
14854
14164
639
12100
12786
949
14009
5934
242
11061
1513
9594
11211
6930
7941
2831
1002
5428
16492
2883
5292
3860
10098
6823
6244
6808
11018
6232
15249
150
4476
8430
1150
16663
1994
10617
4308
5280
13984
2327
15483
8307
7103
16208
10990
17303
3523
1792
12226
9741
4804
15015
4604
15584
16180
15957
11985
169
17123
14377
15690
8041
4890
14838
5584
1570
70
14380
10087
17017
3192
834
9755
16375
2604
371
6335
15688
7386
13789
11039
917
14060
16092
13165
3197
4960
15685
5772
10758
9580
10279
4674
1691
9171
11464
6589
6351
15310
14138
3442
3154
10388
10447
11007
8682
15711
4188
12743
1872
15618
1775
614
13354
8691
14245
2339
7350
5048
16650
8578
3971
2004
13609
9982
8710
7346
11994
16463
16519
13386
2528
12867
4410
16573
16300
14963
2572
16691
6322
14803
5354
5271
13571
6368
12398
3841
16323
1453
13969
2942
3402
9415
5988
15814
7513
3536
11571
15343
4639
14549
2391
11785
14399
14948
16502
1332
14994
15081
16829
7474
3689
10749
2085
10404
526
10025
9341
6895
16536
541
12025
864
9560
861
6499
16969
9807
11826
7235
13255
10152
16816
10973
13826
12432
1261
4831
3017
5926
12692
2421
4934
12693
1875
14611
5322
435
9610
8215
6398
187
12144
12064
11204
6069
1743
11828
8859
4664
6107
3972
13587
6481
14151
2385
15632
2503
1667
1179
181
4414
4554
11433
1189
50
6664
16352
2606
3749
9306
8331
9238
10688
10005
7810
2393
9070
7227
15748
1233
3023
9608
14645
57
3188
3520
7541
8826
12808
4395
8888
7070
7700
4462
7750
3183
10754
15922
11407
10757
9975
17350
20
7974
1442
4692
1597
5603
16689
4281
2761
1554
2184
6189
11150
5875
9788
17359
3245
2141
2272
12782
11353
9650
4832
2440
7254
509
11361
12010
8031
14070
13505
15285
7838
10908
5590
13908
11473
8910
13784
3050
12048
15746
12445
9223
4269
9184
7825
9049
1615
7325
7183
1644
4006
14808
7943
11614
14795
10779
11362
10700
4129
15653
16054
4853
2270
457
12409
304
2734
13031
7986
11373
4842
7881
6427
7258
15572
823
16086
8402
7805
10971
9856
16001
8223
634
15628
1630
5880
733
265
13390
8465
4136
491
1363
12789
14736
8457
133
1429
5507
3350
11937
2690
4384
11718
3884
3784
9506
6978
15195
8637
6196
8766
2064
608
4501
8206
12536
5863
13536
613
10654
10109
153
4798
4676
5807
10045
8157
10734
10856
7404
1357
17363
366
14656
10604
15944
13563
17163
1256
16251
1567
16923
6710
245
14040
1309
7180
11163
5858
3598
2288
9101
6859
4422
9880
17143
1789
4191
3538
2560
7737
5278
7289
15295
5651
8375
17095
8217
7809
9479
13437
8900
4435
2247
5889
15659
16512
16219
3545
13943
10421
7062
13903
6907
4301
10735
9666
3118
6287
16210
15259
4250
14160
1961
890
11535
10648
1542
15761
5725
5105
14315
5728
1292
3558
12932
11023
16075
12386
6441
6837
1120
11661
2311
15205
16153
2787
15377
8719
8089
16260
6700
14300
8664
10193
9296
13359
7488
2150
15444
8517
6591
12331
13389
6226
7171
1761
10240
9203
7973
8392
6875
258
11083
4507
7767
7053
1098
10669
7796
7668
16828
1201
10767
5065
3872
4273
15356
14911
1899
10535
2994
15578
8380
3930
2152
16125
9233
16993
3650
12591
16876
11217
8590
13641
4972
4708
9217
14917
7084
6912
5426
2934
10850
1095
2206
14221
14480
3667
13035
12484
16845
7733
1856
12086
805
7091
10212
350
16023
14433
13280
5925
14924
15651
11881
5419
16905
2250
6502
10481
10027
3032
14831
16811
16725
14684
9940
13808
3501
4655
5061
3311
3157
10367
13882
7321
6270
16802
7043
14251
8919
9412
11561
3310
1387
5655
6114
7238
1402
12146
3368
7418
16768
12345
5557
14157
15086
12318
2630
4284
7518
10040
6783
6042
4097
11189
3076
14248
8283
4691
9792
15234
8569
6473
7793
4228
11124
10440
5963
5825
4249
1701
4790
5879
12136
3326
16618
581
2916
4323
7921
11328
2595
12705
8168
13229
1876
2101
17335
16800
6658
1654
8929
9255
13256
3002
2411
5122
2584
2643
14944
15454
1238
11193
10610
1202
1750
7010
1270
15775
2634
2744
5625
276
5607
14665
532
722
10543
15174
13281
17357
8998
15384
5563
14252
5933
3964
1911
11430
6848
7
4428
11869
13014
2059
13565
8731
8923
3831
14506
5178
3662
164
771
10354
6533
3137
6676
237
9992
2946
9559
11959
12892
4595
12554
6725
296
11579
13730
10199
6377
3016
3984
3163
14813
16947
7453
13855
14798
925
13283
1297
7516
11318
9165
729
11356
11264
785
8182
332
9252
16825
14525
3992
5010
8764
5978
12153
3254
5034
4919
17320
1796
12987
11497
2171
11413
2268
8911
7996
16930
2228
17106
8351
14864
8636
15597
138
10667
253
1580
42
17041
155
8852
6204
17081
16574
4612
10965
16714
6820
1236
1322
11058
12129
17093
2519
9656
15485
17182
8074
10435
7706
7459
1628
15537
3180
12773
13500
3353
15098
17090
10864
11223
3299
6271
16503
10022
16900
14692
7894
5792
17279
11682
16974
15338
10586
15789
8936
3458
11141
7999
4089
3945
6910
10370
7502
12034
7165
6958
11760
11901
2999
8535
16958
5235
11518
13208
4157
2819
1282
7850
2729
5
15417
1753
10046
5931
12682
3747
9182
7019
16832
10762
11341
12273
6423
7002
3857
8624
15899
16038
8105
9887
10966
6553
11249
15095
8394
12023
10567
12131
5775
6321
1866
12267
8156
1101
6029
8050
14646
15915
2015
2554
6886
8135
15795
7519
15465
2417
879
15538
3699
4482
5019
4755
16897
16761
2134
14287
12980
4041
9602
11001
8550
12873
12122
15952
17301
7919
10601
6752
7250
4057
9762
12592
3159
6986
284
1245
8163
4076
443
8975
15192
8496
11045
10963
9023
2395
2406
8885
4503
13015
5552
5510
16466
597
671
9805
11410
4855
1312
1756
6028
14232
16940
16094
3376
10464
14584
2374
15982
8488
16782
12401
12042
7511
15143
2182
16414
534
7761
6706
16524
3369
12788
11776
9058
5843
4353
4055
4861
398
3140
12039
16775
15991
2687
12599
11221
16439
12776
16008
12819
6665
13916
35
11246
7622
9660
1047
14519
14296
2364
13643
6999
3851
7847
7917
2051
5702
15478
8985
6969
13836
3755
5653
87
8462
7068
17372
10397
9544
16291
1683
3648
6045
16100
11529
14719
15084
10558
11657
9185
7175
1530
12532
6571
8071
6843
15975
8406
5350
12783
14551
4075
3680
9884
7746
15674
17087
4603
6366
10346
6263
12798
15792
692
10198
11435
12829
12582
8090
11727
7457
5833
13671
10486
9751
12697
7709
12690
6842
9960
16880
12899
14638
10618
10960
5662
11031
6227
11496
15781
7503
11277
6215
7583
4470
16936
6629
6046
12252
10573
2530
14033
14865
6888
2975
2717
6862
4430
12159
16407
17298
15983
9578
12740
16925
1220
144
6609
4350
6997
396
3283
15271
14292
6871
3124
7977
11847
16271
12123
12397
9763
13004
15402
2860
11832
11603
1170
1518
5114
16451
2137
2730
15519
11673
14014
7950
10743
345
10629
7417
14583
9351
6184
15153
5966
4938
10280
8108
7772
8173
1414
12745
5333
16126
16525
15553
11472
2849
14866
15136
274
12642
14870
125
8987
16468
7143
15645
16841
17304
90
14523
6171
6298
1559
9149
14816
7606
14285
12624
13398
12594
15180
887
4424
4720
4159
7884
7757
10510
16132
2177
7890
1346
2164
2377
11865
1509
12553
12278
15640
14362
15802
13249
439
11103
9474
3700
3814
3109
15083
9137
9311
7072
897
15858
14952
3485
3923
10459
5693
865
4697
6301
11916
3412
8272
6472
16836
14635
9997
3827
8405
15490
11053
837
12198
7969
3986
7204
12425
5682
13303
10321
10592
13034
8878
15714
1043
17245
16516
5873
10351
16779
794
9947
11164
12666
3088
12751
7046
9181
10778
7159
4359
3933
6161
7354
10863
14780
13219
955
13013
680
10399
7456
14158
11600
6975
2746
2153
3524
16763
11468
9485
15055
8189
14796
10946
4534
13016
4258
5981
983
17271
11980
12855
14243
3177
10794
7411
17148
7306
9055
4995
14168
7205
14084
12156
12916
10691
10263
7873
2189
10375
17107
4423
11815
5577
3673
9974
256
1760
16278
4787
6165
7337
2011
10783
7510
14
8171
10285
3146
6260
1772
12878
11701
12145
16500
8000
15979
3294
4628
9541
254
12309
15360
6577
8207
9592
3453
13131
10053
16942
12595
5284
12388
11640
16647
13861
11554
14771
17009
5941
14995
13404
4578
2875
378
6113
6954
11067
360
13945
678
2908
12529
10518
4936
13481
3997
4634
10393
7342
9044
7908
15976
7749
10202
13447
14788
7538
6075
3476
5441
2082
15090
13243
13931
13198
17365
5808
7759
6916
418
5619
5274
16445
549
1008
15853
16217
4525
2483
8486
6556
10703
9503
3727
12227
6132
13466
8236
6048
14360
9606
15667
11774
7801
5415
10371
12704
7054
11196
7994
6418
6078
11258
16059
4543
14706
10331
4991
8325
15204
1678
16448
15539
477
8141
9703
9848
17140
1265
3064
11647
17180
3617
16981
8387
13320
5252
12509
13113
9452
16688
5856
3889
9486
11572
5587
6873
9298
6733
9535
4183
13019
9368
11225
11896
83
10011
14336
982
13201
17052
3682
11627
6095
1083
988
10880
12905
5759
2017
12665
16722
4480
724
10790
1259
1611
2983
14365
2046
8602
6645
16406
9328
4111
6633
2898
16837
13521
2113
8220
11030
9916
7770
4780
9045
9026
5822
13316
2213
13184
4681
16183
5753
13670
5219
7327
17020
10116
1279
8332
1376
8510
5473
9038
7947
15749
13522
6289
6920
8051
2590
644
5134
4962
600
1105
2420
13664
9249
12366
17076
15307
500
10846
13342
1869
12614
1529
13168
1240
637
8928
10933
11967
13910
8224
7448
8296
3880
3497
39
11548
14478
8234
15466
12761
3535
15947
1109
3223
15484
6209
6111
2180
10704
13039
8006
5186
1467
192
3581
3660
13476
14643
1577
9732
11972
10916
9342
13712
11931
9516
7611
3378
172
17323
6317
16133
17190
7276
3464
8609
11644
13753
11440
5467
2075
928
294
1067
11493
7539
9938
13977
5125
4901
7542
16659
15846
14487
3978
15984
6138
13406
85
5689
7366
12512
1766
2513
7158
3471
10991
13899
13864
12985
5495
7781
6217
5025
1275
9852
12784
5900
6721
10476
5939
12116
13550
17112
14079
13330
15969
13394
11419
5356
16458
1941
6968
5172
17169
341
10047
13426
9091
4138
16202
5921
17018
12557
14322
2334
15916
13399
487
15680
13492
10649
9632
12051
9492
4647
8471
6503
3285
5307
1122
13548
4734
7855
15046
338
4910
12200
16048
1585
14520
12342
2786
5201
9642
7029
1342
13793
2943
3635
5989
7731
6798
15989
13560
6597
5909
11169
5149
4447
7436
3345
14328
3367
10835
5951
918
8894
13750
8103
16279
14775
11016
16397
2168
4866
13644
14610
1573
1593
7492
15228
2379
11674
9077
8840
10482
12516
15472
11524
13146
11773
1284
7815
1466
5720
12864
10692
5472
17230
5397
9976
16136
3522
2070
11787
1516
17047
6275
17366
4847
12636
17209
6517
1242
16557
7618
8172
9108
9069
12861
8668
9957
2697
10462
14741
1285
5560
8244
8917
10928
9432
2954
12272
7580
14488
8267
1556
5831
3587
5095
1665
13397
3669
2464
8505
15523
15585
4382
1857
3305
1811
1656
3344
16817
4967
11755
12590
6530
14564
5047
10551
9757
1501
7009
7776
10737
4214
322
10318
11363
3394
13802
10705
8805
5505
9470
14943
13700
9399
1931
7732
9653
3013
4220
1417
12459
14454
16553
3709
5530
572
3201
15066
225
16460
16929
12800
7486
13336
13751
4544
6082
2369
10257
14045
9237
1662
11486
14249
16320
6931
15188
13540
2308
10007
13510
16134
16371
13940
11576
14277
13746
15244
10574
347
788
14711
8735
16111
13216
12804
6923
4412
16894
3516
12769
5634
3771
12760
13798
205
0
13485
8722
16337
10455
4624
8713
16227
7006
11740
11199
958
10252
8466
7184
4209
8251
14898
2531
1203
5423
5681
898
7537
13801
3730
15661
3768
12715
17219
11291
13183
5013
14778
10126
9567
8253
12110
552
3839
4699
15778
12052
9699
3803
238
5112
11612
16631
1478
4703
352
10947
522
15160
13650
6918
5385
14130
10924
1351
3728
3744
6693
12312
16128
2529
14582
17026
4827
2995
4291
10591
9282
15981
7022
67
13171
17263
4437
3306
16088
4027
8441
13086
12413
2940
8584
1463
7333
7196
11383
15671
7079
4240
9020
13624
4726
1842
5482
13868
5997
2872
2815
5717
13659
16440
5194
4942
8460
11019
2470
633
3234
14393
15583
1237
4727
7650
9453
1892
9075
5424
10997
12515
15705
1123
7610
6943
4813
3231
13385
8327
2646
1252
9846
3975
7149
6634
11417
3043
15896
5664
2587
3451
12280
16804
3683
4799
5992
3083
12088
12805
4600
7069
16040
5628
11566
15300
3557
17216
6201
8744
17129
5380
2335
13383
2000
3754
7958
13905
3355
8175
1590
7976
5094
14619
11550
7297
2305
14675
2222
413
7210
7027
9558
17158
10403
13546
16022
1989
2263
3916
13817
8383
11079
8659
15315
247
14404
11038
3763
12173
4929
10422
12919
10436
8905
12649
7179
4004
3071
12148
4164
6647
180
9284
9823
6704
8162
15619
12587
12234
12879
8222
4567
13092
4121
2013
16401
14184
14122
3053
7989
13938
14463
5820
7620
12222
9950
580
8018
12734
16632
14560
2728
7291
4345
13069
6586
9257
16950
8939
5368
7685
5968
9035
14770
8449
7241
9616
6043
8667
10666
12407
6084
4802
10190
9586
377
15692
4484
5578
14235
4103
7694
14790
3021
11604
4596
16206
4398
7693
7960
10696
2892
387
15242
2804
2985
7688
9596
15241
15299
11160
2774
10132
32
8240
16203
12731
16907
12202
6148
7876
7944
7256
5160
16509
13486
1364
1072
882
11243
13108
655
1848
1139
5389
9759
13119
12688
5102
15623
9366
13901
2278
12615
5975
226
2707
8328
9011
5396
16732
4678
1710
16846
15720
7123
1832
10564
16952
16019
5969
9971
4803
6354
473
2314
14830
14535
11868
7265
1643
4002
7353
1223
6919
10170
15405
10948
12141
3039
12460
1102
12721
2753
15397
13605
14042
6122
6550
2495
3622
12840
8479
4651
11070
4927
1550
9836
13710
7584
14275
9555
11231
16871
9395
2081
14637
3034
10537
621
5840
13577
15373
16562
9861
7811
5614
2879
3279
8842
1126
6755
3200
7937
148
14052
8884
5362
11888
8979
10840
13772
3427
2220
2550
5083
14194
1564
1971
3879
12691
309
8268
9115
12021
705
16425
12068
915
15602
17203
5866
6946
6256
16477
10870
8391
6960
2675
17265
13511
10064
4034
9867
6926
2053
15504
8115
140
11331
2475
13769
12256
13232
16807
11709
13911
6795
14104
8481
15785
1383
3009
1333
14050
3697
12463
5862
12035
12960
14176
16518
9018
6465
14293
15268
3761
9930
9597
17306
11788
4304
11499
15907
8704
3855
6631
14716
1386
9526
13204
364
6599
9565
10101
13301
1147
17213
12126
5706
1607
10066
12143
9164
3164
10633
16184
4348
9475
14441
14348
17067
11454
13094
7609
17070
5855
13606
14263
14193
893
6893
3205
15668
13850
9253
10177
2524
747
14302
9243
15961
3850
15272
2923
12651
5670
10999
14606
9202
2926
464
13309
2140
9214
9129
2547
8500
3210
11300
1484
6358
4070
728
8580
16475
2708
16267
13203
6850
11559
9619
16310
5193
6784
9370
4937
8851
10556
779
9692
17008
2545
5207
5565
1685
8273
17318
5407
14416
1343
11945
10079
2301
1694
3408
12596
5494
4546
749
6971
7864
10902
12643
8001
3062
5266
15121
6761
2664
10695
11704
14570
12959
2110
14897
1359
6474
11564
9581
16777
7490
11076
4643
10494
4053
3597
11262
14575
13957
1431
8707
8685
5055
4046
13597
3212
13633
15251
1403
12956
17004
1914
8518
13135
2579
10847
10311
460
11233
1974
9939
10489
2754
14492
2458
16286
8053
16259
12713
273
6144
618
6883
16638
811
2373
7682
544
1432
1997
15965
16677
14002
4290
3447
8225
6277
910
2599
14574
14110
3443
6403
839
5555
9706
8592
2694
9116
8137
5716
9126
16053
1830
1498
2442
2789
5712
451
12886
10676
2489
16039
7800
11616
13741
9125
2520
46
5668
11680
7041
15064
16254
7546
4056
844
2768
13121
1161
4753
7712
7406
9890
6062
6071
1159
10930
10117
8813
3172
12030
12431
10988
9949
1475
9235
4197
7760
14907
11461
9670
12377
12394
17275
11844
16368
582
10772
9081
7968
13662
9192
10043
1852
13343
7854
15088
2685
12921
8062
5306
4774
11299
16644
1118
15258
3203
4657
12762
5242
14113
2594
850
4016
2446
10833
3379
11963
2652
10218
14238
2217
8825
16052
6129
5116
12719
14962
56
3706
11303
8028
537
2057
7077
10409
14644
4687
7356
11324
2380
5570
1626
7403
1073
13569
10923
6913
938
13018
15070
14752
4899
11006
8711
14464
13990
9883
15436
15009
98
14693
14493
6367
14295
11588
6024
9843
12774
17039
16096
16055
15579
6291
13814
14088
15992
15276
6064
5448
12229
14807
4411
5189
1029
14873
3885
7765
8100
5667
15336
5138
11138
2423
1930
11176
15580
15406
10129
584
13663
9168
12004
1456
10925
4549
14648
16529
4915
8927
13270
8309
9271
994
1874
9750
9980
2689
16931
12427
7394
7345
15956
12470
13774
2398
15488
14469
66
2490
8398
2368
8436
11084
9389
12696
17019
11153
4174
10106
14031
13124
17238
9640
8865
11201
13060
15318
5210
8570
6536
3042
11734
6396
4265
9259
15621
3448
6362
9034
1089
7017
14167
4497
7755
7057
7434
2701
8039
7723
12128
8641
8009
9811
14543
13612
8196
3232
11476
11167
6092
11833
8416
10134
2345
4341
16385
8948
6294
11235
3931
1318
2499
14837
8835
17007
11976
9398
558
16182
12500
8906
1738
15756
5404
8770
14499
13469
7055
6497
13585
16514
462
16513
298
118
6718
13573
5949
1370
16749
11575
17312
4448
12632
10805
14968
14516
15987
16655
6655
6461
9749
10442
5629
7398
16767
4000
1299
13799
11813
4283
11851
8655
773
9511
1244
7419
3343
8136
14625
15728
6803
1765
11958
13287
115
4092
2539
1158
9571
12053
557
6483
4626
13690
4576
16667
11090
8557
7945
11891
1033
8388
11658
10082
3046
5798
15203
9882
8081
10344
2640
4519
885
17282
9138
16799
12913
15891
15172
4105
16910
3429
10831
2782
13269
4841
14313
5877
7285
10072
6944
7868
10131
5797
3789
1063
1793
1546
2580
1286
3779
7679
5253
16233
15011
6528
10214
3426
8111
10569
2292
9914
3960
13288
6073
11838
1055
4087
12439
12281
16062
14345
16097
6680
1326
2187
2063
951
8648
14822
9631
4565
6632
14580
8335
5062
573
3007
8311
12495
13169
16970
14364
7523
5755
14747
10204
1944
8937
1812
4487
2215
8227
2115
8295
6520
16277
5741
2167
14750
15382
8187
1594
4445
15878
14530
4782
9995
9519
14541
15888
3005
10449
2154
11786
5474
2723
7739
11458
12096
8687
277
10365
8078
13966
12308
346
11161
13413
16686
1531
12605
12098
9518
12089
12640
7821
9056
12009
16413
4735
7563
12436
3352
10913
2902
8052
16698
2743
11184
1421
3607
10487
13809
6168
7031
17010
5496
5316
229
13129
14768
9160
593
16546
14159
5352
1551
16177
7157
10074
4324
2179
1906
12237
7882
10731
10727
12995
10823
12739
16081
15524
8038
10528
5126
5699
13428
9924
3510
3848
6349
1051
14421
11545
15998
3858
1642
15324
10687
11583
8681
10572
4499
10018
3828
13884
15569
2506
11714
4645
12847
9099
16372
818
14135
16615
11143
11148
15845
15087
8782
5559
6080
12574
8750
13370
15662
13286
9382
9424
1690
10172
16540
9236
11816
7148
12754
17101
11663
3955
3661
16296
3130
16774
10813
14061
3243
4287
3705
12831
16878
17270
11920
5254
11010
16426
4132
1704
12399
9427
6625
8834
1533
4894
15882
1653
4589
11047
9355
10926
12609
6025
800
17276
16551
9131
14119
4823
6906
11236
9194
4981
855
10954
10781
4048
3954
1706
13807
11296
7065
10089
6988
9849
4339
1666
8337
7955
14417
11597
10614
12771
10650
3386
16641
8554
13674
5491
10158
4460
4358
16417
1599
10760
9381
8357
4706
4126
11130
14667
2378
5533
8598
6493
14932
15740
5485
14199
2034
10355
3270
11060
9093
1730
109
12330
12414
4561
9186
3551
6012
1729
10303
756
15305
4625
11981
11307
13006
6404
7545
4252
16272
7153
12992
5090
8732
13616
14633
2649
15253
7653
8561
1942
8228
15643
11142
15911
5610
3652
4892
6264
10016
14805
4574
6687
6748
15844
6098
16660
1278
15429
5622
11273
16084
412
3658
1855
4101
11114
3907
883
10284
5513
13368
2062
2543
9176
6239
16863
14868
15534
8455
7562
11919
289
14997
3263
8491
9013
4591
13613
16915
11056
4413
1166
16572
11541
15890
12540
9789
5882
7214
9626
204
8016
15514
4014
13625
5744
175
4104
10093
10149
5906
13265
8867
3329
13105
891
5842
2424
13935
13478
13315
1507
5175
1254
3385
17073
3774
5166
11655
14129
11845
4580
12268
6371
979
2265
8193
2363
12518
2016
2633
17293
10485
6861
281
14207
6792
8513
2443
5215
15675
15644
905
9657
8877
17016
2290
15613
17122
2808
210
15308
5304
3478
16301
16812
11372
1804
5582
16630
12165
15840
1970
8512
2563
4846
4548
3508
14401
3059
12708
13514
8484
4948
12611
10138
13271
5464
12511
7862
12465
15751
329
13833
4152
9281
1461
15034
12341
7094
9063
15264
2521
2390
16866
1163
5365
14304
7252
7740
2671
5455
17153
10550
8313
12175
3637
13869
15462
2259
6480
15458
987
420
6952
2846
11292
5143
1786
219
8754
8833
8418
9309
6582
189
10775
11028
17367
10445
684
5386
2932
16628
11617
5329
15546
2485
3166
9372
13580
4472
16058
14280
8190
13870
15719
12322
7927
7331
4117
8139
2009
15184
16137
11547
16205
14191
15635
4086
16497
13215
6316
16669
12429
8490
7141
9801
9439
4795
15369
10987
9627
3080
16687
1821
6607
440
16028
15211
2588
12890
15501
13778
10235
11503
14413
8321
8771
5656
1912
15138
13150
2433
11295
4717
16297
15639
15701
10015
7231
13803
10788
11213
16654
3664
1718
8027
4792
1294
4015
16645
13192
9014
12926
10597
14958
4770
3698
7455
9739
6033
1672
9376
13976
10347
10824
10952
3777
10267
13350
8138
9854
9269
10895
11329
14212
12958
10287
5205
1617
10837
3259
16021
8264
9472
2821
2103
11721
2838
15743
5929
2315
17328
2847
12907
9725
7088
47
11479
7619
13134
8763
11127
14751
4556
14283
4878
10626
11401
12711
11542
11021
9219
6413
3090
2949
3149
9505
4654
7699
13352
17049
15794
9556
5398
14400
15689
13285
11873
11719
2857
2024
13439
15493
4761
7400
963
3630
5973
5470
8368
2350
16056
9349
2887
3361
8492
3381
10092
2480
16470
12293
13697
11340
4713
9111
1135
9221
12701
13367
4050
9780
11672
4859
11670
14734
7089
11101
2131
6187
10316
5710
10070
2613
3073
7946
4153
5536
12927
10468
11555
3431
15908
4008
1946
5890
16610
9303
14977
7654
4581
13147
9445
977
1022
10951
5067
8606
13708
16113
8654
11416
5602
1042
6105
13326
14083
7786
4361
2174
3101
8783
12901
3743
4555
2888
14810
15625
17326
2526
10724
2142
13347
16214
2703
10231
1133
7575
3320
16534
1850
7948
4898
15235
9226
4376
1865
16554
15210
14494
13594
5927
11170
1149
3866
16570
12634
1958
9524
5367
3612
9211
17285
8147
8780
10034
13656
10507
13959
11489
1813
17115
15248
4825
4201
12618
12593
10721
2102
3066
8703
12343
10333
14081
8875
1788
13177
8412
5657
15421
658
13626
4160
14067
8198
10234
244
6909
15648
13698
5147
14374
11970
12050
14262
520
11180
2275
5641
16129
10853
1959
10056
15398
9346
14472
9902
4668
821
6959
16681
12881
587
10733
3273
8539
5030
14636
9033
1210
16121
8293
8359
5341
11988
683
1973
14446
17251
2431
6487
1108
15097
3800
8757
4344
8933
703
9066
9279
14451
14844
3937
390
11412
14301
14673
11510
6902
1712
9174
15148
5970
12197
1115
14170
13455
5647
2571
5944
5071
8940
12340
15759
4772
5369
12984
8174
6982
11271
16411
4527
2836
11107
17137
2820
15239
2486
12815
2412
2868
2740
10224
9707
14093
7423
5275
12489
13065
14806
13520
5342
921
11863
16474
12604
4340
9193
8177
202
9156
15762
6399
3400
12461
7587
1928
29
635
11633
13702
16345
2151
5086
13549
4127
14187
15158
9196
2510
479
5567
14683
5191
11821
6163
10289
6612
7535
2405
15351
16715
12620
6740
10353
10243
16095
5592
23
10113
8485
16263
1940
15696
7351
3006
15902
2661
1635
16772
13052
12065
7982
9942
3580
3348
16847
13854
8464
15880
17108
17157
4038
7287
10554
11912
10989
12555
5573
4779
7549
4372
15247
11482
14825
12523
7395
6705
13847
3543
9862
10993
15594
11975
14351
8787
12416
17234
12182
10414
15548
9197
4903
15193
1153
13306
12947
4665
12449
1151
130
14030
13227
4864
224
7105
7458
2146
6981
2850
11283
234
3499
7466
11155
16294
36
14861
14724
14077
6764
8709
9288
16616
6967
12292
7470
13501
12382
6777
3193
14641
17220
12353
9865
5894
15122
6765
12282
9491
5119
5506
1504
14969
1999
5443
15966
463
15313
8571
8275
14128
14612
10341
15021
9145
6327
7170
8085
9794
16131
13118
12092
1132
14921
6162
14697
14310
13431
16076
9175
9761
14430
11396
12914
14704
7827
5091
2097
17196
7795
3766
5323
2462
6841
13251
2735
9847
11159
4488
5133
10192
6314
2376
693
11206
11842
311
7834
1315
235
10083
2356
12685
9908
1041
14396
15000
8373
16159
8522
9061
385
3170
10312
4140
965
11445
3887
4277
12725
17239
6207
14225
2682
7680
9937
16560
16071
4512
12971
9641
10095
1331
1605
12806
5569
15545
2662
9287
1186
6419
7374
5707
2188
9416
2160
5901
410
15407
16937
6616
4107
7729
3156
11132
8646
11431
3207
12446
9736
17235
7367
6220
6780
8456
15072
16480
6422
9840
13740
13719
14987
10364
10208
16465
15489
2769
5805
4266
14390
8793
12497
2498
14949
1734
11595
5983
15349
16733
6411
4906
8241
551
7439
429
16488
8330
12983
2648
6313
9767
816
7076
8560
13980
5468
6727
6145
14545
12490
8817
9263
16744
9897
6468
2632
1215
10680
4677
7598
7807
13378
4598
6685
14629
4516
6061
10876
9313
17059
14769
4208
5212
7081
12419
3325
14975
4756
14048
3752
3927
14140
8862
1749
10661
10369
15874
9981
4256
6524
1361
6525
14600
13503
13779
3812
3121
916
3398
9728
8247
4133
12376
6210
13733
1382
9747
11796
7965
11088
2375
7896
9769
13176
10433
4141
17185
8822
14450
3465
2731
12193
6860
16539
2936
16478
10299
4477
15216
5998
13206
13228
1592
2041
568
2967
5256
16619
6443
704
16838
8869
2338
11504
13568
8706
13433
17311
11366
4656
16565
8218
13434
15099
7603
7402
11809
12354
16223
7642
16152
15850
1519
12531
9683
14388
12338
2546
5923
1824
1014
17102
6560
5004
9390
12612
16661
8576
9397
1455
5509
10961
14754
3519
16266
11904
9095
17170
2962
2511
9017
15124
1754
14887
4337
10429
1255
3321
1646
5547
9708
7151
8734
8379
13898
13987
14613
13222
15433
9648
8226
16788
14101
1050
802
10055
6814
13483
9628
69
12474
4251
13527
170
3583
7186
1527
7329
10820
3518
4426
12678
15990
12276
5198
8892
7014
15574
1440
8720
9254
1806
12014
3304
8909
16436
3896
4407
14603
5121
2106
10857
13627
11149
5857
7199
15194
6849
8816
16429
3758
9905
1411
15288
5281
12496
9529
15813
5576
12102
11522
10755
3482
10124
14743
9812
7305
16160
12993
12870
13509
3525
16939
246
2812
1197
8633
15208
12825
14631
17296
12853
11551
6914
7215
9333
16679
11207
14371
12447
16270
3724
16745
6375
9601
6038
3274
15877
16982
5054
11769
1433
11404
10750
4987
15434
16237
7301
8421
4203
9810
11754
5731
3237
4642
2552
12037
6855
7216
3655
847
6041
13202
10981
13680
3653
2933
13451
7818
9798
11775
13819
2802
8581
11173
11162
13425
9866
14334
6106
10832
13380
1380
7401
15
3327
4085
11777
2296
4128
16061
5221
5375
6044
4732
9122
1213
14794
11094
5158
1887
13589
8984
15855
1655
12410
13237
6402
16204
16108
445
15663
3810
10211
16973
17001
8176
11625
14504
11259
11656
3483
16891
7131
11313
13374
6622
3195
12438
14554
16595
12107
8413
9480
16379
10579
9154
15665
1074
1176
15396
4170
7554
1398
2958
4867
4858
2533
6053
11418
12442
10187
12119
4351
14086
3981
16314
5579
2756
16196
3190
7037
1419
11756
422
8611
11862
7799
1015
6283
8256
7550
16600
11344
8789
12851
10713
12477
2890
4475
8277
10044
11534
2623
15573
7886
6690
7284
3910
13941
9907
6290
12327
1833
6576
384
6288
617
5489
132
1721
9295
9337
585
15885
7382
4956
8968
6134
13960
10912
6825
7626
5585
13857
8594
5287
14484
3613
4238
2666
14270
14573
9617
16015
158
7304
16169
6003
15220
14003
13535
15076
1791
1566
2986
13061
1900
11288
14186
10891
5864
14677
8534
4731
2655
9322
17227
1422
16020
13412
2823
15342
14173
7003
2271
15126
11015
11624
263
1778
16181
13607
16934
14512
12390
13407
8245
12545
15963
1601
12741
9187
2657
10260
7412
15298
12152
10420
16347
13813
7860
456
1257
1920
12043
5420
4775
17114
13403
3656
13080
16578
11140
5561
16510
9283
14733
5976
7080
1208
7605
10084
14671
15863
3646
9025
267
4347
17215
1330
4155
4406
13130
1066
13711
15561
11495
3753
14839
16927
15017
3616
7839
508
7169
9335
2036
49
3712
12300
15018
9977
7686
12525
10639
7822
15036
7154
8607
8820
10423
11494
17056
179
6068
12521
8230
6230
376
8257
12738
16200
5526
6580
9520
14548
444
7787
9076
2853
14913
2900
7385
3696
7408
1693
6169
5257
12265
8999
529
11811
3925
6018
4518
5519
15881
667
6328
6125
12370
4605
14465
15933
7617
15866
5454
8076
12756
895
4921
14445
2848
13027
6736
5800
6581
5917
16751
7574
10693
825
17155
6766
1141
8645
14882
12812
4162
15861
11339
14149
5220
878
1374
13187
12483
5996
11526
10803
13765
143
7959
5581
10752
10871
10594
15827
8036
12821
7236
6039
4289
6707
935
7114
11064
2434
10385
1044
738
11202
8127
5832
8355
12381
14621
8963
7178
14013
10756
6945
7536
3663
13335
12777
9754
6451
7666
13709
12038
15166
6067
5377
16705
14524
11780
17292
11887
9991
14268
5422
9760
357
16238
12583
16670
10906
4072
16652
10290
16842
9408
15637
2939
10020
7496
4575
5360
13327
6600
3202
627
17086
14344
13156
7819
10589
831
4400
8407
8473
16533
9454
15517
8024
2279
3976
10851
14197
12904
12365
10683
5001
14712
10186
14783
10339
11033
317
2453
137
12238
3323
14624
3296
5980
4745
11156
1065
14568
17297
6966
11175
6933
11172
16394
14789
3114
15575
388
5429
12836
8893
8992
15921
866
5905
13497
10495
4526
11399
1084
8069
5690
11444
8350
6197
17246
8408
12333
6880
12378
16594
2293
12923
3844
13889
17082
13975
6984
14018
12802
14558
12588
15048
3691
4017
7465
4490
975
14966
3842
2830
2899
2608
8775
2427
10773
9711
1768
6458
2507
4622
7336
3726
17254
5928
13608
7113
1112
12130
428
4299
14763
185
5258
5732
1733
15112
7106
5348
8627
7823
2905
2056
15596
15638
236
15049
16041
5724
6179
7637
6242
3065
6802
2924
8568
16172
553
2262
13448
2186
13815
16814
8520
3070
16648
2706
15428
11827
14460
15102
8098
16491
5841
16989
10357
1917
7095
3994
10659
4178
6762
11121
7090
16612
1714
2851
1517
14885
5575
12041
867
147
17006
16185
12748
4033
15395
12011
1116
13890
4043
10054
5399
4232
697
4945
16530
10807
6867
14772
896
13139
2840
4108
3086
16112
8858
17083
1715
8289
15630
14016
14200
9440
13615
1249
11514
7058
10877
4807
6778
10315
13446
13638
5493
8821
15581
1571
15380
1936
5786
15233
13233
15598
8791
9892
4443
15350
8023
8265
4805
12020
13646
6225
8613
12822
525
6157
3723
10939
9687
4917
10631
7262
14452
16893
6065
10504
1986
10222
11371
9782
15894
1037
3760
7722
12972
2678
13895
9700
12284
1406
6964
1774
3085
9141
6477
15765
6392
9662
2404
11843
8688
12325
9451
4315
13763
8675
3056
16378
5099
8046
10115
13512
3297
4566
4216
3100
3611
6832
15577
5458
7556
7785
16290
8632
10920
11743
5040
472
6879
16051
3977
10296
6628
12687
1763
1755
14246
2218
16764
7048
1661
2100
10531
15461
8935
6896
1815
2758
6357
8475
5140
14956
11999
1888
12848
5159
4577
3000
8662
3953
4757
6539
9438
4463
8951
4237
8738
5767
2991
2501
5075
8612
8348
3643
12976
16748
1127
12637
1395
16790
1633
2237
8515
10829
407
3315
15604
1314
1538
11185
9962
6228
11936
15007
6010
5135
11247
6360
2770
21
16904
12108
13419
1808
10317
11932
3787
3854
7570
1675
4060
11915
5267
283
10622
4130
10203
484
3247
15306
162
1589
8057
13093
13353
11135
10358
16827
15676
13528
6760
16044
14080
5553
11552
1525
1837
14137
2126
3224
14945
7328
16924
9966
3036
13998
5229
6519
2161
2909
25
12233
3716
8638
2178
182
12677
7534
8212
1321
15319
3063
1020
13365
9140
2104
13050
16243
3119
11650
16150
2210
5384
3888
11186
11837
15833
13473
11573
10342
2120
12759
13111
778
13564
7344
13830
2577
2752
16164
6578
14569
9036
15078
6466
543
6980
5742
16759
13418
16299
8433
12638
16697
1502
13028
6379
685
12911
475
9163
11305
7074
11078
16176
4982
3809
14427
6812
803
8503
12647
15901
12114
6638
842
8640
1939
11527
3826
9262
17333
14848
12539
326
13360
12057
1722
3175
8932
2204
16822
16098
10932
13364
16824
15096
5790
4941
9929
3632
10915
8474
9106
151
6191
2508
10439
8404
4393
5279
11337
16935
14942
15219
3209
8723
16386
796
4821
11327
1019
15649
15040
8364
858
5908
11693
9507
17200
11725
14381
11589
22
8302
16427
559
912
11304
10012
11420
11898
1168
3138
16257
3384
6311
16728
13796
4905
14687
3498
786
6579
13724
8737
3900
6551
6840
4418
7443
5669
15176
8653
15633
11203
1904
17329
16521
8478
13369
642
9737
152
9800
15371
7232
9100
7504
16693
13248
10708
6646
9553
10839
11925
4766
10454
13575
1371
14728
6087
8066
2088
8099
12834
8468
3853
9827
3162
318
709
13632
11537
16571
14370
16464
6635
14183
2796
8986
506
9447
13078
15682
12963
840
8260
12658
10868
11829
12168
5355
186
2747
10176
9718
17187
7481
962
4978
15446
14889
15226
13517
3987
15492
16450
6979
6659
5784
8079
11789
9003
14326
2112
12672
2229
17218
12803
7867
3433
2559
8674
11441
11234
2381
5417
7020
16967
14185
10609
15798
3029
2929
72
9928
5950
3989
4644
2631
12189
2196
2012
4327
6406
6574
6789
6305
9923
10542
5676
8551
10623
17197
13178
5087
9064
9334
5867
5611
10782
16047
8358
7045
9573
13474
7225
14572
9021
16877
2149
11530
16535
222
4613
2505
15171
15810
7747
12662
16261
6640
16586
2620
10668
3786
5363
14437
1081
2784
9300
9224
8221
700
14755
1621
6604
13245
9417
11736
6746
12357
6426
4007
10996
16976
6083
6787
4375
3820
11166
15601
7226
2755
8409
1625
4099
12417
13321
16175
3222
16046
1039
3173
1448
3950
13999
11129
1953
16730
15293
15221
14266
12757
514
12549
13722
1277
6683
92
7907
15134
6754
13631
3194
5359
12085
2191
2989
13252
4441
11841
527
10686
3493
17374
173
2209
8694
3456
862
15540
2020
17241
13064
4649
6603
14991
1771
3060
8044
9777
2449
200
4671
8124
8259
6308
1225
4882
11810
1840
11181
7792
11113
1207
12503
8575
5883
12524
4925
13381
13244
11309
3040
8453
6414
5035
13442
2938
1843
15181
4579
7698
8345
607
7900
14953
11415
14527
351
13152
1251
17085
1234
3128
10657
2693
8483
12635
4826
1515
6938
17002
9517
4112
10892
5079
474
1185
15358
7857
12420
14996
2221
15128
11801
12036
15065
15941
1990
10529
3027
17376
10647
16161
8015
6547
3449
15217
6794
11885
1056
15650
13805
16867
16675
4397
6123
4071
6543
2025
14094
12368
3461
14038
13210
3570
4449
8012
12320
9488
16739
9932
5711
15062
9825
7174
8487
14919
16953
3736
13554
13635
16860
14260
7139
11480
16188
5064
17240
16823
16215
6652
11306
12584
15895
1329
7360
13298
10223
15334
4474
16216
4833
8921
5176
4074
5686
3776
7551
9917
2586
4947
15655
5255
13467
5692
13743
12929
933
11091
2738
14696
15190
13925
15587
15340
6108
15825
4540
16577
2159
15487
10896
2481
1045
6470
4873
694
11043
8243
12164
1696
12603
12844
9172
3847
1790
16380
12894
10154
2026
1742
9374
14691
9525
880
9813
12499
9418
2931
4849
10934
4381
15678
9314
2037
4871
5700
15822
16527
3509
54
12113
17045
17294
9367
15796
8671
3654
8725
8995
3626
11652
10719
8285
4196
10914
9783
14491
13241
2605
2328
11263
9053
4975
539
6136
15841
2733
2488
12779
1776
12254
14902
1926
10471
5660
6961
4778
3942
9676
13552
12244
10607
17352
17079
10878
1140
2401
9155
15353
13083
8109
12625
6671
13823
10901
10909
2225
5326
4479
6694
2165
687
3633
12457
7897
16874
7098
13402
13986
661
4881
14515
13284
6618
8299
15563
7253
15470
14517
5525
10685
8874
783
9401
13040
3026
1737
409
502
14448
3711
5045
8566
7431
11602
2065
1503
6970
9344
13075
7578
12275
8117
16542
8762
9634
11807
4179
13136
9083
16343
16813
12613
4045
7861
1171
2355
1526
2793
16819
13292
11882
10508
14424
7507
14534
3564
3891
10270
10620
14453
16834
10814
7956
9855
13513
4380
16773
10861
481
6844
15431
10759
10777
1114
4365
8300
6900
13762
10972
6339
11946
11315
9625
3798
12724
4257
5409
15006
2636
8961
3332
15260
16933
12191
16906
9910
10114
4539
6620
209
13498
16593
5313
10769
4552
3944
17281
10090
5387
16367
4673
9933
12858
8866
14985
485
5809
2877
11729
15344
8946
12896
5794
12082
12453
13716
16589
5049
1800
6
3337
9380
8216
11289
7244
16309
9353
4233
5872
16833
15544
4959
9540
14028
14125
2194
4976
3054
2612
17124
6522
14367
16268
10827
9605
10157
14409
12421
4156
5643
13967
6324
11750
13188
9482
17310
7672
9060
13886
5358
9273
7467
4310
7373
8262
16042
16903
6749
8014
953
13696
6990
15173
17226
17194
11358
5646
10812
2435
11302
2139
3614
1975
2913
5200
14815
4709
7571
16141
2798
2615
12494
12315
3262
1138
6697
3757
8419
2716
14174
16281
11568
10139
3437
17068
3445
161
11742
6141
510
6623
14419
3602
13570
96
3364
13506
2172
11427
8278
2537
15684
8972
5421
7848
11456
11812
16938
7064
5185
5151
11532
16063
14521
1119
12026
8966
8083
13768
13438
7924
14668
2642
1689
3874
10985
15872
15710
11068
5907
7267
8386
10603
10477
84
5722
8123
15709
9170
1705
8625
2348
10584
16879
1369
6057
4869
7035
9005
6563
9548
2478
2811
14055
8666
11386
2977
11286
13851
4131
10974
7177
6796
14585
5743
11511
9072
8161
2829
13114
11425
11854
4259
2911
13591
3838
5977
4318
3791
12132
9944
1777
16735
2047
8271
5110
5456
15450
5937
1049
13026
14353
13726
10427
10534
16543
1555
6998
2067
3830
10596
2644
11918
13676
9357
10502
12728
14748
17167
6049
11020
2713
15937
9109
12502
11406
5432
12253
6682
8209
9824
13199
17231
4528
2038
8749
3708
1317
4032
6993
6719
7296
6485
9183
12352
15852
11599
16741
2870
11944
16746
13832
5780
10081
16528
10761
10956
7341
470
4531
7984
9834
4276
6326
10006
198
16753
11907
8376
11890
14136
6688
8610
14786
13523
984
13084
4328
15634
16865
7766
287
8915
5544
14529
5032
10712
4068
6436
17315
12533
11455
12770
9067
3651
1976
314
327
11921
11105
11856
1038
9104
15111
16810
15162
13610
11226
15080
15092
12285
8751
4234
16232
5783
2078
10319
12903
8180
16882
11631
6904
16004
7636
5853
7773
11316
14869
3631
4638
2372
4185
10057
8315
12218
9242
16090
3403
900
4271
4920
11570
12872
5756
11716
15118
15622
14581
15280
2242
290
10418
8132
1048
12501
3392
14826
14510
15694
149
207
2566
3566
5888
8605
12456
14540
15077
10957
2650
9388
11470
14912
12422
9523
4912
12699
3370
15713
11389
16089
11632
6627
227
3112
3837
7313
1728
6101
6386
13695
1071
9913
191
15151
6454
7565
15142
5556
10516
4387
10391
8104
14092
10885
9979
11093
14340
16119
15053
10434
6252
12617
12142
1739
8042
12262
14833
6070
6751
11411
3804
5781
2039
4760
2635
9016
6054
14970
5652
14992
3208
9032
7953
12185
3413
6336
4763
2843
3790
1922
5599
34
16914
2484
10219
9623
3517
1481
1216
7451
2329
1246
13230
3098
8537
9404
9320
15033
16490
15385
1816
11512
10644
3395
5392
11082
12885
7597
826
15393
5694
7220
2407
1960
9796
15772
2287
14391
17361
589
3829
4762
2399
12434
10674
6903
12450
4521
10576
8799
12866
10248
8458
12451
11790
12974
3143
751
7195
15331
13141
6121
1230
13142
15103
3365
5325
14369
3136
13489
690
6771
2645
16623
9312
7390
1636
5483
1668
3022
14496
10741
1891
5301
14476
650
7836
15060
324
11098
6590
11009
12106
15323
16255
3609
8538
6416
12996
15656
6223
10424
8954
8882
5504
2653
11065
11620
8692
11119
17036
5022
6469
16890
5529
12576
8943
9665
14538
7790
10144
9200
3756
4568
11131
10052
15768
2303
2460
5688
710
13137
16872
8593
7380
4535
10503
16124
9952
8564
9321
9419
3610
11005
12526
2333
6002
12184
9400
9510
6552
12328
15590
14888
14503
10386
4302
7438
12239
3615
4616
9863
4481
12889
4785
12418
10322
10451
240
13937
698
7249
8334
4588
5952
13810
10307
4120
16130
10261
12633
3287
12906
3189
899
4332
8444
17257
1839
718
16605
426
892
10547
1307
10314
911
5713
806
4718
4852
8727
14689
13107
10035
10580
7586
6479
1680
12607
731
6561
3417
14528
15531
695
6661
10137
9054
14066
17284
5216
6750
10506
7230
4695
11859
17160
10067
13109
6615
8133
11983
15876
8312
9394
820
5546
14776
9696
10585
2884
4494
113
6829
16234
4187
4601
11525
3389
10588
11024
11377
7995
11380
14363
4955
3251
3805
14032
3142
2243
11692
774
78
10255
2834
5776
3324
4282
16987
5052
3286
5139
9723
11224
15951
7146
7242
13302
8204
9756
5152
430
3554
10174
333
11104
15125
1867
4964
10753
5663
13221
6621
550
13103
959
16680
9577
10612
12668
13224
15116
8280
1441
1650
1390
16653
10175
4902
10308
12680
8870
12551
17272
1160
10195
4958
954
14152
9499
4222
3678
11278
10515
4275
14800
5203
9712
13073
4764
10726
7190
4102
15333
2548
12169
1622
8567
7377
13767
8200
4667
2718
5436
2565
1702
7273
15726
2346
517
14222
12437
10849
15030
993
7714
10526
7425
13852
12406
10625
6153
2542
17042
15849
3605
3903
5335
2719
9582
15140
10382
4513
9710
14017
8417
688
5796
14845
5097
4031
10395
9161
15366
8563
14455
14220
13557
4498
13923
3217
5457
8020
3957
16064
8480
414
5498
3440
6266
13834
1784
1649
1196
8261
8129
4316
6890
7415
9868
7413
11649
5972
8556
13958
14366
411
11641
16864
7849
15390
4572
3233
8322
302
2866
9936
5886
14204
12319
9487
4204
8427
13331
2340
5768
5204
1232
7553
15215
14740
4319
5545
9562
730
14654
12505
17217
9600
16844
15287
9201
11793
9098
14782
7512
7101
3316
3862
13357
9102
6929
2396
5811
10718
16356
10073
8756
12702
12170
9569
16110
4009
9365
16253
11519
1027
14425
560
10363
16608
7383
6610
13376
8635
8276
5865
6118
16317
4360
9421
7716
5899
5224
10166
2833
1209
6523
7691
13112
16476
6035
15183
7066
16980
3905
11205
8726
7409
2726
15499
5014
10791
5650
6937
9325
8110
9743
306
4506
9533
15154
16373
11452
269
8853
12954
13290
13044
12362
2035
12493
1164
15289
13373
10125
3338
15867
15016
12698
14412
13170
14563
14397
8049
3939
16170
7015
16485
2235
5930
12208
790
7920
8514
13379
15370
11784
8657
14642
12826
1736
9050
12492
16831
2965
6731
14291
1522
9826
13682
10577
8082
11923
1859
7525
16673
2914
2318
416
8288
11831
741
10362
9245
4405
15024
9564
262
10611
4907
15750
11128
13207
1544
11265
24
689
3434
14449
15830
2493
2269
13878
8452
8934
7724
12571
2388
10521
6691
6775
9530
5394
16003
13068
16558
10292
16453
13479
7940
8188
1487
1708
16120
15532
758
3357
9363
10051
11949
13915
6486
14000
601
9793
15698
14824
2286
14257
9119
15512
16869
7203
1692
9964
10127
12968
6281
7040
7856
12304
14664
12712
15010
16147
7589
9384
535
11621
16376
16335
6293
9669
8621
13555
10945
6059
6442
2621
5910
4261
5990
14990
6050
4416
11962
4913
4884
15012
15355
10232
16508
15913
4225
6219
7482
14679
9611
218
12288
16671
11434
6014
231
10441
2166
11848
9403
3351
8301
15657
14599
15474
5631
11892
5591
7181
10524
6206
3647
745
13978
12939
15008
11849
3414
11626
10068
4522
8597
2990
4454
4464
13460
15535
4442
7369
10900
7783
14001
16236
2072
7024
436
15742
14999
9361
1
16029
5109
4716
5542
16932
14229
3484
16186
3401
5408
11075
3608
9998
7188
6696
1632
2266
14875
2245
904
2014
16085
2428
2518
12922
4994
12795
6791
1473
8303
8072
401
11069
10566
1262
9615
4824
10802
8447
1545
1688
3623
8891
10729
14434
2568
15026
14107
15391
4184
9955
7248
6509
14883
13262
669
8287
15004
4193
4198
2824
8411
14623
195
8908
5736
6333
16544
15964
1674
10405
10272
1629
7093
1030
1834
3542
2925
2971
5081
545
2114
3559
9317
16479
11762
12002
10408
8800
4270
6872
9024
5757
13725
3363
6987
15441
405
7283
13679
11323
14710
6099
11421
1695
871
9065
5919
7859
10488
17253
17077
8258
14701
13576
1006
2234
3825
3738
9522
13920
5705
11648
14043
1574
5447
241
4364
12047
13766
6745
1012
8801
5153
6233
6678
12255
13771
12117
939
16549
2027
3490
16348
15432
11745
13456
16191
5364
6819
17339
8573
11872
14781
1177
7097
8898
9583
4797
6205
8415
2611
5758
12314
8263
6387
14511
11710
16334
2867
12440
11928
817
13175
361
7643
7039
9970
11046
7649
546
13883
15290
8699
6355
9169
16149
11250
15449
6374
13665
4143
349
4609
15533
7612
12564
17146
4312
11
450
1327
10651
117
8784
4963
9778
8931
854
7540
4537
720
1979
9437
17356
13366
2001
465
5128
15962
2806
12481
3491
13490
12541
13962
10425
7245
11442
17212
15130
17247
14117
13133
2367
6154
13942
8384
14108
5765
15892
15527
3904
7308
4511
7067
6394
10407
12865
348
4294
15245
12080
14034
873
16269
12874
7322
3303
17256
5188
11830
14566
13024
9117
11022
16792
7913
12722
14354
17289
15457
13780
16487
1465
13387
15061
682
12150
9043
5541
5295
4953
16706
596
2325
2951
10848
14662
13328
14863
3996
14180
14923
30
3552
15002
315
7656
8811
6135
12105
9584
1864
13260
7316
3815
14821
9234
2211
17151
6500
7561
16105
4924
11112
6063
3875
4278
16948
10324
17355
1965
531
10378
793
13687
10882
4059
12480
10402
9143
570
4710
13812
1511
12087
15988
1809
7495
13041
114
4968
14874
666
12686
305
2698
12667
4241
16393
14247
3783
9716
7407
10745
1407
13356
1828
6782
16956
6857
11646
14801
16683
15502
17
6898
3014
6464
9157
14359
14651
14290
3117
1428
16556
483
13651
6636
3785
3246
13900
15807
17075
14509
10744
1155
2695
1100
3526
2773
14829
7720
5300
13508
9275
13974
11853
11354
3737
14843
9494
11267
11684
13226
2058
2966
6452
6408
4969
1679
13991
10499
6380
3729
16031
11171
6019
2148
16256
12602
7677
4758
16072
1732
16428
13542
10736
1349
856
5986
10717
9589
11557
9607
15284
7293
5764
10918
11855
9110
13361
8644
6512
13161
14973
8642
789
14298
9531
15213
4061
10888
2904
14894
282
14438
3717
8029
14373
16273
15797
13117
14026
1949
8774
17354
10283
5621
2074
10944
9383
8056
1954
16629
2019
8353
14035
1319
8649
11707
7662
11677
3672
2700
11722
2720
14758
4551
5161
7993
11567
3507
17223
3801
5658
11926
6865
13566
16603
16416
6131
14265
12601
5624
3196
6428
12790
2207
5568
7928
6312
3788
11245
16087
15854
6830
16065
15218
417
1224
5058
6384
8796
6320
9978
4065
3528
1206
17058
923
8661
1905
849
14927
10148
16717
5115
9546
11338
11165
12846
14914
13748
15842
4286
2216
13921
16920
1031
249
3731
1902
368
4285
2955
12547
1849
13678
6858
4245
15817
14321
13340
14938
942
4415
17128
8060
6444
10380
11799
5282
6963
13110
16123
11702
15146
7023
2447
10392
15047
15834
5680
9815
9685
15075
13465
13106
4175
3946
9814
8776
199
12373
9618
16684
12344
4458
7192
12706
59
5698
15747
12915
4438
14206
102
9713
3302
780
13261
2715
10642
3685
4607
1341
14595
14407
6265
4812
15942
4098
1036
7042
17118
11034
2135
4886
15932
5462
4083
7616
16794
8767
4740
4
10886
10078
7594
14596
4355
6047
3537
15059
7372
8118
16285
15836
801
3282
4806
1450
13499
3808
1528
8544
17176
4923
12700
14950
11308
8953
1591
1165
1192
11269
3690
9941
2751
1248
13025
14211
7001
14605
11608
11208
12083
6495
13782
11966
2256
12897
13785
6397
5277
14037
5029
6103
4137
3563
15303
10826
15364
5826
1452
7033
1699
8395
996
2144
12471
1532
14209
1276
12290
3225
14632
3102
17268
9039
8525
8097
4786
7290
8549
17069
14189
929
16344
7843
11739
1606
480
13032
3415
8145
6198
446
4887
6927
16341
3573
11968
1273
3092
13077
3468
7424
16431
6601
2386
8741
16101
9612
9903
5227
1212
10281
6717
10475
8005
17080
4491
8191
13174
16601
14846
6009
8270
11097
14556
14661
6006
13071
12883
4394
16069
5395
10793
498
15745
7630
15079
2776
10258
12332
14918
4478
15967
3105
15910
2854
12179
12277
10038
9084
2944
7983
7275
3391
9265
11500
2079
12093
12930
12544
8154
13223
15646
4095
16318
15804
3221
14850
1430
13264
13504
7646
17314
3271
5885
2534
2133
13030
567
11757
17345
10453
2647
12707
7754
12568
2714
9850
9633
12962
10811
7416
1023
7778
1596
2616
5678
1493
10390
4189
3640
15123
9622
3603
8861
932
11717
2822
2426
12648
748
15812
14376
12733
453
2132
2425
3067
6435
11628
13488
2889
7961
1521
3446
12392
15359
3307
1367
17331
6247
16395
6001
1219
13293
17189
285
10238
12716
15530
3264
16357
1393
16590
7988
10278
6302
9455
1148
14461
5290
17327
14979
4865
9748
11587
10632
5248
5486
8830
15616
6507
64
1822
12781
9587
16489
14756
10099
6689
2061
15654
2859
9464
3110
16486
8450
1619
5512
5170
17030
12066
13598
9969
171
6372
14685
3241
16171
3769
3956
10810
3765
3890
3457
4587
2240
13430
3397
11795
14139
13205
17154
16012
11679
14757
4559
17051
2589
15511
6077
14269
1767
3584
8463
14713
17130
9460
13951
17353
13927
15783
5562
3688
11580
141
10181
5299
5514
12167
6531
16919
11501
14562
10986
11611
5615
13685
14096
5665
4314
17121
11145
7191
3438
6994
7813
1598
8794
11581
8152
5371
8955
12054
17346
6630
4421
12415
10188
5914
9291
3354
14814
8068
12538
14660
14201
13797
16913
14922
8620
9428
13009
727
15691
13717
2147
1107
13617
7593
5859
12147
3936
16664
11852
11642
2998
15311
16033
1937
4338
13166
3407
15498
16099
15438
10182
4895
5372
13653
7187
15422
562
16626
95
11368
16784
10361
11272
11367
13053
4557
11695
7779
8506
16737
1620
9891
10606
13063
12941
2145
10122
5892
5273
13556
16703
15085
4828
12735
1472
9779
5340
15164
12024
4213
12720
5836
4817
4079
9664
13654
12364
6776
12015
1996
5163
12467
7323
7718
5850
6965
8748
648
2871
5098
17233
6340
7264
2591
1396
9663
1076
9538
8980
11546
4459
777
10751
1745
203
2626
7389
3677
11800
10950
15542
3133
1005
104
12287
14773
2317
990
9009
8850
5425
5450
636
10660
2323
8437
4538
10992
10075
7270
12452
6370
15927
4349
10605
14891
11252
15873
6300
5848
2672
13574
16459
8067
726
15325
5787
4096
11459
15082
2066
6393
5971
1582
17224
12513
3074
13449
15416
16446
4052
10042
15388
10328
13214
9007
6614
4931
9213
6905
12289
14418
2487
9968
2705
14278
15274
15865
12067
8438
16885
6412
8477
10670
15905
15294
8673
15543
5038
16883
17321
8680
4200
12573
7832
6332
5835
1464
12877
8841
10008
599
10253
12321
15419
649
4759
9773
10150
12955
1637
7361
807
4743
3167
1838
13258
17337
5171
8730
15196
15383
383
4641
13970
11910
15330
1500
11488
7806
9734
16532
11151
9450
13777
10536
2414
16635
6535
1293
3544
13794
8155
16898
16902
13225
3255
14666
11771
15463
4279
9819
5237
2281
2277
271
813
14406
2772
3242
11314
11515
734
5635
3428
16190
6015
9872
8249
14982
8768
14884
16754
16472
3003
1266
13299
10128
5515
17037
1934
4357
2264
5477
14141
9898
14726
15482
11228
10168
4536
6200
10690
4715
1288
17267
11487
8349
13296
1075
742
363
14444
6714
5261
3568
6670
10969
6989
8365
15860
2419
13736
9946
10376
11619
3235
11708
10559
16173
14557
7689
2382
211
13622
4724
11438
7891
2394
9674
4979
7925
15038
3113
6329
11244
2766
906
9276
13046
14601
16304
14893
15767
646
16627
10389
6915
15475
913
10466
15238
6562
10334
13981
8803
193
792
13811
8839
12989
14933
8237
16598
9159
3906
8279
1744
2203
4586
7938
2527
10656
9536
2358
11297
13395
7903
15108
15032
14095
1552
5324
1505
14466
6955
13427
12810
9752
1998
1584
13860
16102
8660
12646
985
3834
16835
17147
14109
10725
17139
4362
11349
16295
12950
6194
13191
11168
5092
5532
1016
1698
11216
16293
4904
4988
13963
16449
6788
16704
1535
7725
135
3620
5413
10663
14198
4918
8143
13058
5649
16127
108
14735
7797
576
715
9490
13273
17364
14358
1539
10161
12978
16624
166
6272
7929
6383
11987
2125
3666
1061
12224
13382
5733
3289
13519
12298
5403
13276
8838
11699
2083
2810
1673
3540
6732
5451
5314
2762
6475
15460
5337
8159
15347
12158
16193
10105
7835
668
5077
1350
5817
2592
3330
17161
2920
9667
8080
14842
16770
13559
2564
14695
4169
17100
13132
2574
6140
10110
3513
12160
10804
4077
10298
10881
10921
11768
11330
5645
9677
11544
17162
5737
2045
3565
10565
9307
9241
2790
6214
1280
8034
14877
8714
11074
1496
13936
10297
4167
2918
4342
7841
17103
10578
5904
12689
15250
1295
14602
12556
7991
15809
13894
13994
8320
13827
2858
10785
15770
1011
10479
15257
17260
2080
12852
1878
1184
11227
15703
14053
15636
630
6170
11239
16955
13396
16762
15773
1458
10135
13047
12943
15035
9113
6027
13572
8229
15681
16850
9496
13532
17214
3276
1446
12765
5861
15924
13681
16541
13372
15201
8912
11178
4218
3097
5746
12090
1853
16252
13706
5648
13562
7625
3155
14628
10816
5588
5401
5317
15206
17061
6407
10309
16437
9239
10094
15237
9082
3924
8372
1709
13155
8310
6565
2895
12936
9900
1420
12841
58
15555
3694
471
14669
14063
5445
17028
5080
17033
1410
14288
7756
9468
120
1313
16806
9501
12211
8967
11481
9681
16068
6602
13604
10467
956
10396
1144
11322
7397
8435
13888
3739
569
10562
5605
4118
15522
11174
12581
9598
16091
1491
14862
4021
6420
12882
15868
16194
5754
11260
14832
16968
566
17373
6365
9027
13154
13334
11700
8897
2300
7061
13525
15412
12746
8773
10682
8596
7508
11294
7865
11040
16611
12371
1046
3534
5821
468
11447
11954
15815
1444
10304
8708
7032
5935
365
12504
11969
8798
3044
16801
3106
15884
12888
6568
2629
5803
15567
9042
441
12766
4465
9471
2239
2008
11375
15505
14682
4705
3687
616
5810
11752
16469
10205
17159
1810
17092
13452
6453
10159
13494
9466
4836
1951
1445
9945
15769
3835
12830
11569
3322
4028
3926
17266
9668
15459
9841
15551
15282
17094
6440
9457
11671
16757
7914
1104
7669
5903
11712
10905
11378
12990
1360
14210
3503
4326
1389
5730
5050
10523
7142
3684
15270
1470
8440
8615
11779
9857
13458
3104
4303
4856
5932
1110
6484
8396
14316
4195
16155
1368
9147
1489
14392
5860
6350
6836
16692
4744
11350
995
16287
8126
6816
8558
2681
11134
12967
9624
7132
5336
10910
16501
6811
2928
408
13445
2410
13661
1803
15170
2832
3084
13250
11198
5887
8956
4996
15050
11050
10675
1561
9719
12103
14680
13739
3902
12228
9547
5190
6936
7744
5574
12063
353
15131
16275
14414
3312
15784
8536
4119
5213
455
14256
708
11763
15736
1497
13008
12270
2725
2603
13673
1405
12194
14012
4889
213
14555
14766
15105
8059
11395
11334
8116
13949
8401
1058
8128
9385
13875
5434
5834
9919
523
3591
3150
10748
15022
9698
4246
868
8186
5723
6624
17186
6868
3732
12824
679
14241
15283
5673
6806
3450
5812
1239
11032
16326
12240
10728
16066
1474
3268
7173
4486
14205
4883
12157
4838
4321
7102
2347
6410
638
14156
12473
10162
3741
922
10119
6899
8872
9768
11508
10017
2953
13128
2230
8677
4530
13415
15609
15312
4949
3702
2094
9096
10613
10702
1697
9293
7515
7871
7638
53
9458
6395
5020
2255
5516
12070
11049
10111
16011
1711
7125
8502
8745
11346
13096
7271
7608
354
14127
11609
2219
7202
12801
10277
9297
17375
1898
10275
6951
5298
400
8814
9513
16899
13892
16972
9951
15871
9180
10943
6537
14436
14759
4210
8844
10643
12931
7485
7771
2408
3416
16354
3425
15758
8941
7979
4504
17141
12269
5524
706
2005
1077
15129
15558
6008
13996
14007
3421
9448
2477
17205
12028
10191
13721
15161
3045
2099
9899
2809
5223
13344
17242
2523
3823
7493
16726
15805
17249
4163
7307
9972
7957
2409
1366
4453
3579
11947
15256
14617
4181
12600
248
14082
15045
15819
1780
1335
8904
11517
17133
16142
16007
809
3592
8916
11582
501
12597
11475
5511
6093
8019
6040
15763
11798
2941
1068
5695
15506
14840
14059
12656
10860
1576
1641
3802
7631
9191
14753
3836
8618
7370
16225
5418
11562
3746
1199
4844
9089
2208
10026
10699
4781
12478
4843
4317
7207
1009
1787
1412
10276
7590
7728
11753
13800
4783
1385
7524
17370
4224
9463
5117
1639
7932
14333
15028
16569
3495
11770
12162
5328
6112
11467
2116
3985
2624
4932
11287
6642
12374
1439
6826
15706
10036
8374
12670
2844
12329
15378
5791
17125
13880
12994
1423
28
15335
11759
3145
2254
16690
5870
14853
2969
2992
16710
1757
15818
4553
358
15593
14738
10264
9094
9121
2979
8855
3665
13831
8120
482
3393
1723
8903
10071
7791
4662
2816
6962
15401
3582
17248
4619
14072
3555
11688
14443
5626
421
5671
12675
11683
2960
6120
8959
753
6985
8864
11940
13776
14536
12248
11733
5734
13484
3915
2878
1404
2896
14121
8990
857
13946
8232
3917
7447
13213
3111
6280
5246
11027
14686
9695
17126
4679
6813
16247
16224
2651
4468
5169
13841
11513
16695
14029
3693
13792
13825
9246
2974
14058
7047
15606
7738
9714
12975
11369
7670
10142
197
6885
13043
16738
672
3489
2575
10496
9422
3969
3229
14690
10806
3179
3892
2842
17283
13835
14818
615
14323
7359
6833
7163
12171
7742
3548
8786
15068
9722
9985
8047
853
4010
478
15508
10379
5376
10184
16389
8810
7916
1324
10786
8807
12657
11402
2794
7217
9097
3405
9071
11200
5537
15392
11630
8809
2324
5142
7966
14335
12259
331
11256
13072
3562
15931
13011
16049
3674
13909
2003
590
1488
8341
8093
5959
1801
11520
14219
16370
3095
12380
11669
11232
11978
15926
6817
5060
4489
516
12679
7036
3033
16886
8091
16983
7514
8084
5269
7910
6626
7978
16467
5751
3371
2750
946
16727
5748
10658
4784
4788
1305
4385
9152
13913
7371
4062
8697
8665
16024
5435
61
8559
3141
15144
323
4928
6854
1907
14983
934
7883
9216
11268
2415
11878
15779
15481
12856
8781
6662
3512
4686
16803
11634
9336
721
17142
5234
15317
17198
14978
12546
1991
16117
7869
8695
14742
17262
2344
12875
8758
5478
14727
8203
8845
2807
15918
14579
16596
10226
19
13238
15611
4292
10474
4229
14477
6845
4417
6262
3721
6405
6742
2659
13193
13457
9831
14188
15156
9443
9889
4325
9248
11055
11996
2370
13274
11577
16364
2069
4675
15704
1860
9456
12402
11002
13148
13989
12095
1190
943
11905
7789
4322
1557
3871
4113
16456
12203
10530
6708
145
11117
11446
9921
15473
4514
8880
5084
16614
1062
9142
8765
6818
6716
6373
2540
86
3606
3052
6124
3475
10679
288
8669
16212
1300
5954
10789
5383
12246
12710
6735
7895
16302
16977
10473
13470
998
8508
6809
4023
6000
9127
9588
5388
8849
9702
16783
6702
15570
17035
838
10935
5600
6401
2541
4961
11388
17236
7437
2906
14250
16043
12537
11240
3001
9305
8497
4369
14190
9289
13164
14871
4154
14154
3561
9896
4205
781
17050
9637
6359
8284
4262
3748
13786
8140
13881
3867
10678
10121
9758
12522
2018
5869
8797
13185
3362
14379
961
8658
3031
16944
7480
7736
14342
8795
9461
17258
659
4633
4916
2748
11825
13408
16249
8489
6779
6463
17273
15437
8530
10013
12935
15177
8424
389
13190
3521
8628
7464
8197
5497
10352
7547
17144
10349
3082
583
16067
2882
3058
5379
14474
6587
1719
12952
11237
7234
16283
4739
4666
13358
3107
7517
6506
10887
7748
1618
7130
7176
3
17188
2771
5085
8498
10
10254
10949
1426
6276
10244
12970
13887
10665
9280
16415
8524
4646
4569
10086
160
8651
3199
7964
8976
16213
14867
15291
8698
6431
2961
12550
6569
8043
16034
10185
7743
6130
7509
12578
11596
12139
9240
15273
1092
3649
12219
6172
13037
6679
2557
10306
2236
9986
12507
3452
9434
10028
15005
835
9693
17072
11516
11979
14653
13417
12884
14311
4854
6026
8846
16316
6159
14481
4839
13295
8974
13167
251
11448
9954
6532
16662
2452
16369
7878
11728
3108
391
4660
1877
13791
8511
782
1174
4590
2736
10557
15686
10216
2439
14145
12016
3692
14537
9210
1436
177
4146
13246
1612
14652
2874
12893
15666
14720
7717
1980
8591
3817
7144
2692
4650
12022
16943
8219
7560
1214
656
8048
7499
16026
15104
12062
2947
1222
386
14339
6267
16198
4505
1451
12479
9876
4457
12488
336
5263
9272
16174
10995
14239
6709
11393
14103
16563
12714
2922
10958
16390
14915
9912
5427
13085
14634
3288
5015
16391
1287
1987
9766
4037
8958
5469
9151
3816
71
10630
3949
4377
5430
8361
14785
6251
13239
15557
16106
7816
9534
1895
14896
15550
97
7987
10239
12742
1183
2416
3772
15411
7784
5016
13865
14588
15389
1681
9420
9775
1093
11230
8194
6572
316
9885
8324
1770
10858
9686
3979
12395
9859
299
10377
7931
11867
3228
7363
4712
13948
7971
4973
1059
8045
10245
14709
7830
3541
869
11584
15404
15715
2231
7469
16402
8895
6513
1128
14227
12192
12161
14745
1903
3295
4510
17201
4307
16851
16896
11077
16329
12961
2722
11950
9838
940
6142
11691
12133
7751
12487
2451
13001
16163
9270
6299
9327
8238
6051
2322
4611
4875
2901
7034
7414
8988
8873
16911
11183
8547
2567
15222
936
8543
9146
5829
12653
17152
9651
4801
6695
7780
9207
5177
3135
14468
425
744
686
5059
677
4335
6869
7164
16017
3462
9911
16561
5331
5550
8533
16752
15774
17027
5332
14531
11586
11955
13325
1449
2680
3722
5017
7573
15883
16045
458
16103
6369
5051
924
16355
16994
15586
3390
12029
6482
16388
4670
3174
15950
4815
9387
9266
6449
2123
4396
14228
11965
17053
8239
7432
16032
3843
9745
15869
82
7629
13235
3463
3068
11365
11014
3011
1032
14144
960
16350
8739
13081
5597
1572
870
3317
17145
6566
330
6447
16537
14375
3089
15838
10637
3811
1713
3187
5024
8323
2609
1137
12998
9740
5197
13757
11072
889
10940
16699
15954
11253
493
7257
13391
11485
4165
7658
13601
10553
13904
17287
5714
4206
15571
3764
9727
8367
981
16207
4922
6548
3718
10694
9446
4227
2010
13182
1795
11336
764
4990
1600
3340
7846
2
17131
8978
14023
13760
674
8755
14647
9990
8235
2803
11914
4334
16625
427
4810
4300
13211
12528
7684
652
14215
17207
670
11312
13463
15731
3331
13029
8886
11347
9215
2181
5353
13332
12654
6570
8356
5236
9570
259
2307
10077
3713
6815
9878
2996
16336
5310
7194
163
1024
11099
5679
264
3929
11556
8577
3773
14231
8423
2336
5230
6318
701
14126
2050
12560
14090
9318
17274
3961
4373
5247
2383
15600
7428
1886
15592
9638
2273
14592
11506
12796
1026
10335
11000
9286
13172
5008
8924
6641
7962
964
17173
8371
15788
2432
5558
14835
4473
14240
6831
105
2471
999
16454
14878
4584
13629
12737
14329
6235
10269
7429
5598
7647
10936
6115
16381
8907
5539
1602
1157
16162
7013
16575
2673
12572
1052
16916
7318
1762
1296
4571
10970
6090
8096
13231
5321
68
17316
2042
2863
6741
13843
10519
14178
1660
14649
11120
1548
6508
6654
7665
14658
3349
9019
9167
3627
11451
76
13346
3845
1560
5708
6255
6100
12441
10091
16400
7600
10873
11194
13143
11085
15114
10140
5351
9920
9292
16951
15442
10249
13515
11601
10103
8208
4714
11026
9502
4793
2117
16796
6173
1908
6240
3328
17278
846
2781
16013
6400
300
14587
7268
10732
2727
7427
902
14020
14604
12339
4970
10830
2299
8689
10302
14398
16006
7522
13102
2403
5349
13972
7233
355
17202
5994
1079
13138
228
6181
860
15683
13090
4640
3502
14202
17308
3668
5144
4331
14039
8002
11895
11391
6094
14327
9539
15897
14099
297
16787
16701
15413
14473
14120
10962
3096
12641
2494
15445
15839
2964
4058
7555
2880
5871
14308
4952
6013
15828
1935
5066
13842
15968
11509
16342
8183
15117
14657
7410
2814
7319
14901
3920
2349
972
6494
16107
419
11429
8603
11654
12045
2258
14389
17178
5005
8983
9509
2497
6583
5789
9839
8095
17116
657
6127
524
12140
2197
16579
5039
4466
5752
3531
11092
5132
1703
4599
12608
4483
10366
7147
2864
1311
17295
7295
696
14678
10841
12859
10338
7332
12283
4190
40
10024
4455
12031
15847
6257
2982
4550
8170
4723
13010
14904
2155
7462
6555
14352
14458
12486
10634
12097
16070
7521
1769
14486
11973
7936
10636
681
5196
4733
2885
6660
702
1825
10797
10646
1397
16262
13400
4748
16166
1289
6309
14739
9302
7120
4094
14954
13127
3134
13873
11792
2479
12785
8721
10401
7193
11144
4150
10889
5484
4082
4509
11474
937
15752
13472
15468
754
15753
11613
15069
5956
12543
711
17243
8837
4177
4268
1945
564
8532
6188
17305
746
7652
14242
4751
12220
15133
4419
6950
9162
7661
6824
15420
10641
9329
16928
4877
8617
16895
6723
14811
4722
1947
7007
1125
1348
14899
11766
8792
1798
3470
14836
5411
17012
10709
9230
4879
1268
4264
13701
11877
1323
4217
8970
13272
7494
4533
8205
13033
10505
931
9956
16265
17288
11073
13459
8446
16995
6991
4272
3529
2561
7595
9802
4614
4054
8274
16926
12013
12125
8997
17150
14382
5974
8333
11698
2910
6096
10446
5414
6657
3550
5154
10747
12411
9609
515
2825
3244
13487
2169
14598
15089
11214
17062
16971
7858
11822
14542
13126
11095
9931
3298
3372
13482
11409
7954
232
968
10509
11212
7866
6457
1355
9654
14471
10010
5520
14258
11089
11563
9012
886
12681
5878
5876
6558
8291
12391
10983
12764
859
12744
12396
1883
762
14289
2198
4885
13593
2319
12299
9330
11884
6515
5106
11984
5374
8684
4768
14774
6799
15993
10136
10097
10217
12363
11933
13541
588
4796
12206
7817
77
6504
2638
12957
7692
3469
11977
2362
4215
2248
3556
12562
8255
13684
4746
15345
12548
5729
11437
7922
16140
16962
3230
11071
14255
215
5683
5327
3819
392
27
17184
8944
10002
5572
8670
16027
7592
15150
1229
909
13318
7211
4078
15229
1558
6763
7531
5100
3863
10677
2289
10343
7893
3430
10372
2331
15980
563
14980
15067
13209
12387
969
5308
8185
15900
5009
15808
15169
4176
6911
14699
5402
4819
6222
10653
15363
3818
14411
5123
4693
11578
12294
13349
13737
5958
13858
997
3227
8969
9209
16410
504
653
8106
15617
13755
17300
12336
12606
919
5684
11592
1609
2788
10907
1950
11325
11118
14577
15848
7399
12628
1684
11930
3236
11990
9984
814
15510
16115
11457
9407
14703
8705
631
13254
11248
518
1724
1200
2342
3301
4862
8030
1375
5264
4570
6728
11146
16230
8957
2886
268
5145
10033
15329
4933
8696
107
3477
16991
15316
3129
15576
2779
14271
10765
12569
6382
3226
16332
8824
3206
5522
602
11681
4789
15167
12876
9886
6650
4909
13764
9350
2558
15155
13200
6348
6334
14823
15647
15231
438
12012
10484
12204
609
14909
6055
2855
2835
11423
4243
16602
9247
16211
1354
3127
5089
7445
14383
14762
15189
7632
6238
10514
17063
7334
9795
16559
7063
3589
1802
13584
10000
494
15339
5701
6956
12747
12542
2981
12081
10112
303
8178
16498
676
9742
4005
10994
12286
3576
10384
9323
14387
7596
13516
41
4371
1549
1264
5993
13153
15520
6666
1663
9148
7775
7172
11116
6769
15362
15379
16986
13919
5137
9804
344
6534
7110
11298
12475
7915
9124
15734
8443
15599
12645
8470
1717
9655
3624
2309
7696
10472
1923
8802
9356
9566
6790
328
11177
8973
12379
6212
7844
3041
1962
3238
14959
3272
15953
15361
14961
3797
14764
15859
12799
6516
3832
1851
6211
15001
6151
6656
3846
2684
784
10173
15627
4618
16581
2945
6668
3346
9402
13371
5113
8158
9595
5819
15870
11387
3422
9881
9436
8428
14064
12433
12296
16199
14729
540
80
6074
6306
2739
10443
5202
13732
14134
6128
4427
359
16621
10107
8678
9379
13
17120
4223
12839
10619
6724
14630
1610
2226
757
13351
16854
4180
4767
3103
9873
3275
16805
966
14111
4541
5594
8144
12347
12933
4073
1918
6072
3621
3486
14076
14886
3122
14791
403
2688
5769
2745
8343
13020
12727
8125
6584
2935
4573
4529
1117
4811
15320
10266
16093
12151
2741
17091
10246
7963
3770
8008
16037
1372
6269
17229
10671
5675
6852
6417
10522
8583
6364
15199
13526
11281
8250
8760
11696
15149
4621
9965
13723
15039
26
14597
6545
1897
15631
5096
13581
16520
13461
13424
9818
717
14036
1025
10624
11794
4684
442
14142
1477
8254
5027
13196
5156
11964
17179
5830
2556
9047
1099
13377
10360
14025
4870
9051
5881
15945
7200
819
11215
750
9842
3342
1925
8647
52
15776
5902
16382
4116
17232
6559
12482
5309
10256
5182
5442
9409
2312
16168
16434
13742
7644
55
7777
3077
2341
15304
2366
7879
3707
10819
6773
3015
12663
2096
12079
9948
17097
17168
7992
9927
10001
3934
10463
6066
8777
11802
6234
8552
7379
603
15165
5823
9373
4980
12977
4868
9791
3012
4564
13603
3659
9339
1686
6430
9414
7208
9906
17005
8025
1782
3530
11531
11814
3278
10337
5195
15906
8318
13341
795
12007
16000
250
6429
12845
8829
15760
16712
17344
8507
1604
11450
926
10373
7671
5131
7393
2127
4698
10541
5199
7543
6347
9784
12355
2997
4253
10197
13822
10151
6076
7140
8054
16617
12217
3506
3897
14347
1648
15699
4440
17264
3377
395
12730
6801
9371
2205
16432
13924
1253
505
10437
13314
12306
12005
15565
6344
3500
11638
12934
14590
11761
14218
8964
12335
947
12214
11048
14834
1929
8459
9922
11439
2674
13773
10165
15476
7697
1773
6870
11241
16795
11137
9935
7206
14993
9829
5854
15930
13333
1211
9444
7155
1010
13218
1627
2461
12049
3072
2302
11197
10867
3967
1260
15020
10540
1885
128
17195
3938
1054
15862
110
9449
13393
15182
14213
7758
8061
7930
11025
9733
7478
14722
10220
2699
7627
1400
14343
6949
14133
10627
14702
12736
16387
2970
3703
1301
14420
3334
9877
16587
11651
7320
4124
9208
1263
4893
10698
3575
7355
7156
2109
11836
17183
1394
15536
9222
14616
17060
6231
6345
10049
8033
7713
7335
1512
13997
16154
4450
7162
14501
16447
9735
11993
876
6588
14497
2597
2297
17065
4081
7124
884
7299
490
1401
16999
14361
339
5238
822
492
8857
6471
8149
14378
17054
3642
8519
10398
139
15928
2622
5898
11858
8442
12630
5345
11013
3720
11738
4020
14609
10582
4888
12199
1000
7981
2628
12729
2837
13590
2881
3360
17109
2583
13307
5012
11991
7526
15515
43
17313
447
10320
270
4366
13788
17071
511
12763
12820
6467
9515
4989
11063
15934
4363
16793
4329
9478
4093
14618
17291
6160
2845
4383
3139
4829
2950
512
7934
810
17015
16404
6081
13348
9871
815
13116
3309
11817
17261
9338
279
5940
15995
7421
7831
10490
15529
10595
4971
16640
3881
3901
12001
7189
15786
14171
3454
8086
12019
6175
12454
2912
15179
4835
1243
6793
11466
15178
4158
9299
8363
8319
6684
12485
12078
5674
5479
17046
12058
8501
1827
16282
13266
16723
1981
4914
4690
1779
6992
14306
111
9731
4049
1758
7255
7111
16209
9730
15595
13453
13180
970
15424
5620
8476
1188
7160
13422
14857
10050
17237
2441
16438
4173
7708
13705
3504
8454
8390
15782
10480
8913
10412
12115
3876
830
3962
3396
12074
10210
15394
12660
15135
16755
8623
14717
5046
15147
5339
11276
3258
9809
4352
13918
7659
106
16636
6229
1226
8004
9231
2522
7339
11382
2413
7548
14767
3574
513
1725
12384
16582
5774
10014
16875
4729
15275
2677
3704
1178
1964
1339
10163
16423
15727
301
6489
17307
5945
5913
15443
12055
10834
13747
6089
310
10975
6331
9514
11900
3734
14087
15013
14539
8947
2463
14852
17299
15829
2392
1588
6438
14041
5192
5000
4738
9435
3644
16781
9483
16908
15175
2430
3216
4689
9107
14851
4356
3878
7949
17134
15679
2320
3715
15451
4090
12201
6644
3123
1966
75
17222
9593
17208
15955
10608
7463
2801
3532
13002
5666
14941
11403
4682
5936
4042
17021
6097
4044
3249
16515
6564
10600
3211
2668
8715
986
10274
6834
14920
4280
10616
101
13401
14331
1486
594
16965
5042
1901
1258
5779
8871
10350
5551
12794
15879
5549
4620
1205
5749
10301
1175
2257
12323
5347
12334
2504
15886
15452
948
6663
6538
14019
12435
2968
14860
14386
17362
12236
2073
14074
6180
833
373
5241
6337
9504
6286
7615
8181
8504
3339
16505
7391
10602
4593
5288
16461
7461
1565
5465
12351
3218
6110
13845
3409
4248
15787
7096
1909
9803
13158
1381
15409
5735
6186
8599
6149
4151
5070
1677
13275
13355
16665
14847
5400
16853
9527
6385
6770
8035
13953
255
7752
3794
13567
11111
15898
6243
11133
11659
9993
8989
7998
5011
9433
14809
662
15321
12073
12111
8527
8743
3333
10568
7533
3911
14402
1716
14230
16145
11791
14317
4814
12091
9441
2792
12428
1880
1097
13317
15418
15223
11110
9639
12871
1841
91
5026
907
2156
15455
9820
8294
10058
1193
10076
4926
1416
13443
2326
10336
16280
2233
2704
208
5289
16292
6781
4820
3781
1007
8211
11390
14804
1316
8246
15549
3577
5955
2295
5184
12683
1873
12403
2313
1537
8021
8347
3185
14415
8942
89
5222
2130
2170
2199
8676
10229
7075
10854
9542
2482
13856
14146
1365
1345
16776
16696
12519
17127
2737
1146
7213
14550
15920
8385
16358
12326
11943
8832
5393
3796
10890
15658
9268
15132
3869
12271
7769
13689
9576
12072
12627
13816
10555
8092
4983
14495
4051
293
6462
1676
2765
5209
13051
7726
10430
14934
5074
11974
16122
184
3423
1664
14456
9853
7833
1154
15101
3767
1492
13099
7278
2582
7387
12767
1227
16025
7338
9166
7197
5391
4822
3588
5517
16830
3406
7579
14730
11505
12174
15400
1198
5043
5104
17117
1228
1968
14744
434
16633
6363
6527
16399
14608
2136
10305
3792
6957
11870
8007
11106
14567
6767
2316
5778
14817
15903
12849
10291
8397
1682
8579
5612
9599
15764
15718
11044
10587
2656
11385
4754
14926
5715
3695
10483
16060
13338
8281
15469
8836
13048
5146
10417
9015
7687
5330
14998
15480
14181
3165
13042
5616
9557
707
4239
8977
10242
10872
2469
5960
10348
11054
178
13409
4267
8604
10552
8608
11607
16311
5390
13728
17110
3248
12652
11593
10590
13727
740
73
13896
337
13553
10400
2360
10180
2321
7000
14714
2437
9684
2202
3963
5312
11012
16743
7641
6195
17204
2978
14286
11351
16786
10548
3049
8823
10383
15301
1896
4545
1080
13693
4728
13744
10227
9358
5947
16985
11195
11819
9994
6325
3670
4274
4594
12215
17165
12772
14820
16005
16074
12316
2246
11805
81
12469
17259
877
5262
5785
1340
15556
12561
3387
4496
759
10410
13885
1356
15109
11913
7782
17044
3094
9790
5088
2093
7441
10707
3178
16917
5370
14131
13189
9658
7640
319
12472
848
945
14640
2785
1443
6941
2028
4935
3983
15507
4471
10984
12827
5250
15978
8993
6341
5999
13423
15893
11662
12498
6514
2512
4161
13151
374
16156
243
2251
13420
3527
15357
16756
9218
6424
12629
14725
13163
1506
3168
16678
372
6720
15278
14547
14856
16729
7083
4985
16843
12400
4432
16740
1325
6498
3859
1579
4192
16481
3250
17023
2637
9316
11929
4295
14273
13893
8153
7651
13686
7073
370
5884
15425
13282
11102
432
3799
13649
6445
11675
13666
5239
14931
2654
7392
12264
13236
14314
4212
367
13694
3436
12448
7623
10130
16359
6117
6119
2893
7315
14223
239
13912
7128
542
6947
10917
1459
13956
12059
4648
362
12837
2086
12369
16483
6932
14008
16747
4451
7820
3347
14737
11037
2514
12842
3004
1181
9926
14929
6703
2780
15042
7452
9726
16138
10497
3313
12659
1306
2993
5709
1575
3742
5580
10740
10387
1858
4354
769
14971
6592
11536
5912
9786
957
7498
6421
8248
3300
1435
3958
15491
12443
7505
13304
16444
16307
16419
13411
14244
15996
9392
13952
8926
10706
2596
13444
4080
12261
9079
16057
7116
8686
4199
13477
14940
13312
1064
3293
13600
1004
12535
5596
3966
8378
1631
5718
16315
13902
14967
16884
2422
11345
17038
11908
2274
4560
14467
14097
2800
3215
14234
2581
13992
14272
11735
16888
6388
6835
7484
16797
1659
12902
10525
9489
13636
2352
14075
3995
15207
611
15660
11424
8565
6822
6218
1344
7087
9410
9690
7209
7888
15929
5041
7812
16082
7581
8702
1613
6091
10237
16585
5703
8142
16462
6034
16718
4409
16709
13595
3399
11804
9103
7951
8889
4562
15200
9345
1731
11998
16954
9833
5130
11660
17111
79
7909
8854
5535
4850
595
1130
9000
1510
2593
10768
11521
17255
16682
4940
2927
1614
11989
3356
16597
131
3087
14259
10716
3467
15240
11992
13596
11957
14226
699
14015
7228
11209
9294
1415
165
3308
7762
16078
13195
6758
5305
14707
15612
2555
3383
12154
5837
8587
625
4791
9139
761
11622
10931
16246
9635
4039
645
7802
12718
1882
9232
4147
2598
16949
14937
5471
5217
13849
7137
16240
6241
12258
4207
15972
16567
6613
8058
5802
12180
12230
2129
2532
1291
9822
7300
12279
9481
5839
16305
11939
6182
571
8804
7078
3366
16742
5630
9621
6743
4452
12527
11463
4378
15265
8075
14102
2963
3115
3952
14552
15494
16918
3877
1111
1408
16758
7837
7011
10456
11941
7774
14561
9694
2538
14395
1320
9425
5672
6460
15811
123
7018
9988
14591
2710
6056
12792
4997
765
1409
16960
7008
11528
8629
4517
12912
16187
7021
2138
12263
14859
626
16922
1616
1890
8982
6653
8199
16151
1863
2276
12780
3593
8121
824
7935
116
7764
9673
10096
11408
4669
592
2022
12172
12017
15708
9989
1508
16511
17171
8342
2023
6490
16192
62
6432
14544
2544
14688
12383
15985
11301
11749
13247
14479
7557
7326
16849
12900
11782
11477
10345
3676
16606
14681
14098
16504
14895
11326
2283
4485
8819
4765
7500
12619
8806
5382
11270
266
3973
1932
14881
1807
7874
12393
5604
12918
6827
2068
4966
14578
2098
10681
14179
5851
16384
11062
16083
14508
11922
16668
13947
11498
7719
1608
13022
2354
99
9114
11553
9120
10465
9738
4186
612
13692
13145
11636
7426
14274
6448
3252
2903
1434
16412
5618
5162
3280
3604
6007
11585
8266
5405
11697
16218
11335
10801
10419
10194
6253
9776
9709
12404
6437
9264
2691
4242
10825
3404
5696
12910
10738
5719
16499
7970
10030
8529
10879
7303
12750
1938
673
10904
3511
9393
4260
8616
8856
16734
8639
8901
1924
14010
1221
3922
5245
16771
13657
3547
1337
6282
15919
9022
7246
8778
3418
6540
8063
9893
3191
6102
16405
9497
14586
15603
6037
9037
100
9545
13421
3686
4930
4998
3868
7828
11096
7845
4047
12120
2757
6874
9354
2173
9040
9961
4876
7794
7676
10461
8292
8526
11100
5801
3292
2987
13621
6310
17309
13839
5534
15605
7853
5638
4702
3466
4736
14440
16080
1562
10167
3290
6729
4515
8930
9630
16881
10942
16036
375
13263
5037
404
3778
2467
13713
15707
93
3204
10413
10041
827
4524
5985
6598
6176
6995
15456
2683
13862
691
7528
8192
9774
13704
10213
14281
1131
17174
11909
2304
5343
6246
7788
15835
12534
606
1671
13217
17181
13749
11465
4461
736
4122
13729
4776
5346
14470
16676
14705
17105
7396
5763
13537
8010
3441
2387
13731
12891
3988
3999
63
13867
13278
1384
4333
17034
1967
16496
5444
804
8769
7152
5028
851
17149
6838
2665
4950
11187
2679
3893
1053
12695
10937
7734
2353
2660
1028
8472
3821
7026
16322
5593
9671
7942
12003
5896
14297
15352
903
9864
3751
8742
1862
15225
8393
11834
14672
9008
11317
11590
941
9724
3898
16821
16030
15923
5410
739
11059
7601
14132
586
4444
6567
9220
5259
14799
11471
5637
6797
16957
12232
647
16979
13846
7444
9500
12046
13088
732
10955
15168
10100
5240
4680
2195
8352
6011
9144
12424
9411
5311
6772
7704
6250
1040
3968
16363
16713
14299
12121
13097
433
9052
4370
967
423
11605
13634
13173
4652
2562
14676
8338
3186
15139
9753
12464
2852
6004
16552
3419
13688
17334
6273
136
15440
894
8389
14626
4863
14981
6177
5208
10146
11042
10581
5181
1447
16583
12717
15113
9987
15212
8922
3886
12585
2121
17191
10787
15939
5661
4403
10903
1241
8962
623
15997
14006
1162
6356
13928
2775
15037
13310
5846
12579
1740
2282
5103
11218
15741
11052
10102
14447
17332
16591
15912
6185
16975
5272
1720
8717
10527
469
5446
5627
15588
10088
2721
13907
13429
1913
9680
16409
1134
5021
9744
4939
2937
3533
10838
4845
8131
15620
8032
7997
6594
3912
12895
3091
13640
5995
11490
8286
15875
770
13592
14622
15949
2492
13683
13866
5294
8467
1152
5302
14368
13392
307
15106
13160
15403
4182
15041
5531
4305
14254
10179
9123
6521
3455
13242
12843
2418
13824
11157
10215
973
15914
1634
16221
3762
8448
7365
5795
14505
9797
8752
14165
4469
2957
10959
15127
11491
9359
3918
14312
9396
7012
5251
14324
7108
13062
4420
12372
16298
9781
8622
15115
12134
14627
14879
13754
12676
3560
6021
10368
11122
11723
17098
8736
16321
15246
3219
17043
797
755
10200
15186
2496
7599
1871
7877
4851
5072
2163
6036
6921
6216
16921
2897
10327
17089
14650
6744
15832
15430
14935
14116
9225
13123
9845
10799
2732
