5698
14536
11487
8283
8360
3832
13806
15803
2355
5842
3594
12082
401
2636
8175
13129
4663
15237
13820
13892
1208
13384
5664
10844
6512
15822
17182
16762
13915
8583
8128
9450
2320
7565
3009
4694
16941
14439
16996
8411
12165
3684
1450
1183
1910
17031
9381
10796
4573
7271
5247
2068
17119
5450
9218
8487
659
2452
12590
9596
15187
11115
1553
17088
4409
7160
16355
16238
872
8441
5904
10548
6456
16566
10952
1139
9042
4000
10182
1244
16991
11818
2945
4687
12320
694
8766
6730
553
6303
3753
15594
12342
12635
667
14844
11212
6292
6701
12750
7385
15746
12052
6097
1290
11018
8545
1694
9801
16365
10714
11067
11085
15535
3851
12060
15738
13218
2731
11441
8967
10719
16228
12014
2749
2707
4839
6296
3556
6837
4035
8244
11802
13196
3031
16532
13826
10803
8345
715
29
4742
3947
10293
9612
5596
10133
8789
7293
16452
6866
591
6440
4145
2430
10600
17220
6441
8784
6447
6222
8700
7306
14024
16618
12643
3488
4771
2420
1074
15914
5957
1397
4929
2834
10369
4899
10649
12307
3085
12689
4394
2292
9988
6047
13382
7390
12916
4780
13702
9878
14191
15847
12518
9884
12748
3806
14012
12375
7855
5581
8524
11058
17345
15295
4674
16152
14655
4083
8730
826
7945
12177
11204
16770
6688
2729
11834
9191
8724
8152
15864
14107
2590
15418
17058
14195
1173
783
10014
16107
10320
5578
6227
1022
2082
9463
10568
1437
8035
10856
6186
1726
2035
4964
2633
11065
4953
5353
1246
14619
5705
4550
5943
5933
14303
8182
14949
175
6011
11713
5116
7896
15537
3361
8019
13578
6436
15589
13597
5167
11222
184
15000
13024
11410
1441
3440
11875
14624
13364
11170
10007
16786
4125
8898
296
1037
7180
5278
5015
15964
14643
614
4875
15008
7493
16879
1875
10988
1041
2136
7722
3699
5885
13164
864
6967
12687
6012
2056
14512
11492
9355
8679
5710
1502
77
5911
12134
3000
6649
119
15297
4252
9768
5043
12817
1990
5595
3386
15515
7272
14001
16248
16290
674
8754
15775
1771
15625
5409
11436
10995
2529
935
8763
10412
14593
5190
7133
6106
13139
10971
850
7281
14586
10453
4497
16791
9318
14802
10119
13430
12477
10778
15433
6212
4029
11946
12370
902
5358
3370
1049
1464
4540
7994
6370
1524
3213
16079
14223
7679
1252
3458
16520
7406
12229
10356
4031
9969
10417
12810
11996
14479
6624
2982
8964
16682
16769
17184
1848
14018
10652
1977
8424
15960
2204
15793
12583
15467
14877
14575
3107
555
11554
10340
6746
10848
578
3814
4652
13489
3828
5142
2693
7340
5755
8050
12898
15016
2516
5061
9252
13500
12338
16383
7289
10519
6477
12881
9153
7719
17330
15794
16498
15994
5806
10755
16043
15996
14801
5224
13758
156
12478
3544
8225
1940
15643
14969
15984
586
9360
15056
6010
13113
6217
7329
5748
2090
8109
10775
3682
10172
14215
9724
6290
3326
9141
14752
3099
346
7497
13442
3205
4341
5873
4626
4530
15678
611
9761
9745
9773
7703
944
8321
16560
4139
10482
3051
11993
8649
15117
4306
321
11014
2565
11610
15476
1133
11809
4655
1682
12268
773
7951
11825
5400
4991
15208
10179
6243
9504
5474
11897
13896
12972
6734
10494
2787
17322
14692
539
6822
13521
13182
12514
12111
15261
9001
128
15009
5361
2245
10462
12630
10332
15510
8181
1126
9006
2098
5302
9966
13889
5918
212
3013
12877
15395
16577
9275
14600
11661
75
7416
1393
9889
13342
3323
11615
14410
15230
1897
6114
4116
2297
6912
14163
3461
17366
31
2164
3141
7866
1595
3696
15549
7308
12045
10552
12756
4226
15144
15828
16038
14411
9229
138
3960
7056
14086
4361
6990
531
12095
8976
791
4338
10542
5119
5467
3856
12705
5395
12036
636
12166
7461
6493
13043
11748
271
9855
9467
11073
1837
6810
7848
17189
12820
10612
9248
2836
4810
396
4645
17224
9446
12911
10850
13250
5378
9958
4864
15521
7543
15346
14157
14114
14610
4296
11046
1801
3429
13264
15886
8558
10926
13077
6758
7930
14302
9432
11453
236
14444
8163
12288
14829
7131
6724
1065
2584
9478
13165
14128
4634
1627
13671
12790
16605
12747
6671
17026
550
16333
15067
7387
5398
13366
2839
11471
1923
2647
12531
11912
3708
2192
12932
8116
2597
15533
5753
3560
11446
14748
939
14509
6282
11006
13214
16000
6076
8336
4335
12350
10339
5473
380
967
628
1342
8198
16153
2888
5924
15885
16850
10847
11841
6938
8034
9329
1105
1351
4825
2000
14745
16328
1435
10553
9739
16840
7905
5935
15131
7817
272
14539
11127
5446
13992
13145
8624
468
5238
11486
4189
16630
5027
15262
2941
2288
13834
955
191
15616
4034
3143
5953
16934
3852
136
1059
808
9177
5631
1073
14068
6660
16902
15708
6049
3112
3823
733
5722
6940
15466
15247
2255
4895
10051
13285
5605
16274
13882
2838
7257
995
743
12200
3228
5081
12149
15795
8582
7326
6503
6266
9535
2989
299
10638
11904
816
4952
9471
11790
5192
10049
2642
6571
8882
13759
15432
1730
13976
9266
7253
13498
7538
5657
17164
7092
4436
15099
17355
13087
9
3798
3651
2975
11907
3946
10463
5749
3289
1452
9683
15606
2116
1200
10265
4003
15975
7033
10318
9656
4357
11208
4708
4485
6471
975
2964
8146
10516
1177
13918
8017
13539
7669
918
15944
14296
10745
14326
15842
2152
14545
2005
7507
9382
1312
15833
2067
16853
16400
3974
1213
76
6722
8592
10471
14770
5088
12716
3857
9541
9144
4711
11678
14576
2536
11943
2200
11178
13306
11376
10784
10496
6494
4456
12607
12281
6733
10127
1181
13385
727
16430
4828
5537
629
5952
12805
5143
15699
4992
507
16916
14942
11251
11598
13710
8377
2738
6681
8534
9852
16490
584
9734
10283
15897
13240
3146
7091
14611
17277
1232
10223
14166
15285
9994
9711
13057
5334
1608
12603
4188
15
15002
7362
4047
16470
12724
13805
440
13392
7600
12404
6293
16201
7220
5452
13662
2509
1896
8527
12660
7704
16120
833
4111
15959
9676
6237
6643
7738
11490
8645
5983
7153
3951
6169
3903
8075
3127
10314
5048
10713
4027
5658
15028
7179
15766
8987
9858
10590
10306
16491
2020
12421
3507
4181
14563
11237
4292
13327
6460
9119
8498
1597
8264
14519
11056
8473
15379
5106
13659
8591
7551
1036
11719
7307
182
9756
2078
1043
6904
12899
9173
15426
10618
13857
3357
13967
924
15304
10566
8365
942
15570
11612
15921
395
15077
11801
4323
11793
13192
2715
5683
2173
9269
16561
15014
8667
1155
2828
894
900
2635
8356
16869
12083
14210
1504
4247
8713
1411
8791
10977
9465
3288
5790
9729
16633
8234
2817
12197
15950
11134
8172
8708
14449
204
11657
609
4529
14364
2006
2818
7073
3392
10446
14609
5546
15343
13996
16312
11177
9274
15435
3265
16225
6797
11928
5985
2423
16059
10100
4321
13156
4278
16813
2907
5134
2366
16676
15912
14117
6465
10863
2528
8512
14093
17288
3550
15547
16512
11817
69
16390
12854
12495
2609
12512
10955
626
14574
8721
14981
17018
12906
12902
13068
5662
10142
279
15834
8866
10104
1528
7556
7149
2895
3950
61
15150
596
8371
333
5630
7752
1811
1242
304
14494
3792
8064
9460
4939
12741
2752
16202
14880
12068
7572
4923
3583
16016
11728
16048
1078
9070
16182
10614
4871
8339
259
2545
544
14793
13637
4748
9069
5830
7080
4138
866
16077
10156
7684
2474
10253
9651
3387
13541
11823
8177
9507
2773
8630
6306
5373
9652
3394
14905
16514
10922
3524
2703
4768
4536
11674
15693
2527
10631
3521
2976
8986
1330
14211
10152
15124
5811
790
17208
15675
6482
11804
15652
5913
5659
5627
5579
7004
9482
6013
1738
5987
11249
9014
5324
17022
16022
3467
11952
10777
13884
17053
9798
13224
16343
9134
11107
15641
8483
2684
10650
9628
5773
16025
8493
4495
5176
6072
9150
13042
406
14929
15509
6573
3678
15355
5865
11450
8979
12178
2239
3939
4265
3480
17168
11485
5634
2069
868
13472
7857
2802
16434
4064
2691
9854
11431
12493
3631
12885
1161
1634
6861
5281
14852
10192
4695
15241
13418
6438
3627
10637
323
9447
16098
11762
10772
13031
4628
13704
4807
3786
14578
10333
9673
919
5166
13970
3988
3943
4948
7737
6633
9396
3024
15734
15239
7444
13988
1796
1134
8661
12482
14476
12848
4553
8567
3355
9100
11483
11407
1027
4853
11145
14264
13358
207
17156
8368
15404
3910
17147
2862
97
8481
10242
4455
9183
5948
6033
11479
13783
4804
6790
2281
11633
12221
10348
13809
11103
10726
7610
6176
5363
4167
16803
5744
369
12812
5598
12393
2408
10217
13733
2893
15812
3333
11632
8161
17062
13136
8714
2526
7419
14103
5845
7826
7606
11811
12824
6995
11063
3029
13052
13035
901
16003
13522
10060
12443
4496
10608
8795
12469
16254
2290
16019
7646
534
3572
7244
11832
16673
7580
9900
10450
13369
618
8403
7963
3601
11350
2852
414
9977
2860
6760
12686
9037
8690
4345
5453
8950
7653
8782
14769
12266
16154
14194
10864
15839
6958
13583
1029
5215
149
16700
848
16176
15924
186
17154
10712
11196
565
931
2716
16800
14627
4230
3483
1481
2032
6166
16074
10176
4408
10619
4254
15398
14897
15669
6578
6038
1644
1622
9640
1163
13945
16235
2654
5415
10534
16714
11458
14205
10022
12866
10572
6704
3554
9201
3470
11202
9008
10371
6869
6226
13676
7125
12232
8240
413
1619
9137
2825
16495
7448
7511
6017
11920
11225
11665
7725
8150
16089
7954
8578
16758
11098
15712
11435
14670
11168
7261
13623
16535
9160
7544
4130
3775
210
12752
3546
7917
16299
3343
17300
9690
11864
5035
10989
7468
5188
5213
1899
4870
12770
3408
7248
10594
4380
10200
6588
4438
3055
13467
6998
9335
14475
11106
5564
12528
13846
15750
3124
847
2674
12641
15078
8949
11422
9706
8659
2995
12573
5504
6324
14467
10011
3276
4061
14772
11761
1537
9304
1865
698
15749
15729
1601
10511
3954
8895
9941
16587
16998
4259
1104
4610
1813
7447
15311
3366
13271
405
12829
9979
11837
4231
13808
11808
15448
14853
11812
14455
6355
6850
11535
17075
12031
8500
14212
8299
14005
3233
14002
1500
15534
9536
746
8660
601
17030
11798
8988
2013
16882
4208
8370
16426
10347
7515
326
10818
5655
10917
9170
7759
9581
11537
5337
240
15799
7603
16036
6581
9060
6839
11604
7586
10167
8510
9754
6113
1302
1538
3628
10180
6315
2811
12300
7667
12749
3526
8571
5080
1511
4242
8369
5679
16597
6580
4032
4499
16908
12459
5117
15949
8086
6567
3891
6418
1021
1513
190
8063
11288
1937
5916
14947
6873
6860
12983
12965
6922
13973
4078
6582
15726
2780
14934
14436
13494
15648
10397
1783
2986
15941
11693
10930
4175
15465
2119
4571
15563
13063
13005
917
4481
4777
4656
14951
719
6901
1685
1930
7518
3978
13081
1420
11331
5719
6808
3916
4322
17372
2506
4735
637
5694
15456
15176
6789
2299
8831
16012
4420
1446
6881
14803
14813
8288
10199
15898
13072
9699
4511
15696
15110
1790
8736
10483
4733
14170
9093
13718
14209
9220
7728
9877
14859
5950
15854
16168
3837
3344
10246
9146
10334
6426
7690
17266
14649
14994
4601
9686
5788
142
1845
3721
8478
13338
11669
2045
7899
9943
4129
9727
4368
8048
10520
5818
15999
7007
1996
4513
12941
1585
9728
7367
1550
15744
660
12566
13126
15317
2223
13483
6877
4890
2167
10890
11342
5541
4144
3272
7100
5981
9898
1210
1000
7615
5992
16085
9083
5194
7842
1409
12715
9721
80
8156
14534
696
13564
12723
6499
6767
8214
6054
12385
1487
14945
4234
12621
1864
6986
890
9812
8803
9098
2399
16631
1939
15511
15266
650
15913
14846
2328
838
15919
16622
16666
5839
12758
14594
16841
2209
1610
10316
9911
10174
1823
6184
14830
1793
2230
9063
13503
16628
15091
1870
1572
2793
7449
14845
9832
11627
3396
4729
6162
14064
5771
15743
13666
3133
13608
11917
8617
15889
9549
10190
1844
1716
12174
15449
6388
7732
5090
10897
1406
4421
15956
762
13732
11826
12201
11411
15168
6399
15233
13926
4501
13466
4308
8884
16581
7918
7712
16857
6521
12050
5495
2103
15105
11344
2983
12873
10931
6502
6129
3551
15837
10054
4303
17293
7235
11336
6705
3582
16427
13902
2801
16938
14253
3388
13600
11489
11533
4846
14533
16345
16823
14581
4671
13730
4186
17353
15566
3873
9888
2621
14959
13739
16431
4996
16046
8761
16711
8869
2217
4922
13154
1705
12189
11193
143
1677
14978
11171
10820
12571
8238
10492
1478
10643
5112
8287
7707
14983
10220
14986
7533
2019
1097
13323
2858
5531
5289
4237
15593
14874
6389
2892
15367
1689
5939
7297
16455
3128
8848
62
13252
2314
6119
5932
11292
1966
7624
7388
4326
2456
9579
5121
15630
9129
972
6832
7393
5076
17314
9165
9883
10089
6332
16137
14587
13767
13742
17249
126
15468
13232
9320
3789
2095
15848
14943
16324
4084
4898
9836
10230
10866
17083
10137
4245
15620
15936
1909
13562
11425
7327
16458
3712
5233
16586
4623
13867
6057
10964
17281
11285
5165
8054
15390
5580
11776
13446
7798
17063
133
815
9856
15089
13581
3516
14227
16519
6081
1292
4037
7417
10980
6069
11079
7778
4851
5017
327
14425
3666
11929
4052
10900
17183
2804
6728
728
551
4011
1214
10627
11304
14786
4134
1076
14567
15143
4903
13999
15928
12046
4253
14362
14237
14422
1143
1834
12984
5427
13125
8061
64
9369
11789
9198
411
12697
14049
13485
5356
8267
12690
4719
13349
7706
10760
8337
7485
11881
12116
9641
3334
1883
5317
1650
4638
7990
16705
17290
5847
12380
16241
7820
9718
3190
2356
2663
4994
6466
1314
8443
2745
2301
59
15279
9453
10393
7496
6063
6574
1828
5624
16386
452
16544
3176
4086
10196
14782
3747
10244
4054
13480
1623
1794
10113
12164
13304
17008
9068
12484
15436
7710
12722
2176
8851
10505
16946
8843
16377
12326
4587
12732
7422
4282
17246
14838
9570
171
13320
1887
13482
16265
13657
14831
15136
8829
2488
4737
8786
11290
6943
11773
1270
2424
15702
354
7510
6526
12587
6041
4327
14259
9885
9531
7377
246
1119
282
4515
14753
15815
1499
11060
2480
4985
9474
7823
4564
15102
14354
12030
3816
6778
14913
14260
16533
10409
5783
3165
9417
2343
11475
5869
5291
8501
7475
4747
15443
1934
17100
802
1137
11146
12913
10162
9982
3294
4876
4632
13592
7426
16131
7769
14146
10485
1243
17238
11143
16717
10102
15687
10908
1096
12956
761
6491
13408
5840
11
3918
14266
9217
10578
14675
6569
17371
4416
15679
11027
15026
1223
13660
653
11038
1131
15303
13025
4269
6752
7936
2889
9650
15096
2617
1239
12277
7347
2599
5522
10983
15529
9167
316
15023
6310
1486
2928
3549
8117
15680
11859
3636
9571
5185
13372
16948
14755
4212
14598
12586
2172
2829
8985
778
6144
1460
4885
5387
13266
6927
7404
265
9264
16397
11233
8285
3398
4126
11232
2547
8552
2619
9187
11504
12273
8673
2539
11484
13162
16819
964
14555
10776
12574
1933
3278
17231
6294
16876
6593
11814
13219
6669
14890
14108
7013
16749
3207
10020
1997
12872
896
9978
15214
7026
14995
16396
12766
1301
6723
2614
6449
3056
16547
178
14766
5040
8450
1577
7723
2781
8656
86
9336
11299
7176
2853
12767
6887
13631
9247
12462
8245
218
3302
15478
6586
1035
10136
13603
15771
16639
5259
573
264
11786
10749
16450
6028
4248
17025
16415
11011
2712
12909
5848
13037
2616
1102
14478
3282
105
7266
3564
1191
10405
9145
1919
2743
3249
15470
376
11587
8306
2549
15664
1092
4313
8373
6756
16236
2987
16297
10187
12794
16414
1516
5079
7500
6557
17029
3586
2426
17012
5154
14946
15543
6170
7102
16806
10447
12553
8854
11503
17297
6115
3162
11983
5404
4285
4580
11280
17243
6856
5886
2021
1583
15287
13362
10261
2553
16066
10641
16878
8743
3658
6558
11505
2513
14957
3547
3407
1098
15943
1748
15195
10599
509
9567
17299
14960
8932
13899
10384
13686
11186
6021
6439
3064
13452
11887
2451
11343
3866
2894
2232
7613
11621
5295
9847
12675
7113
2315
14252
15825
749
6007
2049
8597
6984
10285
10237
1360
1872
11588
12806
4680
14409
3604
16148
16771
12671
17209
14639
14936
2202
325
8861
251
2120
2151
15582
6214
13888
7489
17267
8112
15335
5374
12251
16310
15083
12510
1517
2330
6924
3805
10241
11268
4073
10836
3624
12424
6291
11084
1172
14798
141
15275
2100
16488
12126
5442
9827
10633
10177
8224
10966
10155
11970
10427
2346
13611
7739
2138
2371
10646
13864
16503
11004
8185
14011
16953
15922
5592
9149
9299
7498
3493
4535
10015
600
17256
1370
1719
12683
13352
9908
7618
6566
14633
979
16380
17005
1067
12049
750
8247
1925
15727
6677
10289
6665
7969
4704
14937
4443
1276
11783
16709
7472
5958
10474
1858
14144
5413
7693
3434
2990
15250
9194
17167
4793
3917
7188
7952
4143
12107
10960
5223
11933
5909
2637
6710
10651
14045
14334
7009
8928
12105
15811
1121
542
14952
4099
8043
10208
9330
5512
15578
2009
11008
16534
6695
615
15142
9265
13359
4049
880
13980
7641
9378
6046
1747
7940
433
17334
9284
2344
1791
5538
15338
15259
11534
17307
3664
10961
5625
16467
598
1758
528
4521
2798
9169
388
3184
17229
5159
12391
4150
2582
13523
5428
2425
583
1283
15160
953
9961
16573
4283
13628
5059
3605
13566
8628
13621
911
16155
8204
12995
4365
11768
5767
14982
14328
15797
12825
15632
6916
11239
7607
16725
11055
10402
11315
7350
2929
6694
6929
6123
8717
6817
15216
12946
2728
863
7006
12122
13559
9546
4267
7681
9758
13409
7926
65
11312
15286
2723
13594
984
250
139
13479
2208
4046
14079
4063
9240
5561
12863
2786
10042
3674
11830
14123
3150
7575
6741
11401
1605
15457
3341
7782
13728
10557
8662
3829
7310
3106
3283
12458
15490
14771
2276
5388
7708
14032
12837
1509
7454
15650
9081
6180
9411
16056
3697
8222
6672
6631
2954
14370
1581
13887
13131
1766
14889
7372
13542
7944
5038
3531
15585
8627
12446
3216
12038
11319
928
13855
12287
5607
5426
3612
6172
16781
213
12559
3737
5733
6387
13584
4873
6042
15789
1756
938
7072
11139
922
2946
10686
15348
3514
8529
13200
131
16889
12390
8157
13115
530
785
4195
16688
2575
2412
13865
16795
9983
5641
6769
1011
5651
10411
14557
1294
1816
6414
969
16284
8890
16193
5731
15807
2879
421
5085
8349
1026
15321
3727
8849
4865
9973
9520
11523
6207
16625
12988
1869
14348
4386
14058
8209
16501
10579
7396
3191
9370
7686
9775
12243
2618
16899
15084
5451
8102
1540
12225
15133
3450
12132
14907
17227
4135
9307
14850
14174
13370
349
9545
2912
14485
10135
2695
3755
9348
8838
10290
968
3381
2611
2885
13213
15320
12258
9939
8757
4789
3499
13069
6179
14349
10184
7976
8076
17065
12466
3793
14715
13193
8243
4094
6015
14336
2470
5130
6208
1066
15607
10929
14773
14429
11555
5776
14006
165
14337
11325
15147
13274
10456
5622
4572
2114
6693
8427
4958
2737
4565
9464
6325
10041
12609
15951
3838
4854
211
6685
14879
5266
978
6234
4089
14992
5469
14789
1063
10842
577
2158
2585
2641
9503
13083
4053
8999
4900
14232
3767
13329
14694
4410
8800
1372
177
12921
1861
2806
15819
2374
16554
7620
8547
10376
11356
951
9180
15353
14704
6550
15040
6369
9223
3457
4070
3842
4337
9272
403
13159
2437
15392
13226
5349
8817
4868
7810
9368
11339
10425
532
13777
14800
13281
14098
16014
6358
3011
11180
8586
2002
7974
2454
2044
14504
7847
12187
13746
12780
17007
3468
9698
12996
14940
12423
9770
12087
7486
9431
12285
9573
15097
12771
7032
15080
11370
10337
6749
7213
10928
13545
15596
2665
3462
14678
2060
2397
15998
7174
11822
14257
3929
2289
8173
1640
5201
16565
15722
16419
7019
3271
12206
2042
12517
13108
3871
14527
608
3702
3038
14193
7263
5979
5765
3936
9441
6251
14491
9262
6271
15196
11593
7482
15371
5221
13263
13661
7010
5389
12638
6994
9964
10935
5947
12032
7156
7215
11543
14980
6253
7021
9689
16259
6209
14062
9552
15801
619
5551
3680
12989
6819
9688
8507
14124
11207
8639
10052
5480
14938
10324
3902
2926
9172
2091
12463
4557
602
12870
1025
14775
7854
17060
752
9913
4877
1171
10088
10403
12486
15271
10091
4912
823
9643
16336
12871
42
13774
1713
14405
7861
14997
12594
603
9572
1496
6751
15318
12929
5122
16536
13744
11224
8085
9147
3804
14883
6473
10790
3208
14197
14797
1775
957
10488
7932
13101
10826
1081
6757
6610
15192
10711
16562
11935
16157
9602
1853
11258
23
10050
10478
5148
13654
13354
5998
8707
14920
16047
11404
1127
1749
5252
15481
3933
17247
800
2043
7902
14043
2382
9035
6091
7747
1972
13292
387
12555
13041
8827
6708
3942
17313
15228
6941
7039
11865
5249
16469
11550
13495
4931
3652
10673
9823
16276
16945
6365
2183
9995
6702
10093
8842
9670
12920
14602
4085
7794
15872
1564
16480
134
2601
15891
3588
7800
6308
9661
17125
4107
529
4970
14988
8729
4718
9990
10524
350
15365
5552
961
16178
3555
4554
2702
1268
11725
1383
14308
12595
13040
11274
13552
8938
3443
887
10695
10991
16092
5219
14284
11998
8462
6587
16143
13191
106
2988
15501
2826
6872
16736
9221
7311
13300
16670
5062
8840
1921
5606
14722
12653
12992
15800
1408
11974
3171
16692
13075
8059
5714
9030
7395
6346
13818
9802
4431
5851
10939
2241
5553
17004
2174
17324
11287
10526
12019
16263
15790
15923
7183
1877
12474
14931
3135
11953
11002
2623
6133
16774
7016
8972
16511
6706
14541
7008
16125
6009
5257
9616
8364
8933
5093
9614
14472
6936
6738
1306
5207
10132
4469
709
195
2325
16026
13532
7144
11934
11948
2324
10501
14910
11214
1599
4697
2345
9793
14323
12012
13886
94
5501
2803
276
3310
10604
7901
7365
2578
5135
11973
4214
13059
2111
6621
3113
12292
17280
1466
7628
2149
12869
10455
17043
5770
1938
1040
13355
669
16510
7443
15980
12516
2967
1221
17193
13386
11097
4295
1433
9636
10527
15756
1546
17336
14481
6892
407
13158
7689
2722
16032
2651
7677
318
82
1838
8293
17032
15884
14380
2899
6066
3877
5383
14529
5741
11037
1443
7678
7631
11709
1485
16217
5808
497
14911
12508
2101
15181
1350
14446
16422
10414
2576
7122
14614
12267
8081
1056
6638
2143
10036
3976
6073
994
6772
2710
130
10947
6391
10975
5515
9892
1389
1582
11016
11829
9047
10065
3037
15767
9499
14165
1724
3630
15264
10550
4905
17374
1658
13766
10198
15893
7346
8961
3048
4307
15479
14138
8431
11440
3353
6611
3863
13711
1745
4276
10205
17268
3177
5066
385
17248
4907
11348
9776
1125
16887
2057
2278
2901
8393
14760
17172
6952
16234
4706
7872
15341
12605
4914
11240
12185
309
14355
15784
13601
1667
3002
842
5941
13985
9261
576
4051
8477
14242
10881
12384
7171
450
4430
10835
8920
1890
2672
12029
15545
15823
16144
5375
12917
14342
3714
12907
2333
7761
4209
4281
4297
2274
9692
4862
7491
14140
16743
6552
2332
4703
8095
13565
6555
9953
7746
8088
11165
15609
11369
10716
3779
5944
11805
5576
17200
9044
12768
16024
5204
14590
692
13084
6055
1112
14554
14632
14872
8018
6145
313
16733
9362
5969
10830
15979
4012
16523
10500
16642
13596
2668
3347
12534
4512
17204
13026
16538
10310
14861
1830
7674
7109
6921
10309
7793
1404
5711
13821
2154
6156
1723
10735
9161
5410
2351
6064
563
3530
13440
3707
7763
2911
7172
13242
13222
11359
806
8702
15538
11096
2066
16196
11159
3131
2605
3494
15918
8543
9880
8213
1317
15322
15916
9582
1820
853
472
4806
13585
2421
15989
8328
8887
15860
13916
4509
14071
8414
12276
5816
8426
16980
7634
8179
9903
8004
3414
14925
10798
13423
5861
3077
1257
11586
17023
13737
16374
3537
6698
7190
5609
7112
1698
4381
8915
14684
13607
14119
8077
11696
16295
2848
14274
13524
3646
1551
4659
3724
15523
17232
7852
2113
11136
12856
16364
16191
6718
960
7797
8120
6403
15810
8906
11090
1493
1166
6090
3070
16600
11223
3235
16237
13147
9437
9292
3447
10368
12100
4206
5236
2556
12480
7237
9905
3535
14392
12021
14596
16223
16039
6182
10300
6154
6750
6909
14076
16691
11893
3860
5056
11592
6083
11622
11131
3464
4786
10366
3469
14523
11457
6771
2856
4932
12525
254
11717
9981
1803
6898
3579
11754
14953
9158
7276
3047
10603
11161
12119
1490
16783
2150
2322
8057
15502
1904
12213
229
3907
2940
6048
13390
10701
6813
5074
14561
11254
17250
11692
15256
10069
15401
1345
6635
16874
7136
15887
10222
16186
11734
5779
1860
5699
4790
3760
1559
13439
2189
14721
423
4299
2085
15027
12104
11137
10766
13866
9140
10657
14451
12760
7197
6420
14520
13927
16028
6044
6457
13722
8647
11511
10305
12998
6002
10134
8420
1167
15601
4788
8164
3100
8256
14189
12120
7836
640
6195
11241
6255
2558
1222
8265
5951
14842
4148
15123
16018
5801
9061
17188
2711
3017
3423
8762
2500
9404
8030
3562
14635
16454
9403
11019
4060
12461
1961
14306
390
1386
7161
10829
13814
101
11110
17255
17194
4390
10392
492
6939
7095
16665
15732
2525
12278
16926
15417
1340
12441
7589
11850
442
9554
3926
16271
2930
12215
12256
11253
14095
13677
8036
721
4926
12492
3053
5276
28
7473
16972
8080
16681
2769
7274
6935
11421
8612
10357
5721
17181
12498
10632
8065
2997
334
7058
5617
16936
4457
14254
16001
9421
5082
2670
14549
5157
14930
11206
13152
3412
1068
7154
1144
1006
1821
10057
6405
9315
16723
5179
16627
757
9443
17368
5345
6930
1034
7242
9300
3420
4437
16496
2686
7186
3415
3477
10624
2496
6993
11346
11269
3924
6637
789
6000
2489
8263
16528
4542
1993
4644
8604
10533
14356
6432
10821
4675
3270
12006
10610
5370
73
11276
4517
1498
10202
6189
16087
10454
9426
16517
11771
14651
10914
3039
9577
3200
1157
3901
2783
1989
12238
13294
7519
14935
9228
16875
9909
8873
3227
9586
11366
2195
1704
228
1186
676
3081
6364
12895
13787
5780
11352
16053
12861
12762
2254
7528
10575
4599
2935
10982
11978
5878
13374
11321
3325
13393
14172
10736
5417
8258
16428
16210
400
14154
12259
7694
6634
3869
11395
6972
3281
14034
10794
10467
12352
1395
12842
12078
5279
3987
11013
2620
8580
14676
8246
17237
16135
1532
1733
3152
5942
4791
14120
10238
6077
11250
16662
7323
16502
12813
2680
9569
5829
14085
13177
13286
13653
10498
4545
8793
4025
15875
3923
5674
6345
8765
15380
9619
7414
13499
10879
5960
4693
8783
3780
6518
15081
2994
1995
11174
3808
13451
8058
2331
6697
15873
4240
8834
11788
12235
8405
11184
11054
6202
3501
2649
7038
2902
7330
9742
15932
13528
9784
5884
6068
4672
4679
12598
12623
2401
12152
16777
6589
11125
419
12678
14605
8670
3389
3897
10353
14603
14708
2714
7024
16697
14401
9578
11645
9005
9529
15206
12511
3400
11508
9701
9816
7232
9485
15312
16747
7729
10435
7394
14914
5438
1449
16180
6835
8695
9695
4215
12062
16440
13454
15962
9963
5893
2679
1142
17081
1521
5137
5623
1805
17320
16071
5569
10094
1211
8122
3496
14731
8118
7175
5239
5565
3391
3498
4537
7048
2939
5126
10655
14964
1891
5594
15013
11210
3607
10448
11796
10785
12081
1833
4657
5072
12948
1422
857
7193
14412
3086
10235
8706
14724
1333
12601
593
11658
4328
9684
14134
10797
8909
17279
11128
8907
16287
2698
2765
16525
5652
16607
12923
5002
9790
1160
5660
2775
15313
16952
840
5761
13137
17185
16475
11891
14221
2215
9459
8029
13535
10937
2264
3593
17161
7214
1895
4722
13150
2874
4605
11529
11647
13738
8778
6703
363
12832
11791
7470
4354
15004
4925
6520
11646
10013
13128
1376
4462
14423
14162
8528
3197
11861
14183
7476
9434
14740
11668
4801
13331
10267
2404
14736
7581
10904
1439
4520
11930
10191
16687
15674
12147
5912
9034
14116
13983
2473
4314
10813
2917
15581
3316
10024
13642
15330
17207
12801
560
7730
3676
2936
5915
8340
15751
13473
5821
10997
5286
8333
14592
8912
9067
14582
8294
15880
15559
9639
14110
10860
12427
8295
15174
7086
13734
11227
7977
15235
14662
12386
15389
6673
9436
4983
13548
1159
13100
16845
14112
1445
10721
14671
10331
6142
16659
4273
10302
12103
14785
16151
3136
3846
11858
4080
6538
4936
12957
14288
16128
713
16509
510
13920
11873
13465
13461
1703
2130
16017
11163
7922
11569
582
3768
17373
7469
881
6867
12789
10428
6774
9239
14239
11459
6322
9392
5326
948
60
489
15017
5629
1107
6992
7053
873
16526
15676
3830
4494
9112
1343
1444
4127
13079
9222
168
16358
14035
4945
9947
2450
15092
15755
169
300
2484
445
4191
8154
7169
14067
14052
15682
1
15520
1556
14620
909
16616
10779
8037
15933
6715
16913
9496
4504
6675
6305
6980
5397
12860
16404
5557
5412
7523
7480
16671
2282
13013
11029
45
1629
4009
8540
537
7815
11345
5463
13716
2661
17362
5540
1273
13121
15730
11230
8298
10468
7799
11649
8159
12507
14547
7312
8292
14307
14156
1570
4213
9090
13241
10831
3870
7459
10115
2593
15405
5996
378
4608
16136
15562
10322
7354
9782
8556
13123
908
8930
5518
15613
3393
12520
15290
5612
15927
10845
4454
6777
3093
13879
6337
11383
4888
7225
3435
5543
1148
2537
2104
2724
13914
4830
1154
4603
17233
12438
8749
5815
7762
12556
10692
10774
11123
3206
12707
8959
3365
10017
15047
7465
13179
4473
8850
5180
16713
13803
5306
9738
4630
4141
10920
15737
3667
1545
11563
14821
12970
9250
2339
13534
13032
9184
15736
10021
14217
15164
6696
16798
7450
8618
519
12702
9543
13713
12310
3723
7315
12540
3148
13840
11806
8190
5171
2329
12180
13610
15425
13217
15859
7104
6086
15362
580
1798
13685
9072
11216
3008
5111
6078
3991
5174
12950
2648
10913
3463
6139
15901
2767
17109
14133
7057
10962
13816
13941
16720
14231
9088
3849
4362
5161
8504
10378
10894
8002
11606
16102
11885
5894
274
10443
6988
6974
14975
14613
12604
13379
150
14187
16367
4334
10990
11195
10117
1039
5906
6917
10532
1973
16476
14796
1660
13229
6026
4402
7256
824
2610
13090
15486
13634
5867
11975
1010
748
1225
10018
9494
308
10486
9405
1083
5499
631
8320
16171
5439
17259
13424
6560
11986
17098
3784
3164
6662
9895
13261
10019
13282
13755
5689
9626
12133
16429
8780
1099
15177
9174
1606
5429
5237
3795
1394
2455
5874
7467
16482
10742
9290
8385
4048
8584
16172
2445
10518
10140
4411
11510
6198
10197
9741
6857
12624
12976
10215
6413
5005
10963
8876
7064
1072
11853
1451
7089
4566
1332
10386
7165
5527
1024
17342
15577
14819
9806
9143
10112
9341
13143
1419
16836
2357
929
8686
7155
7553
12139
7370
9945
16698
12093
4690
0
15595
1674
3005
4842
1702
11179
571
14023
1752
1529
12144
3518
1431
3801
14398
12257
11498
4407
3298
9601
1953
9152
11284
17203
1224
10547
16436
4131
14070
10350
3090
7621
12332
5545
10263
7020
14305
12543
6961
15723
3585
13571
15226
12432
8835
9522
10111
2719
10128
3844
14552
13401
15126
6597
15721
9132
15065
14413
478
1952
8864
16721
9803
9732
5875
15381
6443
4024
8997
4204
11681
14448
3254
6339
2058
16314
812
10109
855
3306
3513
527
8219
13233
1203
6782
9842
5131
13924
11756
16677
2921
12560
2157
4249
14903
5910
14020
7535
2694
10684
14437
11460
6359
13852
7140
12793
11654
13184
7964
10705
10379
10703
1447
12672
12114
14457
6854
9349
9313
2814
5510
12905
15400
1044
6188
13319
10901
10442
1555
17171
14989
6407
5523
15544
6116
720
16140
8984
13883
1773
2182
5974
10074
7665
7537
9419
494
10144
295
5855
10644
8193
15431
7334
6213
11605
12642
13055
16195
11744
56
14073
9694
4972
6679
16895
10687
4367
5858
7282
10882
3022
7520
594
8296
14750
359
15340
4446
15412
12886
704
14607
338
4072
16729
1399
1170
9242
5880
2161
10746
9691
9359
7217
8409
8634
15060
4524
3261
12302
12786
13484
8770
7785
14369
6841
1185
7767
12838
934
13151
8771
1815
14432
7014
14921
5637
17216
12783
9077
12359
15740
4591
1260
11568
10071
774
14666
14433
612
8174
9293
17016
3285
16308
10188
4171
13305
1868
14962
3539
14003
11220
12205
1949
15655
12552
4971
11120
818
12109
13361
8223
14658
6568
9508
9548
4104
1426
9550
3291
12596
10043
13981
3359
12993
10218
15076
6373
14280
13602
5225
13190
3770
5805
12851
13563
5656
2639
15629
2604
2441
6137
9251
11138
8680
16264
8616
8820
7223
4165
15909
2900
13529
1168
17239
16230
13246
5113
5368
548
15455
1288
8521
7908
9646
9527
2395
4749
8421
6729
1303
9025
2088
5352
9787
5768
12939
2736
6700
13950
4071
7563
339
7317
8691
15103
13874
5095
14597
735
10884
5490
3783
15531
1639
11797
4043
13410
1458
3284
9653
7152
3810
10163
4751
10883
4951
6846
3945
430
6353
3559
3573
10399
10549
11653
4486
4056
11877
10754
3731
739
11488
8497
3504
10490
17129
10030
13668
10780
5693
2210
14505
2890
5636
4646
5900
7542
9053
8361
15213
12479
15245
15344
15820
3977
6799
5054
3354
8626
16515
4976
12162
8923
2402
6950
13350
16969
6498
5396
13411
966
16837
15119
10625
1430
11613
6530
10647
16539
14063
11406
6371
12212
5746
13580
3257
16278
7714
16471
14130
7680
13204
11764
16117
365
15139
15876
11041
17144
14783
8862
10666
6231
16564
3174
4654
17037
2779
14795
14
688
109
7888
7434
7119
6062
14377
174
16304
4941
13714
9780
12003
2953
6876
8325
2303
11076
3809
16464
2244
214
12063
9989
572
13399
3373
3336
1184
12290
7915
8877
8568
6944
13470
14359
437
8635
14856
12408
17139
3908
10839
14577
14816
11900
14657
8429
849
16487
8974
4692
11381
14754
3643
14084
11155
15758
15375
4586
21
4647
12009
16011
14695
15705
315
3287
1308
2820
10326
16073
15333
16466
11363
14677
15851
7037
4385
2367
15114
12378
14689
14009
13615
15274
8342
2055
10096
5688
153
12389
12194
6947
10349
9383
4429
10432
477
4172
17028
9870
16611
8446
11583
7219
11623
15331
7428
3785
3251
12740
4844
6470
1772
10948
6453
5671
4622
8728
14751
11461
8751
12172
11924
16412
5591
718
16546
3416
4721
7117
15319
11879
12549
6788
665
199
10875
446
10092
2908
15043
12173
16216
4434
3802
8963
3650
15997
5141
691
16114
13209
13007
2812
11362
12328
7429
1824
5120
10583
2409
11687
7682
1249
6431
16080
11784
1363
9327
6678
10457
15151
15894
6374
13412
8437
4202
3097
17123
8978
15697
2465
6957
1789
7512
13863
15267
10294
17103
9929
14263
7808
9279
15518
3597
6908
1262
7068
6923
7166
12661
26
1140
4957
15090
8794
16997
14152
14175
10158
14470
1047
11609
16245
15660
11518
2073
16763
13636
7196
7751
9310
1128
11596
16063
1123
8640
16093
7941
16563
6363
7699
14513
2884
14843
2824
10759
6931
1469
7151
3992
15974
2688
7819
14825
6445
7464
10658
7368
14226
4185
8605
15856
8472
7828
11439
9956
2048
12128
5465
8419
16459
4466
4523
5477
11908
12613
13872
9324
10166
8703
4474
6942
12202
14431
2472
7701
12071
15068
6109
3275
9959
5976
9049
15251
16744
1655
3790
17155
10312
2340
1898
585
2866
3938
1109
2415
12242
12759
1266
11807
5940
11724
8945
15372
7527
2432
13843
6620
10481
6999
11009
4611
12018
12323
14155
7294
7978
1353
14835
2655
7786
11152
241
12658
14706
70
14345
4417
3092
3409
10956
10286
14325
9922
2213
9746
495
13782
15354
9094
457
8020
7904
1642
3139
6018
7671
12422
2896
10431
4799
3587
6836
7700
1110
5351
9615
14082
11833
4170
2751
3026
8733
8348
17269
11690
25
10297
6241
3717
6096
12612
17226
1274
329
14145
9032
3436
13625
179
24
15724
7858
6099
12955
6614
3356
15223
2
1069
13894
13092
12743
15155
496
7200
12437
16054
8083
14177
4738
10008
1986
10946
17046
8644
7838
16753
6256
6262
9178
17165
10656
16799
6656
9016
5227
10867
8598
5677
10986
8171
13017
10358
10183
6120
12334
12868
3132
7609
6804
14417
8931
13516
2959
3633
1410
1046
2673
3030
14865
9783
5896
15972
6492
570
9562
1230
14363
15645
14477
13347
15568
8367
9321
6221
11671
424
7400
1728
4668
8989
13357
14167
16529
7911
6193
13236
4567
12034
13287
13109
14900
5781
14109
16399
3843
13255
4701
16361
8425
16041
11175
12811
3750
3317
8573
2054
8015
8696
5055
13515
13582
6261
11089
7159
16190
14758
11211
441
1152
10769
11969
1456
12887
4880
3368
2552
16497
5838
3067
11847
10768
9835
220
13577
8456
4287
7322
1028
336
13938
2810
8560
4401
12670
11162
14019
9111
3264
9609
8701
12580
1810
9120
2979
12157
5868
9211
12274
12816
9078
11420
5288
4493
5999
16227
11758
7132
16034
5853
13870
3362
1263
16121
5774
9805
13579
13141
3508
2083
15183
10236
238
13093
9489
6334
8044
6486
288
13851
8032
13167
9893
1413
11465
11602
12708
17257
7987
2612
17356
1357
12509
13097
16231
4596
1613
7574
906
5292
13589
15844
13459
9850
999
5726
9473
14440
1174
7661
10996
7358
12409
11070
9079
6238
9345
11266
10623
16443
12298
8942
9833
10001
10373
7530
3986
11714
9302
17090
11616
9869
5650
17273
9281
16590
3527
7829
11844
5316
13433
4382
14673
7231
16507
4584
9080
1981
14420
8074
729
9539
3304
420
9841
6735
839
14893
3773
5139
15781
989
3335
5104
7336
13965
3515
1701
6914
10748
16258
13328
1621
14382
13829
13588
1091
13198
2658
14014
12888
6949
10075
14339
16985
10793
13701
14216
4787
15227
5574
12035
7559
4036
5554
16649
13617
10105
569
4532
14132
5964
16904
480
7260
14474
6098
2008
8232
5917
9825
13102
9206
7801
4754
27
3996
12091
8977
4757
2733
5011
6452
4683
12737
7622
6859
10319
1030
9715
9932
1282
11423
1767
1680
5206
2122
12395
11242
17137
15488
5739
14644
2795
13365
2422
11519
10559
2236
14353
11329
5895
10203
12524
8303
4087
17358
16925
16550
16302
2110
6087
1633
7279
379
4731
16113
7883
2277
2725
1668
9974
15579
6926
8469
4106
8125
9928
3677
5866
3345
13422
12900
1355
4435
219
2040
4258
13990
10193
17039
6201
11378
2634
6239
7067
16096
3292
16715
16119
9476
3105
14646
14031
484
16289
2956
14791
8998
9623
7562
9009
9542
3060
13022
9373
11517
7937
9139
8563
5604
1628
10630
2700
1209
8241
16816
10688
11558
4881
8902
10799
10016
4698
10389
13307
6883
13335
7103
10122
5109
10126
15624
15050
208
7291
1278
3138
16444
7831
4522
520
13986
13256
6878
4505
14734
16424
13811
10981
10304
8734
2231
6759
11118
7062
8255
3698
9920
7029
11731
7774
12108
10023
3979
9076
4018
16898
15504
10732
5230
7012
9530
1646
4500
9484
16023
837
8111
6008
9678
12366
7150
5160
7806
8755
9398
7605
8924
5084
1709
15135
8279
2554
17093
11151
13258
13651
167
5892
6812
16825
14434
3645
8491
16632
5597
14083
1943
14922
14333
16267
2229
7843
3911
8445
9376
16782
261
508
2918
17270
1638
1630
4775
16226
3259
16706
12316
1746
3568
6831
9306
14626
6191
14565
7167
4856
6640
15403
8914
6510
13237
15958
3638
16811
4293
7265
15012
1476
16167
13091
11289
16392
15905
16221
4301
714
5572
473
13268
3900
10430
7814
4351
9410
13573
15309
12073
9356
950
6592
13726
971
15234
3647
4014
6648
2228
1603
11017
3126
1468
13943
6194
391
7216
6165
8818
16118
6307
2010
13394
7052
16393
13201
2788
303
2466
6689
14566
3528
1012
7910
12774
6513
15015
15685
5129
1736
15118
1616
11039
14218
15672
16494
15003
16864
3642
14616
17118
10354
2559
7054
13168
11391
2778
8141
4095
13225
15242
11536
14486
13605
17344
668
12329
3196
8119
10257
14514
5862
6368
14298
8039
10186
6257
17034
1108
14589
9311
1367
8564
4244
3657
4660
13278
2446
3459
16161
12610
11228
3118
14847
16030
2368
15035
14779
11813
2025
16094
8312
16097
3010
9057
310
4422
4065
10782
15071
16141
3912
9931
769
2938
3428
875
15419
986
10470
11932
16061
11735
1914
14322
11028
777
4921
5144
16453
10035
14674
851
7288
7753
10157
5405
9406
10885
2903
8692
9970
8108
8183
12405
16920
13227
1819
3021
16863
4824
5728
1530
7529
13301
14346
12963
1720
14087
1593
10045
14241
13595
7460
14804
6766
13345
5335
7663
1264
7966
393
74
10282
12475
16584
12072
17105
16696
15782
14184
16556
5430
15739
2523
9297
856
13629
14923
12706
6058
17346
281
9171
10252
8104
4840
13425
2039
3211
2882
1265
15356
547
2393
1462
9733
6667
11059
11803
5365
418
453
7718
8008
6326
526
15221
7875
10888
5828
4026
14570
12356
6937
7041
16893
1531
8809
16275
1666
11307
13380
14761
5321
3896
15892
17343
7749
16183
12436
17199
1256
17338
15904
3071
5178
12181
15661
11982
4324
9837
12291
16552
14720
432
13180
16629
470
11915
3552
2830
2973
8448
15900
12845
2613
6247
8097
7441
9737
16974
6082
12676
14278
15052
17304
10295
4894
12464
1882
2251
9820
17163
4371
15293
8430
13570
6725
2146
7490
6070
5299
4689
10465
10665
13703
4174
14279
14955
118
10912
13047
3027
7602
8658
9501
4928
13903
8217
16411
13727
7546
6680
891
771
4066
4110
564
16667
2950
8879
2458
58
16420
700
6268
10615
17162
13807
3584
5963
13174
13124
16388
8383
4388
1948
14192
12736
5575
13956
12129
5314
11727
1994
16592
13553
14531
16309
15439
6118
675
5672
11078
14869
9497
2664
2337
9073
3339
7654
14069
14313
255
15193
12397
9493
3202
10101
12974
16251
8105
4423
2155
2052
14289
216
5988
3321
4563
9946
11795
15005
13859
10715
10902
4192
389
10840
16872
2955
5308
4882
11371
5727
11599
12973
8738
5517
7357
11556
17241
830
3348
11672
13520
3656
12240
501
5530
15428
13223
9414
16159
7659
15929
9887
13854
12412
15981
14056
7047
14310
15735
8066
14142
11245
14236
2972
2023
6784
8767
10707
15487
4966
8916
6602
140
4756
4705
16949
9258
362
5003
12506
14932
3512
8607
14061
12143
14553
9101
11005
7096
14394
595
5834
4556
14101
15169
11291
5852
9709
12488
2543
12836
8142
1472
13388
16797
12250
6732
8533
12628
16205
6085
13490
2666
10395
10677
7903
17136
3803
3734
11278
9023
7194
12406
9185
2079
4602
7907
10344
1874
3346
16188
9086
5850
3140
13149
15038
7477
2790
2916
13707
1358
12451
47
14489
3875
6147
5936
2675
9316
3360
2321
1417
5203
12497
15890
4124
13501
7
6390
9189
8237
2638
14958
13438
16752
5282
11246
7227
16084
1956
10702
12057
7865
7757
5519
3239
4459
6591
13205
7702
1533
14158
2170
14739
2969
3069
10464
8502
3449
5589
3855
10503
12551
16449
11736
15292
11402
7822
8147
2293
4755
7821
5229
2295
8633
14228
14815
14967
11574
13468
11351
11955
502
16391
11279
16189
16990
7874
1847
16732
4723
9029
11648
14885
3028
3772
4228
12499
11092
7251
11088
17272
13576
11976
15387
684
4649
3102
7411
14222
7201
12928
613
5262
13458
4833
3741
16559
5582
9190
13878
16843
13555
9730
7221
1153
3080
8350
11635
15604
9955
11049
14839
5760
12725
11043
3603
677
5392
4097
11871
16751
9808
7084
8259
8107
10006
11821
6932
10420
3215
16967
15383
4325
2191
11895
13635
3764
14521
14777
11481
10556
8532
3142
5333
5846
15612
524
671
16334
15849
1467
15615
412
7003
14912
16907
16243
10659
16068
15493
11509
4600
428
3522
12335
1298
6459
6331
3769
6504
15602
17120
12945
3577
3567
11495
4400
5140
283
9051
15829
12884
3925
2580
10148
2443
15359
9560
4268
12048
8792
2247
9003
3752
7601
13220
3553
9374
12618
11831
6795
11360
3688
8823
2598
2123
3598
6285
16675
869
1007
10243
16173
3324
15731
2047
9102
12434
13540
5559
16766
17111
7803
2579
13506
16694
16745
17133
3685
1867
14074
14818
8203
7209
11147
7384
4331
12098
6476
9505
12953
7766
5800
2022
7361
15066
5362
4696
11001
14827
16294
2467
13987
11722
3108
15051
7925
15159
6138
2129
10303
5234
8461
10910
5803
8867
13441
9565
7177
7391
14102
14180
6134
7111
4487
16485
7204
15349
3183
6422
8151
5067
3157
16315
11878
13612
8688
13848
809
9845
5593
8589
9637
4525
5253
4590
110
55
2259
8947
12420
3675
1563
11403
14320
1053
13664
2491
15326
12645
12410
10143
1050
1740
4440
10551
4193
12807
164
4740
14548
13833
14248
7501
4891
2570
12218
8453
14526
5047
5763
10385
1654
17087
3149
5150
11675
38
352
4838
6200
5954
9840
3153
13080
6377
8026
4618
328
15483
9584
12151
16472
2628
14762
11785
4227
1275
1548
6402
2512
15054
11905
5956
13325
2225
3687
678
5690
2653
4551
9708
9647
1539
10095
2199
8810
16145
784
9518
2753
5584
9041
5071
3876
16462
7420
9092
12293
16699
15733
9817
6807
12089
9338
13404
879
712
16105
1888
13725
6396
1761
5968
3611
10275
14214
15053
12733
11201
16636
1871
14717
3430
4594
1405
9513
13195
6781
3226
15599
11081
9287
1156
12176
13961
16818
4044
10660
15011
8572
1920
14178
5583
4887
13940
8623
9563
6481
15454
15127
6658
9997
10287
12247
15783
4040
9296
14702
2511
14460
13221
1147
9868
4841
5877
6298
15254
4770
10567
3529
9490
11889
5421
2250
841
8752
13413
384
2520
7547
1734
878
14530
17069
813
14088
4820
4665
4336
6314
4562
801
5098
14022
10827
3679
17284
6508
15046
1718
5248
10919
13944
11781
7549
1866
10150
14638
6299
3151
5339
263
9901
15229
13010
17329
16134
14347
11324
16200
15671
4616
15153
6075
1812
1020
17152
4210
6809
6052
13776
2538
17260
767
15125
590
1291
1453
8201
10160
14456
3465
10154
11072
758
4954
1080
12346
7860
416
13110
2317
2015
6996
6646
860
10698
9952
12874
223
7664
2433
4294
9399
3120
792
10513
1324
13391
3220
11372
8309
79
3957
6468
16177
7239
15308
2851
249
15633
13772
245
579
11538
15603
10027
6796
14143
10683
15345
12429
5588
11133
2323
16385
1033
1681
6731
11100
2562
8046
11333
8726
15158
8399
10558
15205
3484
15302
10969
2678
5738
710
2815
3161
10674
16401
13008
1204
705
10645
2701
5715
14207
12896
13853
8131
3922
17014
1238
13210
16410
983
1576
5927
4375
12847
2650
7807
16940
13107
12833
11849
4547
30
6955
1349
14097
3332
17253
12545
14498
17325
7953
2656
699
4096
6826
15134
6117
7934
11419
11980
4277
3748
7401
9267
2099
12581
15231
10487
9230
6393
4369
1856
799
14219
11551
7555
9645
4745
5132
16775
8384
16570
1334
4803
456
12327
2416
8826
12655
13681
3882
14685
8133
12345
5837
1673
3581
194
15814
16179
10307
9561
72
10118
4884
3023
7942
3862
6210
356
4919
6865
6219
13316
11035
161
6956
1659
6079
14371
16403
11964
5301
6155
10565
8775
8087
6311
16812
10338
2846
2540
9024
13033
15965
5990
7733
11454
12763
11591
16280
7060
3602
197
15201
13247
1959
13885
13050
9680
6606
2697
14726
11570
15846
5254
13360
6743
7853
1396
16317
2166
9767
15132
12457
6653
10033
14886
9523
13001
14000
15565
3405
13860
12315
6366
1471
5919
5028
15809
10255
2283
4717
15495
11539
13405
5703
4266
6775
9027
10907
12585
1484
3865
16966
2381
9519
67
14743
3349
7590
15526
2551
13760
6983
11677
8459
13947
6742
8672
8082
14040
11655
1412
8149
15497
16773
831
9454
4452
14351
512
273
3156
9208
14710
574
1429
8145
16684
3953
14926
4183
16405
12130
11854
15690
5759
206
5489
4507
13928
2478
9751
8139
9241
12554
11124
8239
9124
3681
7795
14558
14709
10083
15818
4160
16661
10789
5149
15551
3799
13619
1227
15491
11682
16329
13775
6629
12778
12090
4581
4
6991
16568
8205
2891
12803
5692
4629
6034
15614
7484
11792
2275
5195
17145
16847
7332
16357
8652
2222
7570
17294
9226
1031
9664
11909
6264
458
14389
12933
7721
14768
1005
11541
3277
5984
5243
3511
11921
12891
4450
4050
10346
2219
14452
9580
2602
13640
9502
7487
15796
15902
13693
1809
8601
9409
15971
17261
11469
13453
8781
16513
10407
11142
10758
16296
15857
13736
16971
10298
8252
13998
11377
10536
7363
666
7880
2897
4901
3425
14817
923
12246
1983
3815
9207
8648
3158
14017
10535
4961
805
14139
16854
3533
84
16693
14181
4946
7697
431
5754
10804
14251
5724
8014
12846
10933
4849
13773
8846
16042
20
12425
12935
2669
693
1645
3015
11311
15530
7088
7199
11102
8960
6545
4902
5718
16008
2942
4318
5125
1280
8176
9930
8609
9273
4744
17357
11721
12637
17107
14118
3262
11526
5977
13745
8595
15415
1008
13715
4079
17235
4220
16214
7825
15915
15364
3129
8187
2038
2735
16742
7516
12694
13560
14631
6105
6475
6136
15553
12283
13587
9118
14537
7295
14569
2428
7005
9200
16716
3575
12704
10415
3212
14826
1228
1145
14647
7466
4330
17178
1304
13919
7837
16914
8271
17035
11942
13869
1122
2390
12588
11104
15939
5147
12930
10795
3327
11749
12709
16256
10865
6895
6871
12698
8768
7923
13598
14630
14204
15542
16594
2768
12261
13966
7886
15269
3342
2012
7871
13172
7335
16521
10466
91
13877
9515
16977
8608
15361
12148
6719
6190
5471
17009
9213
2121
12033
14683
4585
342
2792
12113
12398
14131
2883
6450
11651
3490
2837
13030
4633
12231
15934
1512
9176
11506
4802
987
2646
2261
8318
15745
11777
4892
12096
3293
14430
5820
151
8060
877
13243
1922
10918
9702
13299
9342
4984
14764
16463
15399
2589
13550
5555
7421
3411
514
8143
16891
9237
1978
15278
1045
9829
9722
9276
1964
12377
2677
5863
11676
9163
5436
3187
3836
16461
7270
16708
16652
14294
16356
6240
1315
2243
8494
17134
4986
9750
17170
6446
1194
12875
96
16242
15194
15045
14599
13815
10382
7287
16527
15152
10367
4910
16984
17092
15970
8860
4816
16598
8663
8386
7587
16944
5164
15325
7380
1717
10943
6531
12504
14807
7000
6230
9576
467
13481
7079
4973
15691
4631
7442
14645
4794
786
7985
15863
4593
13314
1774
788
8668
5384
7596
10925
10489
7764
1690
8968
13656
14623
381
15717
15777
16435
11542
4769
17289
5618
1497
5372
1398
3879
16072
8191
14849
5772
15459
652
14707
8561
3134
9130
16340
16050
11313
14701
16335
1743
11577
10475
17264
6027
6347
8329
14972
152
4878
12901
5369
2003
16331
1902
16942
14125
1423
481
8144
7028
6765
5049
4393
6386
8725
5809
3231
730
5012
15140
13308
10620
8358
10898
9726
8853
12849
8113
5819
7929
10751
14560
11442
3481
12985
12191
10224
17376
7059
14787
7754
2134
8614
16608
10965
798
2198
4653
13893
9209
7198
2127
5752
12918
3073
10329
2833
12361
16748
13419
15961
1984
5628
9786
15550
3145
3592
12324
5440
2291
886
6897
9804
1699
11444
5331
13937
11512
1196
3074
13812
11200
15926
2248
7077
541
7534
12413
8971
13016
16185
12496
16963
7567
9950
673
5608
14556
16229
13952
912
4432
16146
11745
239
4152
16935
2859
11746
12640
5496
5730
6480
15564
1951
1656
1784
10718
13103
14503
8812
3532
943
12677
6375
10858
6074
12500
2977
1237
14892
16637
15573
9481
14776
4488
11409
9991
15637
15137
2522
16115
4732
10753
11382
4845
17291
16408
3186
11741
5982
6554
17236
17202
8170
16055
1731
5812
1590
11045
15190
14319
2072
2311
3817
11353
3765
1536
13171
9753
10330
13373
5535
14113
8389
170
5186
3204
17375
8168
8341
13048
3663
4255
1403
11238
11480
14036
12056
2461
6348
9731
985
15447
883
6973
16641
12882
10209
8613
3255
7683
13921
3883
8458
14506
1915
12025
17367
8669
2132
11546
16793
1321
6754
2878
5548
10194
4570
12363
874
3451
14544
10404
5775
606
13939
1307
8129
4490
10621
1714
2193
2018
4370
5585
5355
13112
8822
14443
2268
14543
2857
6559
5994
14733
9863
6163
10932
7050
12140
476
4419
3665
4578
7717
9393
12222
7833
7299
4813
13336
5737
8857
13296
6968
17096
386
3713
11874
11390
11820
2717
3052
15070
6037
10227
7876
12115
16750
12934
634
3379
8194
15917
3596
4041
14480
2224
95
1800
9227
10700
11297
9791
8033
10984
4342
3491
8655
556
12284
8821
11464
2880
8106
5367
9193
1062
3154
1387
16930
8463
892
1179
13554
11340
15204
1523
5887
13614
9363
12142
858
5414
13757
10577
15300
11880
5615
8040
4872
568
2131
6131
17312
10073
12448
3232
5114
6168
6536
13817
15816
12028
15986
6855
8276
15845
12944
13700
9270
11033
17213
3782
13260
417
3096
7440
16111
1130
9433
2577
8301
12597
6126
12374
5542
10351
6517
1687
17310
16928
2309
2844
9475
724
11981
4942
6982
9585
16686
2335
8012
11926
3485
13789
12927
7979
3940
11838
10899
5083
8408
17084
7506
16035
8242
4366
14044
1653
1929
1931
6020
222
1526
3695
17228
5099
1632
10706
6584
17296
4384
10037
5881
474
12249
3742
324
4280
5706
10616
1776
10998
5285
4746
6485
225
2391
6607
466
6918
7360
13056
14208
4291
8918
15492
6844
16373
2734
16062
6412
12978
1560
14046
16613
13781
11248
8937
2541
3672
1744
11663
13802
14151
12234
14873
1604
5411
11684
17337
12430
8300
14808
5492
11095
13632
15211
8398
1079
5123
3716
13066
5014
8003
13289
6143
6050
16660
16090
12467
15265
13868
4911
13188
1382
1657
1189
7301
3318
262
4506
14642
5645
2800
9126
13290
15709
6330
2061
13375
10515
13513
16211
7071
17094
1769
1463
5162
7949
4211
10992
14871
8165
6425
13426
17198
11293
8799
12713
8079
12473
9062
1854
13627
9263
10838
16306
13825
16653
6419
9844
9445
3619
8155
3418
14956
14833
16268
12275
5007
3328
4916
11368
5153
8344
505
14944
8719
13799
17086
9899
13377
4783
14258
4290
17328
10640
12204
4682
13533
8070
12442
3694
11775
6350
12435
7431
2411
11991
8650
16086
8870
8212
8433
9912
1402
311
956
3492
2730
10161
4441
3497
4739
16492
14564
10452
16362
427
14089
8011
11977
15522
13795
11697
1415
7849
15516
10987
4102
10672
5750
2361
3704
9799
2133
11295
11513
10921
10757
16027
408
2640
498
5961
2594
15165
14224
5745
15990
10906
16005
1197
15360
1894
17052
8883
1505
8010
14357
7770
2137
11950
15706
12529
16888
4965
16351
1328
13876
1371
15946
10834
13061
6609
13847
6885
13705
2014
16069
13694
3548
5418
7635
11706
4350
17143
13586
16603
1188
10345
947
11580
11306
1339
13779
2951
12728
4726
17061
12061
9891
5403
737
4317
1626
1804
9921
7524
16856
10676
16504
6288
10595
2978
5807
10889
14141
4489
11424
2156
884
2242
17020
5110
697
13060
11357
15906
4805
4686
9022
1100
12644
3520
12668
4082
13720
16479
5408
9644
5831
4797
7110
10360
14007
703
17221
2607
10512
17073
4785
14628
1428
11630
7379
5899
13507
4428
12255
12889
7128
4216
8875
2493
14261
5032
247
4848
10254
12059
4959
5791
11839
3885
15334
5686
4264
9831
17095
6289
6051
12910
3778
147
14026
8268
5849
2799
9999
604
3726
11286
13609
5366
5668
10601
9736
5250
8216
9054
13663
3479
6576
14164
8013
9677
16640
9559
14870
15276
5445
15024
5212
14891
13949
8665
16174
15098
7383
10723
13519
10951
7212
16604
5086
8379
12065
11474
8359
16830
16298
9234
9195
10260
14606
13144
7957
15396
4776
9285
523
10268
8759
7583
15272
3825
4239
10510
12353
1425
10055
4315
4137
11277
963
15116
12721
14066
348
11910
9634
7146
15337
4685
10664
2591
15121
5986
2212
2777
16924
14473
13890
3019
15420
10853
4002
2534
5184
1507
12757
17113
1337
4642
10868
8470
17278
332
15301
3749
16049
10262
14199
8553
337
7772
11427
1941
16927
6537
5921
12452
3715
11273
9104
15764
16033
3188
15069
10597
15377
11141
7992
9599
7138
12399
4728
10783
16126
12317
13006
10832
7098
14267
2081
10869
15357
14368
4908
13931
4815
278
9857
16877
10114
7049
16589
8202
11989
6084
11516
7632
11217
10531
8485
4484
9375
5611
7499
14788
10802
1881
15575
17215
12665
4055
10957
2153
5864
11149
14933
13447
3626
4180
1103
5479
3426
9387
14206
13293
680
10648
9771
1818
3221
4850
9814
8311
3006
6302
15503
16919
11477
3906
15681
13463
13421
11901
10887
3167
6327
2592
17114
8819
1670
11083
2147
5991
7249
11695
8140
12521
12339
14728
12954
15505
5525
6437
2257
1198
11638
12207
11219
13367
15219
4606
9984
8808
8836
15694
1436
7744
1693
15460
3098
15728
5251
3955
3776
5516
17015
15778
16170
4415
198
13723
14285
11899
16075
1711
7353
3930
14792
16163
12051
945
16804
2348
12024
9811
14115
2102
16983
3256
15821
2832
11031
13905
4852
562
15808
16252
9364
7141
5995
16868
14453
2760
16433
5163
8855
14823
9926
1917
5872
6177
6029
11664
4956
5472
6233
1359
10762
12522
3179
16382
5533
10441
13436
13155
2919
6811
9668
15182
11154
6053
1969
8833
12519
2998
1480
14828
2962
993
16903
3300
14388
6423
7134
10390
7313
16129
4715
12002
9815
12999
17327
5457
302
1090
11619
2128
9511
10763
9394
11062
2359
5488
2234
49
2284
9861
15695
13039
15692
3384
3576
4340
8646
4949
5357
3967
14591
13381
1207
10171
12365
6570
15328
5835
2741
16198
14418
10429
4389
7569
13798
14029
12568
6224
12403
4998
7629
15224
3358
10611
5762
7960
16585
1750
2406
15930
11562
7093
13291
13784
1400
14917
16376
15791
8471
2515
3818
12569
5758
6755
620
9151
8611
4251
16402
4352
14415
5901
16710
511
15094
14652
3589
9635
1944
17180
2498
14295
9556
1293
13318
11282
15765
4197
4702
392
14374
13053
13211
16689
15087
4001
1958
11547
13417
9624
17089
9466
11234
181
647
13688
15659
10540
3761
17115
2342
5844
7238
13004
3234
6104
16398
7550
16307
6381
8390
3632
1918
12007
10401
3847
3634
6411
13133
12745
14400
1364
8705
7069
426
7802
3314
3224
12576
8160
9416
8284
6762
1831
4445
5073
8454
14004
8220
12145
13831
4093
1124
12821
9537
12064
16890
6167
5907
11393
1251
2029
275
6277
15649
6248
9254
9108
13297
16483
6642
4004
4379
13557
9866
14111
10233
4582
7398
1077
11780
9755
16846
8503
7924
13044
7036
9408
1970
14908
2958
10026
12791
15232
422
3746
3590
1329
12337
12682
3705
3743
9666
15385
14235
8910
7229
7956
3268
11257
14718
15528
7456
10418
3839
12827
2027
10851
4403
4364
9168
5096
9214
9082
11197
260
1960
16442
14615
6385
12850
11190
8457
12700
15316
7909
248
7790
7756
173
14330
6343
4678
16870
4896
3014
8590
11673
14696
11187
11640
13567
4007
4274
834
15768
10281
13689
843
1217
2841
6583
895
14268
14990
6726
10635
2109
16446
7158
14840
13616
4270
1678
14987
6786
15007
13348
16855
8319
16896
8674
10541
9395
2115
17006
17176
4979
9113
13794
5019
8921
5810
10048
10816
5854
11091
4398
5937
14099
16010
11552
13127
10994
2051
13432
11643
16013
11166
9256
10786
15072
11330
15485
16583
12431
14781
9138
3237
15445
15752
14810
3082
7382
14092
8732
12761
2203
6745
6528
11466
3941
8559
11215
11375
12864
13493
1272
16610
15029
925
17153
5514
166
9483
16363
4108
9592
3538
9648
11012
13828
946
12570
9968
8071
6435
7652
10072
15427
16657
11766
4514
8330
3595
6824
4238
4609
2030
15963
17210
1448
9674
2774
559
11334
14038
5296
10299
11080
13023
9015
6683
16505
7139
9343
4774
2256
14727
13142
5681
6178
16270
7939
16778
1434
6894
13228
6863
10343
3417
243
14390
15030
5476
11704
7278
557
10668
10352
11341
1799
15954
11852
16020
5433
6040
8289
8944
9781
12538
17038
2126
11559
6546
2931
14201
2608
5458
7236
340
6874
1117
4812
5210
17211
15580
14876
4975
8208
5454
375
12966
5034
8542
10269
4058
6269
782
5566
8506
5052
646
2957
1836
15281
11914
4796
12914
3040
13810
8096
6561
10833
6847
6544
3253
13881
7425
2785
12155
6192
14383
7145
12414
15673
5704
5922
15703
4766
9813
14381
1390
258
2179
5304
5889
14424
15867
1543
11397
5511
13754
5416
10950
4772
3475
12673
14271
14426
5274
5402
1482
2087
13517
14051
10727
9834
11573
463
12892
11191
8832
13119
11730
9654
9065
11710
14329
7856
12318
4221
8955
5277
3973
5269
641
108
8281
10444
13351
4332
15718
1286
2748
10857
4217
10634
2431
7376
13157
7025
14496
11679
8248
11528
15154
7148
16909
4836
7319
7243
9663
804
16060
6442
16828
16957
3399
8196
11347
3193
4161
2843
10810
15899
13276
13536
11316
7135
2365
15713
2124
10545
4614
11111
6278
3094
7773
5832
1004
8291
12355
6753
16257
8423
15429
3660
14091
6747
9890
1945
13836
16650
13496
1892
135
9506
10806
6987
605
6585
933
3654
16695
11666
781
16100
8314
10076
14681
3853
14122
4272
9216
8073
10068
8615
15985
10654
6321
8776
8739
12775
10588
9155
15452
15524
13
796
3966
14179
7290
14042
16220
8138
976
12150
10335
1751
1991
10476
461
13618
14984
1587
2370
2713
14416
6794
13027
14247
6489
9526
14573
2794
16964
146
14403
13064
3787
7412
1284
4981
776
16663
13935
11052
15574
6815
10247
13280
7736
6023
13146
12376
11099
9608
5268
16413
10445
4275
11047
760
4859
6258
8375
13911
2887
13543
1879
10923
15170
353
9517
1566
5817
16759
7023
7619
2197
1218
1663
6254
7789
8413
6827
2334
1900
2581
3686
5024
9231
2709
13270
2444
1614
3984
7813
3252
1258
10436
14640
11235
5006
11999
12967
17085
11520
6575
11514
6933
4604
444
10426
16734
1527
13962
871
16293
12530
12347
5020
1727
9179
13197
5226
4681
4348
1962
13708
14924
1763
488
1459
9557
13544
14672
3718
11750
12101
10108
4068
16545
742
1592
5563
330
2196
11272
3970
3972
12695
13762
14396
7292
7182
9384
1535
11641
6997
7247
6408
6717
15539
15186
12858
5232
3089
15252
16037
8509
10380
9202
2358
7676
3751
16555
8814
4042
12567
11581
5311
10067
6533
11737
8315
8785
10750
4730
11890
17305
893
13346
8331
16219
14105
10251
5075
9205
10596
14273
11683
3819
4527
2685
15243
10747
11221
15370
7222
16646
7644
8994
9914
4427
2567
5497
7206
5792
1271
6235
11845
11753
7696
13963
15255
9719
10546
10959
5926
3315
2220
8467
13958
4358
10859
14837
17359
6478
15952
9039
10032
11911
12619
5029
12245
12959
11365
4987
14106
11176
6059
5879
11628
1963
12471
3260
716
4543
4502
12013
155
11913
15976
2968
807
1760
14738
3116
8830
6467
6828
14365
12515
897
8536
11364
2659
8091
6896
15925
16484
1598
11023
172
3909
9388
1762
9933
7771
2141
11021
14998
6776
4920
17187
4077
753
9420
4396
16981
1786
13396
7349
8207
5435
10084
13895
15141
8188
8570
14744
7745
7521
15836
15315
8254
7205
10313
16300
793
12456
10661
4344
5891
10005
14757
1787
1542
16707
1494
9401
6164
10936
686
5432
2560
13979
1277
5959
6840
4182
11595
5124
3956
10617
6663
6736
12815
14225
6121
3217
12647
12233
10327
8865
5242
5860
10165
16835
8711
10586
9357
5487
6632
13262
3087
7250
9288
6304
5175
5646
5350
13917
2631
1220
201
8006
12751
13215
11025
11868
9480
16986
10249
9917
17347
14203
14350
4374
12203
10477
10206
11026
12313
8090
5182
10791
12303
7839
10560
1980
16741
4157
6761
9555
10582
13531
5676
2269
6483
8894
10507
13046
14171
6161
8513
2307
10204
4541
12787
5199
4243
6406
6514
5702
2960
4889
589
9965
8744
16272
1233
11739
15654
2163
11119
6598
8958
4286
11105
3372
3719
16506
7258
14395
10130
8548
2708
2462
8495
14693
266
11763
13104
12755
1190
1279
14608
9154
5382
3442
625
16244
8940
13923
17082
5261
10059
621
102
10110
11129
14884
726
8351
7579
14919
14636
180
811
14993
3958
6461
4378
16456
11699
89
2447
7339
3710
9693
599
3649
7479
16955
3453
12710
16578
17340
3569
10682
6627
5508
4246
7804
11328
8078
10491
3250
17076
7750
7859
8432
115
16127
5407
87
4761
3565
3517
5318
16979
3489
6534
4339
6853
13838
1757
2932
4999
16378
8024
15048
2827
5648
10728
16922
14784
83
13444
13788
12800
6801
16368
6341
13078
3999
2034
3054
2740
14806
6692
5708
16320
16780
17201
2746
14562
7296
8007
16805
4128
6424
5197
10066
3290
11582
16002
1618
11303
14618
12615
7224
7997
15779
13134
5348
10710
15879
13254
9477
10737
15444
1557
9196
7776
15507
11882
4190
4298
1465
17242
4821
1722
695
1392
2235
12011
13011
2622
7670
9056
9839
12949
7331
12401
15172
13682
13186
9703
12367
1706
5434
15148
13311
3758
5209
8158
10743
129
14735
14421
9026
3350
13946
7178
1414
10086
13823
8114
14625
11851
13626
16574
2165
1885
9487
8742
2089
5300
7316
5170
14550
11451
5235
15773
913
8372
12792
648
12726
2961
10675
2238
14385
12209
10761
722
8045
9886
9759
14961
8813
8593
9058
2037
5505
8257
100
16445
3163
13244
6516
3905
11585
6357
5558
7320
9622
1297
14809
16375
11778
10808
7536
3240
13648
9052
15874
12138
10460
15421
14127
486
9397
13753
10375
6444
11500
1514
14888
14387
4829
17070
6852
5493
6868
11392
17002
12659
3635
17283
12565
6279
15586
9897
8334
5371
16831
1807
10406
2148
3266
10440
7022
11827
2262
5444
10530
11449
3963
7526
13464
7844
3757
8206
10495
9649
7830
15189
6785
5108
2263
5169
9013
8460
8676
6975
7988
13849
9440
11003
7591
3155
9705
10953
3367
16865
10662
5857
9257
6318
1055
4764
16147
4229
4236
936
7055
11751
10459
3474
5481
8764
5220
7081
3820
5051
2497
13315
12784
12236
17263
4534
5107
1617
10811
8741
2481
4818
14487
8221
7509
5128
14585
7608
10924
232
1565
10321
8127
15388
9940
16288
10078
15441
2531
10870
7626
8278
6891
16866
7241
3948
13551
3827
14719
7995
3246
7715
12005
7877
5018
12223
7709
3655
15414
5155
5344
16772
11575
17128
11715
3331
17064
7711
9017
10506
16809
592
16106
7070
12026
14540
11502
795
15283
2392
10744
12991
11493
3210
4309
734
12667
12692
10419
623
15115
8130
13313
15567
13861
6329
11323
13273
7981
8631
17157
16156
13797
13105
5503
6773
2850
2996
8723
11044
10141
865
4607
12402
2720
9099
9583
15108
10387
10256
10544
1365
6740
483
9182
13897
13526
2508
16508
7143
10537
12938
16150
5498
7087
7218
6094
14331
12383
9109
2046
3506
6317
16489
7418
13858
8587
11298
8517
12112
11317
12857
3703
3797
2943
14999
6417
16915
575
9157
13096
9828
4439
1814
7612
16326
269
1547
9215
15852
4271
8439
11972
10974
2762
10771
16432
205
4177
5697
15710
12912
4119
4075
16133
12823
12809
7126
1591
11327
3065
5700
7783
16558
8484
9010
12754
9881
15475
11361
2629
14300
8526
1236
11949
15513
1373
11708
7337
11497
16110
1305
11247
10147
13530
8588
7894
7076
8231
6352
5240
9186
15474
8323
4113
5191
8856
3385
2369
14941
13658
10822
7996
12735
7734
9720
2071
7269
9938
12616
12192
4433
11918
15983
1857
17303
10355
4470
17033
1903
16601
13344
12428
3195
4699
10493
8412
5644
7743
9682
10639
12074
11828
9280
8380
3850
12589
12472
3689
8376
6246
9779
6686
11560
1612
5544
8162
2645
16292
15942
10039
6067
11916
3123
9407
3478
1905
4539
14641
4092
16199
8028
9992
15248
1832
3888
7887
12533
11267
6427
8290
10916
3728
1652
11326
16439
1708
7599
9095
1957
9588
6206
882
6006
9462
2414
4927
374
5680
9472
4934
5228
12962
6416
2188
4224
16486
17265
1575
4533
15591
4710
6225
124
12117
15760
53
13684
3337
13062
16960
12023
4218
8995
2732
3774
662
4967
14679
6884
1013
13234
9934
4425
16669
16976
9031
1998
2379
10009
1906
3807
8675
16209
15273
11876
13383
11870
2771
12614
3759
8523
13695
16149
7779
3159
9807
14502
2442
6060
16303
4538
7906
15853
16417
12265
1338
4798
1461
2118
4508
5246
16360
1829
1873
7698
7147
6496
14293
9096
9117
15393
6636
13827
2557
3380
12924
12227
4261
16824
6768
1624
8551
16418
16788
231
11478
183
2294
2364
2662
7043
16910
16142
8476
16341
14290
12599
9679
4023
13769
10012
8637
14269
11164
8845
4639
4809
4491
9975
13317
12796
3001
4155
8577
16821
2304
12044
15218
8200
13891
12450
4808
11396
5934
7889
1289
2237
13591
1320
3045
1202
15651
5466
13067
16740
11694
5562
17135
4832
2873
16078
10563
9066
3466
9162
16369
521
7775
6205
1935
3729
13138
9045
226
4300
9365
7882
7975
3084
17377
8748
15063
11082
3617
12490
5539
2383
12987
2922
17360
6333
4516
9510
2819
6650
5380
9617
7341
9236
4879
15830
4858
3934
15552
4151
13960
14126
14705
5794
2842
7824
10195
8603
12047
2721
16810
4640
8338
13199
16862
3889
2905
5420
10439
3472
1216
6354
7525
6764
8251
8516
2966
1737
12878
7458
15747
8189
15870
9020
17285
17365
9593
12217
7955
13764
9412
5475
13368
13687
1508
6464
464
11448
15665
6093
8805
5245
16031
5138
4784
360
8620
2742
6687
8982
15406
3868
3441
998
12125
5735
7285
8903
5587
8684
13153
15215
2249
16923
8186
9627
1842
3962
11140
1002
8166
7727
12626
16690
1132
6858
17315
5256
7604
2761
9277
13189
13029
7649
8322
14220
7298
17262
736
6203
15437
10292
5905
8735
14202
6036
8925
16678
9135
6275
132
16802
11985
14499
9004
9924
6664
7724
9919
11625
3570
12908
8027
3016
13907
3692
15188
8694
2583
4827
16109
4955
6146
3194
12308
7430
16058
5077
4503
14875
15329
7402
14712
9295
11816
11729
13850
34
9846
15937
13932
876
9379
11779
12897
11150
9512
2596
1192
9278
13253
14812
15095
16438
10061
6501
13406
14081
6397
12263
16900
3495
1381
5271
2861
16359
3644
747
16575
9874
9312
1438
7090
8926
10734
11747
1106
17148
10573
9188
11987
11101
10497
341
2360
9954
11765
13667
6204
15597
3209
6149
5354
244
9723
3824
15489
4347
15074
7457
8975
1269
15197
14250
15212
12503
5638
9714
6297
15858
16542
3812
3352
7338
5667
2386
6572
7356
13984
1788
11061
1907
1965
17206
8535
10607
2449
638
10323
8515
11659
14621
15382
2483
15289
503
12557
5822
6250
4069
12867
6112
4121
10940
14366
15787
11660
7413
5653
11979
4480
1149
16571
14667
10837
607
9882
5100
3437
3072
14518
7970
9862
7660
159
10915
12127
16132
116
12781
5263
8093
12651
16332
2813
7685
4260
3274
6535
8167
343
16246
17131
14822
3927
1534
5500
15824
12415
16347
12088
4617
15238
10185
6270
13166
8891
99
11579
16722
7246
15556
7999
6539
14648
3198
9725
14078
2460
2502
15827
14378
1234
13929
7554
9544
16580
16321
9470
10056
14841
12879
12454
11557
11819
16460
13036
1455
12264
11413
8539
2260
10159
5347
4076
11799
11940
5602
13936
6966
14857
6626
14016
11034
2487
8929
8798
5046
5343
1802
12634
3199
11462
15977
2533
7692
8555
16768
5102
15804
9822
6882
6737
7989
14976
6816
6336
2797
12054
11927
7157
13953
15666
13474
16451
9600
1111
9949
5945
5908
5060
13337
9509
8943
4451
1095
13130
4316
6780
16784
10248
2587
6875
765
13652
8313
8489
10164
3740
11302
15453
6005
12037
16685
13538
4569
10058
13443
17117
15113
2517
16756
5152
13518
8353
9853
12237
15748
8452
6838
8758
6833
14668
5696
366
12396
7240
15410
5619
2280
88
9642
17051
7598
9121
10815
9788
15082
845
11945
6108
2036
112
14653
12066
4795
14161
8952
5600
17282
17351
13303
12572
17311
8218
5425
8773
10394
15200
5460
5294
6645
8362
6899
12
6595
12042
9867
11501
12834
16932
4391
9372
1135
13462
1675
11702
8490
8969
15826
10232
949
3049
9638
981
6977
4636
16481
16478
4349
10781
17234
744
10581
11898
11349
8316
10363
2273
13120
4874
13674
759
13871
17190
7342
13265
14654
1378
2847
12369
1477
9521
5757
13488
9050
7503
9344
9625
15508
10398
6791
12184
2041
12219
13514
12542
8844
12714
9391
1695
1418
4100
6565
10739
6599
14928
50
8671
12198
3971
8178
14450
10905
5330
7630
8941
15686
2756
13018
14687
3591
2477
2017
9308
16859
4304
8250
11755
10365
5087
7492
5890
17287
3307
14173
3267
10903
11068
5127
9429
6367
7040
12153
14902
15409
297
7254
7108
1567
3286
14950
9962
5211
1635
4673
7913
3738
5023
11594
13709
7765
1491
1510
6618
11810
13326
11482
12239
16524
8858
6661
10671
32
7962
13340
3424
13647
16978
7283
2571
2952
15861
6748
1231
12228
8790
567
9710
15366
14234
1636
12340
16165
1146
8110
5424
11007
1205
3452
1048
11988
14129
15220
17050
2063
3859
9534
10927
14511
1768
14159
15701
9322
1661
2396
160
4990
7162
16184
1568
16995
16255
10681
1335
13148
7748
8993
5146
11301
8180
9772
14309
11707
8687
16301
2816
16339
13991
230
13469
12947
4544
17275
11213
1064
12168
827
6236
12137
120
5486
4081
5782
3613
5
7208
14135
8664
12544
6061
12804
9951
1607
8796
2300
4472
723
8465
13801
14834
8249
6295
6721
5603
1541
14895
13699
5001
10085
3745
4412
7082
9455
6259
7900
15450
5971
13925
202
8307
1700
12546
1782
8051
7063
11857
4555
4279
7455
16735
13749
10788
17225
13295
6911
7984
4930
7835
5000
15199
12980
2184
7195
11172
13343
1852
8273
15111
2550
12388
10079
2385
706
15021
5898
12718
12301
10311
4989
16579
4333
5346
17214
3700
14033
7083
12535
13389
2750
8126
7597
5601
7415
11656
17308
1470
13117
17057
294
16962
6101
672
5784
7863
5298
16350
4576
16672
15626
16076
10207
932
10121
10602
10472
8392
15689
7675
9435
8022
9826
1519
12344
3536
5970
5255
7768
13135
10231
10587
11601
5025
16004
145
787
14495
7972
5802
4924
2569
15149
1206
6684
8134
4574
717
11384
11767
14013
8229
10098
9595
12802
9540
3446
2867
11524
13176
3662
6834
14317
6900
11416
13574
8378
301
1615
9762
52
15763
11532
10880
9238
5042
15386
11639
6472
10099
7650
15464
13751
9671
17024
13089
16338
409
235
7968
14441
7938
12169
4376
14341
3944
9106
6490
9107
13673
7386
13477
7344
345
1388
2077
16651
7705
9048
16719
7540
5431
3168
16832
5556
10543
14188
7187
11112
15352
4059
1579
1356
6783
6430
14899
10315
4132
14397
46
6976
5065
11738
11869
15442
13054
1070
3374
8657
16540
12765
4677
10514
17302
4528
2312
6380
3874
6479
3671
10613
16738
3509
5914
2074
8394
525
9380
9002
7558
1649
962
829
13741
6524
4319
293
3639
12309
290
11564
7642
10699
2417
16232
14713
6608
7115
9282
2168
16522
11491
14316
10377
9707
2627
12936
15670
13934
1129
15463
515
3034
11121
10895
817
221
12971
14094
1975
5101
9603
13207
6709
13975
12997
4940
13957
4019
6770
12086
1118
14977
14282
10400
4548
1520
5824
6454
8622
3887
15351
7986
7142
3845
12843
8480
14072
15832
2947
16621
13395
9424
4950
3997
2657
10181
12982
4758
12831
546
2606
13085
2175
12449
7648
7878
1665
2226
533
7662
12195
12731
10555
5747
15598
14965
3578
14468
9681
3629
9259
1488
4205
6360
5359
1182
7011
4760
13839
3438
8569
6625
68
11185
8135
13819
8816
8896
307
3563
16208
11824
7066
2353
8537
5925
9795
2267
2490
4526
4377
5590
4559
8195
13900
9289
9533
12662
2904
17173
1427
14688
645
15025
14281
16311
12937
10787
9566
1578
2504
8653
16203
7230
14277
9492
5973
7716
11452
12280
12099
12110
1586
2572
6344
1979
10693
6025
14979
7568
10361
9849
15305
2207
8363
14265
5826
8872
14402
15911
12230
11456
8550
13114
15869
17041
7946
10770
6979
2181
4200
14229
2075
12135
9011
3044
16970
3057
8038
12106
1385
1817
554
11335
7625
8699
3981
16291
6497
8347
8746
13964
3691
4114
6089
2643
4483
16737
635
12444
5732
7078
15498
941
15519
16814
17010
3439
4843
17132
15336
9621
4395
1631
16606
1178
15688
5613
16387
885
9498
2886
9800
15663
821
7226
16754
3378
13622
11662
2436
13449
11194
371
5536
5016
13021
14454
12004
12244
11400
9606
16006
3904
4589
6889
4510
10663
7965
469
13971
6158
16648
12387
17370
4021
16322
7578
8488
16921
15391
12084
7437
13429
14041
11888
2287
5669
1141
16739
78
11863
1219
3130
506
3831
15992
8698
2696
16160
16757
954
13094
11437
2011
11644
9105
7639
13910
9629
13972
451
15592
14855
965
14482
8538
11305
16273
14008
5796
10278
6362
5310
4575
8965
123
8272
587
1165
3230
2053
5993
990
16815
9491
6065
16582
13880
16371
15546
1742
15908
5534
4800
8335
9752
16348
12808
17205
1018
2413
17177
852
2808
8919
11650
12890
15656
6148
331
10741
14538
3121
493
287
11476
6964
12969
8596
3968
6727
15993
2169
2727
915
12357
16943
17352
10538
17124
5273
3137
15100
3959
11086
10591
12975
15541
10080
12190
3297
14238
11680
3872
357
10653
992
538
5058
770
9547
9249
13691
12968
15350
2499
4468
10629
15698
9604
2914
16015
2776
11906
8069
10733
17044
4373
11688
8428
1912
8951
8352
10372
368
13378
15049
5577
270
14580
1780
3201
10063
16724
3561
10451
3965
2849
16389
15064
8280
11050
8052
4579
12270
6175
12977
8731
5183
6272
5799
16664
4310
465
10273
2160
9116
14522
7914
10433
15472
9055
5031
8802
12314
10396
12039
1707
8415
16918
8881
10878
6159
10272
7120
7851
7252
14794
12333
15838
10291
12591
15506
899
6652
16181
13116
8374
13387
9128
14516
2429
4583
6301
11698
7672
3571
5202
7099
2485
8226
15280
4008
4615
10892
16057
4329
3600
17074
7378
5297
13239
5069
14508
4038
17003
12067
8549
13796
2062
844
3813
2875
10381
1316
8391
12627
10370
6171
2784
16
4669
13038
2253
14361
12855
10765
10717
322
5322
5528
2080
9865
9181
867
15203
16794
2535
13675
2296
3296
3180
2341
16044
14767
15868
14442
6506
13717
3668
633
9367
7371
732
5616
5097
3329
13527
13170
5462
12348
17339
14021
5241
13525
5691
7366
9164
6806
13696
289
8788
2007
15792
6596
15079
10730
13558
10504
14375
22
2822
5777
2626
15499
16906
16851
15446
2586
2403
5673
4714
8693
6003
6617
6906
1946
5883
12685
14811
187
7228
13977
1052
3035
7483
9033
13898
16108
6484
15588
15653
2258
9097
14059
15462
9192
6024
16169
2949
12216
4909
8518
3542
9749
15583
12940
5742
7713
1240
12648
16543
8132
9486
3566
2427
6515
16834
9127
16551
4498
4561
5888
41
4727
4098
410
13397
12703
2840
16240
11614
6594
449
1683
14121
2266
6300
1162
6474
14763
11338
12550
13371
15458
9662
17054
455
13793
5785
11652
16158
13051
11114
17217
8418
16569
7163
12684
16931
6787
14343
6744
16989
5187
14185
10814
12729
5684
292
3540
9551
3683
15314
15841
8304
10509
12558
6920
16626
11700
8678
3340
9777
6245
13913
15587
14601
10170
4982
14848
7245
664
2492
16116
903
8525
8274
14747
11770
6401
11198
5004
1093
2214
991
10175
15032
12600
4993
13873
7137
7015
543
907
103
6045
17011
16992
828
11618
4913
8575
16342
11757
13099
12772
4753
4933
8049
6682
1558
4103
2564
14256
1721
12102
549
15753
1792
11842
176
4861
5198
1352
9538
6951
7651
2418
11531
12584
13403
16215
13606
11261
438
16166
11600
12730
16441
2981
17258
13231
12632
13747
13431
15034
12563
117
8407
8574
11389
5133
15373
7991
16939
5713
4855
1569
12159
7403
9495
15882
3928
4963
16395
15711
6128
772
10124
12196
2380
8602
8697
93
13339
5524
15358
3989
3878
1150
12548
5833
10729
15571
9821
9038
16337
10709
3203
9872
5200
13071
11872
2667
8893
7593
2096
1120
926
639
3641
2394
9319
610
10424
2652
7973
16937
5484
15138
8594
3867
9423
16212
3219
6670
2352
6433
2518
17316
14406
11126
2980
14894
16901
14572
977
764
12161
10168
8990
2464
624
3433
9233
12776
1058
12305
16516
2028
6415
10437
5172
14150
1884
12097
13435
9873
12883
4173
8435
13407
7502
9633
9704
14528
16325
13731
9655
6981
1042
3079
15759
11963
114
13740
2306
7522
12296
1457
3101
14408
988
98
7998
6803
1974
3083
7410
1300
4492
16541
2910
16130
11931
5843
13955
16730
15878
5632
5381
9916
16860
15018
2759
15865
4343
8991
5461
2135
11711
6862
9630
16313
16576
6232
3894
3238
5068
9574
12844
16262
17001
12260
2970
6030
9760
312
13678
14954
7517
9197
1741
12485
3995
3305
11743
8740
12903
627
16192
2764
10364
16852
9830
5930
14737
3189
14881
12468
6647
14551
8270
4664
71
5670
5145
11374
11636
4463
8400
16954
4168
8210
11925
2178
1038
14966
15307
2546
5045
7731
3050
13756
10264
11544
3975
9558
8954
1625
9896
14659
16838
3486
5989
15310
2076
11860
12069
5859
6903
6928
9589
3273
15402
7488
13908
5560
14466
10871
4447
7788
13434
1391
8327
6378
13230
12680
9864
15938
4284
5287
10097
12254
9810
2185
92
6970
16354
9148
7673
8885
6283
4233
2024
10764
4159
13400
6543
6511
15306
7075
16394
12008
5459
3421
5997
14276
8388
11064
12575
15408
13842
15560
14492
13183
11553
137
5464
2925
973
3848
4713
3078
16553
8137
5797
8666
14985
13712
5502
12744
552
16718
5394
9271
9449
17049
12738
2286
7633
15019
3103
13845
9923
670
3821
2405
15741
16755
10
8600
14037
12248
3616
1840
4847
4792
15451
1596
15770
3033
11263
3921
2092
9457
9353
11800
6945
5323
7791
4759
10574
16222
4765
1835
10970
13974
217
12797
11122
16884
16250
291
11051
8710
10146
1588
377
2965
8562
13649
10824
7864
13082
11626
13804
15369
7870
13203
8451
6600
1697
3834
12017
1611
16281
7333
6218
15469
5836
14286
15840
17298
5707
13790
121
7920
14275
7881
6174
8677
13334
15263
43
8000
16817
7508
12123
9203
8041
2265
12636
14968
1589
361
15590
3732
1544
7389
13279
9716
6323
12188
4588
7373
8262
9122
3351
16330
10274
15628
6969
16051
7494
16959
1138
15714
158
3640
4477
3931
518
7286
14335
15222
15725
9333
13650
13476
1193
15638
6619
16327
7267
215
13012
15895
4716
11337
319
6276
4904
7545
9717
4399
11685
6907
14358
12631
6151
13194
13020
15988
9587
10949
12753
14896
15407
16474
16282
7118
85
2177
8939
7129
17271
5825
3375
4762
1379
13249
1947
6004
8825
7304
15785
1164
14168
15862
8953
4262
12286
14698
1424
5320
6102
15623
12058
14836
15700
14399
9809
8625
5599
15161
1475
3192
12358
13181
6265
13904
780
13019
15527
16602
12799
107
12407
4834
1285
6316
12622
10296
12773
2033
11576
16204
11132
14283
13428
10034
11354
11922
7916
2486
9848
10145
16081
2201
13111
9568
3711
3558
17104
15085
8632
14198
3614
6130
11561
3
6962
35
2868
6122
14868
12460
4947
2630
3574
6523
16323
15173
13613
1643
2479
7584
6124
8492
8505
2305
5342
15947
1087
12331
3858
1602
9818
11938
7961
8286
17091
14583
7637
6541
2933
10993
16353
9232
12311
16712
3247
10605
16746
2031
1580
8948
7074
6763
14027
1003
2205
1212
1442
14535
14878
15896
17151
2171
2913
10328
14272
17040
9792
7890
7381
364
2561
2660
10696
15296
13321
7397
8874
13844
10525
16261
11703
8913
12131
14612
7566
10499
1088
11236
9361
12537
5547
10825
16187
7101
9598
7106
11314
17021
4196
2438
10277
4635
7481
13492
13786
13835
1735
3893
2671
12739
12489
1310
6404
15646
8235
16437
9043
12289
7001
6654
12252
11689
6563
1094
16703
17222
10028
13088
7726
14030
10570
15236
8514
12646
8520
5193
12085
16634
8565
12880
11965
997
5205
8449
2869
1554
3969
11962
12719
15394
5787
754
10374
2805
17045
17219
8326
17000
17179
11567
17116
1354
2855
4969
12241
1825
8475
9685
4146
4464
13729
9452
15167
12592
9204
679
1113
14015
3403
2350
10138
5695
17212
16370
10667
1525
5173
15677
15260
9851
3985
13312
2963
540
11947
3615
4661
2524
3796
16615
2796
13363
10210
16728
6934
2530
15798
5118
2877
4620
7958
7695
11069
17244
6849
90
3088
16349
2140
17354
8641
48
13954
9936
15805
888
12400
5309
8888
15584
16423
15995
4057
15061
5716
9210
8099
17142
513
8619
6152
8804
11379
7474
7636
13638
15288
3623
5053
5063
13683
14863
9415
12392
683
4020
16285
2384
617
10469
3610
4010
10979
3122
2336
14517
1235
13118
7811
16346
16645
5532
1851
237
1115
479
7943
6110
5751
2758
11473
7259
12426
2270
12830
12674
2272
14664
2563
5743
3401
8852
14805
2831
13768
13486
9291
7616
16283
8354
12312
1060
5329
233
5786
1859
15517
15631
17364
4346
3280
11310
7359
11637
14595
16122
14246
5938
4387
5021
708
14604
6805
13644
11203
17121
7192
13639
11733
4194
3864
12330
7884
5769
17363
15146
4648
5379
3456
8508
7668
13670
3244
3383
5064
4219
15422
1672
4458
13813
12876
15883
4153
3781
11167
6400
9659
3075
16912
3111
6328
3371
9824
15707
13245
1855
1777
6001
11183
7787
6954
5663
11113
8310
4045
8098
11189
4158
3214
13748
402
11815
937
14149
3890
7017
5701
8868
16260
9605
12092
6280
3061
10852
4743
11173
1226
8546
252
8023
10945
8308
7928
12828
2747
4883
3299
8402
11048
5734
12952
4013
12299
2600
5105
2108
654
12657
11472
17252
14497
5386
3311
9744
15644
4736
5181
14445
15416
12146
1346
16500
7741
2363
11760
11205
6720
9942
4935
8474
2338
5966
11209
8416
9838
351
15166
15055
4062
15610
1254
3895
13537
2093
277
14510
9089
8100
14065
707
5050
13672
13283
2378
9469
2542
8068
15608
17301
5814
9337
15482
9085
6547
14991
490
13330
3076
12822
15093
15627
12476
11429
9305
3308
13646
2388
3471
504
11394
820
11308
4918
6890
5222
8878
15246
11271
7638
9334
13800
7655
10968
1016
6157
13034
10564
10362
16787
7850
11752
10149
930
1549
5336
14898
15217
1061
11894
10029
11670
11417
11414
16975
5156
6263
16457
16194
436
13735
3949
4977
7561
12746
6135
15430
14700
13505
3920
2094
12541
6398
4814
1503
3404
8404
14391
13187
14186
12523
1416
13073
9797
7255
643
1967
7107
3826
5376
13132
4241
921
17335
3413
6197
5920
6659
36
11923
6605
9219
7560
4305
4658
1344
14867
8253
1765
5089
11467
16892
8541
6548
9123
7993
862
11032
6488
1492
17195
15413
15667
7557
4724
37
11433
16599
8455
4720
10678
4109
10226
10484
11686
13310
1489
1281
12080
11886
13475
17332
11617
8277
11584
13497
11603
4257
5955
836
9018
16277
10082
10876
12494
14927
14147
3932
3937
7688
4625
7408
1926
13968
5470
2644
11218
1806
2105
3618
10391
11188
6959
15185
14970
14419
4886
5975
7280
14464
7284
1014
16316
8962
12501
2505
745
4819
14100
832
15376
14324
5712
1826
7912
6220
7173
8103
4418
16827
794
9986
15761
2789
8346
15754
14321
5717
8956
3476
14463
11720
193
2615
12526
5260
3500
6267
6946
6615
3706
15948
8980
1327
3754
9244
12865
335
13206
16052
4448
7571
14697
5513
9019
16807
13989
12990
14515
13669
7891
1822
15557
224
6349
15129
14315
7950
4203
1754
4289
9131
15438
6843
14435
5327
11624
9243
8722
12742
11496
8121
15978
14525
12445
4670
2349
8576
5026
5962
3059
16894
13692
3406
10874
8828
7407
8847
15635
4906
17175
11848
1691
9764
9400
13995
12835
15855
13065
1082
11990
616
11742
10129
14196
6879
7435
15073
12688
15471
13460
14669
3460
642
14663
5151
6229
15621
3068
14858
4475
12859
16124
3756
5217
1259
4782
9528
3295
15642
17055
14862
3242
14680
3884
6590
17331
11726
2001
2763
1229
4837
13509
756
1295
3606
9902
12271
16643
3919
11042
9665
4767
13862
15640
11971
6274
4176
5506
7452
5422
581
3330
16849
13510
1739
6384
6978
15178
12839
14484
7438
17326
17140
15378
16958
904
12179
4136
6505
2372
3735
16123
13259
7045
16065
861
658
2107
12717
14741
8215
14360
16880
3744
1473
1710
5399
12625
10999
3012
9358
16088
12226
16162
7202
1954
15374
10954
6527
6228
12354
11545
11438
4482
6312
10626
4691
13791
14047
2791
13003
10976
8727
12325
15817
9859
5795
9948
16965
5443
1187
910
9389
4363
6455
12777
1729
14393
5341
7355
7594
4988
13512
13457
3445
7046
7834
6342
12171
4960
13572
13641
12053
4552
12491
1552
5267
3095
7375
9071
16421
766
14579
15634
536
7170
7841
7094
16101
12183
12343
1913
17197
16822
10584
8056
2870
14054
3025
13275
8067
14524
7318
10317
5980
3861
1609
13994
6382
9879
7812
5319
16873
4598
12362
11398
6714
10081
17274
803
9332
5931
439
14465
12010
10972
3915
4461
2142
1051
1336
10628
11296
16999
6092
9115
14297
4773
127
8519
2625
11117
6223
5509
779
2566
5709
9735
1017
15806
4133
6716
4372
6910
13086
16702
7185
3147
7666
5039
8753
2407
4667
10805
9323
12919
16029
3363
3382
5928
5823
7971
16233
12167
5813
15179
16279
12958
4117
7576
1483
9255
2876
12349
4467
2419
1684
81
17099
398
11701
16207
11607
14759
16416
5494
383
4404
7423
12942
6802
15277
4156
15973
13724
3241
1620
5218
16593
15397
1158
12611
2821
16867
9110
996
2920
1676
3369
17019
9915
3117
5022
1637
8084
15935
14311
10359
12304
1584
7982
15240
10598
3730
2865
10973
5902
3020
3648
3961
12043
5675
15109
545
6132
8581
8092
16530
10694
4118
970
14915
14974
8410
10606
12483
10004
15022
17186
6032
15647
15658
5567
11896
12210
1992
196
7114
16994
8654
16727
13593
14732
9199
11157
7781
2544
3952
12394
11540
16557
870
6612
5303
11066
14262
9283
10341
7895
7845
17149
11022
10823
10724
8992
15525
16206
6818
12016
1927
10107
6739
7345
6641
13556
2704
9456
7505
10461
17068
5340
17319
5491
4163
11937
12373
4688
3172
13633
3523
10053
10517
298
11521
9309
12960
657
7233
1846
15907
2739
12979
13000
5423
4577
6711
1573
2482
11385
15157
4650
8230
12795
12663
12693
13752
11244
15106
12922
2555
2692
3225
15953
8153
12711
471
6553
2503
10958
14048
1955
2632
7816
9669
12782
8233
13832
10589
3114
1571
10031
11320
2770
13645
12532
4120
14916
8911
1247
15041
11769
8642
16658
6919
1319
10288
7495
8682
15042
16638
6019
7840
682
13014
10000
12199
14243
9439
8031
7264
6394
8787
10229
12193
4383
162
2271
2145
8544
12961
6056
3673
8522
3545
5456
7867
4320
11590
15249
3160
6140
5057
8897
14447
13933
14790
305
10116
14742
13332
5649
7369
8824
3091
9976
10571
9422
1084
12577
14860
113
7656
2974
916
4621
15715
18
1495
2310
7343
5447
12076
15969
7647
3800
15342
1401
7300
9766
15966
10219
12070
16760
8750
3419
1942
7085
4039
12170
382
1331
11144
2757
15001
9967
12282
1880
16885
15006
11386
9618
4612
5009
15112
500
6509
7792
7002
8934
4860
9658
6495
1369
1347
8922
15156
2573
4302
14493
7645
7181
15473
15512
15558
2389
9876
3763
15639
8621
367
10872
2448
17245
10408
7532
9697
13824
7127
16588
11181
5485
2823
13599
4288
1594
6022
13706
11548
3338
8871
7931
7893
2463
9998
2507
7027
14665
10877
9632
1019
4453
8745
4637
5876
11565
3487
12306
434
1253
16911
12336
12727
15780
15128
3899
13074
5978
14854
14182
15120
9386
15776
4405
1950
12214
13427
1755
8115
558
14384
8599
5740
14948
14661
8382
10214
10800
16067
15555
15850
4968
14010
15742
14372
485
12841
17323
5136
8966
1506
12417
6779
4944
9354
2211
5620
12319
17077
8685
16099
13568
1380
6519
13173
1299
5725
10642
9385
10131
9125
9000
3007
16319
2218
1863
6562
7321
11772
12160
15332
14542
3621
11415
15683
7640
2971
10336
11967
11130
7439
9843
9325
3762
7827
10942
11712
11243
3525
14699
9303
10891
16656
11774
12040
11300
15020
11040
14756
3041
2285
1366
4392
200
4471
11782
6830
14028
8839
7504
2227
10725
630
7130
17306
3432
7427
2377
6160
11843
2070
5610
11024
3914
7432
5115
14255
10139
11958
4460
10529
9860
15605
3964
3236
4700
66
8643
8579
3502
14656
1797
7352
6601
6676
15769
11939
9819
4778
7275
1692
6616
4028
11530
7374
13561
3880
7409
2510
1501
8297
2937
17102
9712
1725
11566
10047
9340
16239
2319
5468
13680
7309
4006
13333
12564
11846
12341
5196
9778
11075
2064
13456
14077
16409
2125
6392
14749
8464
16366
3659
3063
905
4406
13272
16218
14730
11135
1086
7453
3444
9371
7585
4353
1515
12561
3993
4356
14039
1664
16886
7207
1651
10239
6963
3376
8444
11718
11265
12502
17166
6469
9413
10308
13959
9087
17158
14233
10234
6540
17017
2112
8101
854
415
6507
12416
15554
11399
9235
6707
9021
10609
268
1361
11631
3320
11057
6080
5647
14716
17108
4531
8797
4414
7983
7116
1407
11794
10090
12798
5666
11434
16764
9402
16197
11294
12915
6281
9785
9985
7051
9430
11109
256
5949
15175
8774
8275
5903
4112
7573
3119
1770
9757
17042
8055
4478
5338
5189
15010
12022
14765
10697
8053
11252
8806
11373
2532
6187
4518
14287
2086
1136
1999
588
6953
8184
5094
7513
4256
15258
1169
5377
5305
6893
11116
12669
11470
2863
13049
6792
1785
17150
15171
15843
15284
6125
14918
2398
12163
13298
5793
16372
15209
17097
397
188
320
13487
122
6153
14500
8996
10002
15982
2279
1375
373
13202
15920
4822
16655
10554
1669
12527
15270
7351
2690
10046
16045
16844
11455
4595
10240
15268
9971
11968
16993
741
9377
2387
2252
6141
13978
14686
14148
5036
4867
522
12779
6448
4311
1849
9514
7539
11960
1261
3448
5208
13841
4101
2316
12440
3313
6905
9036
14725
10585
1916
8366
8468
15866
12893
17078
15945
11322
14090
14906
6971
11432
185
738
3982
2162
11358
16224
14096
725
435
12371
14428
4115
5678
1255
3983
15788
6458
15440
11030
14887
7305
10580
8499
10120
9114
5643
9935
17218
4817
14176
10756
13414
13785
4359
8585
846
12579
13575
6395
11355
15774
9591
4476
2240
9159
14703
2726
14301
4995
2999
14832
4643
8651
16595
3482
2221
1311
192
16253
1928
13504
5521
6713
6902
1241
597
154
5550
11667
5455
3066
5573
8266
16617
3841
6173
4978
3661
1054
16674
914
7919
15225
4263
7784
6409
13185
920
16982
6039
257
8447
4823
7042
768
6244
14507
10731
9918
6691
8302
9871
11260
8904
7948
1479
13448
16654
16447
14729
9286
5391
8970
7328
15636
6313
4178
2993
14291
1850
9553
15668
6651
11936
6655
2595
1862
12764
12513
632
9245
7868
16082
11077
11158
10985
7627
6821
4734
44
13376
4624
16379
9351
12382
6319
6542
15532
3104
10271
9613
12696
4781
144
16175
1574
2313
7967
7262
8720
6043
14414
7617
835
7947
13982
3693
8466
16531
8486
13058
9907
6820
3182
15104
3898
10245
9166
11408
4199
14546
8169
16425
5482
16009
16761
2194
2004
3503
8397
9260
3185
7687
2718
2459
1982
16103
740
1032
5520
3046
2915
