9862
1
2808
7660
966
6867
4345
4646
14273
17069
15605
5157
1045
1936
1256
12066
16557
13805
9552
3652
706
4473
6789
15459
14782
12031
4713
6052
16192
9935
1463
11988
4454
6274
14426
5215
5891
9099
8297
15314
6727
582
222
3424
15826
15818
17061
10352
8050
1062
15803
1898
2595
3180
5883
6807
6942
10732
9853
9082
11903
5219
15758
12265
15396
5613
16448
11247
4888
4158
16444
9365
11157
4078
14581
8769
9095
10100
9698
7429
9885
7508
14863
4514
3363
14319
7725
14066
3740
12217
13214
2167
16362
10698
1469
5449
16750
7763
16909
11067
11331
4006
12235
2078
10260
15864
6919
5249
15865
5315
12869
8045
16139
5844
1806
7580
9747
10421
6416
4286
3945
5963
4619
13933
17115
6680
4754
203
16083
1239
12270
8986
6757
3252
16943
11434
9672
17157
12872
811
6042
11139
688
473
13502
13019
2634
824
7079
11994
2177
2019
1032
9374
14382
8357
3845
1499
2448
2080
3778
13806
12764
9537
16986
14190
2112
3941
17025
14420
5376
3322
3904
17333
16189
1932
15425
3506
13104
13574
9735
14504
13993
8244
2840
2196
2803
8637
4361
4872
11968
12198
9244
13752
15673
3782
15751
3201
5770
209
17224
8269
11879
1861
6562
878
16729
1724
6923
1259
10641
11922
15762
2169
13854
14835
3825
13365
17358
1277
16138
7061
14636
1147
9752
9464
10923
12949
8009
1199
2727
14521
2079
5343
6100
11914
14060
7858
14731
12088
14042
16814
11521
10343
12208
8063
12383
2910
2223
4980
9409
10399
10044
7555
16629
2786
9247
11372
6968
4262
5243
11643
10841
3842
14856
5191
2961
15651
1945
1630
15163
12075
5242
10501
9368
13912
12960
2091
6806
12758
2380
12301
16792
3798
2490
524
6640
15016
8214
8389
5469
7222
8163
1151
1279
15867
4512
6643
13843
16262
10164
7290
14807
10008
31
11953
8299
13461
17346
8748
1398
9600
14012
10838
7321
340
15083
2846
2510
14912
3758
9327
5111
3701
4082
16319
15628
3432
757
15458
10703
14787
3164
2887
1812
10617
103
10549
8043
4434
3937
16654
2420
2284
15236
12824
9985
16027
11511
9380
9211
8476
628
9891
17210
1776
11411
15279
3672
16360
13009
6401
773
15959
7313
6394
5620
10839
7230
16337
8650
10150
14254
2199
11493
4996
10135
12040
2148
5925
16082
6261
15978
12681
1290
1065
246
11849
5861
13654
13724
10455
3265
10603
7283
5588
16208
11006
5426
8015
8222
6488
3107
2726
4557
3014
9341
6682
10223
1660
213
7341
11322
4716
1066
13004
9638
8568
9713
13308
13900
11286
6130
17219
11523
6198
10222
8135
16590
7967
10364
10579
5555
4089
1693
15784
10945
9370
3303
7234
12046
16727
6986
4030
1696
6896
7316
15069
16115
16847
17019
9020
6078
6303
2296
16400
14256
1000
15592
8077
13869
2688
6279
998
9723
4798
16747
5026
15718
7855
2710
441
7363
5382
9130
16869
15343
11601
15032
15637
6930
6938
3305
9991
13716
10214
1321
12350
16789
4736
14674
17171
14817
12847
3774
17124
8607
10545
2818
16753
15166
1578
6793
13598
9410
11147
14627
4348
7650
7377
7150
3847
3341
2125
565
9619
1142
10112
2057
4767
8071
11388
9446
509
2407
5084
2008
14047
15634
10330
4652
8482
16913
788
7886
94
9665
9900
15442
1803
16743
16606
1344
9807
5934
2394
10638
9769
11708
10674
12898
14323
17178
12094
3558
12425
3337
12813
15099
15701
2674
12286
10377
5818
10316
11976
10733
4498
1686
8889
2570
3754
11975
11188
1289
16293
9371
15808
12130
1576
14276
15727
1705
729
10669
13870
9805
8441
12736
13296
9889
9800
2483
6672
6889
12417
14114
9280
10073
11337
10532
6779
7811
12546
15706
12864
7191
5256
3289
15725
9162
11541
17009
16915
5718
12699
8846
10928
8570
10520
484
15365
12474
15737
3999
612
13575
16801
7412
11829
10651
16976
1549
10815
17035
4786
4047
6483
14397
10124
5298
8827
14462
2870
2207
11506
10525
2499
9450
6570
9965
12087
8229
10995
15434
1022
10090
6906
5402
16202
5448
10601
6638
8878
4241
2033
10177
10111
9755
1319
12792
14542
14483
16118
12308
11864
9801
14056
277
12945
8033
16104
4230
3099
8933
5347
12048
1691
7201
16827
11101
11695
13864
13375
16341
6448
1789
5021
2317
15897
8777
3591
2333
4741
16916
12831
12095
3540
2604
7231
7808
436
355
14601
744
9758
7523
13690
812
1031
676
16885
4773
6864
5246
2960
1873
3981
15429
2893
6768
6543
15679
17088
16306
15127
951
3420
16919
12435
11318
2651
14599
5
8788
16244
821
4259
15207
13434
14677
16112
4553
9151
4109
10269
10440
13272
9963
10134
8023
8664
5672
11726
1871
13185
795
11163
3278
10208
15242
15477
15934
2925
14733
4041
16877
5106
2327
10147
4278
6573
5696
13418
15986
1864
4534
16520
10951
6959
3108
14019
12877
1627
12506
8295
7801
3395
6424
10273
12774
58
9431
6389
2330
7620
10895
463
15106
7280
2383
7956
14376
3616
4315
16178
14566
13480
5931
11032
6556
5564
2015
2353
16669
3119
868
3741
3462
7952
9928
228
14658
12035
4177
16626
11265
4941
7960
4257
5626
120
7490
3642
4378
5277
357
4757
4430
13616
1230
7270
15355
5000
9214
13044
15072
4242
6020
16033
609
4086
12215
7572
5967
6812
16575
7691
4572
16583
5892
15909
13925
1996
2652
5914
3897
16720
7208
4529
14725
11362
14905
14540
10475
380
7884
11806
1385
15568
16308
8271
7207
1755
13544
5985
14754
7099
15670
3920
12540
2973
7522
7199
5060
7543
15394
6064
10053
8875
3400
1924
11441
4740
16874
9483
884
1453
13366
1458
13503
6041
1030
5374
12605
9430
454
1716
844
9923
1219
205
4346
11097
1546
13743
15243
11011
12193
8317
7688
15368
5711
8984
4190
17267
17066
2239
16441
5609
3505
16255
3523
14359
12259
9092
8873
2542
8507
6282
8439
737
127
12346
14457
2456
12413
12496
15029
6434
15300
8715
2000
16691
5703
16177
8497
13030
12826
10742
10458
16718
13609
15499
4966
17142
7115
12782
7224
14726
7162
9293
11622
7790
4368
7832
7927
14966
11009
11403
4853
539
2890
11942
4377
14196
7668
10730
16855
14054
15418
7874
11494
14736
3831
13005
1972
8085
1947
11062
6908
10784
15632
13164
1035
8390
10776
14215
12626
4199
6355
6804
1172
16449
4559
10288
6845
14866
15060
3390
1928
12796
2352
3777
8932
12519
17036
5616
1185
17371
5159
16922
7125
14638
15615
16317
12786
5087
9763
324
290
17365
7250
10272
5176
10032
929
17037
9397
9706
2995
13776
16160
6207
14368
13520
14944
3872
5806
91
8595
16586
15997
17295
17310
8201
2968
14805
5294
2776
13362
2730
10737
5702
16833
11616
2133
20
12597
9289
4164
9079
8418
2325
11184
5443
6842
5397
14895
8001
9534
6520
7706
5560
4877
9188
10964
4020
16330
3536
15467
9563
1525
6498
2259
14831
1910
87
7513
15148
13758
11340
13944
12280
5314
3636
8283
13008
2309
10682
4621
6761
5143
351
3823
636
8687
6715
12136
14189
10115
3095
478
12562
13660
6201
3045
3520
6348
233
6457
16701
14906
12115
10182
1449
10325
3684
12650
7366
7847
6181
14522
12730
13057
6748
13297
2113
5896
11778
14751
9933
16273
1451
10420
14342
14120
10331
14074
1415
4402
13565
9153
7360
4708
10664
787
14305
10749
13135
946
9728
15572
6443
13960
8899
3723
1545
6106
17120
16940
2997
6770
7979
4296
16274
4465
6296
6173
2495
14955
14898
6653
2442
3158
3570
7351
79
9008
4308
12603
11366
9034
8445
5554
8855
1516
9003
10761
1553
5556
9587
4091
14779
5446
11648
3391
8207
8424
15142
10675
1061
4643
749
3866
935
3320
9216
14820
1527
1903
14290
14063
12740
10868
15833
3021
4226
13729
14543
1618
10744
14723
15079
13922
98
14078
13099
9592
11647
3927
9436
13723
14854
12731
3865
12304
9772
4458
3949
12899
16110
2537
15893
6745
7529
3923
16745
16996
8606
12713
12991
16744
5756
2123
15435
2588
3821
1196
167
16056
10430
15397
14048
11077
4093
13066
50
1985
4291
11317
14899
11197
8307
2908
7166
13314
12461
6665
13519
3809
16291
9957
13970
9336
12322
14405
2585
9730
2838
418
5716
2032
6103
6994
16342
2610
11815
3971
7083
14136
12769
12368
3551
12526
1915
2373
10202
234
17008
975
15983
5541
7487
5850
6023
9510
17373
7444
12481
15195
3160
12601
2350
6370
16933
12551
8264
4906
13554
13075
6133
8204
15310
16305
7361
151
5490
13441
9751
7947
5618
5646
9170
1787
17196
6899
301
7194
371
2797
12155
2140
2395
11005
4507
1837
10229
16108
959
15388
14539
15755
947
5108
13897
337
6876
9452
10645
6056
51
4213
16741
9131
5324
2546
13028
15222
11479
1339
13091
8253
1001
14884
4099
5533
4871
13121
1297
5460
15452
15596
9256
619
7062
6160
9209
12843
2552
14076
486
13848
12229
8381
10828
8935
10270
6943
11338
15925
909
1104
9215
16817
14511
15331
13739
6940
505
15829
8444
10745
4974
1659
6019
12398
7297
3455
5001
8916
3885
13747
5973
9083
9196
10471
12477
61
5130
10877
10102
379
13618
1482
2477
15723
2119
15238
3196
16636
12901
8762
14533
2304
9898
12535
10739
1585
9142
8704
2217
8672
6839
3876
16699
5234
3849
9210
14174
12348
12586
982
10906
5656
10240
1971
14597
8953
3457
10079
3691
825
5202
14477
11400
11790
4119
12224
4467
2624
8866
102
1116
7614
7718
2517
15731
10001
933
12609
15594
9317
9067
10893
1785
14384
7713
9703
11986
7618
13872
1750
15411
3296
13471
15399
6420
15859
3905
2999
3773
10238
6801
14555
6863
12953
14301
14297
14512
15133
10622
703
3886
10294
16506
11253
4753
5110
5553
967
8260
9753
13595
7949
2878
14001
11269
12160
12210
7374
3463
2635
4610
7518
6482
2648
6850
8734
2485
4575
16730
3220
2574
680
1967
8892
11546
1331
3542
8355
16020
13373
739
2354
906
8815
10470
11001
2555
2059
5266
4404
9419
10404
10569
2626
11296
11202
2689
901
7806
2924
5312
8423
12139
15871
12009
13994
95
214
11514
3729
12166
16531
12338
7033
5263
8026
10231
8774
12557
3313
1961
10084
4466
17017
15503
14191
7953
2660
6153
16358
12865
14850
5571
275
495
11936
5014
1831
7781
1414
84
15750
641
8934
11453
2945
6197
4455
338
1037
1906
6069
23
4594
7783
3608
7741
12625
11632
2201
11000
402
741
11170
2521
8292
16560
16163
17282
14358
9255
8413
10505
12359
13641
5413
14798
7782
4691
6575
1841
12371
8252
17284
10254
10061
14686
10650
12428
11737
7405
3990
1210
3154
1934
5841
3982
7943
15112
16340
230
2141
16425
2386
3602
14746
11126
8993
1309
15443
5150
8990
2166
12315
3976
4703
9507
2750
17354
14403
278
1034
1033
13410
14493
2193
9364
13035
13364
9556
6952
12303
16390
7777
11621
11280
15176
291
9903
11594
11524
9220
14192
7770
4650
506
3497
212
2144
16510
8183
9482
7948
5897
15131
15501
11446
9765
5508
15493
12254
15766
1232
8926
15210
2405
11132
7226
12503
8751
8313
879
7475
16946
10572
3190
1849
3728
9124
16354
6655
2433
395
14152
15904
10367
9929
17340
9887
7576
11024
4854
9863
9381
16339
12362
13608
14841
6772
7866
14851
9047
12148
15410
2142
16334
14969
7289
9653
11551
16172
3366
7113
8835
11530
8383
9661
10498
4203
7700
5709
8859
16809
1336
6866
7665
2249
5023
5706
8985
1655
15317
12911
2247
17329
976
1278
1276
2052
10528
1252
14075
289
15617
15902
5465
6004
8446
8886
14559
391
14153
12406
12590
13547
2646
1425
11831
5344
6629
1237
265
2241
9198
15827
14924
14007
2158
1492
8060
11096
12737
15246
15775
1775
6440
5899
12220
9708
735
11808
1792
15228
4289
3146
16090
16757
11715
7625
14169
16969
4238
5776
571
16888
4662
3414
5758
8641
2532
14250
2553
11212
231
9970
1599
13735
4601
16128
6871
12191
13236
16276
388
12119
2731
12745
6795
15321
11816
15354
11174
9798
15564
9359
10692
3595
5671
6840
11063
4885
14106
5350
6971
7005
579
14794
9786
15008
2070
1272
5886
8597
305
15056
13617
11038
12620
12717
3134
13629
2176
3553
13229
12386
7401
14471
15870
6771
1500
3634
9607
9103
10153
9460
15325
13861
8249
6025
6982
14069
7016
14306
13006
1813
16350
3755
6408
16196
4510
5719
8695
198
10283
5893
9695
8674
16708
12430
6084
10950
10608
257
11090
7899
4506
180
6571
6547
13636
7223
14999
10256
10939
15660
1148
8975
13707
13146
3494
5492
12947
3340
4682
10820
3328
6156
8521
1863
8772
4710
7278
6803
14411
16568
6256
11309
1552
16204
973
2964
11899
17164
2618
11289
15401
6848
13430
15901
5557
2898
12342
6656
9218
2662
13156
4924
12892
10873
14470
4564
13877
2645
15671
2074
33
13238
10570
7264
10804
8956
4545
8356
15989
8881
9313
12891
14925
16025
9617
14870
17106
16937
9641
2832
3609
2054
11451
11456
665
11326
9573
12946
161
1551
11022
15646
9566
708
11865
1796
6220
10586
16418
2
1283
15323
2867
10252
14994
12922
6716
6377
16336
7402
2693
12020
5784
6774
12858
7088
11102
3324
7277
16989
8176
7323
14839
10028
17131
8126
7724
2836
5822
5749
10154
2289
6581
17046
9069
2423
10861
11482
5741
2300
13317
6673
4225
15676
15313
6049
15014
14223
1497
6624
9217
2200
6628
2109
101
16473
5888
7516
288
14475
13443
10721
10600
8266
1013
2192
803
4148
11200
3514
13010
14500
12388
10023
15792
6625
6902
11761
15797
9574
9597
2020
11772
3436
3686
5922
12174
1161
12253
16545
14236
3820
14307
13809
403
1228
12473
10155
7651
13546
10846
1817
8488
16775
15747
7888
3498
4910
14702
13801
14815
7315
8851
8533
16407
16488
11510
11363
4123
426
32
12492
15409
6467
17326
17125
5627
2215
2612
17006
4718
10530
1322
5835
15299
15151
10701
8121
16493
7364
8224
6578
10647
11573
16043
9102
16258
2371
3466
8459
15783
4663
14357
10486
4896
5745
398
9226
16497
9975
296
2175
11950
12516
49
3397
13767
15508
6323
253
848
10453
11954
16135
13251
3951
9366
4760
16225
3670
1189
3073
11412
15810
13252
354
14718
11209
14984
12017
3083
4818
3560
13303
3574
13826
10516
16529
9720
14398
6392
13734
11818
621
6009
12741
14624
15303
3069
174
11051
9320
14804
1293
1198
1286
8519
17203
8312
9802
12518
12599
13482
11232
15776
2344
1694
2918
16097
295
9895
17162
1211
7304
6314
1788
14102
9626
10375
14927
11701
2670
631
6907
8112
16618
5132
10771
2857
9387
7565
3786
3855
8797
16367
9462
9905
9434
9710
13244
10555
5581
2062
10708
9155
2802
8913
2339
14576
8273
865
4244
16476
8384
15382
3065
10386
13648
12079
9393
316
4814
3362
4714
11681
15911
12587
8429
227
15348
16380
17166
6897
649
142
16143
8194
14963
12776
13353
753
13543
860
10408
16875
12663
7695
15468
11394
14428
4344
10757
13766
4432
10428
1969
12827
15223
17076
10060
1152
16430
14623
9036
13054
16742
13645
12450
16125
1467
16587
17320
242
16302
7267
14640
17144
925
10794
17165
12754
1409
7594
6399
11963
11109
5638
5901
1113
2370
8431
413
9947
11085
1180
8839
1374
3631
1400
7480
13205
15352
16640
14877
15225
11863
3818
1389
13689
9768
11569
11141
15868
13071
4068
7265
17225
3794
14622
7000
17160
8017
3404
11424
15070
6342
6176
13045
7606
13037
13929
5722
6126
5728
7458
12206
12799
1112
14235
12498
184
15172
16106
4942
17197
6580
8954
16232
12261
15316
14377
6941
10265
2705
7860
10882
6730
11789
9301
9561
12300
2715
7025
14260
3986
10955
2590
10373
15358
11127
2622
16563
9742
14210
14118
5983
3522
1029
12353
10025
16582
4156
15857
5399
12965
13432
13640
2367
5213
9961
14453
2685
11892
5805
10881
9799
1933
6911
9161
9496
7985
7309
12968
9559
12860
7477
13579
14617
15061
16259
8865
11438
2434
1751
9353
12673
4908
10247
8651
8577
3329
9848
15821
1115
5245
16155
8639
15253
15041
9274
6262
4359
5781
12958
12851
7158
2941
2525
6595
928
8173
3343
16772
10960
9135
12654
15866
12181
3871
11368
16614
12120
6955
2036
12778
5333
3200
12164
10635
4845
8767
16994
10248
8625
8771
3042
16774
16391
14834
9018
1521
12464
11851
14732
5834
4217
6260
14913
8618
9936
16381
5361
3157
6764
8948
11949
5724
14565
9372
785
14954
10381
10933
17079
4638
5170
8530
4556
707
6391
3406
8409
12804
1315
8195
4480
1285
9760
1890
1713
876
14669
3687
11015
9545
9726
12376
1882
12001
13855
10387
4628
6350
9741
14671
11999
16402
11155
6723
11751
17194
3271
10230
386
14541
1986
2245
11310
2613
9776
15577
6811
9331
754
12795
8798
9138
7672
10904
8897
5121
7537
1763
3240
7605
13789
4901
12938
3301
15949
1877
10463
10449
13355
4692
891
9094
14713
7359
13023
5944
10396
2735
16409
7684
2039
8237
16040
1559
13120
128
3378
2464
15185
15138
14216
8526
5356
4600
10086
11481
5685
4347
5591
3880
16623
15284
12399
16709
4220
10529
2065
6212
15744
5118
8917
12429
16353
15774
11937
11092
1105
4590
1103
4060
4255
17218
6074
8847
14535
7600
5273
6035
3188
10655
12264
9984
7634
16540
249
2493
14642
2917
8680
7038
13540
11466
7578
6742
12424
12669
13136
12571
7907
14330
5127
13223
8621
10833
14478
5904
12237
3199
2914
14313
3627
5527
12379
3431
937
10228
7754
15108
13118
4686
5578
9654
14020
16964
1201
3133
3415
8471
14098
671
3961
17241
3345
7410
1428
14872
4433
4181
13122
14568
1623
592
0
14740
12999
8079
11813
10201
7515
1550
5778
6868
10824
400
9129
3253
10491
3231
9185
3950
27
10131
9296
8504
7476
12442
12263
4962
748
16022
10837
5381
8753
13885
17193
14390
1159
4260
13613
11542
10191
11822
13315
5390
1440
15801
6687
11496
12765
12203
1490
3089
8403
11787
17235
3128
7463
10078
1218
14842
4778
13422
5463
15224
3300
12104
7104
14469
5782
5020
11143
8350
2828
817
6450
16087
3098
7403
6717
8004
11817
1301
2872
14484
10547
16957
4699
1054
10000
3177
604
45
6168
15318
5768
14704
4998
10390
5605
16181
14547
9097
4999
4894
9391
17167
814
3026
10293
5607
7302
14133
12630
6234
10971
13447
2185
16608
8898
15627
6708
11087
7390
9495
4934
3011
10029
4892
6137
4303
3372
8536
1850
3215
14455
6222
17148
1291
6763
11867
17280
5840
8750
672
2567
658
6729
10653
4907
12711
1589
6406
12287
15414
10127
258
535
14749
16075
15537
4540
7450
6034
7821
9486
1214
348
3700
5665
7202
1197
10026
3676
10775
7387
13936
3022
13706
11069
5054
15693
3719
15495
1959
7662
7281
5412
14588
16144
1742
14158
10625
10011
7340
14206
9744
2447
4731
7693
14649
2994
8655
8337
4106
8541
8598
13762
1100
4309
13361
17127
14652
7325
16620
411
10801
10957
6604
1433
11682
701
5996
2398
6324
10738
8199
7999
7734
1874
8555
9388
9283
15013
7604
3168
16395
16522
3585
9224
9281
4720
2909
12876
15772
12633
377
527
6618
11204
4423
13802
11054
7810
2262
14486
4764
10866
415
1668
16574
2554
15158
17089
17042
7615
10968
15732
7898
5049
9064
11445
15764
15652
12218
8270
7981
9745
12585
13742
2641
10851
10548
17122
457
10138
9413
10583
1479
15685
12584
4233
11208
499
13974
4125
513
2004
6960
368
12704
7867
6756
2768
2799
5442
3803
15052
13074
9106
11927
14134
10312
2951
13401
13098
10536
4615
6022
7102
10937
6373
3973
7188
191
11703
12337
6910
12197
936
10344
4419
3884
14351
53
12980
7892
1542
12757
16047
2321
14492
15027
7055
10727
1011
17065
8400
12024
12939
8363
9473
8190
15842
7722
1586
11801
14318
13032
4135
7762
10576
14939
4747
10097
6597
12724
14431
8405
4850
8691
15716
5539
14456
13748
1715
16352
9512
3770
13182
2991
2940
12465
13449
13666
1978
6516
8339
8723
9874
14187
9492
4141
5484
4944
6293
6116
10834
2675
1561
8434
17347
12679
16598
6879
13346
6193
10076
5477
4955
3785
6098
5837
9674
11358
16619
8430
1946
4990
11383
15618
394
3584
14409
14632
11564
6880
11750
4743
1021
8321
14928
823
1494
9236
15820
7901
10531
2936
1774
4846
2824
7629
8144
16917
13451
15878
17205
11691
1330
7027
3583
12775
4840
16263
17175
689
16446
2987
6872
14080
9875
4321
10243
9939
10308
15043
14784
9996
13199
12205
13427
12611
12951
460
16534
8003
6024
15489
16188
10581
11299
12897
6592
8783
1260
3281
4496
8755
3813
6937
7248
6248
5221
15688
9246
6701
5946
7080
11679
10953
11972
6336
9337
13634
3259
14742
11177
953
1501
2400
11436
6402
3651
10441
15256
10160
11382
4500
16498
10126
7577
2896
2071
2204
4765
6978
5217
16116
12840
698
2591
2851
2025
16443
4867
8843
12979
3479
10285
13187
16755
15626
6437
12629
6159
12246
1866
5708
12330
9308
11823
7593
8162
8787
8943
10922
1629
7127
5979
10255
4161
13334
6235
17339
6823
12994
10607
8547
656
13997
15347
799
7609
2869
4323
13090
16041
13224
558
11194
3443
9857
3997
12008
3066
1358
4077
2030
14824
13325
5606
15662
8408
13413
2108
7423
15219
642
9593
13069
12720
15111
7433
7352
15194
9443
1438
3834
16205
17201
15756
8453
2234
4702
14452
7132
3090
15667
17151
4145
10736
15527
15094
10627
5042
8559
12065
15695
4612
10209
17169
1554
13062
7398
15854
6014
8511
696
13708
16045
13832
5988
2766
828
4838
14109
3614
4381
8733
15560
4923
2764
9414
15761
11839
13928
5269
11121
9881
16813
72
13411
8291
4329
9087
10342
13800
11558
10009
9223
1600
8495
16948
4483
6294
2886
5017
11348
15942
1154
11440
5216
15819
8609
8499
10346
328
14126
15935
14763
5919
17372
16953
11731
1448
12596
16065
7916
562
5639
2488
2915
5300
13831
15763
1737
8645
11893
114
8137
14698
4448
518
775
9194
2250
16928
1493
1619
15110
17222
1638
11809
6344
12086
11742
7756
1884
9485
3516
2602
14160
955
15903
2853
6290
13938
4370
5444
4268
13474
5078
8120
12756
2969
6266
16034
15782
2757
16786
2937
16871
224
16070
16434
3569
6808
7974
11638
8714
1756
5753
11582
16114
10356
7579
13773
5129
14594
9555
9788
10916
12212
15341
3187
4071
1919
10184
1962
10282
281
13962
2704
4459
13036
7070
16387
3423
12495
13955
16787
13815
9717
13952
14936
9576
9858
2466
3926
16864
1406
3707
5733
8759
11128
6291
6191
15769
16601
6822
7141
282
248
4111
9781
919
2611
7454
14793
15722
12480
9039
15085
11352
10196
13340
13868
8501
1345
2003
8786
3749
14971
7732
3292
7137
1810
4138
110
15184
6475
17308
17005
13498
3957
13101
2583
5859
11526
4340
11584
13453
12523
14067
14801
14229
10224
1912
2702
9806
14643
11488
2777
10646
861
15065
4897
3207
11239
11565
8146
16466
480
10276
10361
6278
7690
17172
772
1802
14813
4948
2026
11716
8267
15462
6849
423
14558
7373
15941
5843
11172
16194
13904
16517
14011
1840
13559
12862
8061
782
16310
4265
6895
15252
9517
12162
1752
17207
15034
13883
15191
1411
1215
1375
8832
7591
3850
14485
2324
7465
15910
8048
4057
5052
7311
4960
6883
1117
2063
14410
3502
13893
4653
1181
12942
9915
1702
8327
8677
10438
9667
8808
3711
11735
9749
4112
14738
4751
3427
2413
5689
1987
16632
16320
4266
11891
8534
14648
13975
6956
5075
8796
10677
14325
11519
5405
4075
3260
14593
1226
48
12924
2152
10410
8275
9013
9429
3533
3692
8616
9835
17212
9259
6972
9907
7843
6489
6834
8587
2270
2858
238
4528
10755
8169
3308
11940
6683
14423
8234
16515
438
298
15635
3470
1338
1471
2888
7702
12529
8784
7489
12972
7284
12402
17274
10166
12400
6473
9401
3640
6158
12482
10811
17057
16594
6110
6966
6062
2072
13053
1570
713
3408
743
7521
4918
10574
8203
9852
12567
17128
220
16344
2496
8988
9205
5641
16911
10297
2847
369
13137
6070
9513
6048
12134
3575
3449
13097
16643
9316
8647
5186
12818
7945
7362
9461
11754
6667
3060
15926
993
13717
9954
17220
7773
6046
13168
1343
15162
16157
9837
16224
13881
17083
13783
15129
1381
14374
16732
1778
1053
5271
10802
3121
4437
14417
14239
2195
12326
15529
11260
7883
13114
13935
869
1507
5172
4866
1255
10731
12644
17105
13527
1999
4287
7196
10985
3307
17307
5092
3469
8804
7097
12500
3294
5623
1420
5171
13319
12423
312
14977
2229
6827
17254
14959
4063
764
11118
17179
9673
9305
15050
8414
16762
11783
2765
908
7921
9944
16471
14079
14248
8549
6005
546
7644
4256
1085
7574
11030
14427
3243
6148
6821
4614
5293
1455
13020
17051
10959
5867
8601
10278
827
9591
7496
5797
1052
2843
13274
15708
17368
5569
2244
1133
1608
4916
5887
13551
7628
14903
13059
6474
15754
5615
14879
12059
1669
16185
12018
14519
7173
15492
202
8294
8642
2538
5311
5419
10170
16072
1666
6778
11631
9051
8364
3960
229
747
10
11560
6029
3733
12738
17199
15012
5173
14885
8288
2238
4536
3694
13351
14100
11319
8991
2850
1461
2471
10369
16851
7434
7094
11586
16695
4117
3335
12486
7747
11483
16464
16758
6766
14204
2171
11316
21
16740
2254
6236
11861
8671
14651
9035
8583
7322
15450
525
13058
12896
7212
6517
4195
6996
7627
8613
574
9876
5600
2980
9757
8775
1495
10989
10466
6788
10020
709
2747
663
2709
8130
16187
9096
6598
6439
6211
2762
4351
1123
5198
5362
9603
10879
6711
14087
738
15681
3194
14246
12790
5832
12000
16942
8744
5099
4511
6334
360
8320
8520
911
15519
12914
10978
14685
5022
16289
11161
3709
8107
3380
5836
5736
10629
4421
991
9437
8118
4771
8686
11658
17248
6632
88
10070
17296
14783
5902
3518
11614
16266
5548
17067
8971
10151
8029
12216
432
3325
3225
14104
1762
8150
5621
7911
1457
1990
13378
13991
13455
3914
2746
6430
16615
11888
5617
1008
14326
15633
14578
16970
11629
6254
7502
2753
3056
5012
11951
7240
8175
6410
8036
10069
6526
10499
7831
14874
5769
7045
2218
3000
1394
359
13549
11600
5807
13793
880
13089
8338
11235
17228
7613
10999
5486
5161
7755
2349
11347
12780
1135
6512
6327
1187
9702
5199
11327
14876
15616
16039
2589
4284
12033
13227
2683
16044
10304
5947
8580
8399
916
17082
4777
6735
3398
9943
12363
2432
10658
8319
7459
10534
1242
866
6695
8523
4711
14317
3053
5420
14017
5803
9398
7103
12671
3369
14292
11901
466
2295
13605
9081
16820
4033
4288
10853
3347
8417
17143
11201
5331
3567
3600
15367
3447
8646
3442
3061
3057
7891
9451
9506
1080
11965
6141
16985
5856
5740
13271
16627
16798
2463
8630
7584
29
11727
17096
3500
774
6223
318
1723
5002
11588
16773
5479
15296
14208
9232
6926
7903
3579
2131
3953
15900
13345
17032
2139
14081
3521
14013
5698
15373
3578
2927
14595
9292
12908
2047
3441
6288
5804
4648
3375
10103
15203
4983
8681
2712
3812
7733
617
4205
1815
10045
17110
11677
12573
4211
15117
1504
12836
15950
11026
14002
1275
2361
9532
14494
1016
1575
7990
6237
11782
10659
8806
5192
4945
2916
6165
2460
9775
1460
7816
15621
1365
15645
8084
4152
10473
2531
9692
6802
13860
12333
9339
4982
7200
646
6524
6151
3198
4391
4248
4228
1563
9494
11303
6724
2852
10219
17016
2231
16055
15786
9986
13973
11178
7126
12850
11410
4546
15604
11419
4062
15663
7868
5427
5918
9169
2179
16883
16588
15578
6989
14553
6958
11370
6233
14043
16199
13669
16646
10931
1282
7807
11359
5165
4154
7624
8867
34
1526
11732
5481
15741
10402
7160
5572
16117
1807
11356
9658
5619
3291
14577
9191
6769
11962
4727
4887
972
10481
7986
8614
16716
12176
10577
7519
728
1956
14135
5392
1628
8739
3036
8742
11992
1298
8368
10176
2601
17081
7379
1182
4477
16802
6374
3229
822
11709
3819
2912
12927
5224
1325
16735
7238
8872
4953
8
4530
1672
2005
15886
11671
8941
2076
16475
15182
5777
9567
781
14832
12657
4100
14800
16731
11928
13628
13196
3710
14503
15649
7683
5575
13425
1816
9468
10527
11014
11749
13407
15197
14556
9168
640
7215
15281
9793
17052
2323
427
16501
8841
11254
10958
5915
6830
4384
10244
9586
14608
12553
12753
13888
9879
16872
10746
10322
1484
383
11711
17156
13542
5253
8634
10221
14930
12655
2435
10672
5663
6590
802
16784
2264
4986
13289
15852
3678
7889
16990
16028
4355
9699
3131
6464
12779
14030
13003
15479
4599
12466
8212
4728
4476
8610
12837
5061
16685
14122
15559
6202
10220
16338
2220
10267
2137
1948
2411
14571
6423
5336
3889
1718
6239
1911
12509
12403
15888
1171
14892
1678
16811
16656
15248
3165
9926
12871
6621
4940
502
15938
7479
981
4673
9577
1064
4335
14448
14654
4090
259
7767
1818
15958
6626
10678
16038
333
15190
1352
2942
7666
2755
9077
7146
6944
13791
14814
8049
11868
16
7769
1346
3440
659
3985
5281
5372
1225
7991
3685
9649
740
610
6354
472
10956
11276
7621
9363
113
17283
9023
8561
895
7229
6915
5765
16562
9272
5924
9147
12448
17159
584
5274
9358
7101
12735
11620
15320
10065
16641
15474
13001
2484
14587
1328
10504
17258
3088
5090
13273
8817
2848
15278
11230
5189
2150
6396
7168
5237
14552
3179
11401
11528
12463
13996
7455
10966
9536
4645
3852
12142
3929
8537
16538
15929
3082
3906
13116
4056
12834
7707
3079
13817
7069
9287
9767
12282
11678
90
7837
5280
15641
1382
11577
3760
12751
13499
3367
7365
16140
8927
8690
13087
9722
16279
6784
9105
2037
4126
8852
16296
179
8998
12691
12878
13440
5651
13134
7318
2607
12114
10688
15936
4685
11385
2859
7029
10145
3044
8432
2303
15544
12962
1722
15491
16223
14005
7959
10183
1224
7694
9827
13622
12934
9676
10919
5440
11734
11534
7155
15979
8131
11270
10311
5987
1772
15216
9021
1805
7139
10198
16228
14251
5498
16251
6819
3246
14550
4227
15585
14737
5889
1605
14709
11934
14844
9150
7021
13497
7550
13582
1734
13985
14434
15160
1040
4173
1764
12367
9014
3248
6230
6664
6574
11357
15306
4342
723
13394
4204
16003
16571
6157
13111
1829
4579
14302
6613
3577
1217
13798
7198
8818
5993
5900
12418
12563
2944
10472
8863
6368
17050
2404
3714
2213
3978
16011
7646
10686
7382
2272
4360
12178
7090
7474
9732
12291
8969
8776
2130
10425
12632
12245
9298
10628
15994
14657
12250
5625
8502
11454
7299
1835
4490
17147
3804
10055
8102
7797
4930
12875
4272
13631
13678
13572
700
15241
54
16048
6485
6170
4886
8066
6371
2861
5516
13159
5673
4206
5565
15913
15692
8518
11064
1380
9594
14982
11904
5360
15505
5400
4367
9010
5674
11302
13445
10502
14446
12697
3954
8820
7546
12828
7220
6591
13492
8011
9636
1838
5653
144
13038
16671
16392
11140
13677
16032
12153
15199
2319
16785
4695
5214
10007
4968
7077
594
9054
8834
761
7563
15506
15319
6446
3456
17292
3181
3276
5116
12443
10544
12880
7368
9479
11266
7504
14739
3241
9890
7667
8069
1354
4026
17114
15547
16733
15460
14600
6011
10241
5700
10271
9588
6369
8490
16857
6273
16645
4706
14265
4978
14057
7838
11387
3310
6343
9152
2623
16101
6810
14173
16474
14148
11935
4007
14391
12014
4282
1422
4316
307
5877
9233
6407
5451
4787
5547
3646
12903
3459
9115
17269
9352
13638
12002
8318
1650
13177
2375
9990
10897
9978
12232
16739
4738
13858
12600
14929
3227
3638
5286
14083
10264
15600
7934
11381
11374
17044
14263
123
1606
13790
3992
12449
586
14356
6080
1508
6276
15510
16561
6270
14795
6088
12131
8824
9901
5209
3399
14340
2822
12098
11106
7540
13804
8992
810
12662
10524
9864
11341
15794
9029
3481
12773
13889
1855
2559
5258
9622
11996
15556
4456
2265
422
14767
3037
15875
1594
11845
14445
3869
12808
9329
6120
317
11581
790
15890
12748
1023
14551
8489
7259
6635
13763
310
11284
241
4374
2988
3828
13459
10341
16236
13727
8726
16269
13558
4548
8904
13810
1562
2684
8086
16514
7469
12746
16378
873
12462
14413
13500
3192
14289
8145
11206
16726
10988
12258
5720
12543
12964
4401
16952
12171
904
1444
1462
1690
13508
4730
7869
17251
15391
2672
11002
16644
1711
9652
12913
13012
13406
13337
10416
491
375
11485
2743
1007
4281
2597
14197
14373
13376
10266
5577
13208
1830
4821
9250
4609
8888
6097
4547
17010
2572
3695
15828
9613
159
7696
1897
9282
1616
2293
3743
11413
3103
13195
1407
10511
13918
8638
758
15047
11461
16795
2012
1556
14574
4049
254
875
11240
573
6648
8584
3001
11811
3938
6713
5329
690
15432
13866
4055
9632
15441
6086
2348
5368
3513
16121
615
11702
7547
7054
3267
11635
5913
10735
1190
4214
11666
10821
3860
3604
14364
9378
8235
11255
5447
11285
8997
13908
3454
10328
6617
16672
5200
19
10796
10795
4925
11796
5291
5534
16947
6393
8147
8512
2055
12907
12311
6166
5710
548
10363
304
4444
11625
2129
15980
12472
6731
14266
8188
14103
8560
13599
2758
2117
14110
2504
15453
623
7704
2014
9032
9999
12052
10517
4717
8765
16796
6605
2992
16631
12054
10094
16149
13148
16312
16403
16186
14626
196
7527
5628
10640
172
3625
15522
12019
10783
6983
4676
11070
3019
5476
12451
6909
10789
15438
10797
10246
5223
10773
15305
14231
15087
1068
15280
16959
15277
11491
14729
11037
11242
10942
9418
8158
11819
3531
2558
13948
3217
16054
4667
5601
8548
7499
3124
5493
4025
16764
4949
11762
57
4371
16861
9505
17294
13967
576
13360
2787
6491
12097
14454
17068
11130
7839
6227
5238
17367
2998
3318
4064
2298
9842
10806
17004
12918
9457
9750
15209
14091
1709
1241
16923
5418
7778
12950
16564
15861
5015
4037
8302
6073
15173
12549
1038
14889
7819
12078
4170
11596
15664
16676
9411
7107
6692
10298
16692
2427
11007
11398
11
14439
16122
12045
849
10337
3750
15494
17362
13524
13834
11447
11945
6870
2006
3175
16670
13586
13561
6031
15988
4445
12591
10894
6367
853
9860
15896
14692
15837
12612
7674
10180
517
3002
10099
2280
13470
9974
6053
13371
2431
4201
1246
17139
11766
11478
12561
3290
9780
8396
13701
12610
1801
6068
9062
6689
13265
2725
9428
14028
2085
3205
14722
2138
5642
13670
8545
9917
3892
3792
8612
199
3492
8503
17001
11916
9474
1766
958
10093
5687
5088
3925
15848
256
11876
9302
16460
10994
3007
6884
14660
12909
4398
5811
11938
7413
9670
6920
5968
6877
6286
3844
4275
4971
1379
8611
10614
16845
11685
1712
6171
7205
16686
5593
1396
10715
4715
5045
14018
10192
15274
8840
12370
279
2452
2647
15063
16142
13509
261
13369
3370
3344
13489
13242
1797
6162
12445
13380
7655
7378
3546
4987
7328
8887
13686
12982
12925
10857
14991
668
143
1042
15583
15421
4554
16593
14065
15918
11627
5866
3946
12073
10593
13266
158
11877
1511
11116
11846
4593
7528
2481
3659
6433
15971
2654
8600
7333
9048
12314
678
4694
10642
16478
1266
6128
8123
4208
16346
13990
17123
12242
6685
1333
11718
4549
12092
6338
16559
2417
6676
15004
6820
15183
6364
16299
13391
4150
8602
5404
13681
1145
16322
10818
17337
11669
16630
8301
5865
5185
15472
11133
8615
13782
12165
1568
11500
7329
6426
2952
1682
15549
14281
8196
14496
13512
12868
16638
9790
4927
1432
826
7338
11241
4811
183
5370
3704
14998
2860
15809
9868
8335
12447
10010
15669
3930
961
5083
567
14762
784
5715
4633
12978
2793
1921
4160
2279
17272
8247
9481
13533
11402
16313
6644
8591
11981
14987
15266
8398
16863
6285
5407
4707
6139
15074
12147
482
5783
17290
6251
11065
12572
10318
3550
1695
7492
6065
3952
3537
15704
5124
11619
15455
4988
4571
5714
5177
10380
1935
9273
11832
570
16002
1058
7623
9682
8042
11417
13139
1304
14146
11010
16830
5622
554
8377
6773
4302
1970
6798
5592
13550
5590
2922
8127
16260
11336
11460
12797
15895
13788
4784
3902
8298
14182
14752
16549
4537
2467
5879
9515
8712
13026
11998
9693
14086
1688
5461
9354
4981
16825
405
14424
5876
9725
10540
6054
476
12269
3185
7814
17213
4606
7037
1632
6268
67
4240
16569
15654
12522
6206
7638
10013
13433
15773
3675
5378
3114
11827
5027
8558
5229
16974
17287
12656
11623
5981
2391
4830
16472
11468
9420
9894
12007
6642
7116
12382
1006
11707
13416
14611
13306
5013
840
17111
6588
15642
10929
9989
13389
4975
9981
3721
7177
10711
5483
4680
14621
1002
6918
8496
1799
15932
2450
15555
12023
339
1036
13988
2342
9679
9761
1667
10365
14838
373
15451
14435
15914
12915
8227
793
6568
2975
3304
786
14064
6529
11728
1683
13571
13937
1888
10891
10412
8891
6600
15937
10683
9444
4185
7441
11429
15593
15345
15872
10554
10580
2919
11216
10925
14988
14603
9403
271
8246
5474
3738
2573
11531
7300
10446
2630
13226
13902
14848
62
5505
11881
148
8860
11663
9787
920
3487
11615
3899
2143
9953
669
10359
16698
940
10979
15105
2503
17168
15439
12937
13957
763
3421
8422
13726
590
14327
12190
13343
545
8527
16850
17276
4522
14678
8515
367
7708
6021
11894
4883
12959
10822
2083
13215
207
11653
16997
6829
6585
16954
2854
9288
8513
6026
16550
16169
838
15963
100
11571
13998
4395
6265
10522
9423
5296
6092
4016
6641
15091
4826
14142
12292
3251
8528
8588
15965
2801
13268
14299
10104
11193
14497
6275
3352
9557
5881
10133
7643
1980
9165
8940
9872
17053
1351
17040
5408
14467
14219
5688
7003
15619
515
8575
3339
12841
13142
7512
15407
2633
15785
4802
12257
469
16906
4903
3094
12895
4147
9983
9028
10865
13961
1843
6226
13588
8083
1512
11634
1536
17074
17309
980
15204
1412
8007
4027
14687
10159
15839
6891
14557
1271
4166
3989
10329
12569
11730
17299
7074
9026
4072
11504
5815
15745
11233
6252
11505
17135
684
8467
6746
11393
1968
2028
4369
4679
1314
585
3862
10533
12619
30
1399
15275
11124
7873
5667
4104
13386
15891
15612
22
6232
1927
2535
9176
3247
9938
8324
16777
11591
6552
140
5019
9005
4336
5845
8248
10077
14383
501
5927
3272
6403
7813
8585
6259
13506
6280
3887
5297
10693
4373
7817
3323
7216
4800
1447
7358
6530
681
5235
14821
14554
6513
117
11205
2018
2186
5868
12912
14845
5774
15512
3594
15218
4672
16437
2356
3795
10889
10173
8165
16253
3150
759
1140
6576
1540
10327
10137
8168
2429
16868
8604
16508
11673
16343
9164
16544
10936
8438
15752
3279
7073
16939
8828
16527
6508
8780
2318
9988
5307
12887
7536
6145
17104
374
1700
9648
15728
8272
15710
877
1160
8589
16595
13183
14308
13976
14228
8349
5567
8842
13914
17369
11910
6787
10190
6300
14937
16523
16649
16879
7408
13548
3286
10563
5518
16190
4494
4133
5386
2377
1221
8972
9976
15315
7970
15960
10609
11926
12373
11550
7060
11379
564
14747
6090
13254
2114
7274
7603
7534
7343
11369
12952
8070
4742
7587
9355
15917
15521
1371
12072
6505
9330
12685
14865
11045
1368
900
4334
5612
3113
3
9643
8957
2687
7082
4688
745
5686
2359
10385
12661
11376
15018
5100
12718
9766
15333
1602
13269
6817
3751
8895
13368
13399
7805
9748
7968
365
12331
7586
6310
17118
4915
6932
5528
8380
17288
9528
1846
13604
2393
15768
12708
9627
14802
4279
14689
14234
5262
12057
13797
13812
273
894
12961
16250
831
2449
44
5823
17300
15530
8314
15944
760
5398
14412
11680
2187
14683
2690
3461
15392
9877
10291
3690
11384
13614
16103
2713
7794
16214
11562
12144
16062
10207
10938
8764
9647
12289
10277
14968
6995
11311
7955
9085
897
3349
210
12013
1296
1648
7305
8493
2719
5283
3475
2453
10652
2073
5422
7086
17137
7749
4116
15022
6436
6076
2972
13982
15428
2184
12555
8336
3878
16275
5415
7010
11870
16203
17271
1613
3374
4677
7391
4929
12121
9470
7395
8451
13263
2655
9525
11166
7517
10769
1560
3667
5225
613
13144
14975
16377
9307
11652
11110
3245
8931
7751
3224
13999
15536
2791
16230
10526
9335
4215
11618
5938
14840
3772
4641
3233
4518
7180
16368
2686
9394
17335
5134
13664
17253
987
2874
1727
5236
2663
11804
16243
6533
8407
15470
3448
12800
11705
470
4032
6383
9033
2692
10803
7992
16152
5828
2830
11463
11498
4607
8000
15398
8062
11304
4681
10089
14741
3067
11021
9421
6486
6461
11924
15101
14482
7912
6925
14878
16878
12089
13950
16509
16890
10689
16815
10901
10474
7287
15881
3656
14024
13203
7327
16983
6836
2621
16213
6558
9918
2358
5704
16069
5064
1144
15599
14395
3681
8792
7909
294
6835
17341
8113
15245
8652
5965
6888
3191
5910
6469
10350
13022
5044
16702
13154
12977
11512
563
5352
1857
16174
10847
11803
6567
12267
15097
2902
8853
10132
14847
8315
1281
11660
15968
11507
5323
5800
2051
5935
16841
4973
6111
7997
2963
5648
8522
15636
2729
181
13880
8921
16064
13086
16277
5580
4153
6329
11802
12037
11134
204
8394
2346
13197
885
1129
14759
3784
3315
16951
2541
8554
1347
13823
4620
8462
9871
11706
9041
15026
2136
9049
15647
8944
14661
6298
420
5829
11692
1170
10040
8945
13637
14414
12742
7133
12100
5813
7460
2560
8455
5729
3767
11025
392
1834
9731
2311
1896
8279
8869
5239
9718
12341
13658
10092
606
10469
15791
16958
7589
11056
6224
3907
7406
11490
15802
11249
14089
13395
12352
5179
13083
6759
11029
5241
7913
2596
12225
10274
1993
9456
13209
16886
15567
4306
11721
9471
8448
8876
17375
131
16036
2899
12296
13644
6928
4820
7996
857
14015
11764
8805
7183
14923
13884
10912
1402
14269
182
8329
1950
13668
12081
5666
6087
5637
5701
11458
12159
8265
9822
10249
461
11236
15739
7169
14886
2105
13275
12365
14946
5160
40
15419
10432
11392
1757
16479
13594
3394
14071
14699
7251
5873
6515
11958
864
13557
4900
7110
2728
11575
13836
5743
521
1957
5584
15807
11156
9514
13941
15146
3919
13467
2042
6012
11016
5005
3789
11214
6510
10200
11149
7011
4657
7376
7851
13043
5679
16516
9971
14945
17324
11227
9345
10831
68
4568
13025
3764
10704
17289
2444
1306
7256
3040
9811
13623
13765
2382
11351
13049
2258
9549
13530
7862
10767
7926
5154
1130
4453
14149
15509
361
5317
2948
6380
5048
9685
5204
10181
14536
12536
3476
287
1192
1958
2120
8057
6214
5846
12866
1107
3747
13077
11342
4310
396
16737
10993
16463
4587
14203
762
1163
12579
16712
6378
10705
1183
7371
16271
4022
1704
3223
15157
4481
2040
11196
10406
12812
1847
1748
15126
11462
16164
14961
12488
9078
11668
1664
16349
7052
9870
14761
9754
14138
13712
16570
4719
6339
10997
8255
11221
10728
8936
13404
4766
1930
13322
17080
6257
15532
2399
14129
1419
5155
12693
13241
503
6614
3650
6330
837
4495
1475
4239
8965
10871
8075
15356
5384
1020
3621
7944
3141
7592
9238
12793
16797
1844
5986
3183
3555
2090
11699
10808
842
6404
8166
9158
13333
10413
6507
2614
13031
4036
1312
9133
3452
4132
129
1588
12137
8566
1437
14370
14771
4588
7294
1741
4539
14947
12063
16577
15134
15200
7748
17161
12817
13531
12712
9493
3966
9478
10961
7263
11771
2408
6593
15948
15448
6546
1566
661
16420
4723
15516
5614
9962
3005
17198
4519
10106
8209
10632
8682
7557
16049
8915
8221
13347
285
1348
4297
4048
11165
10562
9637
10123
7803
4121
9303
66
448
10558
4079
14304
679
16966
1485
14324
6797
2879
1684
1758
4382
10167
12504
16921
6077
530
7842
4617
17336
124
16859
9610
16007
2027
4353
8309
8111
10323
17275
15998
5251
2312
14061
8725
1193
5472
3720
12883
7218
8532
8103
892
11076
14917
17227
11433
4311
12545
4739
8220
10459
10148
16697
13024
10550
9025
17084
514
14707
14408
8081
17355
16485
17027
9546
1942
2058
11004
2101
14084
6696
6008
11956
7789
3593
10401
13162
8716
5244
8475
537
4837
169
3663
9812
1445
5681
9721
9739
11220
14285
5559
322
2904
5691
16962
8478
16935
677
3519
13711
12659
5270
11489
3527
11464
4555
14121
6781
13494
7533
10791
6163
10888
6269
15033
4905
4759
2739
10197
11869
5746
12770
8480
4236
4418
14585
6751
4484
694
6900
17031
10334
17150
10143
12829
4191
4059
13061
3515
4868
7972
4169
9024
14502
15080
3928
4219
977
17297
4970
15603
7834
3376
14095
846
4749
4392
3796
16388
13878
8996
14796
15405
5890
3311
13218
16693
9334
3365
13980
2214
15009
2921
17092
6412
4904
10366
16903
11724
3935
15276
10670
14127
4957
10867
11651
15850
15174
8164
9934
6753
5313
6700
1845
16765
11513
6115
15548
4080
15915
14316
6514
10205
3817
2931
11457
7890
9404
4828
11073
11566
893
6616
1698
10876
7350
2780
5211
7213
6059
7151
7040
9759
430
6147
11883
6693
8457
3416
17325
13842
8685
15254
13890
14887
185
500
3592
11164
14564
12649
9500
1832
12410
15795
6564
14447
12027
9888
8371
13642
11744
14598
18
10468
4675
2967
10903
8410
149
7114
6856
2568
7271
12888
13562
4578
13667
12093
6535
4611
5065
1019
2068
10227
8032
5341
5227
8813
9249
7739
11774
11536
10813
5655
12592
1814
4198
4180
4031
8754
15123
384
425
2763
2428
15064
6917
14050
10515
1674
11290
1997
5322
3336
16690
12728
9262
5097
17285
12028
3746
14055
16518
8076
8925
16496
12249
12318
4939
12262
7917
750
7796
17015
5358
3159
15607
818
14168
5146
14591
8136
8450
1155
12080
9892
1274
6067
10480
2767
6134
4300
17334
10723
6858
2387
995
2805
4993
11739
13517
14873
10108
1126
15372
14360
10793
2274
11776
1041
2174
11422
10656
6462
3140
14207
8665
2529
11148
587
15720
7098
186
5842
8116
5839
4859
17097
11667
4165
907
7336
691
12172
14401
2077
7261
9927
6444
15189
5951
5205
8093
10064
6620
297
4502
2920
12154
6699
12295
13847
7820
9950
16389
9828
15587
2962
13552
6249
6302
8801
11312
5335
16024
6509
12339
8628
9006
11426
4305
2971
7825
1867
14532
10954
9140
12126
11775
3314
12106
10030
6646
125
1577
4538
1153
3407
15952
1489
5634
819
4795
6316
7072
14032
10128
7878
1767
11740
12694
12787
9066
1125
4229
14167
1836
2809
16335
5750
5552
2425
2628
13055
5086
17020
12743
201
16980
171
14473
731
776
15036
8095
4196
17232
8304
1519
12356
7239
7768
14474
829
10158
942
15648
4005
1794
16153
12195
1679
4094
12638
4596
3689
13639
12247
10113
15028
6431
4595
16459
13232
16950
15153
7675
2507
8287
6306
12760
3883
6777
15677
11595
15239
6720
5169
1284
10448
7312
5980
16207
4431
14162
11059
5945
4618
6495
12409
10149
13173
4251
5695
8556
5930
2839
1146
13940
10743
4403
13987
4001
1976
7232
5990
9605
14479
10251
16314
3655
8871
11495
6349
7804
236
7854
13698
8232
16468
5196
14883
12988
16995
7128
5137
11058
10392
7111
9016
2813
957
15930
8484
11907
7145
5373
15
7418
3547
5794
13094
3006
12703
1640
3955
11131
10506
11386
7407
16810
5512
4023
7006
8412
2170
2748
15553
4012
9660
14893
4509
6732
8572
14033
7106
3409
8629
13105
6326
13299
14404
13619
8333
7334
16703
3148
15824
12051
13363
12811
336
9382
9666
2056
6445
13250
16447
11492
1670
2769
6583
9884
15416
10306
10940
2966
9123
13714
3234
4664
8720
9107
13348
13367
4574
8622
4627
1287
4775
3212
17075
10927
705
12118
14573
4298
14760
2677
13428
10296
497
8735
13166
6540
6418
17191
2658
1671
2209
3330
10397
839
14094
13852
12227
14147
1091
16818
8485
1137
55
3613
157
14569
14343
3649
7269
8689
4527
1010
5494
10973
9441
12238
11836
7711
6
3332
5138
13123
5318
15490
13357
3836
14962
17140
15534
1636
14708
913
14238
5857
5522
4414
16835
7670
407
13302
15402
555
11843
3388
12347
17048
1340
8816
797
8225
9738
9883
16321
4159
15205
11767
5864
14209
2855
13356
5521
11913
13126
14853
13327
5596
17116
10885
10494
12643
10315
5497
1571
9994
3046
11033
15302
9972
13505
12083
8379
1101
3319
4722
13964
14262
4197
2266
15086
9841
6726
16499
12127
7491
3863
13705
9439
3697
4744
4464
6706
14372
15078
6511
5053
4961
16366
9906
14716
11508
9469
5732
15044
11725
5491
8579
4661
8911
1964
15361
968
9166
3338
2782
9773
6506
12560
494
15201
2261
437
13109
5047
7575
6379
10626
3639
10310
15623
9993
6668
12996
3076
5933
7167
6786
1982
327
12070
6112
153
315
385
11610
2549
11292
5445
16710
4471
10559
1294
1267
4028
17195
16015
1730
3149
347
12533
5604
1236
7980
3070
17043
4625
14381
3658
15140
6174
13674
5153
6553
1416
9290
777
4427
13446
15212
654
3607
3015
16470
5195
8795
10314
1261
8263
8880
4813
9389
9375
2362
3724
7509
12893
6152
13905
3626
5814
15579
2203
11700
16191
3734
4376
14332
12494
2639
9966
2576
8021
13844
2210
7314
8756
16904
13545
7130
8509
10211
11406
15781
13479
13643
5953
8644
9530
6674
4640
6351
9615
8836
13158
16902
11395
1998
451
7394
1149
765
6281
7034
2520
10814
2100
14278
2124
17132
7908
15845
1450
540
8205
10768
12846
1015
14362
4140
11502
883
13253
13591
13464
11641
5163
9992
1292
4629
4045
8608
2211
5975
83
15665
28
10110
12105
8461
13332
10461
17153
12479
15366
1208
14499
11757
4364
3003
6551
14369
4247
3482
1059
2046
5148
6791
14385
3486
16566
9146
6414
13374
9908
12727
15010
11765
16150
2283
11578
9719
13383
6003
3917
15311
12499
1663
10382
8346
10071
13288
3016
12003
4895
13521
15955
6427
8980
10139
4424
11040
10634
11670
9680
8300
8661
3230
9424
7709
4487
6390
16524
1781
7764
11847
12995
15136
14214
8636
8347
15497
12239
14679
10578
4209
12132
7988
156
4428
7483
444
13382
1392
3576
1853
10171
1120
10596
8171
13161
3524
14458
1607
11791
12156
15267
10983
41
15265
311
2509
4263
15703
12675
11644
8216
17187
13107
4943
9284
12223
1465
11153
14161
3186
17049
1637
4182
2756
16812
13945
15324
3980
1017
1875
8303
2923
10990
4776
5878
593
5103
5657
922
2372
12043
60
8829
820
4250
4825
11291
9659
11430
5050
10825
6001
2563
13231
13072
12931
17185
1056
12022
6184
8217
10439
12969
219
1543
1089
16111
531
4246
10497
14653
16988
6813
872
8393
16521
8789
4750
11516
5439
13683
4660
4366
14525
5543
6948
1229
10817
6101
16734
6645
446
335
7067
1880
10488
5115
2320
7619
13553
3921
5051
15717
2430
5595
13257
4443
7973
11974
10068
1532
15570
3490
4639
8747
10454
133
5755
5721
14633
5210
6953
12940
12985
10095
16081
4863
16405
16427
16525
118
112
16442
5113
3299
13818
3610
12138
3071
3104
944
458
12146
8433
711
13119
12319
3173
8773
13249
8766
4449
9007
1646
12658
7845
7703
5958
346
1833
13635
11039
13584
13300
7233
13781
9958
11722
16063
7669
7936
13647
12839
6977
10332
5268
10673
7865
16397
11769
13522
1735
10258
5040
10812
11300
10619
15415
934
3101
3677
11171
3342
3222
12515
2106
7798
13481
14441
8702
10215
15077
9112
12157
16429
12623
17364
6577
7560
1372
10591
7066
7397
11476
468
7558
14193
7663
10519
887
1547
14785
13278
4654
11081
538
14880
15882
1167
14068
3048
7799
2360
3972
2478
3896
16456
2412
8440
4295
16597
12805
6623
15120
4358
8858
4363
6875
14348
12471
244
7712
17311
12384
4304
1539
11129
2045
13840
9995
9455
4110
3029
10317
8018
8189
14379
15482
10250
10014
10162
994
6061
14353
2310
2365
6360
4493
989
9442
6671
16926
12564
5717
11676
15048
14365
1852
6319
1649
5456
2907
13473
14791
12056
16057
14303
15863
4577
16130
2473
15622
2401
1908
11820
7716
5290
9343
1580
416
5475
7729
5880
12207
6478
10845
13978
17261
2455
645
2060
9913
4964
8155
7337
10886
6277
599
11697
7680
3665
2947
6454
9453
9416
8930
7900
9967
9585
3112
16651
2530
12867
2812
15102
7879
6216
6421
9285
11203
11961
3780
137
15093
7998
15068
14393
11439
4562
13405
3830
6082
12789
14967
7875
7750
1139
1839
1249
5485
12598
9634
720
16406
15831
1744
12606
6796
16212
14176
12124
11061
15760
17281
9400
13452
9312
5786
997
11259
13429
2116
11180
12917
9740
1421
2031
5529
1247
9181
10835
15575
8970
2800
15233
16058
2475
14438
13286
11415
13256
8861
4009
12885
15822
5424
14561
5029
2011
5464
15514
4131
15433
6044
1361
3635
7744
5737
13141
5799
10680
2536
4350
14881
1067
3648
5610
17265
4349
2240
17013
7681
10697
2082
11821
988
4725
237
6725
5977
8104
9797
2889
1480
13222
8012
14563
16078
16621
716
809
6878
11626
602
17377
1401
115
14194
11947
6815
10872
11343
3171
7449
353
9946
830
16221
5175
9579
9121
8187
13385
2154
462
10290
11525
779
11499
7545
14629
9144
6313
10892
8768
10120
14549
9027
5921
3204
710
3615
12637
10718
13217
14335
16126
9145
13276
14635
1992
12288
16778
14387
8811
14421
4202
3912
5203
5380
5576
7448
11515
10896
4417
11019
5514
1466
13439
14185
13910
15869
12582
10508
6537
17330
7939
1299
14450
6563
13771
2182
6719
7687
9417
5302
5636
9833
13220
14199
4864
8054
13309
7219
15992
17255
13792
7561
16555
12240
6108
16927
13240
7254
12668
7954
8108
8740
10203
2534
16198
8239
1854
12354
2281
16123
16528
6754
4834
16721
15054
1590
3285
2864
7392
14274
2388
2278
17370
2034
10913
456
6217
13784
10303
16788
15680
6477
14041
16158
7204
11473
1087
12635
10584
8578
9405
12497
89
1452
1620
14049
9395
14270
11378
7093
14468
15916
1966
14655
2161
963
6320
2419
9314
12074
5502
10378
2392
1176
1531
1537
769
2275
13216
14859
11826
12538
3058
15071
14243
14849
16552
7446
5417
9639
5727
2328
4491
17183
7138
7108
3085
6603
16127
15788
16554
17221
1350
4004
2168
4313
3478
13261
6335
7002
5423
9856
5649
8918
5289
834
3480
2894
6660
14666
1740
14225
14980
1603
341
2619
7210
3503
6094
952
13713
11842
6828
870
5394
14476
15180
10036
14337
11585
409
4372
3793
17293
5705
5854
7809
4015
9242
7044
11785
508
17314
9522
11283
13702
9072
4963
13145
17182
6844
6175
15816
12771
5338
14247
5950
10518
13264
11364
9960
4200
5074
1257
6121
11690
105
15125
5872
8082
15417
3833
192
7827
16998
14871
10232
13685
14046
12568
9128
4338
15545
12835
8706
3213
6150
13778
4779
15748
16657
16965
14888
10347
8603
4237
12816
8334
12652
119
7714
7568
13336
6372
8529
13597
7279
2740
8276
5962
7573
1675
16436
4958
14105
8683
8563
8027
10313
12558
2226
3761
12444
778
6534
7272
3472
8099
9266
4922
7549
7569
7639
5018
12554
11543
4570
344
9829
2246
15020
11089
13358
2627
13656
8449
5452
9497
12910
4354
1557
2814
9342
13573
5218
1439
8640
1436
15059
10476
3548
5874
8013
2566
13124
6874
5371
8428
17058
9606
12750
3757
12194
14334
11035
10021
11612
2297
16763
4194
14396
121
6649
1892
9379
12706
11459
902
9509
5025
9893
17344
12167
6809
14812
3753
11008
14672
14948
6245
3214
15040
10125
6081
7511
6365
4035
10371
6409
12749
598
5882
1049
16856
6422
17366
17266
17291
6271
7965
107
1689
16610
13466
16504
16532
4801
12293
16074
12256
541
9240
10778
5207
14222
10976
9061
3023
4517
8643
7293
64
11215
15161
3210
14843
7268
6179
1842
6785
389
17133
8088
9328
15877
12677
9207
6681
1706
6221
9433
2845
9701
12971
15116
11271
15610
2314
4105
16035
12143
7631
13
3775
1043
10890
8732
10415
5984
10027
4018
8325
9914
15907
14891
5515
9544
16301
5056
16004
11301
13160
8010
12870
4560
13450
6584
13733
334
14527
5178
2699
10543
7815
5550
399
13460
4843
1302
292
7510
3882
4878
2081
4252
9310
10819
11228
9267
9271
3908
3410
888
5510
13606
3805
13064
3346
5230
4139
1593
16759
4991
7249
14027
12648
11231
12038
376
670
15264
9569
11418
16723
5742
17249
647
11349
15565
9427
14515
14670
11408
4046
16507
12277
12067
9535
14774
3717
4793
3859
14907
5970
15759
13293
16572
15374
12047
7698
10335
7075
8044
16370
16941
11752
15271
13567
3517
4061
9804
3629
5712
14016
12274
14416
14979
17204
1498
14139
3716
11169
2406
9782
2341
1326
10884
7795
5972
10539
8481
2219
3888
10786
1535
6690
4803
9662
1111
2946
12970
6733
8942
1681
1544
4598
165
3998
9376
7850
2457
596
12608
3530
9440
4331
15122
5546
9886
11098
7612
2871
8143
14392
8167
14429
16975
15135
7164
6970
8305
9949
1931
7642
14466
13510
1468
9668
15765
768
6818
17064
15940
3012
4674
397
16068
11604
2957
11222
7726
12133
13672
12593
4516
15836
2497
17149
3189
13688
6838
3382
16717
17233
16674
9621
15449
15130
12929
16179
15796
13245
6752
14691
3544
9590
11390
16146
3837
7731
17363
8391
35
8469
4175
7048
4852
11919
13907
10624
6538
3364
2146
3993
15362
14926
5506
11814
17270
2335
160
3814
16963
921
938
3766
17100
9861
13310
3974
8822
2153
8256
12700
12722
498
14770
352
6089
14491
6382
4833
268
3806
12791
4314
13649
8833
12594
10694
9824
2002
16399
2742
9620
17188
3725
13457
10910
9350
11339
5677
3603
4470
9149
11517
4584
16653
12361
11889
7170
6532
14634
4792
2784
9385
16858
16578
5734
2866
15705
250
2097
886
960
16092
3943
11993
2696
9038
16679
620
6997
10592
4649
4092
16018
13694
2926
3092
16426
10860
1614
8987
1393
16512
1572
13621
7347
15005
8562
12809
9349
15169
2667
1900
2285
12419
2986
13926
4312
2599
10400
11136
6934
17176
2811
4899
10859
3100
15742
7864
3679
15075
11720
11844
13130
1615
3451
13786
16960
10193
16154
4893
14233
13770
1653
12542
10289
2783
6228
10510
1811
9466
15844
16132
330
4058
13903
9260
15699
1795
13490
10445
8097
5538
132
17119
6881
12391
8995
421
215
1746
10300
4768
2759
2355
8670
13684
6987
10630
1110
13127
5067
4844
15363
1732
3864
9640
8184
11930
7743
15920
16828
815
12039
549
10395
1426
5513
7124
13448
6028
14172
2707
8072
15381
16637
523
16824
14589
11661
927
11982
2188
3473
6837
11176
9987
11980
5819
12719
17231
13477
3846
8514
12255
9527
13699
1121
3235
5091
1303
12955
11086
14184
9646
6589
4081
5489
5999
15403
9681
10411
6149
4478
12975
3209
10852
2451
15067
10676
13593
12966
1009
881
11795
5504
6321
15456
7432
11807
9299
15290
12182
467
17268
7019
4274
1063
4134
10716
122
3979
16285
10398
5425
12099
4450
13615
7929
4337
12689
11941
11428
15263
4174
1308
14609
17229
13417
14436
12921
931
8656
459
9689
5801
4789
3081
16465
12879
2718
10799
3580
3412
4011
3596
3826
1622
1150
9254
6093
5188
10234
11168
6263
7228
4319
10391
6292
8114
4258
1162
3620
15159
6425
13349
15444
15192
10409
17376
9816
17029
4375
12524
11472
12487
1777
2183
8218
16093
6606
6985
8401
2396
16655
218
16881
8968
11743
16042
5101
1427
7776
9361
4386
9174
9631
6384
4162
16746
9160
9520
3688
99
11226
14764
12617
7514
16589
9832
14023
13749
9261
9234
1677
13568
14828
4187
8779
2637
1378
12672
6636
5790
5767
7071
11288
9173
10661
8979
9114
12076
3485
4762
14943
5072
14933
14045
12682
10379
8538
7308
11925
2593
4410
9490
8552
12859
3309
10862
7488
13080
14347
4293
10087
3239
1643
14530
8382
4017
10917
11150
3453
6528
17072
5459
627
10479
15329
6079
14644
1073
557
2724
7096
2714
15640
14053
11630
6255
8660
8343
10109
14232
2470
7636
1533
16736
3726
15292
896
17056
5869
11028
12823
4926
15840
15096
15517
13338
6455
17152
8830
11191
6832
12729
10016
9846
7617
16193
17112
9584
1377
10019
714
2472
2579
2017
11272
15030
14596
4069
6775
14433
2771
1918
15393
16364
5920
12819
4014
14294
7462
1364
11538
5976
1092
4435
3737
597
10088
6058
12715
7994
12520
9650
8912
3742
8341
8261
15946
560
16837
7761
6631
11183
1658
8053
7464
15220
3477
5939
11198
15481
4039
4446
1165
978
7414
12062
7091
1974
14344
5363
7415
12096
2197
12884
8964
3261
2194
9118
13050
15346
5156
15689
4002
11421
5379
6463
8392
12856
14039
11810
4524
8542
11414
3877
434
1731
13841
13151
7252
16579
445
14647
4436
2528
4997
5802
13949
13919
13301
16573
13825
17078
1332
1592
14280
12987
8731
16592
6196
8790
11365
7626
6922
3383
3428
15558
2486
2524
5454
6113
8068
2711
13335
12231
13913
38
8849
11246
4294
12459
255
10836
270
10204
14950
11825
9110
14217
5310
16226
5391
16867
12595
12113
16242
4024
1676
12530
17095
15976
4074
6164
5057
5455
9042
12521
917
2378
7616
15562
1665
8241
4322
9771
13387
5658
9279
16234
1251
13239
13875
10039
8226
15109
6565
1430
6118
12825
808
4839
6180
8938
10722
8909
5495
8825
3197
303
313
9432
5094
8436
8535
10671
4884
7720
9127
3528
15286
13150
8109
2269
10582
8470
17062
9644
5752
4051
16728
8738
8311
1268
13849
7935
14974
15576
7156
7963
4847
3765
14058
5085
7456
1119
10018
15498
9657
14934
1369
9253
4042
4726
16982
3931
12188
8323
8019
1859
4339
1541
8206
1634
3611
15999
6215
16267
2225
11185
3381
4666
5535
11355
11794
8626
1902
14517
5284
10612
2779
3708
4794
16365
10072
7895
7035
9084
4911
15582
15364
8472
1977
15377
17349
2983
1828
5855
10800
11544
8437
5830
8856
10637
12906
12061
8728
14437
13871
4550
14964
15531
4914
17356
7983
8837
10037
3055
4114
16751
13002
195
9941
10654
2007
1524
10384
2584
14006
13081
2734
3049
5265
6780
3730
6569
11450
10146
8458
11023
16145
8293
15613
11455
8332
3031
2212
3771
14361
13813
13339
5240
11332
8743
14830
5603
13718
15726
16870
3024
8973
4390
14271
15631
8850
9065
14311
2216
12783
9774
6066
12614
5793
8649
16014
11939
10766
17246
1885
11696
8658
12110
4021
9263
13873
7564
13807
3762
8962
12548
6873
7485
4415
8531
6209
16977
1878
10747
15404
7717
10944
8268
5112
1916
9425
16537
8694
12732
16696
13691
16394
6961
10388
2178
4397
7439
162
7876
15675
13267
2347
13065
14052
10774
7824
12221
16324
3612
13475
575
9229
12502
6678
1680
17189
3348
4043
4752
1269
5678
14181
7632
6387
3163
6185
15687
804
9467
14518
6127
2548
1459
13899
7922
9882
13867
6471
603
11182
2804
13612
1954
4780
4642
13513
16411
15540
14253
1597
1026
9823
14108
2421
2316
6659
8031
11305
770
15838
266
6686
1004
914
15291
12802
6332
13607
4085
634
3151
14171
11862
2821
7887
15181
4659
3851
2657
16558
15502
1025
10263
6979
4299
15624
6741
16687
9671
10842
2990
9060
14008
7977
4010
7310
1320
6487
5694
2326
7142
725
11759
16384
1413
16624
10792
10717
7581
5222
13626
13170
1070
697
3120
4732
2500
11885
16328
17190
13535
17357
4412
7635
3437
11793
15469
14113
2381
14352
6886
5183
10870
16019
13590
17141
13129
789
11047
15240
16222
10830
7932
12294
11850
3870
14221
6743
974
1626
3460
9475
3975
2107
7692
7026
5401
13316
4189
5911
16124
10725
4218
14320
5632
13096
8182
10974
9322
11756
5961
14157
15006
7118
11983
9669
11287
7940
13392
588
16197
2009
3219
14155
15440
452
8633
6975
614
638
1408
12511
13979
2733
8620
4647
7001
2173
4474
10621
702
14920
9826
6967
1179
8831
1949
10431
1127
15058
13911
10829
7871
9070
5982
13491
13344
3317
9651
9156
362
8447
206
17070
343
16148
11964
9896
7647
11274
7468
1077
9521
12372
9476
16295
13237
9264
13011
326
16369
9076
11113
9258
13956
6352
1376
10163
9940
9664
5346
14575
2236
16265
11952
16272
5574
12772
10253
5487
2774
10782
332
15308
370
12152
6385
14465
6096
15953
1491
10239
11100
2883
11278
6927
8508
1235
9595
2001
3873
14664
5016
7937
7367
10734
15566
2650
4533
1868
15694
6816
674
15437
7993
8937
15024
2415
2439
13372
8868
882
4769
17086
7355
10462
3136
12514
16684
12175
5285
11944
13856
13421
5107
16284
10681
3987
15661
17130
2263
417
14916
9326
7844
12006
2977
8659
15830
4898
5332
14808
1661
3893
15298
14257
7422
5140
10477
12421
475
6322
13610
15282
1595
939
1952
9120
9704
11598
16689
3994
4865
15733
12163
8213
15350
16591
10849
1310
13246
15924
13833
7416
8582
2978
15488
13963
16766
11633
11211
1158
15272
7214
9351
5114
17263
16119
4967
1173
1720
9854
10236
10301
17303
3911
6250
11529
11683
8052
11747
1423
9565
13719
12923
2953
16046
16918
8594
16487
6494
16173
14837
11223
14978
6037
16066
16162
2369
3143
16519
11905
2644
3597
4602
10484
12032
5403
12334
9116
6504
3874
10724
4073
10911
11159
15082
6539
2414
5676
4921
5957
4796
4327
2482
2021
16865
7
12396
6441
9126
9306
15580
14022
10537
10419
9503
4508
1826
5288
3122
5792
13923
17234
3984
14125
3355
805
4317
2104
746
9912
8080
16077
12491
522
2221
7348
4535
11984
3075
8679
13206
8149
16440
5545
9321
4267
16451
197
9390
3799
12651
12169
12777
10523
7244
556
16667
7495
8369
16838
15629
6047
12375
7356
11779
12244
7007
732
10242
4120
16706
1611
1564
9925
4841
2480
10333
11857
12873
11080
10080
13359
7085
12327
14014
16604
9973
12349
1134
111
3879
2023
528
9044
10281
11452
10460
10188
836
12631
3403
12345
14694
1609
13564
263
8717
16248
13995
10005
11158
12725
5735
12439
8974
13679
14789
7345
15990
4806
3430
1708
4566
5810
3963
5282
13133
15847
16480
3195
9712
13746
17317
755
16091
5024
5471
9709
15049
8730
12541
5519
3077
8134
7590
393
4098
11917
17177
11599
4912
2629
15789
15408
16227
1200
3839
11848
8668
11377
8791
3275
4947
14706
2180
13270
11537
10355
667
13839
8387
16037
3051
15293
3525
8500
10178
8543
1581
12767
6974
4192
6846
13682
14809
11613
15297
5870
7134
15714
9955
7897
12071
4880
9817
1386
9184
14363
12761
6301
16584
10418
10237
11497
4388
3167
16673
8923
9392
6523
6309
15226
14972
11329
3769
4670
8624
2700
15962
4746
6951
9663
6650
12848
14868
9276
16945
8810
9059
7746
1264
15168
5936
10748
605
15561
16210
13476
1295
6325
11361
12747
15524
3507
8172
3358
15128
2049
13228
15351
660
5145
15601
16120
7856
9449
644
2315
13052
5668
13857
14031
15446
8197
2165
13596
12622
1510
1057
1079
3435
9777
382
9694
10286
7494
4144
1454
6131
93
2288
13887
1098
10169
2761
1893
4408
12528
17174
14976
5174
7830
4831
10041
13318
9171
10714
3080
15806
15736
481
16978
9697
1355
13112
6765
1601
13426
12201
4400
6658
4586
4460
3696
14040
16611
11918
2508
14154
9228
13403
2905
4709
7136
13415
16486
1502
8117
7064
8707
6954
8922
16707
10848
949
4325
286
15643
13780
63
12589
2550
11154
5353
7524
16647
15657
5670
3433
11920
15196
8999
5119
9922
1478
16241
2252
4573
956
12954
13892
2043
10869
11763
8963
7247
15967
3624
16931
9691
8736
14772
8823
15947
10710
2253
9911
10503
8884
15889
17244
4735
264
15825
7018
12814
4261
17102
10556
1574
15513
8722
14605
8223
9040
12574
7930
1424
2668
7853
8848
15734
10351
5066
15344
5566
12974
9964
10218
1534
6007
3331
11018
14004
7910
9269
12200
4772
2816
14107
1914
8100
7525
1821
13886
8193
2202
9294
10189
12211
14524
4451
4669
4356
1248
3895
12243
9498
16700
10017
10687
17361
6963
3573
9286
1305
832
16831
10405
15400
13932
8947
11897
7420
15143
4488
9596
75
9248
6057
5340
15395
9137
5909
8331
7206
4223
4393
13663
2331
15507
7915
9764
12634
1747
13750
11955
15541
10941
2164
16012
1809
15849
14981
12101
16452
3004
6767
3703
12202
13541
5089
4065
14690
16628
11797
12394
7548
11830
7275
6010
14112
9265
1262
4576
9122
10908
106
16715
15746
14097
6898
13454
4569
4461
1951
15019
8344
1417
13018
1327
5713
6435
724
350
4861
12168
12476
11268
4729
14755
6750
14508
14242
16887
14123
4756
14298
3474
8016
6561
3446
13056
10012
10047
4829
9090
9784
15147
7172
15413
1851
10998
1995
12015
984
6388
8676
2636
11574
9794
449
8426
4515
7841
4520
9792
11012
2498
13652
9796
10662
10706
15114
7721
8663
2565
7354
15023
2653
85
13764
1790
2825
8885
11055
2374
13951
9809
2084
1102
2835
3282
15589
5923
9357
1965
5008
9560
17238
15213
16803
3841
14908
5960
8281
82
4810
16844
4497
3425
11465
1084
4157
5003
6601
10056
16252
1518
14509
9179
14612
9093
11486
9539
10442
12539
15076
11880
13756
13896
10022
3467
108
9551
3918
16675
1483
15259
10899
9683
6554
9554
16771
5940
11654
6826
10383
12446
13384
15039
8719
16311
14861
3109
16984
6289
11213
9384
13282
15879
2789
17302
7506
581
4954
3913
4102
8038
655
3237
9190
16297
11675
4523
5478
16165
13986
5808
16331
13409
9897
10914
5912
11179
5602
15858
17026
13207
6670
15389
6453
2410
10051
16724
15975
6684
9746
3182
14823
13795
8153
1925
12615
11192
2096
5007
12415
12192
43
6091
1094
10485
15650
13085
14775
5500
10707
2544
13463
12578
8662
1548
9589
4396
4107
3682
12213
15268
173
3605
6123
9869
9045
14890
15961
16021
14852
2110
3763
9056
12882
2897
17126
13163
16662
14715
8342
692
16031
17173
12414
17206
15011
14399
4003
3501
14394
8669
46
14205
138
11475
12676
14620
14935
6287
1612
15757
17014
643
2248
9291
10987
9930
9714
611
8351
926
3824
14778
13248
13093
6851
8106
7925
12983
15496
12484
4860
5351
1745
985
13602
15885
52
11872
4283
11923
3673
10407
4851
8151
6762
1477
4616
15985
6969
4270
16304
2190
155
7430
10883
13073
488
8375
13927
11873
8951
13307
17243
2441
12944
7800
3166
7742
6136
11890
12967
11282
4365
7958
9000
8576
10611
14328
8721
4176
493
1725
14743
6607
6428
5895
17350
11714
10981
5039
10606
13566
2053
4243
12973
1370
15155
3916
15874
5303
1955
15152
5201
8466
15684
5389
6144
13076
3969
9187
17278
8908
835
5220
3499
17242
7880
5228
9488
11957
2533
8799
3898
13191
15447
15928
8024
15330
8474
11689
15538
11989
7730
3489
2540
13400
1635
6749
13419
6346
15113
1028
17045
9325
512
4118
2479
10353
14021
4207
455
8352
1733
36
4332
13108
1701
14159
14544
13323
12881
14697
11657
5697
11686
12025
7421
7211
13211
9655
9204
10770
10935
15678
9711
3027
293
272
3779
12781
7298
9347
4504
4167
6525
4245
2981
17323
8236
11587
12390
2149
1342
15653
8282
13633
12161
12236
16184
5393
3712
4113
13147
443
12844
6760
4689
2160
16930
17315
13255
10081
9237
12108
3815
6728
14345
8590
7175
10552
2749
2290
4269
6456
8051
14582
4701
8929
2282
7024
8894
9516
1206
10810
1739
16760
13330
2010
8924
7877
16419
10787
14170
17352
15590
4862
14145
11160
7689
7409
10643
11567
10763
323
8539
429
15144
1891
2823
14960
9043
1726
15164
11152
3208
6114
14461
13821
11020
2121
13291
2332
8696
2257
17273
3510
4809
4597
17030
16780
12990
7197
4389
15923
969
9878
5450
7823
14676
11389
13329
10417
11427
11688
4457
9132
4357
16010
8078
6794
7848
12180
8688
1136
1039
9206
13514
13017
16477
8593
13047
10427
11650
5926
14218
7266
2551
9063
12285
14765
6039
11477
17304
12305
6447
10854
14510
5257
9019
578
15546
6055
1642
5345
6366
16794
226
5166
5959
6885
6705
14909
4108
7105
8724
4171
8425
6555
3739
401
7541
13523
11409
12588
15249
5292
9300
471
17351
1513
2511
2616
9684
8900
13437
4869
6340
11078
2615
16633
7157
12058
7068
11698
11354
5267
9820
6468
16200
9022
10759
6135
3356
1166
2384
4636
3312
17286
10856
7193
16282
4210
3032
7152
12395
2458
5182
4946
2516
16776
15588
5255
2522
10057
11559
13041
5928
9447
8510
8544
15977
6452
3059
5795
14245
1505
11474
26
9089
7894
6242
14287
9997
14346
12317
9687
16438
8967
10963
17094
15073
16355
1773
11360
13736
10292
9969
6015
11866
11824
10900
14418
16000
12364
16999
16901
15179
14378
10752
13585
11052
13140
14922
5139
10348
7084
10299
8359
3552
13754
3434
7237
13067
7918
15007
12714
12381
5197
10038
7658
15749
16907
4254
9111
4276
8657
8404
12357
15137
3288
9677
9275
9838
10695
8710
13583
8278
6824
5279
12734
1848
3063
11181
2810
9968
14572
8564
1081
11027
3561
7928
7735
14279
7818
15569
1798
7893
17305
12431
4563
1335
5406
8819
7381
16435
12744
1143
8763
16281
16393
6497
11162
3074
164
7291
607
11199
6559
3138
8152
6736
260
6527
12226
2778
2527
13287
930
14240
635
10118
7121
2676
9980
16502
16450
1313
12041
11902
13143
11860
15095
5974
7384
10062
3768
16602
15342
10050
13016
17180
13260
4763
15921
10712
9937
4832
3306
783
13194
8627
10571
1923
4785
1078
2489
8727
1397
6503
13070
580
16455
5327
547
3377
3706
6331
664
16949
7015
2157
2205
1118
12082
550
3257
2364
14432
14534
6984
16711
12103
6341
2228
13657
13152
7389
767
11664
4977
17322
12688
7380
11773
9251
12109
10372
8678
14400
10943
10213
10921
14380
13462
13396
1869
5458
14288
12957
13753
1194
9851
2099
2873
3559
5180
5109
11448
4608
536
9182
1820
15591
4019
14464
8395
7705
15753
1362
9480
14034
9979
15724
16790
17121
3008
5779
3228
2403
16652
13179
5558
1506
1487
5466
12173
431
2900
16105
6609
5905
15655
5319
14570
6582
1631
11344
11074
8460
4253
10753
15234
10587
16133
16891
12678
4976
15943
717
16505
2949
2336
5664
8290
5633
14705
12272
12766
1157
10320
2807
1431
16088
2155
2732
5135
15982
10602
5858
2817
12852
8782
12336
3115
11753
17239
6965
14124
15966
15430
9465
14957
11250
2267
9633
3283
533
3715
8159
8142
5261
11346
8709
6415
5692
15908
14590
16109
12252
15597
16495
4285
4088
11723
16956
12935
15957
2581
845
11375
16668
11072
15713
8596
854
12854
3270
3853
6071
11628
2103
11693
8230
7190
3940
15899
5929
12116
15376
1530
11856
6662
7500
3496
4857
10875
734
13777
5991
7542
11852
9189
15686
9920
5730
7699
4416
8698
150
16229
17059
10279
9100
5320
17003
15420
10157
4193
10295
2111
14592
17306
6703
16770
1207
5659
4411
11068
8215
5971
10067
1647
9867
7840
15484
10452
10864
1641
7030
15581
8161
2438
9814
871
16423
511
16131
4542
12090
4858
12426
321
7701
15384
1771
624
16882
15535
14440
15038
14639
9487
16900
3647
1960
11279
12438
13079
14449
11637
11568
1060
8406
2308
996
5862
6161
12857
474
10114
15360
10967
16852
8065
12702
12320
5010
12299
8479
8760
7087
11470
5325
3632
3811
14407
5432
12196
3900
14846
4758
5337
6669
1991
12273
4890
3736
11442
15919
6072
267
8745
2446
15328
1076
10443
2363
15892
1938
3218
14688
10309
5531
15002
5409
12642
16834
12055
5906
12385
4341
12117
16404
2982
15730
9463
3178
10257
14227
3033
5299
9501
15563
13377
12440
14721
17099
12493
13659
13082
13188
7262
8976
6442
6847
7633
16086
15145
14864
2706
16836
2307
8982
8821
4541
5142
5349
7181
11267
4644
4264
2487
10172
2424
14580
9608
2752
7020
12801
5181
7017
5365
2954
16748
9201
3242
11397
10287
17091
12010
13221
13942
11672
16908
5168
10434
10898
9199
4808
7065
4438
7752
14645
15835
2208
13174
16553
12483
6140
16767
4472
13501
8055
12807
11509
7189
7022
3958
6231
7342
5757
2232
9458
10122
1791
2901
5875
7570
6027
5068
11655
1184
7179
16095
8353
10319
9491
9230
13184
14882
16782
3216
11122
17012
2849
13921
6853
3250
8525
12241
13696
13021
2094
13965
10336
516
5608
2609
16876
16805
6178
4882
4052
2605
13740
16051
5410
15526
17085
910
1124
10168
9213
10605
12517
3932
2781
7640
14712
10604
139
1904
16848
3062
13068
532
12351
10043
16286
13247
13563
15780
3693
15322
13692
9
6138
10140
2785
2723
7863
8524
14513
6490
9412
3170
13779
8463
14220
12919
2291
16769
13761
7601
2680
3867
6929
7435
3386
16288
16235
12298
14367
4651
14910
16840
15606
8035
4501
14792
2863
16137
2087
10542
1464
10805
10561
2717
8718
3891
6612
16576
5433
65
1288
1825
4876
4816
10962
856
8749
1405
6200
5937
13722
8058
1005
1227
8186
8427
7758
4630
5780
16791
9212
16910
15832
8703
5785
1721
1886
3254
15017
5894
3856
9340
16854
3790
10623
11684
2515
15255
8040
1743
15464
12894
496
637
9523
3581
16738
9840
9373
3129
10015
17011
1769
5851
10066
5441
15326
510
17000
2061
12222
7319
5328
8648
1808
7678
1388
756
12355
9257
15475
1265
16754
1819
8883
11031
16607
11781
16660
3633
8693
6264
6980
15800
7987
7539
14822
13326
5117
8056
16599
16914
10844
17090
9700
8402
12029
16694
6177
6479
8928
7466
1994
3393
8574
16482
13106
16141
2841
14583
12214
4812
4163
14667
3622
8129
903
7661
2974
9526
5438
572
3532
2691
13390
5126
3156
16257
10225
8411
1587
5764
14753
4188
2659
1106
14970
10074
1624
13671
7050
6099
13737
9125
7081
9136
10560
14781
3511
507
7498
5725
11970
14291
17345
2697
15149
13408
7938
12179
10538
5457
3534
6317
3910
1114
7775
13060
13983
8800
11736
13507
4505
1862
11580
11777
5652
11593
16541
13827
11840
8420
15454
17186
2035
6572
2379
2632
8419
14329
2271
4909
1584
11592
8397
5006
11959
7307
4979
9192
13496
5761
1093
4656
4959
11960
17108
14520
15327
2088
2426
16536
5853
9533
9910
17236
14604
11295
8770
1687
11909
1633
17038
9602
14350
1083
12458
6204
5264
13828
8959
302
17154
69
10117
9221
10751
923
10855
13528
14714
2745
329
5540
8178
1922
7349
5507
12507
16219
8348
1323
2608
11729
2422
6045
10493
5585
3429
16026
13033
3666
16862
7357
7753
3644
406
12534
10947
11912
7324
3808
13693
3405
14264
1782
10006
6890
17007
11144
629
349
17158
3484
6253
6328
243
4328
9448
7012
11719
6639
932
6912
4797
9839
10509
13117
13732
15167
7828
10573
13402
3169
1639
7585
12470
3162
5071
14026
1780
2939
8553
8020
6496
5997
979
10639
5254
7571
13697
9604
5816
12627
4127
9071
16454
3009
2227
8306
4836
8902
3038
6859
2934
3970
1307
15711
13442
1768
11444
5568
14614
7122
7745
8132
6611
15851
5908
5645
6545
10492
4429
5383
225
17200
5260
6782
1651
898
8550
6417
9616
14224
9057
5562
6186
10657
15813
8156
11105
3590
4076
1174
15084
1435
13190
5551
8119
6622
14545
8546
13665
915
4807
17028
11380
12803
5367
16053
16609
16375
699
10489
10235
3422
13662
16254
5123
4919
9203
11995
5511
5682
5396
12963
7507
17313
2721
3565
16417
6800
6472
10033
2656
2159
15973
5102
14255
12436
8454
6519
10144
4626
5082
8874
189
16704
15625
8955
766
1822
1941
11755
15523
10085
1729
7493
9484
3172
358
4087
3641
11746
7531
2340
12613
12321
4425
15984
7736
5028
5624
16453
10975
13824
14175
2230
9578
2760
17277
2156
12653
10490
4782
5357
6541
11906
2884
15150
5501
4788
2795
726
6738
11649
16326
5549
14212
4146
6337
10996
16843
14051
11234
16294
14275
16892
673
4492
752
14514
11597
14312
3137
1027
8133
16307
3018
14282
12416
8994
12186
387
5369
3598
11469
13294
13095
14931
11624
7962
8844
13958
14333
5989
16938
566
9344
14986
601
9208
2334
15021
10507
1759
9143
14701
6345
7303
126
16663
9159
14983
320
6154
11636
6013
9795
8857
2856
14756
3933
11712
5453
9630
9524
6353
10762
15659
14490
7331
16722
12490
2829
2048
10930
13312
6707
10058
14780
16967
8950
14
3280
8415
813
11694
796
6033
2242
3645
15051
17138
4040
2243
13534
6790
6740
12531
6945
7902
6218
13155
2237
16642
16934
5955
5978
5414
13661
11293
15574
9916
16089
8211
15787
9836
17348
8200
15371
4406
1883
5133
11431
3549
2357
15478
17214
10924
11768
16613
7607
3426
10977
12140
13149
14310
990
6188
12151
12325
15466
9086
16445
7544
8198
15232
104
3295
3274
4307
176
17145
14425
2044
5916
16752
5434
16683
10482
8296
15779
16005
15304
2543
13730
11841
2792
404
2770
4684
2625
8094
6358
6172
1488
14180
14650
14481
13157
10965
7370
9611
15483
3102
8826
12271
2368
12049
2029
2695
4290
16327
10741
9227
16386
3116
9945
16806
10042
16681
11146
14195
13992
9880
2911
14419
14261
2345
8257
12170
13977
7727
8491
14806
3368
7774
15427
232
11104
1095
4383
8233
14904
2198
17316
4932
6243
16467
2474
9707
4734
12284
9924
2833
6102
5762
4333
10566
9778
9629
13769
10435
5847
3529
6432
11572
3464
3745
15912
16483
11330
16979
1384
7497
8251
7984
15767
9959
3669
1403
16895
3660
7885
15614
12544
16725
1132
8573
833
751
1329
17098
4605
11391
13125
3142
5817
17252
7470
8807
6199
14996
3835
9580
13924
5820
9104
11225
12219
8289
5964
4696
8258
3662
6647
11886
15426
2875
11066
9919
5276
15031
4452
9675
16333
13830
16462
5563
13947
17002
15573
11645
15584
4697
7452
10233
7501
13906
13560
4951
4440
14992
14619
9656
3139
12455
6882
16823
3508
15165
14586
308
6030
5825
7144
730
16422
15709
10719
7559
8961
6359
4989
5073
14902
4913
2022
7520
5355
4387
16542
3013
9921
15170
7802
11557
13538
4637
5342
4737
14459
7905
216
13007
6493
4482
16807
2738
633
8365
3396
4950
8581
13525
7657
7100
9073
11518
2134
6465
14659
8592
4301
4849
5038
14989
10666
9219
3471
13808
15202
1697
13495
11828
7989
13744
2892
356
5520
16268
9504
11137
3493
1050
3096
2788
15805
3545
2294
200
14442
11353
13051
1204
1486
10589
15261
8028
14025
7598
7608
9518
6311
9623
10394
6557
1865
12559
16905
7317
10970
2251
15270
9803
16713
10840
13488
2502
372
806
13600
589
4318
10920
11812
5754
2286
600
6460
9866
3854
8492
13321
6894
3439
9808
15817
14072
16666
17
4581
14489
5004
14952
16211
3354
1003
6596
16530
14766
16688
12042
16896
16008
16134
8180
1222
8586
695
11547
15515
1872
13487
16981
11210
3361
7057
11617
7715
9599
7258
4212
3995
14942
11251
15552
16316
14037
11053
12550
8148
17211
4891
10457
8910
3661
11987
3582
3152
5942
12183
3359
1973
1984
15735
9904
12387
6258
13920
14641
11579
1692
11335
5428
3028
11219
12853
9383
15431
12639
16099
7143
8228
7737
13741
14293
16094
7140
13113
7833
13646
12411
2276
5798
10952
8557
284
4583
14506
13536
12583
17240
7095
17136
1981
16719
10495
16287
568
16500
345
14773
16347
16625
15289
10357
14727
9614
6663
15115
6085
2016
12886
14827
6758
5184
9109
7486
14099
7131
3618
16581
15186
12454
3568
2260
15841
4936
10512
3643
13556
2469
11896
3238
13837
7257
2506
5579
3797
4635
4790
13772
1514
14735
7063
10521
11717
13063
12505
11522
6205
1823
4875
9377
2736
16842
13181
2222
2468
1567
8366
5949
16567
7383
10660
7630
10187
9724
10679
8059
408
9831
16596
14165
4873
12580
10699
4130
15357
542
15217
9756
5093
7437
10496
8128
10610
80
12266
1909
11887
410
5690
4592
7784
4824
5747
5680
7165
15037
13518
5259
10685
6936
14826
8002
11662
16374
10212
11173
9873
14819
9454
12278
7472
10756
3698
3543
14710
15931
5104
15309
14768
17328
10152
6419
1046
16894
2594
7551
11407
3683
3962
8473
8262
12759
1359
13485
1654
13814
12933
15260
3389
10949
9154
14610
7330
15208
6182
10575
8092
1517
9847
16846
10780
3353
13230
12670
14818
7780
10129
2932
7453
12527
12150
13014
9197
15876
3939
16147
4881
11399
6347
7174
6862
3732
843
8047
12618
1786
16659
6194
6386
10649
6712
9902
14662
217
1555
12936
16372
13703
6006
47
2514
16677
6737
15092
12433
11853
11570
12576
11297
1366
7933
9540
4655
3816
16246
8250
10130
13084
4463
12508
5326
6375
3556
7957
7595
13213
7008
146
7526
14911
14131
11487
4543
14230
4179
3731
8435
11788
16383
10483
15939
12149
6914
9268
9157
11602
12552
8517
11548
8373
794
10823
13320
4671
11532
15221
2938
3968
1131
8711
16973
3526
15906
13398
4399
9297
15815
12404
13186
8177
8977
2135
211
4137
1356
15611
666
9172
7567
5917
6831
3263
1481
10245
10665
2067
6714
6608
10551
10002
7428
7995
15974
14602
2701
8328
116
10059
10700
13794
2891
8812
17073
9183
10048
6492
6947
11217
5643
13304
10726
13819
9715
8903
7326
13472
10644
4525
1476
378
8914
4613
13468
15104
11112
6189
419
3756
10217
6610
583
12044
15046
7946
7757
10684
14140
17319
16920
15003
7457
10136
11049
2737
4479
8949
9177
4984
10992
13311
6117
14092
9743
11932
9845
306
8673
6305
2837
13632
3468
8101
15258
11640
11315
5586
7788
11091
4544
9235
651
11425
14681
9004
7014
10156
14085
1529
3868
1074
3147
3801
16944
608
12456
12102
15057
5421
11151
10280
16968
14077
15390
6095
4249
8231
16873
2798
12313
1779
1943
5468
4827
999
12890
9818
8185
16098
3983
14505
1770
2865
6531
17034
5162
8701
3418
10616
2462
17264
14584
10414
12822
11503
10565
6187
3802
16398
6599
15285
8354
11835
9762
5573
715
3211
414
9628
6935
15539
15790
2993
13966
7976
10354
7982
3127
1827
4589
9333
8981
9568
16428
7109
6946
17033
16665
11545
890
8361
6892
7785
2545
16897
14858
9508
16129
3934
16001
15465
13000
9548
8041
13603
15696
5316
13204
11043
11307
10764
7826
8124
13774
3087
6865
15595
3827
15312
15081
10765
2518
9624
2385
8758
12329
16432
12710
11443
3221
11263
8896
16992
2673
16658
12340
2302
15211
11792
14531
11933
12011
7471
12932
10305
8140
4933
14314
5838
13444
10663
12686
10216
4879
10874
16416
283
15000
591
5348
7611
4561
1273
3861
3110
5295
3402
16924
16548
15666
13673
15883
1474
16424
7602
7112
16761
7047
5136
14000
1141
3840
4521
3483
12141
12698
1714
632
10082
2305
15586
9426
15996
17021
552
15777
17184
3727
12485
13328
17181
13132
4083
7641
16849
16503
12228
14389
1876
13431
16136
3653
9810
6998
11405
16107
5122
11539
687
4698
9821
12674
2620
6000
3093
10226
5431
3064
13092
15288
492
9609
2744
12628
13397
11175
12453
5587
6579
2050
9402
4580
5334
5366
12709
11642
154
7203
4687
13859
2390
14241
7482
12666
7171
300
2172
9243
14402
10358
14338
13909
10790
12467
11467
912
12158
2459
1573
1596
7036
5954
7685
8242
15729
2885
12537
17331
4733
14682
2580
3562
15107
14607
4439
14613
465
8039
7473
12248
12861
14615
5599
14703
12310
4855
12021
8243
4931
12050
6229
11084
11083
9175
1186
11238
7159
2557
9332
2617
16898
12640
12981
12064
13984
163
5738
3752
4103
3965
7942
483
12460
7652
8705
5544
13483
7679
15473
247
2678
235
13305
7288
653
9141
5956
14757
13015
2586
1870
5570
5164
16991
3266
7385
16543
15674
4804
6549
8362
5354
11003
15933
7861
1108
9438
15702
16617
11111
3458
2582
16231
9734
3269
7119
1784
9080
14178
16603
13989
685
7296
2454
9324
12920
15511
7760
15103
17247
11125
5194
13721
11997
12085
2189
16860
9948
13103
1090
6225
16030
6299
8160
7184
13233
13959
2720
6962
16357
2979
14036
16511
10423
8802
14953
5994
11120
3161
7372
2092
2366
6307
12026
6304
9406
2409
1075
97
8286
8989
4705
5375
12621
9241
6602
12928
4965
2716
5416
8700
331
447
2494
5070
4874
13853
1044
3922
6060
2292
7772
8845
4442
4222
15262
16060
14675
2895
15424
3512
12145
1018
13757
14088
5821
5069
7182
9435
9550
1520
2598
15387
6518
14144
6244
8675
7031
6544
3788
3671
262
6458
12112
12806
13279
8122
15598
2868
2519
7388
943
13879
450
16345
15337
12344
5630
9547
10116
1311
11770
7582
1858
4489
3554
850
16484
675
9015
13901
7846
11115
7656
1443
17318
134
14637
15486
11646
9362
440
7710
479
16816
8752
11103
7186
14164
6718
2820
6119
1212
12251
11345
13630
13456
10422
841
1569
2671
16238
5826
7440
6132
7353
17018
245
15235
7467
15053
15993
12328
12512
10535
6155
662
7728
1014
15639
16161
14919
3702
7676
8477
15457
13341
3264
10598
1989
17117
15542
15188
12392
4330
10934
10433
11800
14143
4712
15251
5144
1055
453
11396
6657
11834
8181
1940
2681
12068
14720
7686
1213
6993
8781
6857
9733
950
7554
1582
12377
11884
3915
15518
15132
6451
9502
5467
11042
13458
16912
2790
3637
15257
14546
8014
15550
14719
8882
6852
10052
16170
12690
6122
1717
12989
7914
1899
10785
16309
15334
12209
11041
5831
543
11943
3255
14183
3787
4499
10436
3130
5631
17327
16526
10121
14777
1523
11805
10907
1390
7273
13820
2606
4956
11373
5597
1895
11138
1753
8259
11990
14422
12833
7046
4558
3563
13102
11093
13625
14132
17230
4532
5190
5903
10754
252
792
5009
12060
14918
16085
8939
8870
12422
16396
6709
4070
859
13577
2306
2505
2772
9295
16382
12478
74
9489
5462
10091
14295
14252
2465
8238
309
9716
11967
11590
10340
3810
14035
5435
13526
6051
5480
5128
15719
11321
13972
6032
8105
13280
14272
15487
16401
12641
12432
1391
5707
5287
12
2445
6295
12707
11733
5033
13876
5662
5827
6105
14829
1240
10259
8619
9499
16247
1441
4183
5744
10349
11277
10083
12187
3232
2844
439
2122
7478
7596
965
177
4774
7882
13845
4917
6356
6104
11520
14548
2819
4097
7187
15700
1621
12309
13393
13822
14758
6318
3334
10447
14406
2145
12393
13212
12900
11549
15691
5611
187
1983
15956
10478
5699
16533
1096
2501
10926
7659
10206
14855
4273
1917
13537
5751
3384
4385
14277
5995
11435
11257
8067
2115
13420
11713
3106
12053
11837
4724
800
12956
6429
3744
9231
13167
13131
8443
5079
9737
11911
15620
5788
7129
7295
905
11895
544
10105
17237
3881
1907
6143
12993
6905
6521
1860
8540
847
15846
5187
5208
13731
8330
15954
325
6484
15375
8245
6381
4889
7227
8191
16929
10567
10339
10568
7346
14259
6739
1538
6734
314
17338
4823
11639
10832
1579
7221
8374
6999
16600
6722
11948
7195
12645
941
10613
11833
15287
11036
3417
12701
8785
13013
17259
12684
10588
11931
2955
8666
17129
7583
14537
6921
12926
12687
6957
4124
3293
16961
9252
15504
16249
12739
14244
6129
3419
1824
15359
11855
15476
17215
4631
1761
14128
4447
12581
3495
6169
9163
11262
6167
16826
4186
5055
3206
7161
2571
8192
16156
1645
381
13539
5011
704
618
1644
1509
5517
12607
223
15349
12501
15370
11784
14538
16461
2322
1024
13700
8631
9278
342
14560
2642
15244
490
12510
7978
3680
14656
8565
15269
13219
8877
8141
15656
16819
16385
1245
14941
6501
8487
8901
5429
6587
11687
2970
10858
4799
9543
15055
11786
9564
7836
16176
1188
15480
14973
4422
7276
9899
5650
7872
4969
10615
56
9245
10720
3034
5598
3557
7505
7530
8208
5530
8326
17245
8037
3942
16113
6297
6124
10758
15025
12855
2256
7419
6522
1191
14267
3606
1086
8617
274
1341
5561
11858
14776
14750
2523
11256
9727
10887
15042
14857
6861
16050
5250
5339
4665
13785
5233
13153
1953
8174
10429
9396
10389
11094
1793
11665
3776
863
13235
4441
13587
16180
9511
11900
7443
10932
8006
12408
1316
6363
6411
5488
1216
2338
6841
9477
10186
8046
6860
5306
1456
7682
3668
14797
5131
5885
12268
14163
10557
5059
7393
1233
16201
7426
13189
2561
11576
8632
983
10986
3360
7399
3722
13029
5898
5430
7404
9642
15500
9977
8367
11977
7178
5309
11674
412
9582
3630
6536
10451
11563
78
12380
12636
12016
8456
13171
4394
1598
10514
3956
10262
16371
13850
11978
13169
7759
5526
7253
13570
10467
14321
15823
14443
13676
15445
13968
15193
2640
15970
12412
5644
14366
8202
13916
16822
9558
971
12998
4221
17192
16303
1926
1337
3587
6107
16793
8983
5759
14618
15175
7637
2679
5395
5330
14748
6627
11298
8139
14811
7285
5063
13953
5231
11608
9785
13532
9779
10370
15336
3111
15698
693
5635
9770
13759
12849
2351
14956
5629
12122
11908
8096
6002
6964
12441
1418
14237
11971
12647
16439
1318
1238
10450
5473
5096
10054
11423
9690
4149
11313
14940
178
7344
10980
4603
16280
11404
9855
9193
12366
13283
14869
4822
16612
9180
16413
9849
16016
561
11656
4101
13515
12281
3010
13969
11135
14498
3539
15295
13954
2950
9046
10024
7209
2881
8008
13874
12401
6192
2337
13388
7117
11328
3297
6776
17359
4995
4928
6195
2665
13529
10174
16052
6893
3050
14744
5470
11589
5772
16261
3078
12177
1138
7920
2694
7835
12427
4585
7740
15712
14186
13100
17041
7562
12602
11605
16800
5125
2086
4054
15609
15738
136
4842
1122
12323
25
14914
16073
1270
11017
2437
12532
6247
8468
10633
16972
17262
13042
3184
7881
2708
14665
2181
9119
7004
3068
11314
24
4902
2587
8635
8946
14717
9239
780
9819
3411
2831
3800
2443
14825
8958
5058
15697
1889
8360
73
17360
2985
10075
4044
7950
10760
992
14341
6398
13381
3086
7246
1738
1503
2564
2102
14803
16650
9225
14117
3586
11095
6203
7671
4526
7857
17208
3959
4343
4469
6710
17312
3699
9202
15855
3996
1175
7859
12723
4992
6038
1280
3350
10424
17071
17022
8761
13695
1360
7386
3287
6413
16580
14090
4591
5032
11281
10620
2075
14101
13943
12683
8034
7396
8030
147
9942
5105
13198
16290
1473
722
9553
16490
4485
11244
1472
9309
8746
299
170
3326
3674
10546
3619
16799
6594
12716
11245
10031
2956
14202
14177
16059
630
5046
16546
8605
9068
9009
13110
2255
11875
8421
9098
9088
14523
5321
5849
10345
6333
9519
10500
14480
2876
13939
8890
6586
15273
11275
13178
3020
3541
5247
5542
1979
11501
11710
7078
14579
7771
92
1234
6481
5796
9139
190
14375
15860
7791
14284
2682
6050
3894
11780
3176
16489
3413
14009
2301
13720
6566
8966
858
14415
12785
17343
13895
17109
10393
14949
12135
1363
3781
6661
10284
7793
390
6284
14693
7301
15638
8091
14451
3123
718
3256
14355
6502
16168
16218
7163
11603
16804
12069
3117
1937
9311
4115
534
16932
16682
7120
11554
7481
11921
7375
3135
12091
6913
5771
4184
11350
7176
16481
14684
10161
2794
7738
5525
2526
2539
15177
14700
16680
16433
13799
8416
1243
11471
14073
15793
4658
14958
7243
15423
11044
4700
442
10779
15098
11108
6833
10991
3903
17353
15386
8653
6799
15121
11323
8906
16080
7645
14997
16183
4624
7904
15843
12234
1765
15156
2903
5594
16993
485
15485
15353
9277
10321
4420
7553
3538
11320
14790
14309
1673
5436
11048
7306
9982
13088
5675
96
3155
5884
366
3657
10101
918
12680
12794
6792
14119
12420
3664
10690
16415
7622
9541
16639
15905
8170
14695
13414
8316
6548
11071
5167
2773
10827
433
11527
14696
1099
11798
6637
2575
