9974
3161
12494
11513
1544
1818
13544
13066
5569
10180
2349
4170
9059
1533
2143
12215
804
13666
8654
17371
8035
16391
5257
11050
12587
16146
8599
2919
7296
91
12666
7422
1432
14129
5670
4645
9290
5283
11064
13367
3842
5466
16892
12278
911
1710
16798
11228
13881
13963
16929
14333
10711
7670
10600
9359
6085
13498
13012
9685
10594
16647
17167
13093
14897
13860
12588
10894
6332
12388
5229
3791
994
14963
13903
11447
13785
11918
6534
11314
3264
16792
2794
2582
16303
3785
15961
5790
7042
5507
595
9226
14744
4760
5339
6350
15874
12663
342
13995
7409
2990
15720
4528
4111
17171
5039
8369
9008
213
14411
5197
2422
12360
13474
9770
5825
17259
15831
9347
15486
2813
8387
10761
9248
7156
1967
10979
1360
6153
7632
8884
4706
15807
5749
12134
13060
9488
16600
2834
941
16119
1049
16225
2080
2113
10385
14276
880
16684
8094
10814
15580
6394
3564
5453
4173
12673
16622
5558
11358
2519
442
16247
12116
9702
16608
9052
13451
14617
7442
16520
9372
4216
14112
4712
5289
710
10800
13943
16313
12885
15989
9608
8468
3953
10113
12961
10124
16355
15026
17238
10117
15561
2779
858
6503
11209
8196
15466
10855
9984
17096
7001
12197
10263
1124
15715
16834
6951
535
3301
11711
14441
13148
2656
9375
3499
5857
6757
12538
3815
6053
3489
7316
1884
4203
9314
5761
16018
2987
2748
8032
4145
16341
9500
5729
9950
10628
13374
9707
13080
3057
15117
2581
11966
1077
11196
13876
4685
5637
4409
3407
11887
1034
12078
14140
3639
12451
5913
3145
9506
16248
2741
8338
2641
6029
12141
3406
8740
3830
2809
11763
15009
533
998
2011
2372
3836
5410
6789
2811
12850
13818
6915
932
13815
5994
6222
4934
8026
7843
16223
10140
372
10838
15669
16581
613
12035
118
16254
11263
13552
1610
14154
9923
15332
13776
3201
12013
4523
17231
4188
15342
9187
5892
15405
3796
806
758
1868
4694
2319
12444
3867
5853
4339
7440
6776
13918
11614
15255
10615
10780
6754
15071
10188
1927
11584
13682
10040
5765
16101
3782
8541
12065
9223
9492
14676
13218
13786
13380
15680
13014
15154
10567
15661
951
14816
9106
16556
17270
1935
16473
10493
9692
12314
4354
7386
13888
7370
5903
66
6371
6603
15730
9609
6405
6002
16412
13332
4530
3323
6197
7174
16458
10946
5649
13370
9910
15996
4442
16430
1225
15338
17077
12589
14945
10551
9421
16478
2262
11803
13255
6892
17351
16950
15336
5312
2802
14252
13430
448
16774
5836
5476
7477
5722
15747
11955
13381
14776
16533
9168
4873
209
4594
16497
12728
8564
3705
14074
1321
16087
1545
5281
784
6826
3189
16966
9203
16159
5496
11004
15053
14422
15112
6850
10980
4179
15086
16646
5157
3153
14147
617
13586
15439
14320
15515
16948
1894
14342
2273
4406
7168
1913
7491
5653
5728
964
8295
13489
10966
8237
4762
1429
16188
2183
11831
1732
6134
11585
3891
4883
14297
2112
851
4993
15991
4485
2539
16867
2369
3228
7065
7651
3414
7826
4423
12893
6731
11832
4469
10032
12981
16896
268
17306
5846
14946
2434
9688
871
7550
6639
15852
6872
9479
17072
11399
2377
16947
15320
1676
12667
663
15449
11983
1159
1547
2207
11914
1277
8259
15226
887
7278
14233
13345
5570
11091
16733
8027
12688
10681
11843
5246
13579
9639
4209
8971
99
3814
13010
8636
13537
11536
8955
9871
11542
13802
897
15558
4516
5322
2684
4649
12452
16842
783
13674
1567
11619
12763
102
12233
13289
11745
11591
6098
2090
9286
6530
16483
1158
10709
5000
1731
4067
7846
13561
12067
5623
7487
6246
7064
4593
16838
3016
13005
5191
12729
3979
16561
16455
4289
12705
482
16091
11829
9444
14363
14933
11642
10603
8859
5126
14737
14853
9812
5195
4642
3373
15526
11342
14846
14868
8640
15655
9873
9039
6059
1976
13919
10864
2293
12748
8452
6155
2077
1685
11532
4413
976
6089
14679
11060
11538
10436
8122
17055
13874
14032
4094
11612
735
8887
10009
1714
14202
3760
7212
3227
313
15916
1368
12623
8157
10046
3427
13828
10056
316
2005
1963
16084
12819
1482
4175
3191
2862
4994
7336
15783
4364
8145
973
4211
17108
13926
6036
10532
203
6538
6369
14287
9365
705
13048
10497
12883
13388
11703
15233
5871
15819
2958
6505
10655
14475
10898
7629
13201
12389
14788
1597
3660
16778
13472
8319
11838
5905
13090
7292
16259
4783
9990
16530
15401
13692
3158
2415
12180
11698
3616
14109
16345
1810
9376
2621
1463
16754
12166
7004
4838
13414
9332
1362
6800
1896
14994
9224
2768
16514
15179
12100
2774
10625
8110
9825
6827
16974
9119
6992
7401
6930
13262
9210
10270
5714
10494
10539
7606
8406
8392
13775
6439
797
4365
5041
9414
15949
92
16129
8877
6304
12376
13408
761
8713
16271
13571
4928
1006
13853
9070
10612
11212
391
12152
1513
2996
14871
7424
14859
4646
12956
10418
17227
12991
5424
6950
16112
10042
12542
14207
4166
14576
6154
3513
8081
8709
893
1830
5669
1073
12323
6865
662
14842
16423
5658
9680
8453
12546
13652
6207
9520
8761
6228
1956
17088
10388
12469
9929
6020
479
6150
8408
1091
4427
11577
16325
3832
11982
11637
219
6183
6720
9436
9351
8540
3374
1414
9884
2442
3974
3709
8933
8621
10854
13930
12422
13197
8631
2790
5508
13923
11850
6901
1655
15708
10387
17302
11357
9844
642
7965
8181
4907
2063
4604
15750
4424
793
17341
14356
5260
15737
13470
11938
7766
3283
11695
5290
847
3519
3148
6240
7130
11701
12243
1869
14578
85
394
13313
9976
5037
6693
6463
405
17208
9670
16570
11305
7694
16552
2106
4207
10443
7194
8659
3216
11093
12617
2866
13886
15127
6843
16121
3741
867
12041
3847
16766
8751
4077
12164
14135
8758
15530
6651
6013
6124
14472
7233
3078
1282
6120
4643
6643
4546
15290
6063
2835
11726
5273
191
7610
5601
16985
9951
8602
4383
9584
12924
3331
415
1890
10794
14293
9768
7671
12290
7627
5987
6729
14843
7437
6840
15245
4069
60
5834
7023
9143
13490
3669
7957
6907
1740
8221
9135
14711
7841
13528
38
3809
128
8908
16848
17057
1729
5542
6921
12460
527
5881
7429
14610
14280
11390
9121
14275
12782
1893
11133
14555
12945
6348
14851
16558
1074
1424
3095
4029
5033
8005
9616
10192
10449
200
8308
16308
17212
12329
11479
7432
10845
12614
13462
4036
16176
4894
1256
11434
12267
5736
3690
14428
4135
14496
9094
16495
11653
8234
10275
10900
10832
12727
8367
1786
16414
796
368
12785
10364
5131
14471
7838
15149
6616
14823
2132
9874
9918
9877
11810
4403
10752
14226
15572
2745
5120
2722
1537
15657
10047
2939
16499
16773
5933
15273
17183
2000
4511
8248
10215
8655
177
13123
10089
7039
16831
4290
792
12325
13018
11493
4771
14138
5906
3014
6554
3736
17147
16140
2394
5113
3270
5082
9622
2305
5696
15043
10563
15566
11239
6673
4084
620
15497
14956
396
15324
3552
3807
1156
4793
10419
8438
10017
15222
3203
6160
10013
1966
9602
10867
801
1649
7210
5690
2347
14346
12090
12708
14139
16942
3806
11464
4184
11697
966
15538
13908
11349
6670
10841
9533
8033
4579
1899
12783
3050
15469
3972
5930
17374
7479
11423
2459
6117
13350
16374
129
16507
7703
1149
3568
4576
8109
15869
2870
14274
11986
7435
12414
10157
5686
17136
4514
8652
6845
57
13455
12784
13273
4325
4352
6504
9002
3543
1555
12255
6579
7899
619
9955
15846
16898
5215
15928
483
4565
10992
4822
8935
8816
5890
15091
7231
14690
8213
15103
7140
1338
757
12818
7526
7181
10796
12470
6869
14449
12972
2391
13243
8994
4464
9577
15744
11837
9184
4019
16179
674
5206
1505
3498
15412
10021
10150
74
15234
6411
15930
9173
6654
11787
9556
7170
6493
8429
8507
13524
666
12256
13264
8867
1406
3390
5506
6896
6321
2878
13198
6398
4959
9389
15971
11146
689
50
7562
8819
201
16845
15499
3399
134
9612
8365
2564
12353
9113
17280
3268
10429
6170
13339
6484
14698
14898
3675
17140
852
627
10217
8364
15937
14557
3697
6267
2320
16368
3964
13322
9788
12033
4468
8623
5111
2999
1296
8670
8427
14622
16307
8742
9937
2890
10848
3558
16607
970
11177
15812
13607
3854
3963
10178
15534
6480
16837
7396
13038
6252
11908
2620
10896
4752
13790
16819
3732
459
4414
702
14657
3704
8792
8805
3144
15008
8513
5462
4549
10412
4747
5576
447
7091
16477
7243
5253
15564
15034
9711
7834
10642
2680
15863
3361
282
1518
11454
9271
12985
10762
3152
13143
14967
10870
1873
15718
11211
14407
5646
10289
13642
14500
11455
4909
3835
8975
15785
10825
7915
16218
14869
7285
12397
9321
14769
8934
4426
335
1175
1295
14088
3192
17182
4901
2403
16229
4553
7861
4501
731
13779
943
6047
8199
11273
16674
7991
1705
14091
15381
17356
10057
2073
11300
7981
10244
5299
12806
15049
1153
13248
16035
3810
6238
7634
5226
4900
5931
3325
6692
9804
5385
4740
2776
8409
4167
3565
11418
10470
7083
4412
13565
1312
4344
4357
13205
10809
15069
15331
8931
1885
15302
6055
9379
13178
15878
3186
9518
3015
7983
12817
5707
6682
3857
4438
6565
218
13387
10808
1599
9572
14149
7786
14331
3455
15670
6141
5730
4280
15479
7977
6591
17191
1466
4013
5375
12161
1928
13085
12915
4479
12600
13082
4282
13016
12933
5614
1333
12880
3899
11794
12960
5469
4677
2751
7958
1054
2982
1939
359
7085
1569
15921
9283
17285
6900
883
5408
16945
14742
15426
12994
17288
12027
255
15259
17235
15266
95
8091
15283
2209
1398
12959
1662
7600
1078
2957
8011
10701
857
10876
16886
1790
11270
11981
10045
1060
8962
2687
15957
4161
8900
11184
15664
3544
192
12310
13316
14841
1739
7692
17035
12599
2704
3011
1197
9071
11262
7342
5889
9748
10685
10626
8232
6796
14867
14948
12797
5543
520
14941
11736
6107
3600
9216
15782
11165
3943
15263
7842
13502
10755
14282
10978
16559
6112
17045
9778
8233
988
8290
16745
4810
8697
13073
5051
2272
12912
14104
16025
12722
8760
4195
354
552
14988
12001
12621
11600
12309
12089
6105
385
9530
11246
14387
223
10937
4126
4939
3099
2397
15907
1504
5231
15073
6874
15985
4222
7077
15717
8126
10116
5816
13000
1601
6990
4003
1291
8808
12620
7768
11916
4839
16921
3737
6372
6508
1310
13173
15019
5461
17286
14430
10789
6755
10582
11917
6402
16887
2027
12265
6282
2624
9627
12440
4269
1186
6377
5386
11159
16668
591
10579
1292
9299
9221
11748
9931
4730
3330
11700
8750
10592
2298
15764
14163
15696
1113
13981
16532
6995
10930
11222
14302
4758
16206
3088
1336
13934
8325
14533
3516
7714
4385
3077
4814
6034
8523
12642
4607
3913
5959
12674
6824
1457
15438
8361
2182
5645
9050
3674
7597
6770
9126
17301
2677
8969
9087
2393
15400
13385
11147
6640
5024
16565
11760
8055
15576
10910
7224
12276
11103
5529
12008
146
2899
11784
4622
2007
4181
7929
12038
14996
2793
11960
8105
7576
12582
12485
4314
10311
4467
4784
15790
14016
4369
5500
13338
12445
3532
8179
14217
11900
16281
5090
9160
8209
1401
1437
11327
6475
16015
10111
11848
13513
11855
11931
13169
11490
11884
8520
16715
9633
11095
2981
4287
6881
8917
649
12477
2452
13865
14485
7304
14613
1925
2742
14824
8155
2524
644
8712
9515
4974
9742
7775
10328
7081
16185
510
4318
14521
7774
14039
1820
16498
10912
13829
4398
5877
697
5760
15943
11524
6739
15012
13400
15947
13917
10232
8779
11741
5218
13511
5640
79
6014
7467
4504
16239
11762
13788
14717
12202
5096
10503
1332
2202
12938
594
8737
15364
7666
5155
15919
9747
15443
3774
15402
11016
12002
13253
16614
14100
10064
3393
5149
3920
2370
2773
2226
11508
13619
7640
5878
7122
11347
14999
12345
15694
3610
16431
13807
3914
9534
827
4732
14203
13836
5112
484
16056
5867
17207
5049
11488
6711
3315
222
10537
13720
7107
12073
7303
3689
15122
1520
12344
4668
16428
8780
6656
534
6753
13928
13772
239
16638
8985
16293
4688
15181
2917
16242
8811
13748
17188
3908
596
6609
6061
9779
3612
15137
3929
1147
15932
15430
13491
16198
2070
1307
7547
12428
249
623
12337
6717
12702
13690
2460
16263
3312
8854
5990
1548
2430
2114
2731
5005
2001
14130
5042
5757
639
11861
5781
13479
13604
9643
16409
5470
1165
10276
8578
9631
3209
1198
6631
8486
1626
15719
15505
16522
1365
17201
15315
1383
15768
14372
13582
5150
12066
244
1910
10260
16053
3687
8560
14370
3881
232
9194
16980
8497
4137
2732
10183
3231
7312
5809
4136
13984
12386
15221
13821
1622
7149
5181
15618
2200
15799
11994
1010
14890
5220
9864
15710
14550
10515
17156
17001
7392
10372
5625
2800
11100
13998
16162
3017
6619
2600
9213
13366
8378
11896
9693
755
81
14288
12789
6113
17064
3305
13225
7852
1104
9927
13441
1566
4474
8838
10325
17070
12902
16910
4563
555
1615
5258
12021
17
5442
104
15904
4846
12613
15791
3578
10974
7778
16285
9195
10606
14634
1749
4933
10230
15519
8330
13247
4371
16427
12807
3491
10981
3874
3804
1161
12125
12694
13100
12216
6016
1163
2625
14013
3917
15362
12482
11155
5550
16566
12165
4698
11656
1506
7940
1562
1302
343
15125
9895
4670
16895
15687
16446
12647
5114
3396
12966
9399
12203
14058
5844
10278
6126
876
14080
112
16631
15305
5726
5467
13405
7423
16718
5045
2887
1916
17106
3481
16813
6005
9745
15802
957
9548
9628
5679
6395
881
6859
16919
6864
11868
11343
16885
8783
5034
2650
8277
15363
8744
2399
6337
2666
11173
9540
7996
6938
7490
14327
13898
6690
9834
4490
4235
12897
6270
9146
10623
16651
7505
10508
6156
8009
1090
7868
3831
13517
7530
15517
7497
13606
3397
9817
3188
4744
16360
7026
16327
685
6715
11793
6518
1328
8589
2481
12649
14549
13902
16858
15335
12416
12501
9712
13705
1084
14092
11904
5804
3670
9167
9715
2065
14281
13789
11660
2623
3023
1120
10705
1675
4755
2653
2079
2822
10014
921
7287
14886
12801
9068
8763
8029
16571
6320
12145
763
8498
2028
5510
12098
7268
8527
7806
4050
3666
9267
14961
16612
2606
9058
16106
2052
16943
8067
6450
14777
4451
6691
10345
10753
15227
11491
7102
5988
2419
10051
3860
6038
9999
8948
16951
15567
1856
14174
7784
11185
6187
15078
11019
5616
8472
2762
12552
3372
7138
8205
4119
9055
4193
11723
5256
10231
14420
4733
15981
12093
3380
13673
6500
10552
11755
130
4614
4625
1977
1227
586
16841
10285
2558
10143
3611
14667
949
10023
4891
11160
10000
7494
1600
5910
2330
15434
13806
5528
5313
11921
12127
2398
14354
6203
16513
13603
10187
15145
6919
10904
10531
11565
13341
8198
562
12246
1305
12050
5481
1224
3119
9311
11440
17255
3235
5982
13578
4237
6116
1103
7356
6424
301
13576
6491
8373
4949
3592
1661
1522
15850
7970
6593
3368
16245
7822
15537
13353
13629
13107
10683
4841
6893
1557
11925
4714
7502
2373
8224
16299
1715
4881
11312
14008
7462
2271
5793
12047
9176
15079
16833
958
11897
1540
10228
7883
13637
13557
7687
4355
2030
5674
12773
863
12592
13226
10004
9014
7011
438
4871
221
1167
297
10502
13980
5747
2627
4950
8781
5247
16772
14431
16462
2321
14605
4076
478
1947
3313
12114
15373
10857
4038
8024
2017
13494
13618
14144
9368
11580
11331
6839
4834
12403
7920
283
8389
2116
7259
7289
9772
16284
7955
1131
5304
14011
15301
16765
4130
7749
13596
8420
4952
175
2896
2450
2252
5594
11704
3019
12219
10095
4380
6927
7049
14418
4396
1635
6933
3692
12222
17194
10903
12213
8400
1371
351
16812
11559
17199
12539
12610
10137
2411
2241
9856
6544
2951
11503
8832
15828
7921
3725
16197
9163
12996
14935
13006
8063
12358
15776
11089
13519
17115
734
8952
17320
14090
7299
5655
10757
11446
8317
822
604
13285
7781
12532
10652
11151
9872
6722
11952
4535
11693
7272
605
12022
5235
17130
15163
9409
5792
10925
11044
6562
12568
16518
4600
13568
10155
9928
16713
9406
12492
2897
629
10438
15616
5363
2868
2016
3604
14084
7166
6672
5330
1473
13590
12851
16337
4057
1543
2181
1814
15038
11650
1990
8481
2010
7668
10380
14699
7019
1191
2910
10479
2145
7873
273
1847
300
12926
14965
11148
2018
9624
274
5483
4112
8493
2128
5911
4140
12441
12367
3790
4567
9343
12976
5216
1584
14057
922
9734
600
4770
14244
3290
13622
12597
7549
15292
14712
5486
7205
714
8054
4148
13959
10861
2056
11936
16617
11553
7305
13457
7839
3576
2331
8076
12209
13297
10351
8815
5177
14341
408
11696
15733
15498
5341
7471
6525
11395
12207
11664
14937
4035
7504
11780
7803
4809
12101
16381
10526
9073
2316
6844
4104
13669
16689
3251
4152
419
10128
1179
17211
10932
10102
15317
10544
10480
3928
12967
4234
11329
6537
5132
4302
6821
16803
2264
6847
15235
2102
14904
16753
6496
1140
1907
16548
12351
10599
8134
16072
14201
14798
12442
16727
11589
12120
15775
14802
13083
6725
11056
13047
2690
906
17318
17073
9875
16872
9463
899
423
12099
10090
1030
246
4258
7175
9150
4544
5946
6558
1258
13371
5691
8951
10798
7699
16604
14290
14097
6295
664
11216
12096
3176
3391
1459
2487
15016
3351
2210
3706
6135
7916
3521
5459
10426
14425
6077
15120
13708
9882
1259
14565
6341
8688
16688
6359
2206
348
6941
16481
11279
15693
13326
10994
4664
7419
6069
12231
9732
5944
8882
12506
6273
4586
5918
16476
10929
9446
8536
13320
13418
1011
8040
8539
7465
16696
16534
10759
16983
4781
17049
3834
2812
4660
862
9645
11927
11278
4421
8500
10248
14187
7218
254
12081
1828
15751
2463
14800
2736
3010
12363
5118
1574
12747
4297
2429
13684
9046
2437
13631
14348
3342
1206
14874
2245
6127
1720
13712
9675
2356
4245
12413
10499
2575
12754
3036
6926
2603
12809
6482
9684
11999
15845
635
11625
11450
11971
13245
9564
15922
3570
3671
4537
16354
3222
16405
7994
15627
10786
10735
16970
15588
2359
4779
3473
12063
9249
7509
1911
9800
90
8268
12288
11035
3888
5255
2828
8612
7874
5372
1654
13857
13862
3353
16442
13323
3755
10593
11629
2611
7573
16357
6835
3731
3370
11237
16036
12076
16051
14124
4113
16510
11707
6519
10774
1652
11539
8829
16048
4040
4491
1480
4923
9042
11144
2598
70
6027
17043
15161
16228
14360
11547
3448
2304
14143
11778
17258
4429
15028
15365
9264
6410
4651
10015
16358
5489
3300
9408
9137
1407
15111
5698
874
15011
16632
15837
15944
12131
8119
7538
1454
11805
10824
5244
15379
11230
8984
9090
1840
3111
9497
12999
7909
7540
13391
7742
4921
5306
9270
357
691
14710
5340
16695
11874
8789
13086
14166
13417
9594
7667
2087
2255
13424
16542
6283
435
15132
6490
14639
5615
10411
507
11285
17290
9485
11123
15794
5242
5868
16661
1220
6528
6798
12750
9233
10956
1777
3329
1025
9637
14524
14518
7059
1132
12638
16055
5971
10106
13156
10691
557
4538
4497
2820
4405
6960
10846
11776
2785
10315
11483
10318
1851
7927
13824
10795
16017
6588
12654
13535
11424
10361
9679
5810
6356
13558
12585
11460
4445
14814
10065
10043
3765
4232
17291
717
11001
6705
17189
7405
278
8764
17213
15709
537
11615
5900
5473
13128
17058
7598
12032
12746
3858
16021
9336
9726
1250
5417
1325
11398
9792
2303
16212
4847
1608
1621
8840
9718
3298
7449
16814
6233
17257
4719
7488
8862
13249
9012
10359
14551
16469
8149
923
8852
9454
15990
11903
15765
7459
7771
749
6054
362
16457
14334
1196
7489
1260
2432
7443
12761
14822
2591
8117
14291
8079
3813
12126
15385
13791
2230
10977
15898
12453
11266
2081
15447
16580
11836
8305
3644
2025
9151
17220
11659
1038
15022
8249
6570
9968
13932
550
7912
17311
2675
16855
15096
3367
3358
2308
17370
11930
16678
589
1293
6910
8069
2161
12003
1080
16575
8173
14636
11106
9390
13833
6958
13969
13473
8339
7232
3509
11636
11649
5398
3623
9694
10963
7390
3506
7773
842
10401
14065
16503
5947
13467
8138
8691
16154
13105
10645
3903
10486
12918
12064
7939
3822
7821
14697
14250
9783
6888
870
4713
5659
15772
15384
392
16008
10037
2144
7187
5302
1269
8572
15692
11248
15393
12236
9361
6955
3593
13877
5493
8605
7911
10035
10307
5912
1860
1033
16786
14885
2670
9032
6600
10310
6782
10253
6309
4177
1404
12434
7167
2506
14916
4295
98
364
3720
11157
10816
5338
13521
7827
5326
14405
7986
10181
7844
8057
5102
6873
13584
16515
781
2048
5734
1583
4246
16471
7373
5635
6249
3856
5043
9514
8753
1047
5287
17254
10071
16719
7150
580
15061
1146
13314
7608
2904
15743
12524
2277
17352
9473
916
2353
4410
1889
2661
5794
4989
15464
8562
5755
3733
2248
7918
1930
14251
2542
10374
5773
10818
6799
4970
1902
2150
7385
6330
10536
9217
3401
10474
15188
12421
10079
12946
12982
13941
8322
11207
161
7732
15446
9354
16407
12370
15844
14046
8530
11549
14997
10546
6576
9588
14181
14819
10407
10084
11379
10409
9551
4915
14423
7870
430
15929
17359
6256
15779
2456
3198
1932
5144
7101
15170
1216
13536
3000
13863
3432
12937
4912
7434
2701
10618
4326
401
10650
7686
6237
9124
4913
8480
3409
6189
5682
10471
4867
1984
14688
15619
14881
1465
2938
4944
2427
10982
11441
14261
1647
4270
16105
8220
14126
9420
7154
15440
105
4008
8412
16486
13812
17155
15194
14974
3181
6343
13848
16319
8051
10204
1139
6383
17071
6805
2346
565
4876
5444
14725
4815
12671
2213
1511
8471
8176
11033
4806
7
2977
11108
856
4540
9821
13958
2658
11839
6444
4436
1029
10121
16626
7946
913
2588
3308
16783
10115
3357
4925
10901
8681
16585
15483
655
9007
10213
4547
8521
13199
8728
8153
14864
9625
9189
9531
891
16194
8635
4233
10340
9133
11319
16433
14033
15998
10476
10227
16079
2560
9148
12733
15829
16171
13037
411
2963
4133
13106
13921
946
1071
3167
12121
2041
7366
14189
16899
2743
16704
15059
1219
7080
11049
3916
3065
7622
12892
8210
3426
3383
1152
1331
3905
16282
1771
6158
10207
291
9447
14319
4634
58
8253
5259
16240
13670
8174
13641
12929
5151
12988
1570
5202
7369
7240
14761
15239
14230
8103
3493
16234
6604
16794
11117
5019
4585
13465
12068
10170
17009
5581
11605
4906
12939
8550
4021
4761
8272
569
1123
10742
5303
1271
6499
15000
9845
14749
16076
15216
2525
10564
7511
2875
3829
3116
14478
11415
9118
10132
2883
8799
15707
7569
643
2544
1613
14650
7245
7364
7265
11782
9916
13394
1055
17170
13352
13382
6230
3292
16884
10360
3492
6920
3895
12048
8535
3555
13104
11753
5642
1630
5458
3932
11236
6058
1691
197
6485
17241
7260
1982
5775
15225
7979
16676
6294
14920
17110
16623
6700
16172
9750
3027
4400
9374
3766
1759
1313
8714
7185
1804
4089
16343
1573
8096
9925
2103
13190
7588
10312
10303
4240
10277
2954
3784
16529
16231
2404
3289
2130
389
3100
4510
8034
12119
525
15174
12861
3224
2019
11586
5831
4691
14047
7126
2418
17247
3614
15589
4389
7837
9755
9481
10287
1986
13672
8391
8797
2366
11298
1960
4828
8059
821
5055
14424
11370
14489
84
1413
4657
12804
5590
14193
15695
2989
15165
16001
11646
1882
13591
9626
2243
8402
13647
8439
15891
8575
16648
16999
1099
8342
10488
14059
16032
11193
6946
13816
2692
10445
13051
6008
4228
13290
233
13909
4821
12176
4311
4798
13795
16955
8416
287
7908
8038
2313
16347
5638
2302
10430
13665
14061
10810
8264
5753
5723
10862
14666
4180
5657
11396
3485
10258
6952
3711
13433
12835
15520
12187
582
4219
13849
6354
10191
6868
12028
13766
377
3648
11299
12025
16065
6082
5054
13202
13145
3618
6536
13933
10161
2140
13960
14393
2443
545
10729
15095
6353
1374
9123
17358
476
5004
10907
16133
16635
14326
16484
2764
1755
695
4337
14743
6680
15275
8450
10695
1525
15102
6291
1042
11657
6032
8473
14880
11083
8502
14171
11233
13600
4015
4336
7209
3941
3642
17141
8217
13892
11596
7952
6890
9186
16213
6520
10386
10767
6157
13204
1616
10969
1235
2492
12382
1447
7460
2400
4777
5873
15258
5369
2615
17236
13514
17308
7554
5636
13679
2676
11540
4599
14731
12283
10833
9760
980
7697
14211
10085
3187
2296
6066
16047
14168
1263
12495
8782
8747
566
5583
16822
1218
14596
4079
11416
5167
1921
2131
13466
12906
16823
10250
1221
179
5015
11183
5243
12490
15171
1958
12384
14587
6065
13008
15945
14805
7111
16485
6268
5891
3258
16447
2770
6202
10637
5822
11989
16584
6809
17120
14794
14751
13839
6122
16596
6181
6549
7275
15875
16166
15536
1968
12401
8973
4829
4772
9043
15726
14389
13532
8307
13342
7374
5921
2458
14353
12105
536
13404
843
2569
16236
10006
1723
1827
9876
1972
13375
13988
4204
4996
7890
5856
4701
6351
16221
5104
9782
8228
4960
4271
5818
956
16274
8160
12011
13569
12171
11775
11313
9947
16342
15421
13429
14257
7466
2852
9491
16881
1736
3984
11860
8396
950
17287
14340
17215
15215
4702
14175
1598
8851
16122
9274
1122
14443
12
5435
2965
9317
16490
9536
4560
14101
3262
12535
12716
3849
7935
7856
5436
2864
4230
3501
13137
6161
8741
2282
14312
837
12586
5717
14267
16789
13111
15689
8551
9115
276
12168
2912
1173
6443
8454
12199
11676
10699
5800
11571
6279
15236
4982
6494
9333
3081
4223
3296
1356
11962
7251
2232
11531
2278
6093
2312
12735
17272
6084
13089
7326
3637
2801
4824
2486
5812
5767
10627
12336
12468
6409
15410
8065
15739
11557
4315
6000
10844
14762
13329
13208
16136
9026
4905
2133
6486
16126
5687
3996
13685
4151
3588
13944
2733
14568
10074
15054
4721
16251
2438
4893
10529
14906
7501
4327
7658
8089
4330
10356
2195
17060
17160
10457
7635
5838
7012
9576
14347
8215
1416
17102
12634
4156
13392
3679
12339
6174
968
12061
14093
9103
229
900
13053
14086
1508
8349
9089
1126
10573
5240
16624
587
6338
9083
9297
6007
12396
10272
9175
481
16288
11375
4774
4695
10107
15458
7931
5484
15654
1687
1488
10332
6889
11045
3798
13678
4555
10200
15936
5827
1170
14197
4880
10622
11716
7202
15448
2507
10410
13078
1420
12457
8108
6111
4248
13732
766
11665
7565
13458
14536
13686
7319
9737
13343
17094
10491
7271
12509
14199
2294
849
16138
10644
9431
7878
14531
9998
3985
1987
14764
1703
6737
2966
17305
9915
14992
8382
16258
6916
2093
12631
3716
9746
13570
7005
10520
11245
10382
4817
2095
13435
2423
2096
7599
9305
8146
5342
16690
15193
7191
12015
5219
13526
12070
6487
12841
15041
15029
13966
13097
8037
4506
1064
1228
9861
16306
413
8170
13727
11310
10292
6626
5335
4473
11779
6584
875
9933
13447
1141
12487
3196
14192
12262
7291
11152
11439
14037
11948
7849
2853
6327
8137
16099
234
13096
8818
987
8831
11951
7779
13445
11627
13913
12541
8236
4046
3453
10718
9419
12024
16184
2663
11477
12969
11071
14155
14608
12989
1491
4655
13597
8665
10687
14358
6137
3882
1358
9960
6968
15675
10060
4153
159
16135
9513
7387
9527
11870
13643
1974
7700
1989
13840
1711
14554
7338
12780
9907
15251
556
2847
3795
15050
5806
9076
8359
2804
2924
398
8451
487
8555
16402
8479
8045
9510
8809
11498
1686
5447
7171
9357
8211
13283
412
3793
4487
8888
12790
530
8620
16523
2708
15946
12518
5609
17172
10179
11844
3260
8106
14445
8979
13774
6349
4114
3701
14562
10067
8996
7885
2984
10686
2557
7270
7760
14934
4399
15542
1443
6567
12879
9220
9838
6635
6192
11473
14778
11663
2517
3926
13147
11666
1004
12046
5678
16298
10664
8316
7280
14865
4226
8381
12052
669
65
13765
8311
9660
2490
13741
9700
4683
3442
5665
4494
5345
9322
12677
16762
13925
7858
14010
11139
7902
2646
11059
5238
13548
4611
13183
15077
597
602
5731
2836
9508
14556
7438
11110
4239
9777
16147
12405
14095
2477
2076
8474
12531
13293
17296
4028
4061
10420
8291
4299
15653
12764
6469
1169
9568
559
6531
3880
8678
834
14594
13240
4273
7840
2251
10557
5029
503
13298
5182
13884
8708
11618
10408
4519
6209
8904
4663
15213
11576
15480
14373
12194
7345
4532
10216
8881
10108
3655
1308
11101
13799
12936
4964
11662
7446
9943
6037
675
6018
4884
16463
4879
14750
11383
4488
17261
13787
4802
1231
4911
3649
830
12189
13126
2201
16078
12584
9983
1891
3957
1730
7736
5739
1912
15758
5022
11242
2922
7123
17023
9214
13602
15319
2916
11294
12151
5595
10194
6974
13263
1330
2488
13505
15635
8692
9369
9366
8893
1085
11554
6194
7524
12499
9826
2510
12670
10958
8178
14001
16422
15346
2445
11433
9180
3273
2707
15021
9709
1421
3443
14522
1587
4571
4362
2483
1092
11814
2354
11458
4288
13559
36
15748
2651
3332
10555
3761
14611
1366
9879
16538
14979
7003
1897
2136
16029
17048
7378
1859
3627
9490
11393
11084
6386
13543
6857
217
11048
12529
4954
10237
6441
14394
1878
6375
10349
365
16111
6547
12630
8696
10635
9765
5711
6740
1351
3601
4569
1753
3277
13883
14076
3982
15861
6057
13504
3389
7639
14335
8849
16768
11268
12944
468
7293
10826
14469
8910
8937
299
11574
7922
6049
8353
10613
11134
14145
10830
584
7274
3589
8074
9969
14767
8175
6668
13560
4962
16367
8684
13449
13965
16870
16330
10172
13697
9356
8499
5056
4844
14866
3021
15360
10769
1718
4729
11251
12379
12767
11029
2563
263
8894
8836
7473
10073
10296
5837
4792
11075
592
12037
10670
16620
17107
16525
16555
7024
8571
7638
8646
16642
11258
11135
13029
1311
10792
11913
1689
10212
11411
16044
13206
6086
12053
12833
12678
14913
4558
11768
5539
3195
17202
2619
7928
4296
2038
5821
13595
2921
13231
12340
437
7942
524
16653
13520
16283
17339
16652
12624
280
16449
13050
2814
5647
5894
1594
2726
7763
11714
8987
3956
974
14262
9310
14482
14752
13070
10788
15728
1857
12282
7609
16397
16633
13191
10570
1045
5680
1903
6806
1512
10024
6502
7152
3897
17125
13989
2942
14078
9545
14938
10290
8372
17014
1470
16494
15610
9456
10077
12752
7076
2060
9942
6331
15014
14746
10236
3207
3792
14891
15813
9105
3424
7678
15640
12412
9205
608
11738
11113
4220
9280
16863
13327
3833
4194
14330
17267
6597
7106
170
7655
2717
2531
5031
17028
14186
4804
2657
4272
8774
3748
9902
16158
9524
7596
1576
4146
544
6024
10571
6764
10881
14148
382
14838
11179
6612
16394
9324
2165
11527
12889
8693
12562
9088
1998
7833
10859
14365
4109
11598
3436
4621
1657
7648
2901
181
15562
13440
12756
13282
14649
9440
12182
311
16362
15910
9355
14200
13217
8190
5752
8755
7725
10463
10938
10235
15815
17153
14923
542
4322
7572
16771
14512
15600
7117
5018
13175
15063
9114
6003
7624
10620
10489
8645
15650
6661
2900
5172
15209
16961
2120
13049
10965
10679
12775
10964
15683
4661
8861
15340
260
10791
8413
13566
15612
5562
16399
11692
11929
16817
8285
16969
9337
12596
5245
3350
12404
16602
14228
14954
9890
3502
14198
11569
10858
9795
14876
3259
1125
10574
11978
10129
4767
5117
2617
14036
16504
15318
518
16437
3846
15810
16627
7964
14828
11734
10944
473
11087
45
12738
11572
4971
10737
337
16615
196
953
10878
9501
15353
16071
14361
9047
3354
9988
12689
12039
12112
13265
14976
5743
14718
12352
12565
11436
8976
13846
4799
3749
9607
10560
12143
9756
5953
6289
11715
2597
8488
14745
5002
6023
15854
8916
3063
12420
10434
10342
12894
13321
15984
10697
1762
14473
14179
16717
4872
9956
17146
10330
7223
9614
10184
17017
12908
1410
14153
5710
6698
5199
12759
16192
5776
7134
6442
11420
14694
8301
16137
14371
3304
7941
3812
7239
5420
10062
15313
3092
15044
15525
1674
11356
5526
9029
14035
4422
1950
16318
9906
12573
10406
8618
12449
7580
14234
1646
8769
3496
14602
3668
15046
13059
10163
11443
6592
4463
12737
15843
5527
16738
13192
3645
7159
5534
3431
6866
16224
5221
13747
8790
3740
7591
3382
11388
10589
3743
2959
12138
5989
9957
12491
2176
11785
16805
3058
13168
5485
2806
14580
15550
11789
202
2556
15082
3484
15642
5329
13041
15668
7485
16777
119
6984
13873
11746
14465
7246
15966
10831
6328
238
6936
4221
6911
5477
7719
15582
6313
10365
15055
8705
16940
1329
16062
16408
15378
13644
16840
4728
6876
13194
8169
16767
6323
10860
8516
13503
12338
2706
9445
8100
6774
14247
7332
8806
2147
9578
1024
4276
8419
9364
13957
10610
6235
16264
12536
12289
1519
4387
13714
14623
4117
13349
3862
7414
8101
10455
11792
2903
11652
11854
13302
11608
7322
7155
15806
399
10293
15243
7690
5904
7683
5222
8136
9171
7860
1435
13431
4592
10954
5585
15422
13740
5882
10984
3986
5401
3068
14807
7508
11017
9997
4673
11570
5954
7529
5491
15778
1012
616
15595
10264
11767
15811
676
2854
4620
10254
16009
2756
14338
8447
12229
10355
10616
16996
1234
12569
14108
12221
15138
13842
1273
12950
13369
7184
3643
1975
6954
10843
14427
2088
5241
15920
15923
8167
3762
571
10223
4648
8003
8703
8775
1589
11126
1515
13251
4502
2270
13092
2503
13835
8909
15256
9382
3665
8699
6464
9503
14259
13124
8983
7124
12272
16705
11023
9581
753
567
3872
3469
1822
16691
6685
1270
6419
10182
16750
10949
12381
11973
11689
8375
14705
13956
7219
8866
11968
9914
1748
8280
14830
2185
6624
4281
10326
11633
15977
8208
1185
5053
3924
15762
7068
5332
1797
15711
2505
13452
7877
15516
16952
7787
15285
10229
6048
4368
8577
14720
1572
383
17026
13413
995
14023
10710
1501
11121
2783
5823
15824
2936
2885
206
11130
8723
9370
11163
6180
15027
11226
4493
4370
15441
16991
4825
17062
256
6828
11290
12513
14343
6184
14633
7445
13704
6978
3886
15912
15685
3369
16784
9413
11769
9769
6255
16644
14586
10159
9253
17209
4120
3923
16780
12226
6704
6614
9098
4652
8250
5308
11227
4512
8695
6381
13110
8632
5955
1144
12838
694
16173
794
13077
14806
8791
16920
3470
14773
289
6912
4584
6099
15532
2698
5663
13149
3901
16693
15632
2554
4329
1427
11104
8767
17142
2054
2571
16377
2549
9851
12045
14693
8970
366
7969
2858
2046
10055
2893
7492
9486
15510
5960
1995
2078
5185
2821
2435
9313
6560
14368
15327
15789
7770
7182
2807
10171
11181
15701
632
3657
8743
15986
6039
13990
8735
2134
832
17100
17039
6510
11847
895
103
14272
314
9252
5492
6790
43
6647
16297
12237
15018
5264
14264
386
14099
5652
2159
12117
4940
3098
7617
13266
12273
9331
13639
6136
7517
10417
17027
14632
15241
11066
16093
7384
8326
8087
5376
5780
9288
7829
2944
2851
1507
7568
6164
11950
1668
13423
13707
13574
9888
12104
4301
17197
6646
16960
13745
6344
942
443
15261
8825
16333
13744
5193
1552
9698
9924
11223
7383
2694
11869
10633
1266
5644
9985
3788
7539
7036
6795
17091
8943
12914
12083
12059
1620
14322
11864
13331
3213
17216
17162
2516
333
4766
939
11611
9671
9940
3211
7377
17366
5016
1393
13432
5552
12387
4083
1510
12000
2040
10202
7949
9244
9930
15494
10541
12745
14582
12947
250
6856
8421
5851
7350
3091
3456
2406
1619
9655
458
4243
432
17181
11311
12940
612
11737
2468
10797
16671
933
10271
2215
1854
14902
686
16335
13813
14075
6466
16528
14896
15094
9458
15476
5914
8848
14003
5207
1704
10638
9084
4578
13061
4060
4138
5184
1168
9182
10891
10109
16356
14248
7400
13910
5887
13416
1448
17260
12652
3530
12866
13800
14159
5265
14894
1735
14452
13318
14096
13891
10496
6627
5858
4265
1495
8463
17173
13541
12479
14235
14329
954
1571
13978
12044
67
10834
7722
8344
16214
13945
12436
14357
14069
5969
7048
558
376
8457
13533
15899
1352
3714
3281
9448
9727
11369
6886
16869
15735
17059
4404
13947
17113
3284
7811
14607
11813
14415
5619
5137
8207
4124
12772
4432
9386
7160
11500
1063
4748
6001
6582
10525
15212
6258
5305
3438
3868
5382
14815
13164
8701
13901
12681
2672
9229
9109
12895
7318
17250
5129
630
13899
6775
11225
12824
10483
16670
1664
13826
5228
5180
14760
2082
15702
929
7427
309
11156
4075
4888
5772
12521
7128
7527
2053
3724
15889
5650
13346
1727
12751
6802
8222
1035
12004
8183
3624
14029
3942
10036
11669
14284
16592
5607
3871
10880
8161
367
3707
8363
10348
11277
12875
3735
8456
10008
7819
10320
13750
13961
1390
10509
13585
34
12843
15496
16755
7082
712
9686
16598
6130
4703
3479
15792
9174
4782
6340
4411
10703
6447
16904
3583
5854
11079
12795
7556
3786
5820
4658
136
5402
15114
16643
2333
5499
16954
3925
17168
6985
6551
8283
1532
2929
2489
4465
16569
14978
15450
8050
9018
16168
9377
14854
526
509
5661
9909
2907
15113
1452
9971
16751
3162
7593
1764
2576
9758
17186
4942
16
4191
4951
9982
12601
15649
9696
16918
15796
6146
7989
9112
2781
13215
16085
17015
6965
3128
7696
6695
7242
3419
6040
495
16382
8537
8515
4388
16825
9330
9063
1637
14620
14972
10890
7395
14402
10447
16373
4320
1015
14959
10245
1717
15832
15107
17242
7313
9550
13847
9889
9636
4190
13547
4852
16163
12185
11271
11686
14991
13488
3980
9405
215
9586
1264
8922
13640
12603
11287
12660
4899
9736
8736
7007
8503
14025
8300
13087
1162
16020
457
5977
14461
16037
8435
3475
7746
15366
9666
7794
6728
16210
1304
3770
10437
2618
16545
11304
16275
1812
2682
13267
7158
4102
17346
7008
8428
3165
8355
1213
12438
331
10453
5782
6483
12695
1945
5075
14383
39
961
9634
11555
7176
10660
17373
2585
13668
2660
4968
7782
5188
9265
15599
1875
14460
11777
6780
15557
13299
15404
8522
13485
9468
9841
7328
15953
1728
1392
803
9738
1089
3134
8395
960
1373
15406
15252
5693
147
14671
14435
16326
8732
3310
6481
11893
2590
14458
16865
13028
5213
10781
259
6218
2122
17284
14191
9807
13664
14367
10139
12476
3271
2376
7137
1114
3658
7189
4676
14785
9092
8201
404
7087
13116
5387
14900
1815
5531
2860
11984
14494
40
6474
8748
14579
9669
6456
5869
778
6097
16255
5705
12238
15962
8462
15818
836
2512
3919
3518
11020
15176
4416
904
11283
4704
10393
3229
3500
421
4386
5094
17275
12581
6043
8483
12186
12137
16314
4590
15847
9262
3107
2179
12333
15030
15801
11910
6678
15857
4306
7863
2217
13372
15838
15529
8561
5996
12602
4991
15172
15860
37
15879
9197
7603
17283
6415
7331
4437
6247
2986
6305
1883
1904
14245
7985
3363
14593
8529
5441
17372
4086
7966
11208
5431
16583
4471
3728
6664
4236
13362
16972
16207
3035
1233
9284
5355
2482
1109
6834
931
15156
15615
13716
7135
10373
6414
10173
9348
1279
5671
6208
12347
3918
16645
16669
4980
11076
6557
7612
9724
12133
15849
11890
86
4379
1793
10993
975
2705
16054
5830
17149
14561
13335
13158
12656
513
10256
7339
16448
8212
1490
5468
1906
14675
16475
13118
13793
6408
16894
725
3463
3317
13356
7625
10146
12971
5515
1065
16760
10490
10754
10402
9417
16998
13830
13161
16854
16419
802
8801
2192
2188
6307
15068
6887
7351
4257
14492
9975
2700
15973
12394
3079
5656
7192
2805
15328
8919
4577
10092
1262
1195
4515
11946
11772
3103
16629
16992
8320
9638
83
1917
13311
4984
15244
2562
1412
13798
8835
14403
6748
13222
11253
3282
15671
8254
15513
5764
12286
2171
10487
9913
7379
1172
12431
16080
7510
5285
16568
2750
3005
13738
13538
8191
682
14064
14619
10138
10636
10577
16375
7120
11872
1725
6583
16927
747
5174
1422
15933
293
6662
13893
12834
15334
9318
13274
1388
14463
16655
8114
9883
2983
267
3633
13135
8999
11355
11537
12540
3954
138
2915
2671
15198
6988
89
10012
13420
5840
4520
9130
4150
2004
3529
14345
10919
4812
14317
17128
7708
11667
12335
12633
10811
11167
11481
8281
15698
15487
5390
11990
668
11558
2229
7403
5310
4481
14066
2933
12997
12302
4598
15552
6428
11888
7993
1396
3802
14765
15220
13054
12704
1037
10666
2978
6702
1750
3001
16011
14209
9434
8294
4965
4500
16393
9435
11462
650
15617
4667
14190
6723
15688
4317
6103
8442
14829
117
12964
9944
3630
1821
14185
14015
304
17266
7301
11820
3280
12821
3961
15272
4247
7654
4482
10390
3210
9282
14009
4709
7592
13138
17328
5251
14758
16989
5855
162
2583
16438
1716
5443
13276
24
13045
1683
2839
17222
2749
15101
11799
6812
14227
1050
8920
13224
7866
8906
1624
13203
11511
17042
11924
16191
12943
12321
11189
12459
14618
1768
7298
12823
4312
5328
10516
10778
13507
2348
13942
16389
3046
10442
962
4053
3490
11533
9177
752
5080
11028
8384
4843
8950
14977
1267
9138
17333
4292
7188
2139
4093
9306
5995
477
5089
9710
9499
9912
9429
9218
9157
8528
15330
9117
10485
1145
6526
11991
7142
7536
2649
14120
14269
2253
940
8800
14527
3338
4342
2911
1946
14893
3628
16659
15555
116
16117
4477
14857
824
14513
810
12868
11720
3597
665
7905
11877
12252
12993
15206
16233
17066
4708
8974
9815
8953
5147
2414
17192
12537
16425
13608
1008
9193
3073
15321
6727
15368
8843
13386
5689
13620
9994
6971
17313
8656
7034
12385
13506
9381
303
13361
13438
8510
1121
1081
14673
3237
4090
5270
12497
12800
12543
17336
12230
8127
1843
14724
2930
2407
9256
3028
10020
10872
7831
14980
10026
121
12378
12392
16506
10663
7893
353
7752
4291
13219
1560
936
1855
1973
14240
8614
4684
2157
8754
16537
15087
2328
611
1458
13154
7727
150
12618
7495
9903
6671
3817
12160
11567
5502
5152
684
11643
13623
8141
901
15724
14194
3112
8184
2479
2037
14165
10698
14481
12726
8581
11425
7872
1819
12102
11141
1108
6382
7118
14656
7415
3418
5450
2335
11727
16730
16781
12551
645
4967
13334
15663
2344
5194
96
14026
3824
4335
13057
16187
15304
2639
12827
6906
7653
3404
13476
1379
14849
3990
10031
13530
11588
11899
13794
14873
2844
15876
1641
8770
16862
1098
4264
1303
7028
11012
2652
13244
9040
4006
2833
10598
3205
3909
14022
16725
3067
16190
143
12830
5725
395
9259
11733
13803
5142
16095
3143
2553
1255
9687
5588
8879
251
426
11000
1135
10556
2042
1494
12359
14073
13034
798
6324
11469
5684
4591
12898
9541
5864
2233
13281
11136
16459
17269
846
186
16519
4092
7950
2009
21
16905
12619
2023
9617
5323
1079
4999
14498
5371
10198
9352
2902
925
9565
8837
10939
1476
15254
12417
2754
5293
9868
10649
15956
11620
14567
3533
16102
3907
2753
4453
16821
4869
9051
4198
11261
5732
8690
10517
3178
15978
8891
5095
2168
3571
16383
10371
11825
1202
7754
14664
564
955
15955
12864
6970
7426
15267
101
4924
4956
6229
7998
11018
12793
9425
1342
11111
1651
751
16482
7615
7069
6634
16682
4669
8604
10477
7371
11546
9080
14408
14888
14299
791
8959
4631
9153
3818
1036
1773
6836
3433
15840
11822
2300
2205
1879
8886
13729
4142
10829
7980
4626
8517
6244
13278
1386
3864
13900
12882
7276
10595
7095
2314
5787
2242
5591
3388
15202
15224
11224
2339
8918
5783
496
2008
5811
15196
15093
111
4397
13784
374
2757
8385
5763
2473
4009
6815
15535
11853
5966
8794
15622
6087
13172
12095
10454
15773
14339
8282
9472
9323
1134
13319
13564
9848
11070
700
14355
13235
5189
10246
10240
12904
5720
169
3236
5540
2688
8346
678
16305
10049
14133
10802
5160
8625
1483
8098
5727
9081
11644
14483
7096
16040
14878
2126
1423
11562
1690
16432
15144
11166
10590
15197
4268
15980
11640
12774
7180
6306
10776
14875
10435
7976
14835
10927
13509
11883
3171
11544
9615
13075
14870
2261
4250
3944
9240
5164
15231
2197
7306
13031
11131
8293
3359
1039
6699
298
16923
2567
13099
5924
10282
15432
6922
4958
4496
11021
7075
4446
15489
10884
4997
14396
10960
6182
165
5849
13875
25
4249
2064
8329
4662
9015
17300
1745
15355
9986
6416
16853
3667
634
16860
7457
12496
4936
2584
14151
10765
8315
1155
13746
8504
2570
11046
726
6445
5495
4882
46
3295
15906
2532
11096
12390
5292
10144
8532
16680
6284
16420
8044
6937
17350
15126
3708
12208
10366
16276
14642
1322
5023
2119
6914
4666
16500
3554
6128
14386
8090
4613
11933
12297
4186
2015
5945
6875
1249
10145
8189
8514
11376
1395
10033
10054
12931
13660
799
14516
1929
10450
5596
11039
11065
3747
2091
6239
774
2720
16441
3722
1561
5802
8992
3775
7704
14381
9646
7698
7734
10543
12786
15141
2237
16593
8878
7354
1568
4790
4343
94
14624
11889
1317
12411
15757
16089
2263
12295
4328
13968
11456
4736
14970
2045
2441
16151
12058
4241
7546
16030
7825
10804
13185
16309
2772
10377
3585
2
16395
7324
11790
15504
1382
15754
15419
6794
6569
3417
5239
15177
7093
7681
13390
718
11824
16737
13055
9474
14950
4636
13756
13355
11115
8358
6663
6115
8269
9935
5364
14195
100
8484
9057
2343
17277
9662
10630
4189
6070
1509
13827
14030
10133
9149
512
14660
4144
2613
48
5475
11162
15228
4525
11507
14736
15882
4862
11881
528
3811
16246
14182
6492
10329
4687
11604
7560
8947
2945
3269
16401
14515
7506
11368
12074
3949
6818
12328
3504
4854
6214
14759
4689
11026
2775
2451
6430
2992
4826
9134
7637
1944
16320
9069
12301
9967
393
2568
14702
14491
4052
5796
11995
16351
5204
5756
9509
11042
9418
1909
3801
15100
456
787
6453
2530
10149
6143
9328
15178
10785
9155
1614
693
9465
10175
4953
7503
9958
11400
6777
8921
12103
10528
7145
16253
894
12062
12822
5608
4298
14220
4033
11545
14672
14307
8788
15295
9695
11243
11296
15444
8491
15398
10899
2198
8356
1825
17119
9400
17169
16962
12719
1278
16586
8954
15704
14296
10266
3096
5047
12364
10909
15081
17022
7281
2527
62
16004
11919
16891
3123
1658
14382
3202
1408
15769
14529
12274
963
11759
6271
6964
2689
1653
9583
11728
10
16636
6788
11269
7113
15935
15199
11841
7800
12075
1669
13306
6243
2361
1102
16560
10148
1138
5884
5779
13062
8856
5472
8482
10176
8548
14879
10087
1484
2428
4016
13971
16914
4503
9424
4096
729
7677
8164
9196
5086
3977
6638
10295
3302
1813
12973
13611
2249
10439
5146
1176
14646
14507
15468
9816
8333
10968
12863
7248
12480
7163
6878
15288
9899
2149
3059
13091
1534
8995
320
13023
14678
5368
5163
403
5127
6571
11523
7814
15628
8749
2455
10716
651
13761
12092
4727
16637
305
10465
5660
6473
2909
16128
2495
10068
3998
7493
7330
5465
3948
5414
17195
11422
2640
1403
16902
1837
8350
2586
7886
10153
10553
2714
4285
6200
10586
6947
16829
2351
9979
5978
6438
5227
3157
12837
10596
10080
12374
15613
11519
12464
3937
11852
13422
3595
16328
15918
6973
13258
11234
14176
11317
14837
3993
11757
6277
14719
4865
12563
17364
13694
16249
13411
8826
16396
5344
6132
9147
3680
5487
11410
12019
7084
12082
7507
8784
13421
606
17281
8411
2472
13280
15460
14183
12245
3797
6262
15734
8960
15997
16579
16553
14674
15491
11030
16964
11891
12781
10389
10948
4345
11174
7267
1590
6265
16861
1002
4260
388
13573
4699
12548
11934
440
14306
12393
6025
16673
3769
15347
7657
12077
15136
8374
1516
15867
5546
9464
2448
3084
14406
4274
14925
12576
7707
13397
5683
16426
12009
9729
12268
16859
9829
10641
14960
4391
10651
8745
14592
16169
485
6545
7413
15909
14537
16267
7718
3878
11324
15168
11526
4627
5675
9885
3335
14439
6542
7731
6598
16237
6242
2049
2089
1951
2719
12398
1556
3682
15420
10908
15823
4215
17093
3508
7010
9236
13801
9941
6665
6462
3185
15507
226
3476
12017
3265
2284
12293
8080
6708
9705
15865
9034
2721
1028
4961
3318
4589
14020
16113
12247
15457
4284
10030
8477
2408
10125
13646
11316
3915
12484
1648
7679
5123
772
7472
15631
12266
984
4682
12700
1760
12697
17053
16606
3551
3108
3197
2735
120
16164
12675
12156
3384
5214
7284
10353
8897
10298
5883
1498
10169
3219
13970
15763
5715
131
4800
13615
9010
7311
16649
2142
3840
16294
13272
10029
11284
122
12474
14004
1719
1230
11747
1606
2239
9482
14410
14589
13556
2546
2031
2358
5108
17178
9395
9028
1357
17274
7587
13525
16978
5620
13475
3126
5186
12953
2718
660
4100
11345
7525
17180
3727
3688
1309
16417
2326
2832
2461
9704
14790
10281
10210
9981
982
2338
12140
15741
6785
9416
12867
17329
15842
2889
11120
10817
5862
7578
3850
7520
4656
1
14404
54
10611
7990
2501
1086
6808
3839
5630
8177
11624
16700
13599
14378
1627
5876
14575
4935
9630
903
12005
7032
1461
8858
2402
5984
13626
13469
11468
6701
3904
13348
10566
1776
9243
15474
9791
2345
7682
593
3121
2695
16034
4313
9181
13040
5563
13310
14796
9045
14564
5523
1918
538
1431
3204
8467
13304
1701
15052
10988
1564
9132
11623
6452
454
9597
4917
6666
4857
11783
5808
6325
2228
7895
10514
9743
12097
11474
13621
1287
16200
462
1171
12135
5437
16739
5349
5397
6625
6506
10700
9161
4897
15736
9606
5505
16160
9066
14883
10885
10997
7882
14757
16699
7052
7178
14417
1971
16217
10518
1702
5746
6159
965
12545
2108
16348
5981
3771
9294
5297
4381
17245
5948
10550
4200
7132
5140
10284
14401
7053
10731
10747
7513
1040
4985
139
4417
6102
6509
17256
14809
12298
1817
1075
3759
145
15326
10093
6877
2755
517
9809
10313
15988
10548
12896
15064
7709
9062
12437
7092
16726
16005
11730
4458
15574
6188
8465
7888
2166
7864
13484
4212
6457
14581
2083
4002
1919
10308
12279
14499
13295
10879
11912
14662
16404
9977
17123
13221
10706
465
11561
2470
9827
14056
17310
13383
11419
4507
14012
9651
8648
14433
17075
2886
6763
10448
11218
9605
5429
14134
4887
9869
1829
8509
7099
7022
4521
11175
10421
16434
2520
8872
7662
6515
2174
9432
2107
8113
7416
157
5797
10682
361
13916
6336
5513
9102
11336
2529
12466
15641
2815
6601
13695
14072
13170
10973
7684
1066
326
15300
11765
15219
5980
4068
11081
11885
5926
5318
17134
7783
3510
252
9107
7601
4044
5103
8899
11199
10219
4851
1550
11935
4197
16232
3975
10025
7756
10257
1187
3052
889
14241
3206
10893
10131
5923
16444
9269
4637
9939
6346
10415
7347
10142
11124
2703
14237
5076
14019
5478
7070
5928
10877
14446
543
1586
2961
15541
9024
12224
3246
4945
4324
416
15788
15084
13102
14310
5832
6696
11302
6599
13523
16578
13284
7564
8041
7793
15897
13811
14167
850
8048
15195
14591
15872
9097
4820
8558
13373
6566
5929
10478
8380
2341
6846
16031
346
4123
11487
12659
6733
637
6516
927
195
13731
10547
8592
12153
11086
9502
6822
4638
1347
1751
4454
8286
14912
10019
8664
6710
1316
15473
2849
3912
4452
11078
17143
12461
16109
16339
14928
3859
10425
11529
15712
9573
15146
11467
13376
10851
4192
15461
9849
11203
9127
6902
12979
14995
3940
15431
13580
8662
13546
2379
1577
1248
9830
12884
17200
15376
4346
8340
3730
2905
1709
15308
11371
12348
12354
10653
15130
1394
17303
7645
6260
17342
727
14114
8568
7705
7945
6760
6275
4095
10813
87
546
7317
6185
4606
5547
13063
17244
5143
1111
5336
4168
14943
1261
15770
1692
6434
3375
11859
2589
3659
12798
13896
9591
3550
698
15659
2734
15902
11194
16883
10727
3887
9392
4534
2968
4428
4498
16756
11830
2914
12559
11172
14246
16279
6312
11898
7333
12636
1579
8730
8469
1016
9796
4164
6248
3285
10523
7391
2388
14364
4789
14380
3009
8078
4848
10734
9179
6167
126
2256
3040
12935
16262
15979
14094
9136
11719
3225
5561
285
8506
3327
1721
4554
680
977
10152
5932
7954
10576
9717
2723
13122
12983
3883
4154
1681
14479
10083
6993
779
2425
12144
10575
10812
6905
5422
10823
2634
15620
4551
2478
7867
10130
9740
607
716
8556
17099
12443
9439
12371
14062
5446
10196
2067
7735
1439
10888
1355
4966
4034
1418
6637
10934
9292
9281
11215
14017
17367
1794
7397
4556
16708
13017
13461
2538
15024
1503
12281
6688
5438
4816
10569
2440
2491
8139
16594
6980
10887
7451
17078
978
5352
1554
11011
10920
661
1232
9415
12519
4557
1784
10384
10369
9762
12921
2162
12373
4341
2500
1009
15967
17321
9919
7532
6943
730
11485
11548
2068
15682
9539
14955
5494
1938
3
16625
7327
11088
15746
9562
11530
7482
15774
4032
5058
4402
4794
9610
4717
14067
16933
7226
6114
15800
194
6767
7531
2514
3553
7801
15954
14640
422
11751
1095
2309
12796
7359
8443
9806
4020
5512
16595
9522
16984
2043
4448
4267
5553
11457
2334
5795
11264
279
1211
13725
17338
5139
9523
7474
5448
15152
1027
5013
15099
15895
12456
13512
3421
14741
13905
12183
2405
10976
10268
4229
11796
2956
14721
13095
5841
14117
237
4049
16941
13634
10721
4650
15584
13624
14541
16316
13068
8393
1101
5211
11658
3527
11672
16650
2057
3650
745
17085
13773
15913
15169
2796
12357
10530
3458
141
6969
13064
6686
8977
2146
347
16250
14079
13412
709
2829
11802
6813
14082
7995
12320
9569
2127
2325
2710
15577
14530
5735
6476
6133
8823
1666
14730
3447
11863
12419
4561
14249
14440
3287
5613
10671
11496
16997
13409
10105
9843
13030
10368
9460
12346
9802
14659
3626
8793
6650
12698
6633
166
2724
188
3608
1880
6435
9250
15598
16058
704
33
1528
6193
8957
3076
11965
16679
15208
6852
1922
2363
4741
4531
15433
11
10511
7541
1682
4072
7579
16023
576
17095
15076
1215
11414
9427
5334
4495
769
7689
16107
1835
7148
5799
4995
3074
12094
7376
15633
14918
3819
3140
13976
12949
9422
13689
5451
12593
13115
5359
2927
2867
4435
14321
4351
1671
14799
5430
4948
4023
1743
13508
14532
11259
15855
6042
1502
15995
14911
5212
15307
7543
9595
9898
5998
16547
3349
10302
12043
9886
17105
1803
3756
6501
12341
7674
11791
14136
9327
844
125
16911
3066
6169
5829
13052
8433
11099
12277
1802
12556
16868
3127
5092
14453
2845
15372
3364
10209
16460
10269
2115
8967
1127
4932
8195
13878
15164
8123
3875
3683
11353
12609
15459
6022
352
8371
15866
17185
9211
14648
2595
2865
2289
14655
12857
5025
7992
9799
2497
1992
15575
2421
11993
14645
13046
8554
16077
4947
15147
12259
11749
5819
9867
137
6712
10190
13553
3522
1592
12692
11318
16205
10261
5196
7548
1280
11677
2254
928
7865
10464
5009
5874
214
12375
11773
11535
865
17021
2350
12742
3945
6292
7110
11008
6220
7436
3402
2340
9013
7816
3952
3514
13771
9371
3746
5125
14206
10141
17056
9016
7455
9668
3789
1106
910
4850
15298
16763
68
16828
3599
2175
14421
8991
1344
17025
6572
1014
15067
7109
3467
12244
492
713
7903
3656
3721
6280
11688
16097
13701
2097
699
9326
12799
2848
11132
3104
6574
4277
14060
748
529
9000
8341
2993
989
11260
16605
13162
1603
13534
12149
1746
13152
12770
12998
3935
2034
1660
672
15490
3048
9620
884
7702
12212
452
6367
12498
9237
11722
12696
10659
2032
646
12787
539
6205
10376
16880
13627
10099
15291
9720
8476
10771
10724
15051
11639
4896
5324
13938
3218
3024
13808
16634
5712
17229
14753
6940
547
667
12261
10822
5183
17135
10091
13769
8923
8180
14388
5521
1056
5600
7906
13510
13179
5961
12699
5522
13904
16889
13948
7701
11403
318
16965
5863
10869
15397
5173
679
3477
10999
16052
6339
3703
6744
1845
210
11231
11706
6251
15524
2587
8772
9128
11205
16436
4462
13032
8218
3080
10736
8030
8460
15470
5178
6300
3135
15218
15594
14102
5850
14304
16685
3861
9320
16901
16201
2534
486
13931
4536
2842
16472
6129
8698
10947
14964
15314
8986
14921
1738
3567
10714
6855
14031
16541
16935
1636
16435
16574
3640
15057
7892
14651
6011
2389
10928
15192
1340
13271
808
3411
9423
5774
1991
8042
14986
8895
9254
13209
6568
9438
13227
17198
17203
16543
4082
16639
12651
8425
11603
9469
16931
12450
3293
10715
3757
5233
14544
15325
11674
14523
14113
349
5704
9858
5896
8595
15374
5130
16110
5210
560
8366
9776
2594
12643
1766
6675
3969
1886
13393
12662
7726
16505
12190
2767
2413
9547
9234
12812
12516
9900
12626
12239
8608
9559
13079
11708
6253
9797
16366
8197
4012
10011
17357
8647
12615
10803
8833
8845
8489
14236
1497
3274
10524
1862
996
16775
8417
13347
14412
8860
14787
7691
8716
8707
3142
16226
8046
16219
17251
8949
9604
14939
7417
1665
1324
414
5597
8965
1097
8288
9611
6316
739
15186
548
8496
14563
10484
16280
17031
15703
11365
8803
10828
2967
12862
12292
12778
9854
1072
1387
5008
997
5301
10466
5551
3803
985
17101
410
3636
10945
5733
15816
3778
7933
2637
17179
16180
13777
9165
9566
7314
55
334
15484
6431
3734
16073
15886
4048
12832
6380
11550
16152
11512
5048
14487
13683
13939
15523
1791
14050
1558
7710
14855
10730
14653
13229
2540
13907
2169
11909
7258
8828
2231
8273
13300
5300
3147
16782
16301
17122
14385
14432
14337
212
2194
7222
9075
1384
9753
15583
4238
756
839
15941
11568
13650
16616
6817
9215
10726
8587
12561
15435
1345
13770
14700
1013
13749
13974
2935
16934
10629
12054
15424
4751
13834
14958
2327
9978
3053
15931
11724
11684
14966
15003
7851
14570
15761
16893
3715
16826
9402
5939
9818
8929
15672
1881
9963
14263
13736
7647
8619
8814
14170
445
16976
6759
1399
12858
9663
12500
10203
242
5524
13296
16788
7853
6749
14177
2808
5549
14218
11352
3190
3607
4455
14931
14571
15506
6630
4278
14689
451
8617
6718
1625
15048
501
16464
11594
9813
7669
12655
8262
16007
13291
10322
6206
17196
3663
7914
8388
14503
7346
2315
17159
7879
7636
15345
16928
14756
6436
3686
9164
10218
7805
16744
11182
10498
16104
15970
4524
2991
15559
1700
10607
7876
7204
7014
4304
4678
12250
8824
16257
2837
8812
3662
15690
446
1298
5738
16866
15005
7750
2667
6495
11821
2840
12488
13617
7611
5128
11729
6080
8422
6195
7254
4757
15047
4903
6400
8559
14098
4206
5673
453
3242
6335
12223
5266
10827
13150
15645
10799
6610
5028
3676
15894
2246
9730
3239
4981
16390
10110
1020
13843
12108
15151
4977
7147
5084
14860
14229
2187
12055
15591
6586
6956
795
1334
15350
13804
3865
4078
11431
1962
4098
3336
15268
6140
1807
5758
7602
3560
11626
1017
5993
10076
6736
13710
508
16908
12122
3712
9946
14713
8398
3900
6083
5520
6422
14627
10995
7790
16400
7169
5648
1877
9072
6706
13973
9549
13852
10467
8015
17234
3385
7372
5347
3459
8874
11333
11082
7755
8278
6241
6540
15455
13782
750
16488
8154
8594
1245
17114
16300
12169
13212
8060
9285
15805
1364
3750
788
14534
2075
10936
1184
9911
11053
8430
2352
8352
15676
14775
322
12928
5766
14462
13890
13823
12014
10018
2375
10189
2155
7046
7017
8726
16981
15262
2831
69
8584
4261
17224
13444
1999
5357
2855
6329
16196
4376
1026
4653
3511
16443
2156
3480
1800
9208
8945
13384
7590
3538
14158
9122
8256
14929
5577
15652
3823
3816
3451
262
7079
7516
16256
9038
7788
4875
13084
6152
4353
3590
5027
13439
1238
17368
5107
15781
1642
3343
12891
5482
3893
12934
14214
8863
12423
15608
12287
12648
15278
16269
3486
1453
6681
7854
15015
1697
861
11051
8511
10621
12316
14265
1905
13213
3398
14821
14665
15521
17314
10806
9023
7721
13540
2555
9561
3898
6303
10338
8324
4548
11438
15282
6396
17294
1549
11901
11902
11563
12507
14493
14040
8148
15573
2880
16352
11857
10362
10135
8912
5833
15892
9185
12741
16116
14782
7706
17210
17131
11190
5135
12205
8982
16930
7923
934
16120
1783
1426
1734
8892
16824
4937
344
9855
417
9273
1043
3037
17112
14119
7925
13166
7273
323
10168
3896
2268
2220
14053
6149
3777
16937
7441
13718
10953
719
15175
9367
16092
13589
6783
8052
7769
14212
16028
3876
12315
777
10619
5275
6432
17353
9035
1385
8624
13153
2636
6605
10665
450
5631
4158
11085
11465
4786
16827
2565
4073
2696
3420
17050
12305
2746
8102
3234
11426
4853
2371
14641
3377
9231
16189
11043
2117
8626
11267
11826
5533
17019
14707
4444
11119
12409
5361
1833
1942
5509
13131
909
8156
10433
701
2426
133
6830
3341
14889
10662
270
9590
11275
4739
12155
6326
13706
6641
11058
1839
8107
1019
2610
7098
12355
7630
9152
13234
7349
7412
11582
13151
14547
10584
10334
5708
9543
6144
2086
15407
16016
1931
5967
9771
5136
5170
4866
15270
13518
2292
6555
17331
2193
6360
6894
9407
14895
11047
1265
11158
5154
1456
5976
7320
11137
15911
13410
819
7344
13752
8436
16270
9585
434
16287
6217
13864
12768
5847
13260
657
6201
8669
10354
4807
13661
17090
6319
2685
8687
10840
13515
15803
845
9086
1272
15885
6804
7050
17223
12179
12481
907
563
15533
2879
8873
6975
10836
19
5880
10252
9901
123
4196
9031
12616
6106
5366
2392
11975
14771
4874
6293
5471
6033
2212
9049
4063
6368
4202
1236
2699
6996
7398
3174
3488
4125
1673
13693
15002
12175
275
3619
7094
10770
2632
14501
16916
15644
329
13330
12653
6743
3371
15958
6276
4205
7534
3044
5965
15128
11835
11332
4892
3696
10363
12254
12612
17322
570
14279
7967
10696
1865
9739
12852
683
11997
7720
2190
13501
3827
11291
4169
10783
11306
7542
14071
14044
3408
9144
8802
14595
905
12086
8752
12709
8627
13022
1596
2765
17132
780
7646
11112
14511
3238
15835
6977
2601
9358
2280
5525
12439
15467
8853
16082
14573
8292
1467
4986
3772
14063
11402
11013
6355
981
16512
8092
7115
7060
14748
10535
16663
4489
2969
12870
1240
12639
11959
13915
8980
3026
3215
12720
2420
3012
6352
4359
16526
12877
2882
7478
16268
12391
7745
3988
6925
1742
11354
9567
6860
8397
1375
9198
8658
5943
17330
12580
1142
4159
2216
17080
8573
12158
16550
16046
9245
7228
3334
2980
5899
6580
9822
13854
5537
6012
17348
10297
9544
8927
10690
8968
15678
5106
9120
16879
10378
11052
16132
3194
11094
17013
5327
13675
10481
10558
9077
1650
3109
14704
15740
8964
5392
6446
6347
1007
8710
9995
11907
14173
15276
9640
2310
471
3125
11244
6204
16291
16370
1107
11140
1796
10174
13638
12564
16384
14391
11597
4099
6333
17337
1061
13036
16235
190
6891
11731
8056
7408
5455
7269
10126
10821
16379
1370
12715
13562
12400
8686
8302
12270
3738
9247
11694
789
16641
3220
8204
17037
13275
2928
1914
11798
15124
15403
14882
14990
16491
9125
5141
12853
5952
12911
12220
14308
10693
8229
9752
6072
4066
7810
15367
5234
5099
2457
1021
12300
15341
11031
15329
9478
1284
11326
4058
5035
10112
3767
8296
7835
3392
14436
11827
5230
7294
1268
4615
4612
4724
926
5267
8855
16178
6742
9535
5991
13425
8850
4143
5901
11551
16609
11509
11389
9553
6062
16244
7673
14332
5333
814
15634
10461
7724
16956
12057
8870
7808
12369
13294
17323
8357
13220
7812
10634
10224
12241
14318
12361
13906
9798
230
13256
13649
13460
15727
3981
16273
3483
3507
15140
7948
9840
1926
12406
12349
17312
1850
11954
5396
885
17165
15972
10500
5254
11002
3233
10725
16722
4026
7757
5992
7824
16742
6064
6594
10347
12177
9158
7454
5606
3276
579
4115
13929
15786
13001
5109
4617
770
16474
1765
8255
11606
7308
14588
11344
494
1083
418
2548
12232
15809
11678
355
17187
7988
10658
16155
15780
17011
13241
4697
12682
16938
6468
2318
15592
1724
2138
10456
14917
5634
7262
480
4705
6301
2950
10396
14952
13677
15755
11386
10331
1044
12472
12792
12544
6618
6758
6322
6385
7057
15821
8961
12291
6374
5584
1419
12731
11154
3753
5100
10905
5061
7604
5209
626
12448
9380
6281
16535
638
5017
9744
6837
15760
26
14677
16278
15528
15705
4983
12676
5449
12146
13134
12113
8270
8585
1634
14789
3587
4647
17326
1563
4305
11963
1996
16710
12828
13991
15001
10346
16312
6967
13142
15456
8245
7321
14615
3422
8073
10358
16094
2949
7894
5762
1335
12706
12072
13230
2738
14216
8386
16681
16864
1788
15938
8785
8553
6523
5316
13743
12594
7815
2274
14601
10458
2513
7557
5070
8963
3677
13
16100
3208
8312
4157
2084
9019
3168
2382
14545
14437
14558
7567
7250
4587
7789
16577
11334
1174
13630
622
15025
1680
2654
4323
9222
12020
2635
3172
11118
1970
14164
6801
11630
12690
12632
898
14661
14303
10996
15080
10114
4051
11116
12026
14643
4539
358
5389
3723
9190
9325
2332
14626
13026
14169
187
13067
3955
11922
15896
11404
2006
14273
15429
8383
9085
1874
10324
10643
8140
2763
7936
6465
11295
10469
3137
14727
8448
4624
1062
9335
6390
1832
7733
11638
5859
5133
8663
4998
1901
759
3090
3415
13592
17038
11961
3641
16546
4486
5460
5718
4987
6417
11309
1631
652
6816
15351
10339
13866
15482
15371
16039
10280
151
10505
13368
3808
5885
13483
6880
919
6406
2579
11811
3003
14942
5824
7743
16897
11788
11976
9441
3992
2850
15293
6590
14590
14150
15647
12557
6697
3794
5888
13522
3022
13975
11937
10059
2236
8902
3999
16871
13133
1129
5433
3566
12844
6829
13655
16371
7352
11142
9204
841
1775
10304
6413
14505
16877
4513
12831
3163
1441
9805
10708
4870
12629
3866
3450
8508
14887
7499
2997
16003
879
6345
3678
7018
13723
330
9865
8978
11770
5974
9690
4128
12941
14352
14944
16090
2417
1438
1981
15478
6314
4759
13805
9202
9525
6365
13182
5237
11528
7216
10241
1848
12712
17324
14188
3768
2925
7256
7355
7340
11320
8082
2846
10395
16204
2788
8547
11875
5236
12805
16429
2758
15554
4975
15260
8133
10299
4542
16936
4868
16587
14696
7044
5629
9619
12703
6998
3440
4527
13358
11114
16660
11010
14390
6721
7747
9993
8941
7290
378
8275
17225
5622
4224
2523
9623
6278
10044
15056
7315
7974
4526
6287
4307
522
5641
15883
7367
2295
12717
9493
7739
8303
16656
8880
9780
13711
5803
4726
11204
11069
9048
3321
13141
10375
469
3146
5374
3936
12948
6425
15880
17355
7832
10222
7151
16451
16857
11322
13254
11593
13924
4210
6015
12791
8545
14781
8299
12154
11743
12923
12408
11661
15551
4460
16340
8
7300
9836
7421
16603
872
11265
2673
12311
4065
2752
1849
15495
9519
8243
14668
4045
14298
628
3240
3713
6935
14429
11834
5421
10940
9498
12995
5677
9716
9683
2029
6056
6123
16709
5097
11845
12845
9713
4332
14115
16064
14480
2235
8247
6259
9453
10519
340
4628
3826
10678
3968
3534
9517
9384
7728
12324
8674
16208
4835
475
9302
10002
11842
11161
7571
671
16066
5517
15333
8379
12977
8715
5573
13136
7116
1128
2471
8008
5898
2099
15607
6315
16843
7512
1204
615
7129
236
12570
17044
14733
11712
14691
3523
13700
14770
8314
13464
7461
6751
1444
10120
13453
11430
8660
4390
5745
7855
9722
7143
6118
7448
6707
11972
8610
11449
9894
4914
4185
9142
14969
511
9101
12725
16060
2265
15189
7164
7452
3041
10694
13309
7211
5532
11654
17084
127
8058
1137
2823
12280
3221
15518
13820
4630
5667
8915
7613
11717
16977
17067
2374
1417
15204
16445
7944
9257
4018
16613
17214
3562
12162
3094
8083
8685
16456
6730
4367
1542
216
14125
9477
1602
11635
12257
8822
11195
3622
762
6021
14476
16963
4749
3693
4010
1842
6512
14286
4309
13072
64
2066
13977
12907
14703
16385
16492
12504
912
4926
11178
6623
5288
12718
658
97
16167
5415
3464
15686
11964
460
10199
7144
9139
3183
8459
13146
2873
2971
1521
8871
7006
9009
6913
14560
13437
8227
6378
5399
14989
9483
8193
10591
7626
12776
1752
14083
2761
673
10911
9641
11217
15725
7619
12849
140
7563
10206
3263
4976
7161
2759
1787
14850
9200
7660
3609
7780
3307
15697
624
519
13419
9618
9312
10561
6529
12550
9387
13428
6613
11541
15834
7649
5426
1861
5026
4027
7141
16835
6987
11466
5618
2659
16967
1241
11573
2218
8071
1150
5817
7869
10733
11459
4492
17377
16874
6683
3594
8022
14309
1535
13687
8251
4022
10151
12901
290
4629
990
5474
2360
14652
15679
11699
2665
2287
11592
4746
13987
1559
3379
2970
4583
6669
11073
1772
10970
2290
1678
11590
4441
9505
12687
6556
1581
9044
7310
14121
8284
3381
14196
10160
1450
8219
7220
17086
7104
16846
10632
5296
6412
9682
2390
4552
8570
12869
7484
12990
1774
2469
14447
15546
15514
7037
10935
12661
9397
14998
9304
15277
16289
5621
6587
3698
3751
9228
14714
3055
11705
8622
8111
14983
3243
7456
2543
13796
5298
16398
13663
17226
5457
9207
3939
1757
3316
16403
13125
5835
5224
10294
13972
8512
10587
10309
11957
15436
2342
12829
12920
577
4769
11510
7021
6931
9272
15160
10473
8399
13527
6296
9593
16108
6553
6522
13157
12235
6928
6426
983
16324
5771
785
9891
2572
6858
10165
11373
11307
11325
500
3652
7765
1994
363
6213
11097
6397
1361
292
6679
13949
15771
16424
93
11648
4147
9905
1712
15382
7561
4375
15745
14768
16045
10897
7582
7420
11543
17193
9555
12925
3934
11394
9053
11691
11564
14856
938
2135
11520
12294
16971
13702
13792
10722
5759
7247
224
7103
1523
10580
3275
436
15994
16758
3309
9235
15625
15010
11297
14278
12890
5557
16068
4973
6607
9774
5434
6266
7072
5949
16002
768
7959
6175
2596
5319
7114
9036
9528
6934
13407
2104
3043
14024
10123
302
17082
6131
464
7020
568
13013
14414
10010
1526
2988
1964
12683
2279
6467
7685
15203
13101
2101
1143
9227
15987
15992
4121
1823
8494
17325
16913
13415
10007
7889
12846
15602
2447
10154
5861
773
14584
1087
5639
13879
5153
14957
12489
5250
6166
12919
9658
15826
5916
3540
9721
4886
10538
8331
10078
7664
338
4356
15463
13007
7193
2616
253
17041
3892
12664
10717
15133
14005
14213
14670
4007
6714
12590
13009
5801
11350
8901
17111
9757
764
8023
14122
11781
733
9145
12769
6765
2474
8464
10950
8653
3512
2881
8778
14271
5464
4805
1985
15915
15357
1283
11041
1193
3853
6957
12418
7973
17174
2208
6090
9557
8682
7056
12377
3574
6088
6216
4447
2234
3075
9410
13726
15873
15636
8591
9067
1189
13337
1100
341
17164
2024
3060
3805
17316
14049
3113
8613
10738
5497
16748
16988
6885
7307
9293
4361
10707
16732
2535
12723
13869
10495
16995
829
13076
3973
2972
4768
15585
13953
7997
3754
12744
1130
7577
10265
3646
15264
1451
11055
1105
5068
12173
9962
8590
838
8989
14681
10255
10422
11412
5062
4172
7589
11601
5554
9526
13043
8257
12465
1747
4214
16764
9350
4122
3051
8717
17293
16413
3193
15888
9866
12952
13861
11421
14142
15706
6552
5317
9934
8524
11444
6667
13633
3101
598
9833
11771
4014
3154
14930
5555
14426
1415
13027
4572
228
7172
4722
498
4103
6073
902
6109
7475
15890
7213
12658
6384
16123
2365
14315
5020
1237
892
11478
9411
9141
5813
78
10768
10874
13436
12426
16392
4347
13721
8150
4217
17030
13378
10208
15306
14772
13780
10820
9104
6959
6511
9681
1281
11818
6778
13103
2307
2118
5007
4931
17089
6254
3584
11833
6766
9433
8085
13377
11169
158
1708
8070
10617
5032
5208
16747
6756
9442
5643
9300
10283
13024
16215
5050
3155
8475
15601
6849
11437
1978
13762
1792
7938
16114
754
2094
3779
13609
10475
10197
9785
2475
2480
14924
12174
10321
15547
13180
12080
2644
5668
15804
16363
1670
9917
15691
6147
14442
15477
967
12530
2055
13871
10238
12691
8525
8242
12903
5770
7972
14215
2552
4654
15927
2022
1208
13551
1151
9
17161
1707
6689
15159
4127
13359
17345
5962
6092
16959
10088
16922
14801
3444
11471
15166
7961
6219
11998
12606
5907
1672
16667
3410
7716
3635
427
7522
14116
2536
14932
8738
16134
4358
4350
2533
6657
3960
12954
171
5272
1539
15182
9674
10098
15037
15265
15249
1900
8885
12871
16795
4902
14376
6211
17104
10288
14132
16238
7971
4877
17166
14706
12511
541
12260
16144
17298
12808
6658
2678
13755
17237
2728
9074
12762
13019
12234
16153
3288
9342
16816
9363
7051
1446
11448
6732
2838
7518
7288
9521
11949
9061
1052
75
6779
826
16061
9723
14629
10942
6761
3783
11341
2387
2462
9814
14631
15377
12248
945
14635
5852
16721
7112
10917
14434
4373
3967
2872
1115
4218
5688
7425
225
8458
6899
10048
15286
7470
6773
13567
7173
9037
572
16334
13817
3179
3232
3672
154
8668
3710
4087
6225
3087
3951
5786
4374
15060
15162
6976
17354
9279
4681
4478
9291
13696
15604
11429
647
7586
14204
9110
207
10713
13500
17279
2137
16707
12128
3739
7535
14454
4393
5586
4623
12730
7828
16723
13426
15903
14577
13837
14467
16075
11427
6470
6227
6653
3416
1836
7469
2453
3029
167
6104
9664
47
6297
16524
15023
12685
9699
16878
2612
14184
9810
5365
2221
9178
17144
1434
6628
16698
2286
10306
5200
1782
4898
2050
3958
1350
7737
16849
11276
3921
15230
1737
603
12635
12079
6944
5612
9661
12322
14817
13985
1468
15108
15032
8756
16549
16554
11970
16588
855
8501
1780
4378
15089
13555
3306
8739
14786
7850
16909
13858
10773
13446
3976
720
12579
2931
540
8657
10424
13324
15229
15571
9239
14018
13184
10507
7016
8014
8252
5695
4849
13477
3536
8088
6622
327
11756
6539
11407
8807
8727
12816
13020
7498
14715
15344
908
581
14323
12483
9455
172
15143
11014
7836
12668
3457
11062
9116
13301
5379
11645
5269
13850
3495
5737
14981
16041
17218
14509
1430
9952
5445
1000
1643
4174
8796
1239
15587
8607
49
11213
2810
13270
1164
1779
738
9004
8062
16063
12874
8787
1811
812
17151
3118
5263
14398
17249
15856
14936
12508
11367
5161
6606
5788
5011
15380
2013
15139
14732
8966
11575
4401
11744
15098
439
8905
4550
8415
7253
3549
13312
15578
1082
2727
5784
6389
8926
13962
6310
9678
3256
16779
12036
11382
8368
3378
489
15105
10305
3255
16439
5706
9835
7618
5315
5700
8549
4475
8722
4731
9647
15637
1093
11752
11377
14221
16161
7521
7402
17361
5081
16199
8188
6621
14968
6904
10239
2337
4081
5498
14616
15797
16979
12872
3503
13399
11406
13659
5384
14042
16344
12425
5069
16875
7514
3131
13936
14519
16509
4711
4208
15673
10050
6660
8492
12873
13999
6364
17248
5391
2424
3620
12446
14110
15409
12085
9558
8606
12326
3586
10522
11774
6867
10432
13165
10889
16243
8376
13328
6615
12150
3557
10251
4827
11679
8700
8348
8019
7029
9589
10640
1781
14804
13098
13856
11808
11186
17007
6703
14599
16790
4639
9887
4319
3685
1609
1402
2818
1872
8633
6232
180
12204
15190
2173
7978
2778
16672
3884
8279
5418
7279
6178
8000
15960
12069
8731
7695
3446
12577
3569
5071
4062
15299
6652
3279
14146
9656
41
9451
13487
10472
5205
10866
16502
11038
11122
17264
3664
7335
8043
4972
2383
1391
7127
12794
4149
7730
16573
8579
14548
12595
5432
1863
1327
15777
14413
5351
3386
497
12628
1801
12432
10147
8972
16900
6100
7987
7551
10787
8939
8956
2955
4155
15031
5599
16589
12454
14068
5957
765
6578
5021
13144
6716
4601
9462
13167
16799
13402
8757
15982
3699
13039
15976
10895
13211
1274
15793
8343
1032
2508
1442
15250
8538
3468
10370
2630
9862
15939
11876
11499
8898
17117
12330
4992
3434
5842
16521
11862
1400
13305
6983
3159
4686
13937
2240
488
5598
4183
521
16939
13844
14506
15323
14638
4595
2648
14827
9393
11670
6231
9467
8776
17033
9701
11816
3466
2224
6831
16216
15626
9334
14314
8202
11702
11710
7041
9850
5087
12760
13495
2964
7628
11198
1181
6392
6981
13657
10863
5941
11461
10291
11985
4665
4633
14919
16640
7283
3573
11405
12049
3366
4070
2276
7817
9600
9657
17046
13648
10688
1667
3387
13287
11102
16804
9839
6797
4672
15462
8115
7197
7881
16353
688
7581
3355
16987
3673
16662
16852
5934
16741
5741
1677
9341
4005
12210
14692
15681
1493
15281
6210
1323
16944
9082
15121
8360
11138
9020
11385
7244
10279
917
14847
7295
13889
4608
12847
6871
3541
3539
7394
8018
10301
3889
707
14793
583
13496
5575
12710
2633
4004
15066
8010
16832
8310
390
16361
14392
16183
5662
6832
3102
5279
12515
16666
15820
10446
14791
10513
7038
13992
7904
9828
16692
5685
4091
11878
7365
6245
1607
5286
8004
5407
16388
9761
10352
3093
13119
1808
13113
6488
6787
10672
499
3684
7411
4213
11187
1411
816
5412
15297
3445
6655
4605
4242
2214
17074
8821
5632
9954
9388
14566
12758
15887
5826
14077
4858
204
6918
3120
12006
3089
7984
6101
8565
5548
10842
2747
17360
11308
6448
1754
5311
1481
8990
4570
8006
16890
6311
14747
5999
979
3528
549
7263
9719
16272
16806
12987
1425
2906
3319
13456
8768
8064
6903
9644
7195
1320
4541
15451
1867
4723
4443
8533
14131
6168
13065
2484
4743
1871
10739
15825
8495
13214
17176
8099
12963
6173
6404
7071
4680
14300
11432
15545
3045
4392
7594
8567
11061
241
16787
5958
1479
16801
16847
12672
786
9789
8362
6632
3266
677
896
9319
17063
10967
1376
13434
15205
12318
6030
4573
1617
12625
1895
12608
2129
17307
2792
8827
4716
14910
13997
5754
6198
13379
16296
15731
621
11873
4773
670
8093
12170
7230
16175
6379
3214
10986
681
10504
4031
16599
4259
17081
9831
11607
14208
6046
12184
16830
1645
16261
4831
4632
14971
10961
1585
17003
16601
8084
1349
7221
866
16658
2799
609
16949
10609
915
1767
4294
6561
4225
5703
6191
14
8265
7975
7772
6517
7410
5893
15097
11979
7206
15808
7693
5602
10749
835
16590
1744
4263
9385
11129
11372
9412
11945
15540
1194
10819
14630
12139
12366
1698
15951
2476
14949
8128
16227
6851
6286
4466
8677
8323
7570
11522
4616
12859
10839
2454
2281
1943
2816
11974
947
7215
6949
16124
6079
1489
10052
14953
1096
10316
15361
10847
10875
14899
16150
2824
8702
12227
10053
8638
1359
5203
8725
15415
3252
11911
6298
6264
2668
17221
17087
11505
6317
16322
7809
16572
9383
10923
4710
3855
9922
3602
5535
5098
13760
8449
17012
9652
13171
17076
16024
8131
12110
1688
13635
4776
13996
16170
160
12132
12958
13554
12641
16050
8016
2679
1551
6421
16917
13094
16098
14000
6125
13493
8112
13653
11289
2225
2153
15150
4459
10793
10273
7453
6455
6429
12402
614
14048
4187
5740
3837
12319
16729
3970
6060
13468
10379
10193
10745
16295
7062
4690
9853
6497
17282
8334
12757
8135
258
1496
7963
9794
6376
10933
6471
8841
2323
13259
11943
9162
14350
13593
14362
16372
7186
7820
3007
7225
7661
16211
14572
10692
14070
1363
5564
3056
6041
13364
5077
4366
1640
2269
1696
8675
2449
10103
8601
5915
8598
1805
10005
7358
11125
4929
14808
6190
16770
4408
14268
7282
11671
13832
463
1223
12415
8596
7672
7343
5187
4787
3997
13529
4199
4377
9823
4788
8875
7607
11025
7953
15339
1118
4693
11651
10772
5088
16331
6791
6081
12118
3340
6176
199
15129
5348
2121
4419
5909
10542
12327
6768
12356
10602
14470
9767
4775
5010
12334
14490
10720
16454
8557
13021
5162
6437
2071
11391
13242
6769
12575
3226
3031
11256
14157
10741
6263
9580
6841
6521
9773
6929
14316
2062
886
2609
8230
2952
12109
10748
7139
6407
3278
4910
2686
16994
6162
1057
4889
15611
17121
5828
14538
9289
3752
13885
13581
16440
1471
1257
3879
8644
15375
14344
6226
14256
828
2148
11128
16466
17092
722
10225
7559
7717
10383
11080
9787
6972
14466
5964
4860
1180
6687
14813
13880
12163
11288
11940
4430
13709
4750
9632
12571
12269
350
5545
15901
2259
7799
2026
152
3352
10631
17024
1445
13269
15500
5249
7738
15074
8151
12962
4564
5413
1611
429
13797
3950
5651
5225
7723
1210
9108
4262
15527
6550
14812
10805
2494
9192
5274
56
3020
12251
208
2111
16364
5403
1440
425
8061
8889
14892
9457
1623
4833
7675
1593
2301
4588
5057
5956
12471
10392
7131
16302
9170
17005
15603
9011
5922
7643
17016
16156
9659
16508
8287
8813
9025
5463
7818
12198
11240
1778
14684
12258
336
2642
7261
9275
7496
2607
6961
11761
4024
15677
8582
737
113
1068
12115
937
2299
14161
2172
7791
13303
6979
257
2238
1339
9344
3959
14552
992
1846
10750
5105
10164
12802
12814
11856
3403
6524
132
10654
4131
441
4160
10221
9860
5865
5378
7680
10367
4734
5381
5320
15638
10041
7585
5314
9790
2725
6932
16103
14397
4863
10764
16724
1294
8327
15605
13396
1659
9936
9470
15862
7055
3430
3546
16687
12249
8321
10892
16697
27
13497
6308
491
7947
12740
9426
2244
14007
8335
11797
4043
15952
2125
8651
11750
10583
12968
10201
11286
2466
15963
5843
13336
6050
4457
9996
14152
12607
8394
5030
7621
339
4201
8125
3651
9156
124
6644
3025
2386
1965
11164
2960
14803
14839
7257
12734
9401
11188
8839
969
14740
11515
4308
9949
15721
1588
935
9642
6563
523
1353
6393
3138
1188
8021
12505
13703
7712
6745
8706
11632
178
877
3294
14585
10214
8144
15560
8258
11886
12549
9673
8437
12084
4832
5942
12560
13778
3429
6879
16013
7845
6299
10951
10136
4756
7891
13734
6897
17157
12123
4384
3542
5872
15814
13645
782
2163
12312
16418
5719
8418
760
11840
514
13015
1605
4279
14962
7013
2891
3930
2152
9100
13088
13056
193
16019
742
15279
13742
8804
11068
1870
2211
7807
3638
8593
11732
5038
9041
6196
3200
9920
8566
16265
11127
12825
6019
15425
9199
17177
16378
409
578
692
9803
10926
6274
15445
4927
8847
12732
5925
15485
12031
16059
13516
1157
7481
16033
15287
3133
590
11098
1575
4574
3129
2789
6250
6752
2396
6236
3124
5040
10852
10063
17349
14908
12753
743
15039
1948
182
3547
4338
2716
5490
1053
15359
653
148
708
369
23
11504
1285
1957
8025
2260
5628
13724
13207
1199
14504
4508
8661
2283
1192
8298
9676
1048
8542
7932
12211
5605
9452
8240
12526
7762
4808
9635
2693
4251
15924
2798
14448
17268
15006
16728
156
2511
13188
15674
1908
7830
15090
11800
14219
8068
1706
1464
3800
3033
2771
6418
1834
9056
10075
14542
10317
30
2306
7302
1226
13897
2329
3413
16551
173
10868
15596
1486
3241
4955
11892
6068
3742
14205
5920
15416
17004
14779
8066
8519
807
1469
14294
3902
16531
16564
15623
7227
11387
493
13911
6747
14374
1001
2317
16043
14239
6842
10549
972
5404
2380
7804
6585
5791
4707
6861
2737
7913
11003
8576
13758
12965
4110
6738
1663
7334
3345
9893
12304
198
1058
640
14947
11202
7309
14457
11005
9538
319
9378
15369
7431
2662
16791
9308
13636
9908
15248
10661
16421
14254
1920
11335
1952
371
15253
585
2830
7729
4132
17217
76
6334
15211
6862
5093
13003
2368
8817
7644
13492
6145
11595
11905
9599
10097
4735
375
80
7650
8031
2170
12317
5423
2786
10985
7389
2898
7574
6786
5480
189
5611
9303
2892
17299
16125
3170
2059
4449
16501
7177
948
10440
14597
9575
5724
14464
9065
14783
8194
14614
17175
6234
15217
11668
16800
8007
3106
5566
14127
7545
2110
8432
1517
14451
7430
16329
8868
3702
8786
5979
1632
873
9574
1205
10646
7015
809
9219
5115
1816
7201
8938
16793
11622
4795
11022
13730
3965
14680
11247
5579
8820
10565
16630
3070
10559
7238
16350
6719
9484
3613
13140
11006
3150
13819
5713
2826
3852
15465
2614
12240
13174
1207
6963
3617
9824
9846
5456
8332
7605
9781
6581
2496
7329
6533
7375
4037
17319
4916
1076
15033
16714
1069
7744
14820
1136
14105
12517
999
2715
16074
11392
7190
6676
16990
8216
13406
10341
12916
13759
261
3910
13676
11232
3297
12214
6649
10614
11682
11801
1695
8200
13894
9258
10094
6507
13177
1713
3061
400
8795
3250
10186
9731
11494
14834
5277
5627
15569
4134
6388
13575
864
1824
6489
16115
5530
14728
2433
8182
14663
13572
16802
4303
3328
11293
3362
10760
5165
15864
14384
890
12957
13139
11009
5750
8890
12331
7558
8485
12711
4055
4990
10916
13613
2297
5079
11980
4041
1112
631
14255
7009
8404
4054
1838
9801
5970
7100
5383
11602
7086
15214
15716
10568
8390
15020
16932
6357
5370
3781
6762
1798
5538
7665
3182
14559
14927
4619
6373
17376
3149
12136
1934
3535
7795
8762
12978
8166
3141
15549
13250
11920
5895
2631
295
17116
11363
2876
11518
1166
16086
4348
6076
13109
11502
7393
9396
11063
8759
2446
11192
13952
7595
2439
7982
7035
15083
16038
656
2085
2509
11815
6403
7924
16186
16619
9837
12779
6199
12007
16856
8942
14708
9353
14884
4001
15173
14858
5983
2074
277
4254
8187
7235
9338
294
6848
9169
12547
6302
15488
9953
16365
11210
6735
9360
3517
10506
6989
3324
3545
12701
10873
15358
6939
1369
16416
9096
14818
4609
4163
10777
16628
16487
16452
1314
14984
4085
12107
1726
2357
3395
11040
7741
7406
5886
9511
6051
15660
2744
16716
12622
6269
14224
6212
16130
1397
1244
7620
833
149
3647
5268
10540
16563
13480
184
9079
920
14106
1487
2926
14716
5610
5968
3634
10676
8671
12955
15187
15714
8864
10100
10300
5742
2035
5777
10423
264
3299
5419
2504
4692
12380
9603
7566
17068
3030
4505
13979
8401
8907
6792
2250
2395
1378
1500
2291
16406
9276
9459
9301
11739
10941
7074
3454
15454
12922
7761
16022
11074
3437
13236
14603
11514
3966
14520
14450
7203
9001
11362
11220
11067
3254
12167
7428
11221
17252
17018
13454
51
6449
7792
8798
7633
7926
14416
17232
13325
13870
6870
12657
11346
1969
15556
2713
7848
5578
9554
1514
10344
7631
16811
8304
3333
168
2322
12447
13887
4671
424
10234
13463
15167
2602
3494
4256
9437
1354
3758
13577
7237
12427
9349
15738
3537
7907
3156
15830
3326
4000
17340
9307
10675
853
8192
12627
14723
467
7179
2258
12091
53
12253
6923
13781
14993
14722
8354
2177
6290
6642
1639
3995
4715
3700
5091
10744
16582
5697
2841
14845
7798
1212
13112
12455
11337
14289
7764
12640
16349
16850
3848
3994
17127
7476
12777
3591
10998
10957
8049
6924
12951
515
8263
2709
356
6962
16675
16957
15629
8118
10902
5501
8721
3320
14574
59
9140
5439
16177
281
13471
8116
3348
1629
2782
12372
13753
16131
5148
10562
8643
3575
13614
7325
10924
6997
11552
1276
9475
15964
4047
10758
1530
12225
6991
805
8844
1529
10746
11941
6854
17262
8241
5666
2691
5654
3054
14034
8993
10677
1367
5406
14419
15185
8616
2464
15948
0
16746
15817
7553
4568
6044
5072
10226
9461
176
1022
16165
8704
14872
1286
7063
9654
2409
5908
15579
13427
3008
5951
6543
2384
8958
1348
11977
10674
5416
9246
13605
17206
4275
15183
6674
10647
13550
14644
6440
532
3365
15665
16882
9362
380
10058
1254
3346
7133
2681
10195
930
2626
2526
16149
17335
2895
15201
8611
12913
11906
14375
15503
9672
15590
1059
10162
4176
7090
73
5972
3173
2604
7236
11072
1252
4394
15158
16193
14926
10086
10790
14877
1864
9653
4603
9373
12502
8680
9316
9449
9733
8580
16749
11257
12111
15581
16809
10403
1290
10702
14738
2995
4957
10766
16369
6648
455
6427
815
7614
9278
2920
2638
5454
5672
14400
3130
17253
8036
12899
9471
4700
9621
2777
2222
8544
7097
7544
8159
12611
17124
5280
3719
16761
11581
7523
5751
3873
14486
10274
1203
1405
16759
1699
9897
11105
7823
6163
16141
4718
15280
5085
17304
4878
5927
9466
10399
15417
163
14041
2047
9677
15512
6966
6342
11472
3360
11880
15851
12012
5294
8600
12430
4118
14540
16576
5866
3412
5101
641
16336
6750
1343
4480
888
9749
9277
3927
14508
531
11200
14141
6031
8002
7483
7249
7875
10639
13363
1795
6784
7027
6028
10959
9863
14726
15271
2109
14474
9340
13074
5681
3166
266
3763
811
11928
360
1460
11613
15968
952
2160
14270
1799
15531
7468
14987
9766
8124
7000
14243
9759
3337
17069
13601
13317
5427
10034
10400
11171
11628
7711
8932
8946
13499
9570
6564
9172
2100
8478
6724
11725
11280
14468
15859
14810
9346
5175
15296
9703
4988
4231
11453
16415
2191
8403
12721
3164
8466
16621
88
10990
2324
8490
14833
12855
8012
11866
10501
3776
16042
16610
315
11107
10343
7758
11480
3117
4618
2020
2002
2974
1275
7277
10605
15040
9697
3598
14784
13662
14907
3681
15508
1318
13121
5778
3034
10572
4811
14292
12503
4725
17145
16785
1222
4943
4255
6883
3482
7066
10323
11610
11616
1538
14763
14625
1553
12527
13717
14266
7341
2817
7960
8810
2381
12583
12567
3524
2629
17219
7447
2766
14324
12087
1656
4818
7896
16292
3151
12056
14285
5046
9403
4025
3717
5574
12463
1923
6223
12881
11587
15881
7054
6177
15337
11865
8185
3515
16810
7031
5807
4969
9980
15414
6387
13658
10337
16000
6548
7241
7363
15759
13239
5400
1209
9166
474
3311
8407
4596
7656
9775
13922
12826
16836
15934
5060
15210
11758
15383
1341
2184
13196
11807
247
16654
12566
14695
29
1119
15354
7407
14686
4842
6171
12435
10166
633
8238
8152
17315
4745
868
9512
15387
7165
9735
13155
13950
6119
4129
3559
11250
16323
860
7785
4105
10723
15511
14484
848
1243
12462
5325
16338
6179
3460
12522
16386
10381
4011
5572
15609
9054
3863
2551
17362
3047
2431
1940
15240
13728
3825
5875
15722
1229
15509
16145
6820
4855
1474
14525
1733
2628
11942
11255
13810
2622
7797
6459
4562
5052
10597
7444
5110
3890
6810
17184
14260
3314
3441
14137
14377
991
914
10022
8377
14052
3654
12362
9811
7418
740
31
971
5839
10756
3962
5560
1116
5805
16540
2467
831
9027
2825
8694
5217
6460
6694
15428
12129
7368
14685
2044
1980
13344
2683
1346
14654
3653
744
7108
723
4340
5394
4813
3870
12680
11484
11254
11180
15394
746
9507
13389
13200
15723
16148
9154
12842
265
17152
12308
3139
14295
4533
9992
10427
11735
3062
10404
17240
12458
15925
16597
10177
9563
13964
5223
10249
11764
13855
3947
2058
8086
6451
4922
3838
7382
8306
284
16479
10856
12147
11634
17054
7859
5536
14156
14123
9476
15833
17138
2003
5346
14242
11956
10431
15666
16720
12343
8235
12148
13831
11281
14766
3217
14543
4333
14085
10001
1003
10585
6853
9268
449
5295
11090
10247
2522
7199
11348
9033
8518
16796
17040
11323
7297
4483
10763
11525
13130
4418
15035
5963
15349
10082
4042
14901
6659
9022
3799
10096
12743
6401
6358
10242
9494
328
2493
12217
15246
14006
11149
8309
6067
13845
11054
15570
6361
13656
2199
3083
13486
5452
10167
14940
17061
5587
17334
5353
6094
16468
9857
3487
14973
10335
10391
17297
6532
11401
12693
4861
13767
10975
11858
4470
2859
14002
3122
3184
6814
4334
12275
16511
4450
164
17129
3199
5986
1319
7642
10732
472
1997
18
5158
8289
12181
5935
3114
6110
11027
5940
17133
4372
6362
3744
16562
4529
11560
3548
13967
14903
1591
6825
9708
1769
3596
6994
2485
4644
7229
16461
17010
7047
10081
13216
17006
7748
8865
12974
13163
8650
11057
6006
8313
8142
6942
15232
1492
14914
15191
8223
2154
14038
14359
16453
17233
1449
3175
11819
13478
15606
11338
1531
10624
12553
11766
15352
11374
10104
7208
504
14612
6953
8531
3580
7089
17079
4840
5074
9786
7264
61
11037
12429
13563
15667
4742
14369
4456
9881
12157
7486
10233
15200
381
6288
2412
13739
9582
15109
12106
16195
4162
15539
14027
6172
10534
245
7937
13268
8603
8461
5121
8857
8924
114
10669
11442
17126
15749
2180
8455
13882
12534
775
12840
13401
7360
13132
12665
11915
6677
9238
16304
15386
8206
10740
9159
3425
2923
14609
4780
1133
11926
10070
271
9665
1018
4440
9030
9904
15119
10987
14045
8930
3615
17002
52
12306
5405
1389
11380
7884
3478
10782
12467
13004
11168
16851
17163
9095
17139
71
11409
17034
14682
13671
11036
5159
5624
10397
7901
12192
5479
6478
402
5541
1472
8869
3356
9808
9443
1983
11617
4918
5059
3843
174
9131
15437
7713
8526
6151
4293
17036
10459
5626
3845
15870
12410
3110
16230
10962
2599
15905
8013
15893
15294
9516
10527
3820
15787
13920
1887
8336
1182
17365
16202
12644
1888
13442
1722
9859
2884
2994
4763
9078
4056
5380
11024
8345
5516
15123
6645
5936
7880
16266
721
373
8186
6734
312
42
16209
14313
7196
12810
8609
4753
2791
732
13719
944
11806
5565
9099
1693
10983
16903
818
11641
4830
9714
15004
7058
9892
6272
6010
11238
6833
2592
379
11967
12195
4439
3726
10336
2566
13549
3621
6108
12159
7061
4890
2559
14553
7528
1582
2547
7078
4321
5138
6884
13737
6541
1763
13954
6684
6472
15662
12909
11428
10333
13058
4433
8121
5278
16489
12650
4946
14028
15092
2953
7519
11754
7802
15766
2502
16701
1200
13395
13955
1088
15207
8734
8020
4064
10578
4635
601
5428
7753
12984
10657
11517
17008
9819
8998
4978
5580
3115
8615
4823
4472
17295
14811
11301
1580
6045
7125
3002
11988
11673
16527
15868
15311
12854
12206
15568
10072
3452
14510
3605
7871
11534
4420
5171
4720
17327
1527
13654
6078
690
13360
2288
5785
6602
10921
14118
8337
3572
15548
11992
17276
16241
13189
7399
12975
11987
2499
6035
12578
10684
15075
8583
10906
8667
1694
9487
2092
9329
5331
7337
16975
15309
5716
15392
16493
13448
12510
15058
17052
8445
16182
5168
10882
13237
13859
4509
11566
15310
15917
5354
12188
5582
15784
1485
2267
12365
6165
14535
8642
13307
15247
1979
696
1741
3718
7796
11476
2189
5006
8147
505
3303
8597
7897
6461
16567
3082
1876
16993
2033
6629
20
13713
15237
7183
10416
16359
15042
10066
14825
7862
14178
14951
9948
2178
4979
17278
16873
7740
15553
10656
15836
16536
17273
16252
11274
269
16480
14546
7676
12016
6713
13252
3885
9991
13159
9764
12820
1067
7500
2760
6221
715
4059
461
16376
9987
10061
13681
9537
4791
5271
5848
1214
14922
1372
243
4039
7255
10991
1679
15639
12042
9504
17032
10835
15269
16539
3428
9495
16067
14089
1046
9832
1306
10119
13783
11631
12313
15
2669
9552
1844
1612
8689
11032
12803
1337
16277
1478
13699
9287
16926
14792
4074
431
6771
2561
9529
3606
4415
1031
6285
1110
11742
17137
16946
4764
8444
2962
12645
3462
10989
7751
16332
144
7813
10955
17289
5192
12172
235
