16423
17185
12187
11170
13471
4961
7464
3124
16647
14987
8801
8290
9868
13168
16807
10203
15845
4405
14073
10766
15890
10148
1180
2443
5427
234
14847
4146
10371
12402
16365
5703
8440
9284
17166
16995
5476
14633
8010
10452
2410
7020
10635
16954
6724
7717
14563
14454
6209
15297
5240
14283
12364
7935
12963
2773
1697
8736
4803
15396
8993
16372
16903
9106
14750
9034
13082
10411
5386
11392
6285
4868
11187
9725
4755
16962
6727
8201
9375
9608
14979
7669
4201
15918
16857
13247
1119
3226
3116
11922
14274
14130
15149
12525
16102
7469
12158
12587
1266
16528
17015
6075
12451
3309
1572
6049
10889
14011
12954
734
6838
8752
4675
8884
16968
5537
2828
2117
16622
2886
16100
16586
6564
7639
939
1121
2724
3073
16037
1391
3792
6676
3644
14476
3549
11601
6244
12645
13618
107
15907
10973
6693
4996
17134
7369
10520
7352
10545
9774
13906
16425
5568
15705
16592
11628
12449
3947
5142
10182
12098
14557
398
12336
15394
17225
14329
8493
15635
8797
8929
15426
7121
16513
3700
9545
1502
4479
11457
16891
12865
8822
11347
5166
5960
4367
6007
9254
3673
9950
10315
10458
3617
13731
10959
1956
5433
5341
13770
8584
13233
13890
11210
5791
9834
15856
4258
12406
9393
13536
11057
2923
13225
4191
14426
7484
9858
6362
9142
15017
6219
8120
2531
13156
15215
15457
12706
13460
3724
17080
4986
8793
4992
112
9841
5000
162
4565
16687
16490
5583
210
6366
10659
110
16130
11751
2896
10717
10278
10268
63
7483
5484
2866
13191
14433
7739
5611
11704
9274
7593
7563
5207
11626
6248
12499
8617
7880
8460
6787
11515
14977
12425
8676
10072
7902
10539
7234
6826
5794
15048
2071
4904
5453
7987
7233
12752
84
14177
13126
2207
17058
1533
903
514
7855
11655
9556
15127
4668
19
11134
15401
11786
2818
14405
5357
2077
13776
6168
10339
5713
120
7416
9196
15559
6298
9760
368
10684
11266
953
12056
12581
8689
4632
14951
6324
14021
11711
11826
15174
10886
3404
7189
3826
476
10885
9555
15304
10613
11564
15109
14938
3737
5769
6654
12567
3887
5055
6131
14438
14983
8163
175
16564
10927
10978
13976
3807
3033
8122
2250
6549
15309
12437
11369
6004
3213
5039
9804
10073
11538
9745
12695
8110
10041
6762
5808
137
2677
7666
1176
9874
4205
6820
17351
6150
10379
12792
1140
13176
7607
6843
15019
16956
477
9471
289
5803
10929
15492
16306
3184
9425
10854
10689
450
526
6804
2463
14956
895
11185
10226
4919
17182
988
5935
4043
14309
14247
2424
11364
11143
7692
7885
9740
8541
1288
13960
7622
3430
11816
16877
2963
14644
14364
9924
8567
630
14469
560
12031
5191
12987
1911
8720
5287
13079
2277
1946
10536
11738
2244
1229
11314
5939
12939
14121
9936
4946
14042
260
13926
9682
10107
10835
13402
10243
6996
2831
1342
684
1341
9187
14947
3075
8823
5580
14162
5209
9736
15611
1884
6965
349
9743
10899
438
12360
5020
3454
11257
14251
16851
13435
12078
8089
14926
6185
3606
4441
8539
3828
4640
9511
14088
1973
12867
14733
8184
6373
6039
9757
2598
9898
6432
5965
11120
7536
12017
1722
4123
14500
14468
4164
8770
7539
6945
13562
1150
14840
16813
9697
2076
626
16560
4005
13349
6511
4082
15544
13574
7769
15213
17216
4331
12903
8850
12048
9845
4665
10908
12257
14221
9116
17287
10262
7693
15718
9852
4837
10644
11419
4077
11159
1371
10845
5930
13268
7320
9808
4034
11470
6486
3089
7543
2091
13039
1912
15992
506
1250
9001
11840
10338
9624
17001
11646
9948
15000
10894
6692
10214
10596
8598
3622
8347
8098
6445
1006
5143
7210
13102
3641
6412
3365
4627
9446
16388
17332
12656
2270
12259
4375
12723
9756
1633
13833
11996
10428
7888
15516
11044
11869
15701
7747
10087
10356
9618
8166
7058
8768
8537
8905
1853
3165
12722
16151
375
16904
2687
11595
75
9352
12339
9593
7847
13359
5665
15232
6261
13790
6926
6300
5522
13431
10890
11843
1579
9420
10119
6317
11194
13020
14506
7516
11414
960
14383
15590
567
11225
1797
5394
14395
3763
11876
2362
978
6973
5799
5728
3650
2291
13420
9053
403
14922
1609
15906
10071
16913
15829
3860
858
10989
3558
13898
3980
8104
6089
16249
8313
632
16149
8335
11634
4435
4918
4677
3880
7045
10088
15050
10444
5943
5646
9268
16059
10674
13172
6557
5004
10403
17218
13802
2983
9250
6276
14957
12045
6630
7611
15526
5548
12070
16092
9134
13855
11342
5692
12193
9346
3496
9705
3565
14229
1528
3488
12666
14801
7845
17307
7303
2764
6678
7182
14903
15998
3018
5180
12889
14531
2510
8922
6302
13811
9263
6278
15511
8063
14160
7228
15030
9286
14924
3346
14209
14485
887
11968
9613
8658
9906
924
8961
16862
1031
2113
10707
8420
9762
9892
7249
6763
8151
3540
15418
5597
2213
2172
5130
4742
10018
12795
9704
13904
5981
13523
7024
9068
15066
7908
17196
16997
15162
14092
13491
1093
7275
13702
1000
14866
11325
9693
16303
1976
11902
484
1644
7818
5894
15273
8835
9009
13146
3219
14975
14266
4835
1178
14834
12074
12584
2368
4980
11894
5127
6561
15886
3741
4345
10176
499
14821
3079
2541
11806
8007
7148
5748
189
10443
9006
14170
11441
6558
10242
3662
10816
15966
16711
13893
15453
17268
2982
2868
6520
10437
10782
11709
17294
11400
10615
12176
12498
7330
1095
7386
8565
1849
2405
11629
14830
4013
6966
5053
13418
11258
11973
9460
9470
8476
2306
14060
13810
14135
17215
7110
12345
6238
3050
16409
16618
1261
14839
6500
16989
8197
14820
420
6012
5064
10633
8291
3597
14650
5110
4437
1915
5744
412
4485
10077
1036
9160
3103
2801
11397
13182
16405
17020
2941
7995
10599
13931
12115
13448
13235
5864
1297
16920
13985
15460
4964
5360
5862
1240
11951
16259
11823
11827
16488
3094
7519
15905
4540
6180
5332
4193
9691
13219
13398
4188
1936
14872
16057
11438
15245
11942
4023
1626
7335
17279
1116
14376
11465
4611
15189
2605
3025
14720
7644
14994
16540
2558
8625
2679
9904
12705
2204
14483
6929
5925
2512
8996
8735
7306
1405
11753
4738
16800
7793
14159
14892
5008
4824
12396
10139
16069
9652
11352
3258
16926
3631
12715
9234
11549
12423
10218
297
11231
15278
13806
4140
4663
11491
8486
10541
10492
9381
12112
16236
14525
5715
6632
6698
3542
3817
5056
14856
6584
5049
7459
11118
2146
2802
15936
3839
1510
10573
7802
1056
10231
6172
509
2519
10290
2682
1899
14786
5170
12155
15963
6259
6447
16589
6222
12022
3546
2956
11374
1390
16801
13529
13744
12452
12560
15371
6989
13762
5234
1499
17100
7630
12312
13341
10799
11606
10427
4562
8798
13897
14667
4874
646
5876
3140
12288
10524
6830
2616
131
5994
11596
14205
10840
11323
5753
11176
16191
893
2929
4960
9792
6587
12003
17350
5236
496
15112
4498
9737
9073
13454
11264
14836
14719
12739
7863
12600
10008
1561
4715
6759
11860
4877
11521
9456
9211
11642
22
12203
4921
13316
15801
5642
1538
1951
2078
6955
4636
4787
14566
11324
9516
194
8500
10617
10503
15319
3030
8939
16666
6175
3852
15497
2693
7933
16731
1467
16117
7637
3598
5441
16434
741
15683
4113
7244
12993
5887
3718
7266
507
1286
14091
8568
16364
4450
12672
8302
14275
8895
8721
10090
12171
7102
3307
6243
4518
10785
9506
13565
10157
13813
15187
7909
12245
6301
1044
16377
4776
13202
7920
6796
7222
3835
3283
12481
9012
7975
3407
1053
12433
16169
17274
114
13923
631
13290
571
11798
14172
1900
10527
7955
1614
3385
4334
12616
4647
907
2732
13441
4452
10016
13835
2219
992
6124
9368
17097
11229
13777
271
16963
6232
12059
17017
8020
11318
14169
7828
10519
6216
6504
10247
4687
12905
15873
15218
1207
11030
16368
15842
14140
12182
11408
14008
9085
4899
15178
17238
10480
14829
5923
2617
2502
14460
5444
16970
10460
15519
2549
5888
9389
395
14163
11305
15131
11542
11777
1901
15648
17028
16419
11356
9636
2015
8106
17074
8943
16762
11285
9880
7309
11562
4313
6398
1128
7137
13144
6352
5335
8085
14102
10140
3405
9660
2367
6510
1061
16226
15235
407
12068
2947
10981
15911
7260
7638
5271
950
696
17321
12988
15257
16126
2826
14676
12803
7083
9750
6361
9161
2820
8202
5268
1422
1376
7099
14648
8003
9536
1663
7069
7362
3534
12388
11592
16861
2601
2093
15370
16723
12562
13138
252
3647
10117
8315
2667
7195
60
11871
9190
10232
14301
14235
4103
957
5902
12127
10852
3274
7775
11404
11146
14771
17004
1846
5350
824
16029
1442
1673
61
10464
12116
10876
8212
5889
13752
9959
9158
8876
4465
15961
3923
1975
2951
6567
4227
16535
9317
7246
8969
8103
1274
1362
7561
5530
11147
3704
1377
469
16941
4016
5658
3909
13292
1446
16583
10526
10568
6467
3352
9782
11053
6036
3446
2851
11638
14937
12908
10597
16361
2958
16991
12566
12862
15983
7756
7444
13588
6902
2342
1278
5701
15458
11284
7931
1366
11360
4574
15199
2302
12351
15609
3458
6391
10525
14285
3046
5664
1215
205
11524
7566
1139
8987
8004
16691
13522
3114
16632
2019
4732
10440
5372
1452
2845
1690
17348
1763
11001
8812
16466
4230
4130
11311
14759
4628
12444
1364
8277
8599
16742
7984
4457
556
10547
8125
14724
1279
14324
10888
5660
14198
14
7373
9277
11
17235
3684
8908
938
6764
2007
11547
4249
7784
9797
12047
4340
1441
10223
4108
1021
2365
16253
16472
9990
30
8081
5507
3493
4856
13577
1693
8654
14384
13450
6153
5553
6174
13265
13965
6847
14773
6095
6988
13647
7079
14714
8358
14334
9132
15438
17223
14144
6450
2296
2835
8528
8325
17371
11676
4968
987
12093
7176
13252
12677
12985
11244
8426
9029
16071
13993
13475
4784
11027
13275
8373
13099
11528
1881
6754
14109
2717
15501
553
11174
15243
3686
10359
10034
9485
5740
9644
15562
12842
1588
2654
8388
2962
16795
11289
811
13626
15598
12357
8883
12720
15565
890
5858
1803
4378
8763
8119
16809
8783
441
10091
5339
12829
5190
2386
16018
9562
6101
4841
2660
11227
726
11737
2984
12128
10595
6281
3238
2239
7777
2428
352
17144
722
9445
1666
12310
9612
3547
1025
15260
15302
7014
14952
16930
15861
17333
15604
10661
4522
13711
2212
5763
13393
7967
10271
4009
13178
16894
4678
7357
17131
16104
9568
13038
5465
14277
12210
1007
10771
8076
16322
11034
3778
12767
2445
12684
9482
5918
12000
10652
6766
13961
2037
1183
14842
7571
6502
13672
4931
8696
2175
14605
9117
14704
1600
402
6571
10219
16257
8352
5155
5836
2559
9438
3892
643
653
5559
7941
8391
3451
10048
13283
9345
14654
583
14731
16515
719
6677
12026
5883
11812
1731
15826
10764
15697
5811
4320
9076
4132
1996
562
4790
8117
15004
4413
9056
3806
13735
7540
16608
14108
7323
8019
3290
10880
8080
16733
15798
16548
17155
11765
10901
7522
10669
11597
8233
7236
14380
3936
5198
10039
9610
6544
4432
11519
4330
6342
13353
6100
3338
16698
6831
4962
5523
9364
14461
13945
8881
11099
5104
2735
8231
4064
4875
11331
12794
5065
6579
913
80
7437
1263
2163
13681
16046
18
6113
8251
2153
990
16168
9127
7531
9318
14064
8683
3369
6574
14053
14323
16162
16346
15154
15262
6466
11785
6347
14249
7795
11131
8716
11125
17084
14945
11006
8546
11297
6681
11223
5114
8941
5485
7360
10004
16679
927
12594
16110
14427
11857
12024
13531
16763
3575
8526
122
11830
7461
13934
10752
13868
12839
1724
10040
788
2209
809
1771
3927
3438
10926
7343
5542
5958
11232
2972
109
8432
1318
4092
1777
1413
17176
1548
8641
13279
759
10925
4811
10955
11828
2890
2426
17171
9897
6527
2144
10772
6609
11179
4416
16722
9405
16275
13753
16672
3222
14726
12892
2934
12510
17200
10209
873
17337
6225
485
755
1525
15750
1762
15601
14210
3771
16116
9479
15985
9988
9428
15123
831
8423
15566
1144
5595
16231
361
6250
11943
10791
12439
342
7694
14368
5035
3287
3977
9427
7105
13605
12569
5834
15878
1923
16411
13164
6289
13922
13230
11822
2408
13334
10648
14725
15920
8849
16460
2048
5382
14065
11749
6688
1474
15404
16927
16719
8979
15513
11361
15358
15981
2811
12683
12130
15437
15483
9765
13860
9137
1448
7364
8209
1500
6806
9854
5973
17356
9776
10501
288
2075
1632
5175
12096
12775
5253
11294
488
13352
15185
14126
1652
13785
17258
4011
528
12691
1660
8114
2527
12644
10152
8605
9814
15977
7160
3621
1985
6815
2350
6729
8393
5492
884
7259
6531
8642
5576
13609
4069
10879
4861
2624
12160
10553
15389
11112
1841
15716
11256
16783
6371
12049
2996
3900
6840
6958
1106
5634
4155
8902
3185
11276
15800
1511
9525
6055
13561
12623
15897
8525
1357
1365
10014
8732
3849
7279
4326
4839
4883
16626
9149
15242
14358
6554
12424
7962
6595
15251
11233
4404
5464
6691
50
6154
16255
8502
9002
7595
15520
16471
13886
7633
4014
3694
10572
12250
14535
5809
14904
6420
15688
6659
8675
5002
8042
16462
15059
7482
14609
6563
8039
6599
1473
4074
16542
6034
9146
15672
17088
12235
8998
10433
2936
14094
3176
16944
2661
13200
13282
3344
2973
9557
16705
4152
7514
7375
7614
3199
4022
10592
93
14998
2833
5987
14621
8354
70
12869
6121
4297
693
9984
12897
7663
11602
15209
16220
7757
7708
10656
13445
13951
4604
15264
12228
12238
12841
7993
3400
10556
9975
8948
1587
1022
737
15726
1372
12011
4692
1615
2581
16897
14814
14594
6881
3968
4318
5429
4519
3624
9754
12553
14765
13939
8745
8408
11431
13516
13555
9966
14819
9653
12828
11149
13713
3583
1425
8506
295
1051
5802
7620
6962
9985
14758
5504
10303
11140
576
14620
4081
13336
4662
9252
3371
5400
14682
12744
6062
8498
11288
10898
12419
13095
15356
9042
7289
13598
2988
16907
16228
16503
12189
993
691
11534
10352
15083
5076
9195
1816
105
12615
12221
6805
275
12113
6002
6104
13885
16426
6064
13759
8649
16096
343
15613
15490
6217
14062
10798
170
13208
15357
15935
7397
11665
13749
8761
5590
2796
1052
7681
3842
12122
5693
7548
6916
2774
4291
10516
17231
7304
1315
6334
12094
1730
17026
13844
14492
12002
7374
5224
1949
3026
4781
4928
5963
7224
5689
10903
9206
6003
8355
3561
8466
7700
2474
2170
17083
5772
13399
3428
532
13390
17127
9853
6000
394
10392
8997
2546
7165
14553
8789
11948
9271
7205
11947
7903
601
16980
9719
6741
12736
12021
5328
11635
358
17349
16035
1213
6924
13763
2977
14024
12757
17178
6819
3186
5203
13288
12760
11293
8832
10115
6161
7673
4592
11126
12664
2052
3609
8607
1486
11972
8407
3485
15556
11037
3193
8380
10666
3953
2585
13376
10306
15880
17031
2164
15848
14763
14970
8653
13517
3049
16773
7687
13372
2069
1567
12904
6986
6294
14371
16438
16359
15932
12787
14181
10384
11892
198
12431
7970
14465
13080
15113
10047
1083
16747
10089
9321
11593
1299
10848
2629
10079
2251
5081
10327
6019
6706
10417
4268
12014
2829
14464
123
11014
7090
2482
12422
6457
8018
13010
12109
5411
902
7821
12006
9964
7055
3102
11411
7734
2139
13337
6029
5807
2031
11050
8261
2347
8471
14306
5756
13986
15735
4804
10682
4854
15010
968
2855
3538
9547
6711
16065
8100
14082
5997
1505
3345
15641
10222
12184
5241
15167
13384
14439
15198
12405
4122
8918
4400
9654
9646
3522
1766
7648
951
12801
8041
7702
9786
14353
7991
15719
16916
9337
11895
3868
16422
15031
6560
6541
5635
1300
12090
14798
13878
16784
12170
9212
14817
6784
10735
16566
7892
12629
932
2402
15853
1562
12524
11937
1196
14860
6892
10405
12810
11536
10528
13990
5745
11298
8215
8844
10479
9266
7326
11242
7337
7851
8553
16324
7964
14658
14989
16448
6287
2437
9699
8936
12106
16756
1423
2136
16979
16593
4724
1707
9077
4305
7193
11700
9520
8328
15699
8668
11813
8515
13306
13849
12479
13783
3595
10646
16420
59
9633
9836
16799
5718
11442
14362
13826
3141
1458
5868
16607
7381
12772
3203
16113
12227
5361
10504
15947
11481
1749
460
4799
8430
1779
15667
11362
6683
6746
7016
11424
15538
8600
16649
11767
7547
2068
4316
7567
12144
3510
16430
17312
9339
9822
14756
2127
6257
15795
284
11754
5563
6325
12796
14416
5266
13428
14456
4029
13436
13521
11446
13758
13612
9881
15403
1312
10097
1334
7031
9867
447
4216
5457
2612
2319
897
16009
15976
1836
16537
11728
16397
9154
12728
5900
4319
11138
1837
5096
1669
17113
10151
6619
4718
10376
940
11612
9712
2217
5211
10522
14421
3343
5007
15744
7944
7900
5046
4323
6935
14875
14546
933
13451
9698
8519
9493
14179
11301
23
13510
9826
16339
2481
7507
12984
10585
14550
10529
4204
16238
1964
10727
4121
11335
12321
3264
12200
11334
3995
7098
14312
16135
6627
12568
3556
8784
16923
11032
16599
10177
1547
14003
5500
2749
14560
12007
16855
10996
7167
2312
15087
11781
9331
9301
8065
2645
1515
14268
6040
11153
720
7125
11510
8442
12504
7576
15954
12133
17121
1744
12020
2879
3217
7325
7253
14790
8455
6669
17126
14632
1378
7044
8626
11931
3180
6957
14792
2705
7852
14863
13342
3550
2186
3734
16045
1957
7197
3043
15980
5587
13545
7221
10767
296
11804
5988
16840
216
7458
4591
2438
12100
16097
13308
7721
1725
3973
13642
2514
5855
11916
15173
727
11310
2320
15851
12179
9724
16367
7299
8562
13659
2809
16524
7882
11011
17110
591
16690
14662
1498
16929
13119
15944
14050
1851
9313
9499
919
5937
6889
3410
2457
16003
15692
13996
8296
8220
5757
17047
11299
2518
16055
2483
12079
10438
6080
7005
14386
9500
7628
6903
10862
3244
12837
5588
12293
9467
14510
11517
711
6658
1794
16185
8940
5376
5147
7925
14093
9124
14335
12461
11561
6315
14694
2448
5720
15752
8450
12824
2314
8068
3515
16507
1403
14245
13241
1069
5998
16209
14417
701
9683
8787
10537
2329
13245
9249
2442
4737
16785
15482
12459
14812
16454
11729
2440
5574
9078
7173
14742
876
6739
8534
10878
6812
3147
9338
12807
13910
9091
55
4739
13729
12282
3042
13291
13410
7535
15056
3212
13157
1436
15268
16106
9532
10166
1496
5934
16429
4250
11782
14026
3063
6381
12260
2088
12717
4252
7446
140
9913
5331
14031
15883
147
4304
16812
6610
9615
1965
4273
3139
10256
10651
2630
7838
17343
1160
1077
16949
5624
3423
16230
9258
13914
16131
10469
12099
8046
4219
14479
13686
17272
2931
6621
4524
8481
9279
10484
6865
1694
10626
1852
1060
3461
910
3743
815
7204
13617
530
13396
34
17236
8189
13873
15649
10584
1889
16534
9723
12847
11091
689
942
2648
5300
11105
8890
10543
3866
11363
4414
13700
9136
1750
7387
10831
16482
1387
425
17033
497
16125
5080
15070
2132
7123
8656
16047
8791
10962
10168
9468
10362
7116
1768
799
4979
8223
16027
9665
9184
4520
7411
474
4292
2620
6076
10377
4554
15069
10265
11467
7113
17290
3389
11962
15766
5842
13742
1233
11449
15126
10435
2466
4053
3905
3791
10950
7200
1125
214
5541
5486
2255
4788
6258
10512
13296
16297
4616
9863
15630
7082
2917
2944
12493
7581
11873
3584
9706
150
612
13828
7238
7699
5063
15116
9096
15366
10623
1798
14686
7384
4876
11156
8719
12877
704
4783
11462
5213
6183
1509
13800
1752
16814
10991
10365
11742
5565
8579
7420
12004
6979
11605
10521
5442
7886
8364
6435
6288
486
10538
3568
3118
5520
13143
12898
4546
7779
12916
2002
347
2785
3786
9809
15096
1668
13940
7645
11093
10893
7278
12554
12703
8980
12639
15310
11181
354
9349
8154
16245
12172
13111
5116
2087
377
6464
15984
4490
13854
1832
6482
12605
6636
10163
15052
15099
9347
16006
2529
10333
1367
7329
6710
428
11490
1427
11674
674
13524
13304
4975
17355
9278
4360
365
12192
8831
15629
958
15786
15950
13130
10575
14868
6887
12446
9063
13701
2803
1959
15578
15093
563
16668
11321
7378
3716
6909
16725
9156
9015
1495
8475
16153
322
6224
14013
13836
13422
10398
1696
7492
14296
1070
5157
16752
11429
6133
15111
12635
5593
9008
11858
3655
14660
13311
5306
2952
13772
7642
8309
1831
10076
3619
607
14543
1952
15417
16301
2043
17257
12066
16133
10920
14467
14199
5179
4525
6297
13903
2012
2938
8891
15305
11230
511
57
11535
10001
11620
6024
577
15545
14495
2795
204
4257
11653
9727
4836
17292
1677
2948
12756
9565
12910
5449
1454
136
1305
6968
3368
7065
9257
5904
15409
2327
17293
12175
10372
16614
17000
6010
17068
14076
3187
16101
3090
10060
6399
10184
12283
8248
8813
3821
13652
4115
4007
7703
12138
8838
780
11520
4842
3100
8133
5716
17291
9631
1428
16389
9971
9005
9823
4488
16641
10724
15802
6112
11329
14337
17199
3096
5247
17109
16081
12370
13044
15774
7407
16319
13004
5044
4951
2304
11506
15832
3142
12649
9677
393
14913
17036
9650
2740
10305
5141
12346
5516
6931
15032
13641
6465
10178
7164
4570
7498
2822
7367
9722
1918
10173
15521
2180
13913
3227
15220
15128
1665
12464
3600
10369
8892
254
595
4569
10429
8217
7419
14767
13944
13623
15799
13750
7572
13973
14054
1177
13737
1222
1733
7041
1917
3105
10494
17124
3392
4970
16268
8377
9304
4384
212
8123
11261
9072
16683
11081
13266
13188
5735
3643
10849
2286
10746
8037
8386
12655
10032
4222
6226
4750
7570
11096
7686
15102
5995
16
9733
1126
7135
11373
14946
2712
3853
6200
11833
12930
10198
9292
13437
15450
15528
7431
14595
1212
5738
98
6060
4499
11158
4147
10961
17061
16928
8926
3260
10106
2364
10948
8275
25
3182
16689
14652
9291
588
4089
17194
13680
16974
13187
6631
1953
6920
3113
9092
11878
12009
5663
9013
520
4154
12043
14692
929
15564
3931
16049
15040
9058
12802
3235
7830
12809
1244
10858
12354
10188
3965
11929
4394
14164
10031
16087
11633
10569
8190
5443
16901
15503
5920
3066
15044
9194
10124
7467
17244
12726
382
4806
11208
778
6120
11033
8751
11394
16838
16556
16919
11254
1290
8704
9648
10101
8180
11141
16164
9246
17024
10555
8433
14304
12220
2789
3038
3329
4786
17066
4109
4280
15413
16484
3233
14097
15669
10466
12266
15509
6223
13974
10227
1564
6775
1027
16601
3904
6836
4376
9449
4093
4226
7956
13255
4895
17079
12912
6059
14886
3764
5837
6320
1857
13697
5137
5392
3708
16362
5334
5696
8951
4397
793
9798
706
9895
12161
2953
158
14533
685
14246
16152
10691
17298
9825
3289
8014
6814
13294
12617
13365
1059
9323
8819
1406
1674
833
8569
7181
4826
13461
5657
798
2409
414
12271
3569
9230
12042
15188
14637
12448
15075
6930
16514
9350
5177
7834
14200
10627
7528
12384
2231
9859
13113
2838
5410
9952
14294
16031
865
14592
10042
11899
12013
11632
6991
16237
16510
1276
9939
1843
1984
6869
8538
8320
4422
5649
8724
10487
10566
2109
4870
14463
10325
15668
15781
11796
12515
15616
16671
10237
2961
12375
15339
16300
10865
166
11539
11484
15925
1076
182
7689
3777
5112
15610
2974
13941
15979
12890
4228
9955
5186
16568
5667
16555
17139
16533
239
15400
12219
15488
17229
3491
3914
9419
15760
14915
5540
8774
944
13509
7752
5261
10252
3333
5695
3397
5637
14700
1521
10322
6184
3003
10641
12563
15461
1073
5012
16178
2322
15217
10985
11925
3611
8242
9336
16129
15135
5700
8619
4158
11717
15254
3501
9110
11984
16870
11052
11089
1683
6033
2799
1370
15658
10086
1485
10471
16867
13959
10515
1331
14611
3536
14523
9166
2744
10401
3322
6793
8957
1504
11802
13173
14721
2374
13041
15854
1037
7434
4431
2194
16496
10820
15710
11485
4087
1706
6992
15454
14779
14347
10304
9108
15303
5552
6894
8468
15898
10945
732
4602
13440
9709
6978
7587
6081
14145
3678
16939
6576
17327
15234
12711
2498
1914
6773
9901
8427
14661
7884
7074
7812
879
9707
9543
12023
12670
12595
11890
15928
11609
16358
4743
17329
8756
2869
6149
6170
2054
7030
4481
7706
11209
6404
9209
8942
14452
4936
8271
4346
16879
3638
12546
15771
1746
17281
11303
10594
3387
2690
6749
12275
9715
15864
5919
273
14071
15495
1345
2751
11496
9219
14890
15451
2479
2006
6914
2524
3072
8712
13894
74
1392
10061
11016
16915
4798
10081
7078
3242
14349
7656
8548
6212
8200
8465
4825
12335
16748
3151
648
2893
9824
13401
6053
10987
1291
3484
16516
3769
13104
15152
417
9055
12949
16519
7035
8807
11155
9915
16062
13518
1383
5468
5338
11743
3944
12218
11132
9395
13347
2613
10467
13046
12231
3975
956
11171
16538
7213
5460
13666
17220
16470
4272
6885
9180
1888
10949
830
3380
14234
12134
14950
5779
9767
6374
13135
10639
9033
2907
17264
9402
14785
13361
13539
1309
7523
1930
11735
943
3594
8518
9193
13865
12168
16627
14191
3156
12742
6426
2928
14184
4126
11346
7940
4965
5379
6583
6697
5230
925
7616
2949
16865
187
12762
11537
9135
4229
5135
2081
3625
14168
6982
2140
11416
12350
871
8097
12353
6415
15440
16159
16571
2035
886
3793
10583
14824
4332
12076
10564
4563
1823
15543
6850
5472
6097
14289
13722
1686
2349
11178
7348
3500
10683
2101
8655
3099
14901
529
5955
12765
7127
3179
8237
12627
4286
2106
11072
3759
17089
2555
2044
8
2387
16708
14434
8398
15723
14387
16406
1501
7809
2056
15846
12492
15238
14224
6360
3528
3739
5277
9714
16822
3320
8513
9201
10936
5069
13712
12287
13989
5905
9981
2458
3375
4163
12640
7039
2308
14971
180
10165
2626
15272
14326
6365
1235
207
362
172
6489
5251
5606
9992
12748
12083
10207
4817
2959
671
608
2939
1993
9329
2615
4892
5991
3115
6181
14015
6129
17315
3061
4342
12292
9789
15931
2755
13344
9038
4200
6767
14565
8669
7356
7140
954
14891
602
8333
11719
8247
14367
8916
8025
6882
12485
7124
3815
5869
11805
14374
16331
16905
15002
3285
13679
2741
6220
13705
4816
13015
14906
11367
10158
5681
7824
10118
6755
7810
202
7321
15619
16450
13379
6134
4651
13827
8660
13287
7554
195
14809
1013
12933
6052
10657
2282
13354
5131
16505
16498
11409
15860
1419
12265
12709
14518
5760
5556
16305
9459
14582
1710
10135
10348
9749
7133
7859
15477
9501
4238
15659
16321
16173
11094
7265
37
14133
7145
11992
2520
7490
8521
4287
6937
1191
613
11559
12580
9751
4215
16874
534
1854
3052
324
15884
11207
17125
3157
3327
2841
2403
6351
14078
14516
14828
10838
4828
947
9887
2757
15169
11795
10102
11697
979
13999
12104
15485
15833
3620
16218
5373
14927
2538
3456
7677
7603
10309
4442
11599
489
16212
7527
9540
13501
15288
8213
5217
10806
13320
1050
17354
8550
15730
9424
7084
16625
6078
12482
3982
1928
17344
3024
11192
4880
1281
17288
10143
15835
293
14664
12743
12533
4865
1032
4630
11437
12759
1657
12064
6018
3319
14665
11726
224
2726
2390
16896
3494
15988
14173
649
14876
17331
3888
12537
1620
468
3312
7283
16413
7969
12784
15809
2104
7258
8927
3130
7501
13818
3661
9397
3425
9866
11688
13845
11000
6408
513
12191
6684
5650
283
12240
2279
10300
15118
13134
658
6794
15117
10600
10120
12647
3836
1622
1136
2486
16886
5260
15943
9177
8750
16132
15625
2341
12773
13639
16145
7981
7973
7033
3798
7237
7001
2260
11084
12622
2536
538
5288
12906
5538
7322
6246
4459
15987
9970
3270
7297
12866
9938
8045
14966
4006
10204
969
6542
6951
16707
14225
14128
2465
16686
5374
10704
6532
5717
4276
2971
14397
380
3256
6350
5926
11923
6141
4714
4395
2287
16207
16559
13027
855
11883
31
12710
5544
7998
2966
10697
11730
619
11845
7875
17161
2133
10293
6199
10951
8893
9735
2528
11608
6522
14982
9632
12343
11326
3630
9228
8563
8867
3191
9443
7361
11623
17013
522
9048
9170
3205
805
10550
6689
17143
17189
16330
2635
5258
17296
13177
6268
8575
6077
3163
12474
13299
3943
9043
4619
11202
2666
15763
6651
5771
3742
2504
6176
14228
14844
9244
12028
14711
14646
4573
15352
16981
2393
10853
11195
7425
2650
5482
2226
10332
8833
8702
4566
5042
10781
8508
4430
12141
16552
1863
13803
1296
10254
16160
775
11919
8270
3029
17358
8385
2940
8072
1437
5033
4387
9994
3004
6231
9956
226
9638
786
13335
15551
14436
4294
12387
6311
13640
15606
16469
4550
12707
15190
1089
128
15012
1487
8066
3373
5564
4354
2406
9580
11699
2154
5052
7436
13392
16596
11471
1117
13979
8955
17049
777
11113
58
1550
4066
13243
13664
822
14534
10534
14900
5653
10013
8603
4303
4612
9031
13734
10294
7317
7612
12420
9861
5531
2359
656
5038
10748
13905
9223
6997
7918
2369
16170
13981
1624
1124
11837
4196
15276
9120
5172
11463
15058
13794
874
16637
10021
4584
11849
331
11443
2781
15857
6132
6387
3571
14089
2701
4805
4879
597
10540
10181
16667
2480
12039
14732
10175
568
12738
5922
14554
9232
17211
11731
8930
5790
8367
10342
7339
14404
12256
11199
8747
8118
11494
8473
14155
12895
5303
17208
3280
1638
17108
13767
14491
339
13997
1439
2937
9864
11990
10749
479
12400
5891
2022
9052
633
4844
5245
3520
26
5909
3490
9953
7363
5573
8250
81
748
16590
13499
13327
76
3801
6379
10259
4733
10043
10056
9684
5567
2142
12896
7506
13154
1658
13814
4165
2196
2805
435
2556
7698
225
14290
9987
15825
8363
7992
10229
8297
15330
10694
16699
8706
7136
17297
8858
8260
13295
5546
10483
16953
5917
6774
12819
5914
6696
3751
1230
8478
16084
4472
17363
10645
2258
9492
14552
4262
8124
5090
3671
327
3293
15028
8489
167
3137
17044
9729
13322
1040
16393
16232
11322
15205
3292
13756
16465
13791
10200
11836
1675
16374
2343
7281
12633
11273
6550
1795
10192
4712
1842
4682
9645
4896
5218
2272
9406
9262
9283
11703
1531
8207
11617
9599
6047
8636
8708
7284
2394
43
1783
16771
10548
9129
16992
8746
12263
2506
15353
10351
10580
14855
5870
16806
8266
16291
15077
1156
8293
1819
10801
13023
10762
2297
3794
8437
10381
13726
16943
9020
982
6625
13409
16070
10478
4967
13444
7575
8651
8219
15088
9382
14338
8637
9280
1320
21
1182
15283
709
5051
6280
10883
672
10038
142
14673
12319
7076
5742
3275
12225
14327
13417
9152
8467
11750
5126
16315
2995
2036
14240
13782
12091
14657
13315
502
14515
13018
4085
16325
10909
2850
14864
13829
15406
9788
4935
15081
4424
1435
13369
15068
8976
14119
1833
3674
9561
10942
3730
15314
191
13963
2275
73
1527
10208
13400
15133
6151
11018
3183
16060
5706
12740
13427
6817
3111
15467
12878
7580
10846
6163
1518
4398
9519
3958
11884
14634
15134
4523
15576
2914
13563
2373
5525
16250
3512
7023
14273
16945
3417
4508
752
1514
10788
238
6130
12472
8753
4830
872
16352
492
15843
1236
13042
12851
4234
14019
6742
2836
1822
8906
4278
2074
16192
1381
7526
12838
14000
13859
17265
307
6860
11643
9157
12996
17029
2300
6606
9905
9164
2927
12111
13131
17202
1481
11544
3474
16932
12500
1333
8688
4057
6242
6795
15865
6605
7103
1272
16391
2264
2889
1097
5244
15443
14186
5821
12137
2664
10297
11961
15182
2864
1363
14606
6272
10153
4542
12883
5974
5961
5940
16147
467
13571
4150
1699
14701
550
8401
8224
17043
5835
7895
11888
4820
15921
1758
13220
1868
9410
13992
7450
9995
121
10110
5123
16697
12010
15993
1672
2942
7081
787
11774
13071
1532
12978
17087
9621
1566
1809
6162
11748
9696
5322
15541
13070
7318
2562
16878
15
13081
5497
6306
12812
13313
16703
4433
7932
4440
5641
2494
12040
11300
13118
13888
8339
13186
9436
4449
14206
12631
1368
10245
9595
5111
12972
14208
6573
11981
15764
2638
6397
141
12281
5363
12681
11563
1162
1799
165
2149
7026
16696
6016
2593
16761
16307
7120
4180
16416
5395
16182
7002
5286
8794
15504
4528
10761
4910
13709
12280
7412
3014
11267
4445
823
8194
13125
2184
14580
5755
5501
4072
1814
5178
4683
7588
8871
1433
10636
15892
12737
9508
3133
14214
3467
16265
10618
6147
12886
13075
10670
213
7667
11019
15877
15870
4614
13746
1702
153
2030
629
209
723
15385
543
13120
3311
145
12386
4981
10588
3164
7126
729
10196
14146
10052
14861
2563
2337
6487
4218
7298
16726
5562
15778
14963
7658
11675
10250
5133
12341
6750
345
12415
6471
4577
9933
2407
877
14136
5978
7786
9242
12276
7697
8383
9862
8384
760
5291
2980
11247
12582
13786
1029
16310
1098
5787
15919
13439
1736
6732
6407
13323
16440
7968
841
15951
13748
12913
8115
575
9357
7347
3406
14753
1612
12745
10397
2046
2698
13908
5907
3145
3239
7261
4335
11226
13625
8102
1174
8051
16729
676
7466
4364
2177
3506
9401
1608
10502
4613
9144
2891
1806
3917
4544
16148
14490
6641
17123
15086
3065
7089
6575
12882
16557
7948
16373
15728
8164
8365
14029
9625
2766
7768
15690
10190
10608
5208
163
17070
12466
9226
5270
12060
6660
3986
10064
2399
4756
13568
12658
2079
1347
4068
12274
14527
5986
12845
5302
3663
12698
15748
7710
11439
1961
3146
3207
6545
9326
15813
11999
12385
12671
15876
15620
8002
4393
16208
14055
7203
11358
1649
14619
2122
15703
8803
4660
15459
177
9023
7662
8403
16744
2857
13882
7573
4794
13250
11955
13351
12154
16344
9551
2636
2265
9026
12643
14513
11417
8857
12535
8828
15296
6068
12273
10195
11492
8182
12938
2544
11124
15885
2777
9237
1546
9779
14645
16332
15684
16089
13033
10606
16563
16572
321
3930
169
14843
13946
1145
9049
16860
8909
9225
1429
7629
554
7636
14993
1568
7896
5959
10916
89
13972
9486
4572
2628
11372
10954
6198
17065
8069
17016
5424
259
10789
6600
2989
8256
962
2892
7509
7966
11998
11527
8371
3994
16213
4493
15229
10320
523
739
12246
11994
9466
14441
5184
274
17295
9972
9614
1810
2511
10238
16443
5911
5254
1087
6622
3819
13114
1770
12941
68
8879
0
11451
926
2115
11758
5627
5098
15474
14698
16355
14429
10643
9426
751
3492
13534
3232
10194
7471
9452
16075
4609
1907
6898
10688
12331
555
16720
7850
6781
16849
56
16115
1346
2420
12254
286
11722
3607
3318
598
2897
11054
5661
10963
3802
12378
12204
11425
13708
7414
13682
3942
12529
3748
7034
3215
12621
10006
7391
11889
9925
5671
11238
8087
3296
3753
13994
10668
6409
3818
14772
3711
193
2860
3129
7729
13902
2872
3637
8581
12642
1782
4359
6313
12395
2644
10995
9220
13673
3567
1526
5396
13088
10156
2295
10815
13324
1894
6604
16650
11839
2647
13293
9983
14599
14690
14278
6809
10134
9647
15957
3659
15021
6419
2745
12917
9513
791
4747
6096
15349
1158
11511
14035
6079
6918
2103
5505
3846
3012
4211
4515
3552
6737
3738
5299
16824
14444
4637
12491
5810
5025
14669
9746
9115
8464
10459
16681
12981
11529
3074
5118
7680
12611
2788
15298
16713
13162
6050
10239
8326
6061
8008
11616
13553
16348
10258
7114
11390
9202
2652
1122
9041
12377
13330
5070
11639
1340
7380
5346
13720
10607
267
7400
8263
217
1519
17159
10549
3572
2816
1656
3519
11842
15124
14796
5231
5085
13889
12855
2767
17168
1400
6875
9928
1054
10769
12986
9413
11499
3305
11983
3020
8228
2425
5305
2395
7713
1950
10967
13943
7178
5867
4907
15362
13842
10430
7994
10841
16640
5275
14930
7115
8435
14161
7054
5088
17034
589
5439
12174
579
10286
373
11107
10264
9827
3316
6723
7683
16005
3924
7247
13484
222
10161
3894
5585
5815
5028
10956
4017
16578
9591
12441
3530
3772
1283
11978
12651
13443
11046
4667
2203
7239
6975
4911
15421
851
6135
5312
3574
3823
11928
1974
1932
2059
15080
679
16798
5325
5289
14258
15522
294
11423
14851
14914
8337
4321
8805
13988
14310
16478
14777
677
8064
9465
12576
11497
17204
4581
4425
11545
16258
15415
12302
9111
13000
12195
15041
10965
12625
10860
7801
15588
2047
5124
13610
2404
13730
13662
8846
7556
15713
15657
15084
3784
11598
2887
8058
16433
13619
12714
12931
10009
1453
7866
3906
12876
2024
8221
5181
15410
5272
13063
5578
11930
15600
3166
5780
12678
2492
14556
7
6647
10132
11985
14871
10144
16764
6635
3421
7008
3601
15537
11095
173
7383
12394
4746
2176
13590
13056
503
346
17073
11097
3390
16561
4436
10299
10560
8609
2398
10448
15284
2821
5770
11532
14343
3084
5561
1613
1135
5633
16309
14804
4377
3210
6463
12434
756
2978
1354
1476
6251
580
2033
3009
14583
8802
10112
1172
6679
3723
8970
15388
5833
14591
500
464
7517
1765
5145
8056
14466
15584
6540
7389
4571
789
2815
1621
16088
15900
6663
10518
9434
1939
2338
11160
14419
14625
16351
14430
1941
11904
6896
11100
8727
3712
3021
1700
15085
16585
4810
15275
1338
16517
11056
12900
3937
16336
3220
1455
852
5144
14806
16502
14528
4065
127
2397
15329
4735
12834
9060
1997
12922
10952
8864
15240
1285
6829
5719
4917
4388
15204
14276
7301
16312
14243
12392
6446
4889
11350
12782
5866
645
928
143
3822
7753
8441
1323
17339
3939
11482
14598
16474
3614
13858
2317
10784
2156
6207
6788
3464
4998
2238
3342
9248
3135
4301
15436
7915
11327
424
10162
437
15363
4187
14141
6674
6158
10313
812
16497
16311
11669
13515
5317
3874
2451
3349
4406
5636
15489
16347
16233
1303
14858
4001
3016
3629
6816
8030
367
4809
8524
6431
2623
11430
8107
6611
16189
17322
11217
5831
15261
8917
15259
6984
2162
5315
1542
14166
16706
9813
11755
14734
17271
5349
11049
11841
130
6115
5189
6662
13591
2411
5512
4373
3330
13760
2382
13378
17062
4797
8896
9399
9927
6328
6748
11503
11164
13469
5702
15570
11383
15047
10404
13263
4758
1780
7619
5321
10366
15114
9358
1557
2608
2878
16284
10718
17254
5749
12277
15722
11966
5282
3437
12052
4351
13249
6524
15563
7117
9585
5741
12241
16662
17173
14610
10085
12119
12650
4101
5399
10696
4901
5150
15286
27
12197
13554
4691
9537
4760
11600
6203
4500
7872
1891
9560
1968
16025
10393
3473
13223
9151
6848
3034
2311
12998
2706
5774
13918
11579
14564
14250
4461
11651
16921
10287
16357
13721
16016
15793
9442
14279
923
3123
7219
16376
14859
5459
7849
15419
6648
15740
8382
11522
13343
4255
8159
3035
14602
3321
16685
2979
11927
1294
2716
184
13970
10390
15888
6547
1634
5430
12780
14045
3869
2228
10579
10624
7212
13069
16570
3479
3175
16750
5607
14393
4720
8054
8399
3022
10611
11834
10733
3733
14175
3382
10468
6551
7676
16508
6638
15101
14781
802
1635
16039
12997
13009
13307
14986
1784
12206
12704
1811
15955
9935
7315
14896
15937
9299
12725
2780
11662
15266
9967
5154
6577
8286
3439
11630
15702
3444
13480
6269
181
13719
11766
1084
11725
9027
2141
3941
4047
6265
15500
2247
4396
2965
13093
6127
14764
13633
12821
4873
11848
6883
13549
6758
4271
8262
10654
2
10187
11139
82
11198
14974
11218
8160
15039
15177
7808
6713
62
14379
8863
12935
11340
5936
6841
6234
1414
6279
9820
2750
10216
8457
13583
8923
2333
11371
17181
3498
12165
8137
12918
15903
72
13166
15270
13067
3471
5800
5670
11969
599
1560
10873
12157
13434
6649
11910
8530
16717
735
8662
16735
1512
14016
13675
13251
16616
14538
5554
10562
14888
2500
6335
13061
6109
5045
7101
4963
14760
16382
9670
11957
3827
3883
9388
1679
11790
3224
8627
16933
7180
16975
14603
16333
14766
2082
278
12082
15671
9686
8327
12920
5285
4338
360
11076
610
14115
5761
10923
1584
17045
13158
794
15772
2769
6165
7695
3453
12001
4225
4136
3434
11389
13707
15875
15065
6190
1648
203
7736
7185
13136
2592
13385
14547
5768
2325
5227
6156
4988
13123
15948
7474
11915
11464
1606
8304
12251
3626
3861
11784
1404
379
13527
8754
10743
14912
4579
5102
8055
16653
3586
3502
4480
8374
10811
4383
4168
10629
3526
11832
9578
15908
5764
6734
9192
9016
15847
2422
7928
14746
8350
6745
14752
8622
4275
10863
4139
9667
8780
11248
1919
9386
15655
13492
16272
894
3194
1520
7146
6811
12583
682
14559
8088
3897
7731
115
8777
4143
13841
12146
16401
14322
5736
12610
12542
16714
3291
2926
7344
4054
11148
1426
2651
905
15530
7545
2225
3251
11975
7286
8897
2280
6451
7217
6434
13103
14569
8559
4267
15308
9070
11249
11071
1190
2916
8316
1539
7319
12804
10884
13242
392
15712
5083
16818
7251
4888
15574
6270
3110
7118
12152
10341
6308
6585
4409
10186
1237
1793
9793
9586
5912
7404
12320
232
1246
14593
4080
2423
1155
3999
1490
1627
13805
13486
9661
2224
2814
8047
5694
1287
12799
12305
518
2289
7354
8728
7457
16074
6970
16402
6518
8638
480
936
15532
3960
10999
15062
14041
10456
15587
6617
15644
15414
16441
7493
605
8984
2432
12073
6443
2476
6235
4753
3269
235
335
13147
1033
10741
4530
2157
1264
14780
8899
4927
9047
4827
16211
3557
1517
13043
12269
9539
6071
9409
5452
12173
1969
9741
14341
10726
8729
13053
5801
16370
10960
6458
12860
13459
14413
6607
5827
9902
9662
6093
3532
16876
5830
16955
6440
11570
17280
8252
13546
8497
10940
4676
4033
3273
14215
2685
16835
12523
11586
13601
8670
15311
3950
9957
12817
3732
15191
13339
12806
15514
9204
11268
10759
15731
10822
8238
4650
11689
12304
16094
13012
5739
15491
3804
3504
4312
2689
9203
1791
3714
16335
8574
11509
3658
15628
11500
12973
551
13936
16281
17118
7722
12502
7333
16751
882
12352
9637
12696
13503
2315
12247
13421
12868
246
17057
7877
20
13456
5406
7623
16241
10248
16175
8043
5176
5652
1655
11291
9496
10019
11911
16633
7723
12598
10164
12763
6646
3254
10631
7844
5477
15435
11068
9911
4934
15374
10827
14394
15103
13446
1544
5668
7960
3618
6555
5977
3640
14027
2412
10634
539
9447
766
9191
8767
16091
28
1839
35
4745
10126
16569
10477
7138
7242
5212
14508
10074
14526
11707
3470
8032
9351
13092
12596
10602
4657
12469
763
3011
16804
15042
11302
5425
4052
13112
10093
5826
10007
8470
4516
8571
15120
9865
1704
6082
10686
2542
1529
14614
3101
16295
4322
3388
10257
4943
10020
3230
3378
12121
10797
5503
13547
2746
3108
9019
10495
15524
16476
14567
7641
3093
16215
11110
16224
5899
7999
13073
8458
1483
2241
16805
16694
13003
2200
14069
9
16314
10197
14106
4356
16682
15507
13809
7794
16444
2449
1386
16657
7846
666
15277
13793
970
4555
5117
5767
1397
4343
17114
6834
1041
15249
11997
13301
1231
5659
9600
359
17128
10082
3204
3993
442
8395
15078
11292
10546
7007
9926
16972
2057
8632
5886
11215
15945
8629
8701
4869
1463
1307
13956
13165
776
12298
4098
10663
3854
7358
91
8093
2844
8360
5996
11575
6743
9806
525
11696
320
11870
16121
14653
6949
11780
1314
13031
13457
5699
9241
8674
12607
5967
16536
4176
2894
16085
13632
2762
11578
16458
15022
14488
5091
38
14498
5721
16678
7961
6623
11820
5336
4212
3117
2346
2385
15929
2920
440
3603
2665
9448
16246
5447
14544
2515
14710
13152
11183
15166
8111
3679
14440
8234
6138
14317
7678
3648
5255
15747
12215
15430
7268
11115
14920
14992
15402
13047
16196
10910
14037
14070
5792
15183
3803
12551
2000
3223
8149
6166
3265
14272
16914
15338
16485
11932
6057
9702
5413
15830
13825
9717
2880
1065
344
2659
3876
14505
14827
4551
2534
15922
2728
12724
1219
14568
1925
1885
16802
4389
5017
7652
1565
5115
1543
4615
4370
7290
11986
4568
463
896
14299
1873
3824
7417
665
6459
9171
2058
690
6194
4496
7327
1410
10150
10358
681
15614
13788
4763
14373
9400
11386
12619
1838
13500
188
14462
10100
9590
16663
9522
1948
15063
15317
11241
399
14878
270
4067
8594
10442
12952
585
14030
15698
2301
16834
14709
12574
11103
14879
15593
7190
3578
9065
7701
10425
3820
6336
8772
6778
13797
8726
7532
3448
2783
6913
8870
7018
9790
5324
14414
803
9112
15216
11893
14478
2950
17032
14355
15158
421
3221
11222
9734
11137
5380
9062
15373
13261
7930
7500
8645
848
11791
4503
16721
1047
11516
1167
14882
10974
8542
5273
3697
1701
11282
8177
11376
9441
15866
17077
12960
3457
14036
7542
11577
11420
15647
3682
13658
6539
3885
8824
16063
13477
326
3478
6227
2710
14291
13374
12217
12322
584
12840
16380
3581
8392
11732
3019
6492
8310
2383
15372
6714
6428
15380
17316
2462
17334
3850
10253
7398
5463
11047
13139
11866
15682
14739
6839
11384
14176
15175
7798
5122
5863
7848
12143
8829
8216
16859
813
9342
8749
5885
13975
1002
371
3795
10402
85
10094
1091
17146
1578
13262
17115
1671
4567
9961
3261
2642
16041
1637
11824
2932
11391
9289
935
1593
622
3201
6164
7586
15011
8691
9666
4531
13305
13599
16494
594
5071
5545
4987
1967
15428
4233
5220
7598
8146
41
16613
12473
8379
3717
4166
10775
1306
1275
16815
8672
1208
15978
7122
7759
3896
15395
17137
2313
14067
3865
15476
10054
6136
3543
8566
15280
363
2152
5752
10024
16008
10551
3928
3719
6356
1910
1445
2014
16254
5898
9710
14666
5777
5832
12075
17103
10493
1214
9885
14410
4127
12371
3418
10424
4521
3160
9982
5643
7476
9340
16882
1123
12731
14409
3350
12901
2763
10649
15202
7635
17071
5849
13239
12153
14472
827
2770
644
6694
16587
17035
14194
13650
3234
8198
12636
14233
745
5968
7552
1039
2453
6475
7921
7926
9510
11012
4454
14588
9602
10673
87
8695
13741
2234
3173
17192
1185
8585
5467
14127
4599
13368
8425
12107
16793
7829
3402
4073
2922
7751
15770
7307
11152
10850
6985
385
13971
1916
6972
12436
12669
15592
10531
11486
641
5216
11295
9951
6114
13227
9603
4167
5156
17267
14980
12999
9080
5456
1748
14965
12324
5183
17377
10486
5256
14712
6239
1977
14616
3401
12239
1643
4886
1728
3325
14365
9635
6094
12367
13285
9392
6126
8434
14033
6853
3725
4246
13377
13942
13267
13602
14674
12959
13710
971
12719
2721
3120
16976
3374
261
14697
12223
12432
6283
15602
5010
1030
15323
5893
10407
8331
4288
13751
1720
2344
13458
17099
14578
8300
1785
1074
7267
3811
16948
12180
14475
7017
13653
15408
13273
918
7688
5860
9701
10224
176
5913
3981
8911
4419
5980
8785
11687
15910
16704
13495
16527
1267
13297
2901
8590
12311
8994
16390
17201
11290
9969
12476
12660
13958
1418
9125
258
4693
9678
4028
17186
14936
11473
3236
13414
3649
3134
10491
15745
1038
11203
11184
14431
2633
4349
3783
16452
11733
10843
8222
9050
13356
3092
3462
1631
15424
2143
10917
269
3249
6454
16234
3833
15631
13938
4412
14874
16283
2723
15670
4190
6642
7748
15336
14699
13248
13881
2625
9316
3990
5948
14137
13757
1277
3419
1920
7053
11427
13628
11693
9795
16643
10857
5119
2691
12489
2021
15585
4120
15548
15607
2331
5365
11355
11224
7497
16103
817
201
11067
9922
3992
17022
1209
11645
13649
4709
700
7155
7555
14075
861
15420
5712
5162
14929
10944
9391
4597
8827
15015
4265
16146
16598
13052
5120
8411
15359
4893
8406
7910
8650
4912
5473
1575
10023
13892
12272
4863
4867
11498
2933
436
2797
5743
495
16846
639
10289
16957
10025
3705
3615
8348
3605
561
16337
6776
764
14420
5283
10255
6377
7869
2919
1462
7837
6169
12947
8511
4557
2632
6582
11610
3211
9783
6339
16673
16079
1715
12136
332
11657
15612
3664
12249
1507
14002
4131
13819
11026
3831
2195
7707
9588
8013
16464
12330
13121
9396
10450
12442
13149
12299
2842
1592
5685
12333
13383
16767
16950
11611
13066
792
16982
15571
5171
16610
6777
4263
11920
15208
4897
4309
9890
1590
6378
15841
5326
7949
4641
12741
14315
2991
13637
4857
3676
15508
1716
10836
10941
13688
1893
5330
7314
10924
16746
10080
13474
3268
11003
4355
16379
16308
3507
12844
8319
308
10662
1599
9521
16680
4834
8049
17180
17374
4339
16848
12038
3106
7296
12771
13424
13394
2918
13955
13127
1358
13029
9490
1776
276
6628
10211
13927
8949
3198
9908
6441
548
1642
13597
9515
52
8630
159
7441
7227
6388
10311
4851
4300
5850
9943
10842
10449
6821
10957
13724
15484
13207
4702
11862
11768
3097
4434
9045
7036
1493
14018
1551
9044
3169
5196
5242
557
1596
3703
1494
11313
4149
11507
16431
12507
12463
7088
4593
14504
12975
8356
4078
2513
3005
13755
9435
14052
11917
6329
1444
6125
9469
7912
17078
6437
6512
984
13537
9976
10201
1328
11618
10756
11810
1356
15427
6529
8944
4631
4410
16124
8592
7184
12361
10394
2643
8113
12051
12557
8175
2233
10988
15447
12435
1909
6056
7763
11604
9592
1883
9308
14428
494
7012
9088
10830
6086
12543
14287
12974
7104
12965
8561
9186
17302
13387
9829
6102
7670
17309
10062
1149
15872
7947
1255
7448
5884
10284
10385
8614
13799
15582
8174
12077
3580
10747
6067
5026
6900
13034
3208
7774
7512
2017
8480
6312
8595
13096
5005
3789
16628
8514
6316
1259
7345
16609
1586
15796
955
9617
7841
11277
3324
7245
9544
1115
11939
1934
9567
2715
12614
13947
2064
1708
16912
15849
8682
6393
7021
9172
15782
5639
1992
15381
13298
1085
7714
6218
15354
13727
11757
16119
12971
2066
15874
1878
11907
9175
1108
10621
9692
12526
8061
1800
3890
2326
11269
5861
1902
10958
768
15344
10614
7158
16786
13309
10055
11567
10619
13346
1253
4075
10997
2718
8604
6008
10317
11117
9843
5072
12186
2108
12953
9663
9873
10149
17224
12721
7957
3588
10713
11004
12934
12258
13302
11829
17282
12325
16664
10111
8547
6211
11186
3070
3766
51
6476
8545
7157
10489
16150
7783
7316
9361
2193
3178
647
8009
3304
14350
15089
9958
287
5059
14457
10497
11005
6810
3749
14865
12858
2222
1143
2606
3144
12308
5906
2430
13109
14822
14213
2599
9942
13852
13117
2568
8487
3535
5398
12624
3851
7651
8453
6768
1359
12790
14333
1987
1014
7771
6891
13678
11861
6936
8086
2576
6523
3656
13930
8456
8775
3856
517
11341
13584
10421
12565
11114
64
1451
12366
9387
9403
7485
8062
15779
9064
14990
2171
13779
12297
12509
11935
14025
16808
6827
14631
8448
2935
2188
10049
5805
12393
8982
9530
6206
3431
2400
3758
15534
3727
4862
2566
357
11724
5134
7762
6292
654
14680
9639
17152
10828
750
5390
8469
7797
1326
5032
9310
14826
16396
13669
7254
376
12789
915
3996
8294
9907
7606
2986
7087
7929
11240
3548
10116
4949
5908
2034
4655
9121
10855
2417
5776
457
15143
12608
16459
8090
9680
1100
1617
5066
8722
15693
14730
13851
11859
11835
14997
12488
4446
10269
5733
2604
9891
796
5167
3925
15473
3188
3339
5551
1769
8690
9275
10947
7860
13211
2332
7646
12808
8543
10357
8551
11746
12682
8225
747
16984
4517
13816
14768
4759
10567
8282
15994
9830
4401
14158
9429
8522
9930
11701
12267
12471
11663
8341
10861
1924
7152
12148
16506
6304
8680
6295
1210
5647
15741
8765
10121
6196
15055
11111
1114
5158
4564
7923
10720
16816
14597
13002
13382
13872
10745
8210
975
2713
15567
8195
13743
781
4266
15106
14048
6255
14596
11714
5673
4483
12237
9247
108
13237
13408
9036
14691
7868
621
9394
9728
8693
15301
1284
11405
3991
178
5068
14717
15211
4744
8717
17129
14815
11880
14524
14659
1198
14212
834
3726
14377
3666
9857
14237
17081
1298
3177
996
12764
17092
1947
7366
10451
1958
4279
472
8162
6449
14509
12811
16602
7864
17012
13781
99
9871
5895
4235
5984
10887
2020
5348
16329
5785
9688
4270
1667
9549
10368
14261
11435
1468
14703
1802
2067
5252
7560
16216
2582
11039
6221
17154
2155
11576
2063
17230
4999
9025
11554
14012
14346
9028
16994
11336
14555
3372
14586
2073
10228
6673
10030
16688
1313
1396
3855
12902
15715
9439
11234
7179
3867
4380
4976
15555
5475
7376
14103
7842
7971
6460
14116
14707
6624
13698
9700
15632
6322
16684
3505
9787
3314
10000
16858
6879
3127
2595
14378
1204
688
10757
2603
7443
1469
4060
1536
2111
14811
17320
16353
16054
4221
3475
106
10296
13638
11854
2695
1380
9039
2854
16893
8173
47
8139
434
15765
117
4159
2674
12216
9101
17014
8204
12751
6330
9488
17221
7438
8663
11402
1011
2765
15844
5023
10715
13181
1471
10069
12414
773
3858
3652
1153
6690
7049
7741
16453
4329
4773
11924
13877
14342
12163
7432
3057
14265
16553
6105
3154
1821
3216
5555
9844
9022
15496
8972
5517
12494
12103
14174
230
11204
9017
3945
6201
3541
15341
2384
16289
2452
13607
17303
13062
17213
3551
3069
14330
3755
14400
3646
593
6210
8193
3623
15446
7574
1826
17147
16817
8001
6038
1735
6808
8516
8501
5215
2526
8239
7997
17330
7439
13412
10360
2174
6099
1962
253
4183
909
13967
16753
5418
13419
12063
967
3878
15024
11987
17158
16299
10423
6837
8491
627
6299
15738
5169
1607
13171
1168
5391
11220
17250
5708
6908
795
868
16123
12359
11718
9407
2579
8477
4813
3735
6494
6256
10728
1751
3940
6835
8865
14156
12046
11127
10122
14319
404
7151
8610
14239
14678
782
15926
6720
9748
5060
6906
5205
11594
12547
2100
7690
10344
12016
1130
2655
807
13367
3698
12030
14297
9802
8907
9738
14046
9929
5932
12943
6382
9535
249
3297
5323
8613
1045
2992
9229
12929
16700
13745
6665
490
9362
8886
9376
14626
12289
4643
2223
6747
14729
5202
9199
1049
17165
3354
16067
13269
2761
2639
12538
4107
8634
1682
16273
15425
9791
7270
12590
5407
3911
16864
13407
14445
9123
8332
16154
2548
9494
5726
4391
119
9546
1224
9222
3351
5368
4561
13132
14744
16629
10992
12118
4983
15706
3922
2256
9444
1480
15170
821
8187
7161
16040
16716
17253
13895
11982
17237
12776
6910
7263
669
11308
2010
10829
14038
10354
5723
17335
17314
13338
1680
17120
7983
5099
4427
10612
12376
4195
5438
12520
5656
12604
9421
1713
9011
5672
13078
994
8673
14192
1594
8842
4353
9218
6020
17053
7551
4325
7025
8509
11413
7805
12700
5222
11710
1004
6983
2812
11370
12673
10946
15956
6106
9483
11483
2837
8186
3870
5151
10716
13089
5795
2573
8820
4832
2588
15673
15768
12899
6023
12597
2663
10796
13452
5470
4730
6702
2924
10199
12295
8811
1067
8378
7826
10892
9416
14480
3091
493
2118
5640
6823
16946
4769
4210
14193
9099
10329
5950
8640
3516
14142
2574
12084
3455
15142
7541
15481
279
2353
6950
303
14545
430
13373
3796
13312
1057
4974
5581
7887
1757
1482
3172
15138
3529
6797
10142
16354
14437
125
13482
16942
11875
6117
4463
13317
16435
11265
16144
3150
9642
11259
16002
2990
15583
5243
12514
3398
13595
8804
15792
8635
16880
13179
10046
16998
9363
2381
6091
7229
12926
14972
2310
11133
3774
640
1865
2847
10834
14447
15733
5451
2817
13148
5819
13051
14745
13331
12668
1324
15405
364
1361
2557
860
15891
5608
5839
4090
11136
6886
12652
2516
7720
4236
15449
4838
7338
1847
3422
9014
12690
16938
7187
6192
6417
12729
12932
8560
6565
12126
7280
8071
5278
1895
7223
8342
406
1079
6870
12340
5638
1850
8815
11650
12544
2720
2276
7132
10331
2444
17018
8157
1581
9598
15834
1118
11897
1112
11513
16782
12454
6015
2198
13613
13846
17214
17227
715
14887
148
1549
8183
10702
9604
1348
15207
5584
6469
515
3966
16072
9167
2871
8299
4172
2490
5605
7139
2120
3125
11272
6406
14784
13196
14391
11896
6405
4576
1075
1063
5572
4253
12483
12326
8934
3181
8178
5146
7657
10334
1265
164
12164
1860
1662
13167
9087
2232
8484
17169
2427
6058
8510
14110
9921
11761
14536
6517
5187
5820
1133
6667
17266
7353
7435
2166
504
11673
10078
11065
13389
16158
3752
13133
15313
7631
9572
15350
15125
6700
2243
2145
418
7013
3148
9251
3813
1355
11106
8866
16551
14576
7625
3310
1443
9534
3295
17008
11778
6959
16200
2737
5182
6048
17177
4822
221
1569
8759
8240
3566
5765
6345
3303
8330
5854
7313
4208
16371
4137
2614
15144
11891
13340
16034
15827
10328
15104
3785
7546
15082
4448
13357
11024
397
7671
5644
5188
5675
14190
14020
5602
14748
1585
14976
2268
14925
4044
16083
8723
16969
7340
11382
14684
9886
14635
14688
5528
4535
11809
6240
1470
3938
12779
192
10921
8134
10642
17246
14147
2210
8461
10336
12637
1081
11661
16320
15997
4198
14572
11603
7843
5
11712
8443
15320
13541
16053
2607
1024
10050
10474
13920
6612
10699
9236
12667
11073
16832
4761
1131
7800
2336
13380
3559
12534
237
10776
14932
10461
71
17172
15411
1028
10826
10671
11659
5003
2473
12791
15090
9912
10655
1066
1817
2727
15794
16076
5095
8073
5804
10571
1576
14150
8306
391
10412
7142
3524
13505
11189
6394
8127
7696
10225
9311
3877
13430
14183
7477
13544
14370
277
16884
14123
3250
2218
3332
1859
12513
14696
14636
17205
7982
7183
16044
15622
2657
9487
15679
3701
2267
12778
9628
9800
8755
3613
1310
10098
16895
8361
16960
9755
12827
12316
1789
4026
8402
3348
319
5655
5474
11493
14995
8005
6385
4492
7760
7423
16263
714
11082
12140
9100
2681
11572
3047
11165
16582
3271
12307
3360
5073
15572
1897
13142
2619
1129
12468
13526
1792
8840
7491
10794
14352
3560
12178
15535
9377
4740
11197
659
1664
9940
9210
11173
10446
5030
8312
13184
2714
6171
12618
2930
11469
7192
9489
8394
16595
12209
3848
15754
4256
7958
8343
12390
13259
7640
17345
4207
13465
5105
5397
14074
10406
2335
4751
16843
5896
15181
10640
1589
11031
9849
17190
5093
8657
2168
6355
423
8830
1781
12572
11015
16869
12264
13074
8847
6148
779
2173
42
15691
11083
8826
11964
4905
6513
6534
2968
8024
14049
14010
15506
3429
4644
8048
7934
3645
3272
9475
15695
12556
5480
16111
8459
6363
16235
1260
15654
9383
6495
12517
15005
16656
13780
12833
13026
1754
7302
7553
4088
6566
9505
14857
14807
10447
16790
6771
8357
9851
9884
2485
8782
1929
10665
3967
15256
1295
4245
3067
8128
10578
2870
13636
9440
2768
2839
590
4374
7015
2123
3045
17278
12966
5992
11762
8265
14254
6314
8396
17011
10318
15791
964
15412
16612
4239
13494
10574
8856
6912
9354
471
7950
7141
16964
11328
664
697
8205
11263
14286
16888
11200
12041
16661
4701
88
8878
4020
8836
6
15233
14084
16908
8580
12313
6072
8889
2215
10911
7066
10742
10272
17019
1197
8158
11488
12455
16487
14803
6947
14668
16338
8992
5498
7027
16887
10980
7803
11166
10532
16011
17299
13333
9962
17275
10432
5599
14435
8647
11672
6878
9418
3308
15968
15867
13423
16408
7978
14269
11407
3299
6952
2700
7584
17284
9893
6901
11365
12879
12230
3104
9457
16007
8859
10774
7415
4076
5423
10966
2903
6589
16924
14218
6719
10500
9119
1337
13646
8790
3690
14789
5402
15161
8874
3702
5378
6546
6556
9533
15442
1010
10389
1747
14774
15108
9451
13413
4038
4045
16573
16829
3206
2584
1880
6537
11678
1986
11074
10809
11251
11811
2181
1879
16108
14985
11086
11607
10160
4002
16819
14656
14423
8206
7585
1411
916
1154
8353
6863
3228
11309
3131
9847
9189
10786
11119
8806
10832
17273
4217
800
14894
16477
5941
6177
211
3677
15759
10765
15732
2221
11552
5614
5751
13348
14615
16313
1401
10939
396
4385
13462
5313
17009
9627
13538
17091
5040
5621
9138
17338
12080
4133
10777
13289
3060
15365
16010
14288
5549
7216
10734
4514
8962
5466
11970
5725
4223
16262
8681
1206
10127
17311
10970
9179
1787
2418
2266
9529
10386
3859
4086
7870
227
7166
7454
10233
7597
14096
3555
92
5524
4852
11844
10174
16654
14470
4704
2016
9089
16978
2161
10476
6928
17342
9526
7764
14148
11023
17248
4317
4439
16285
10059
1864
1903
10821
1812
6357
7331
8324
628
16128
1134
13513
5301
9495
16048
6473
3926
9869
10103
11587
186
11175
16141
6319
6253
16621
2905
535
17217
6981
11154
7359
13049
9909
13821
3531
4021
7735
13221
4350
4363
10605
7894
13145
168
10044
10347
4460
846
454
6844
7977
9512
1978
5851
12409
4815
5684
17283
6273
7927
9217
15107
446
8449
8825
11901
16803
3642
13411
15147
6310
9643
1409
7194
4071
13532
2366
16442
705
1018
3085
13740
578
7562
7305
12873
4688
10819
3632
2564
14800
6939
7740
8556
17086
6448
10129
1249
9563
6349
13693
8269
13058
1772
14320
16646
9239
2229
12421
2183
3463
4947
5333
13594
1508
15893
9835
17357
620
10817
1966
5138
4680
15008
16973
14782
15391
9752
9356
14402
10933
9937
6044
12429
673
6904
1385
3331
3596
5510
10590
888
10230
7456
3590
8292
3672
146
12609
740
5462
7276
1164
16730
11330
370
6785
6498
3915
11565
4736
7911
17197
15057
1336
15331
14412
1434
1192
10721
3294
9344
9855
716
998
8730
1670
12110
12309
13137
2578
6241
5547
8818
17306
15653
17341
15315
4713
1262
7453
4634
1943
5871
9640
6948
2501
13197
885
6092
9944
11625
48
220
12506
6383
16576
15645
12857
1604
13694
7052
10687
10990
12233
14079
5367
5596
15027
7565
8321
6140
432
9458
3747
3337
4818
13582
9941
12989
6849
15003
9657
1415
14838
3935
15510
771
2261
14948
5319
2447
12408
3799
17359
2028
11783
14918
12338
2253
8211
11775
8817
3170
4307
12062
15214
2969
14242
4184
9796
3447
8307
3840
1489
12536
1071
2360
9366
767
6634
16526
10725
11789
4178
15696
16205
8412
13025
4553
1933
8454
14196
13059
10589
549
10496
15823
2567
1420
12872
3323
9504
7858
4731
156
13714
134
8621
15153
9455
7750
4169
10565
12881
9675
12156
870
9606
15025
12117
2570
17175
3908
702
17090
7043
4575
10800
6167
9312
3064
14415
15061
14040
6802
9240
1147
14728
1625
2038
1107
2776
12606
12909
13258
10045
4749
16695
10189
2236
3059
15387
849
3587
3153
4848
15434
5506
743
13281
14307
7231
10780
77
9655
16369
14446
13140
2507
6872
1402
6921
6429
7589
15071
45
13823
10035
4840
10510
6286
14928
2967
667
2431
5750
1552
3972
13869
15164
16051
5359
12641
1335
5793
15455
16424
16276
7241
16282
16264
8165
5856
15429
898
6873
10628
456
11744
3776
5972
8036
11246
15196
4295
9978
16546
3394
3563
8686
15407
4695
6942
7770
10514
3196
5454
7823
6348
16562
15969
12968
8246
17198
12382
1151
17362
13644
687
7836
11573
3602
15949
13684
13715
6043
8340
13983
7724
2530
11680
8079
11903
15687
9832
14909
15351
12005
16820
14761
16038
17067
3503
15651
11453
11161
1062
8447
5880
15029
9579
3720
2298
4608
15912
15788
10382
5152
14642
15318
4671
10859
4135
7937
4558
3610
10971
12278
14068
866
7675
13024
78
4711
6789
8267
8639
17232
2392
11787
7198
15970
8132
1165
7277
8536
298
10810
14584
17365
3445
17324
16710
3017
4684
11366
8983
240
2039
16421
12603
2885
5358
12427
16856
14318
7613
10778
13656
7478
4860
9476
11415
7832
1871
2600
3657
8345
1611
5949
13257
15859
9306
6987
5711
5153
2676
3518
10804
7503
6413
5662
9296
461
14905
15862
4224
7943
10803
8144
13620
13932
9057
14375
9932
1761
14624
6197
17188
3514
16099
6772
10096
14459
12503
14622
2357
8142
10312
11151
8099
11017
17222
11013
2334
15863
7470
16378
5600
4411
2450
9674
2292
1417
12646
16032
9899
1972
17170
10335
7917
416
7269
12632
2324
5951
15016
12970
14356
13449
9766
6548
4639
8853
15416
15494
8685
2621
5414
6783
12475
8044
15787
16702
6503
11436
5543
6822
4368
16759
6160
9668
7919
3015
6188
8618
4058
13863
11058
5094
845
16017
16138
1904
904
8179
9934
11452
11410
2957
692
10066
11213
2955
16127
13738
7766
9607
2825
4707
7342
2792
11745
2124
8479
4327
8971
12407
2704
5814
13559
7379
9168
3933
2053
14897
1601
15034
15160
3497
2641
2508
7634
3023
9491
5892
11412
2858
11348
1252
12057
2725
4985
12072
8387
1597
7558
5511
4487
4696
4478
104
6370
1111
14039
12793
17233
11764
13192
5773
8012
2436
16480
16161
5366
9155
14227
11168
7077
4333
4674
333
16900
17228
11219
118
16630
10511
7171
301
14530
15445
818
15212
15678
997
8334
14969
17325
5446
3929
1840
11214
5197
13815
10754
7889
3863
14751
16267
7226
8692
8092
2435
17328
2254
670
96
9261
15689
17353
15334
3001
995
16030
6331
699
14964
11769
8112
2235
9181
4847
5910
15811
9298
2467
9679
10763
10813
16217
3872
14496
6425
17245
9083
1813
9669
7568
8540
3028
9417
15727
4171
16261
14943
14043
9815
16577
2096
3989
1327
790
1537
13575
11062
16467
617
16738
1068
4882
1009
2680
14202
6704
15527
6862
9233
12139
17101
16766
4621
46
6083
11898
5618
14881
7064
11304
11568
1293
7951
5890
10953
1316
13603
7071
10582
2804
6307
13209
16439
10419
2686
6581
14618
9577
3132
3167
3948
9833
15439
16042
12315
13543
8488
15398
7250
7682
10498
1602
3838
6505
1503
15444
1491
7608
14649
15618
15223
1101
5489
12268
53
14845
16287
14996
668
725
3706
15676
16772
10316
1369
11952
15840
12470
9888
7965
15755
13728
12626
14762
3775
16591
10414
9831
4314
6290
1046
14959
6468
9103
1654
4455
10915
15505
3362
13035
2772
13615
1563
323
2522
1332
15231
3814
4379
12327
12956
3639
10378
10870
12150
9287
5233
17252
15263
15228
3048
16831
1995
2487
14332
4209
8956
6063
4162
11831
1580
9524
5806
8960
15986
4795
8837
11109
5865
13204
5415
4369
15946
16118
1034
7426
8624
14737
6403
10388
265
16529
14849
6919
14870
5087
10943
2913
15046
11010
14201
6252
11740
4134
2299
14182
13370
6321
12874
15769
5082
7827
5440
13388
2461
2911
8462
7660
9566
9477
3359
3762
3665
3241
16828
40
10488
2771
3126
10470
9114
15168
11756
17055
12151
14241
10370
17106
11505
2025
533
4010
10364
16966
5384
11979
458
3964
7091
11713
1220
12888
3979
7256
15165
6708
11946
10029
8707
8084
2861
2843
1058
3889
12440
5982
6598
1104
11771
16693
11216
13691
2533
10350
15924
13488
6157
9071
17319
8172
5403
2160
13498
819
6553
16952
15808
12092
13086
14575
6597
4056
13198
4260
2675
9126
1141
16323
11518
10601
10399
13792
12428
15360
712
14944
5782
5874
4859
2363
4031
797
4601
9335
10104
5214
13969
9739
14846
14493
14571
13998
8950
13915
5204
8586
5781
11349
9616
1598
17262
15441
11779
2137
2029
2227
2819
17122
13508
1268
7300
661
9896
14302
16574
11368
17027
10266
977
606
4244
11398
11075
3841
5246
4114
6956
6267
13966
749
9498
16775
603
13506
12458
651
15155
6722
16580
4046
742
15627
10465
10557
9182
7413
9414
2187
10068
14403
4625
5993
7508
13364
448
13256
16871
13736
966
10802
8985
13824
1289
7394
15121
9359
6791
4170
8298
8938
14303
15971
9641
11556
14389
12095
13479
10770
12995
2994
5704
11546
15758
13438
12198
6488
11043
8631
2434
9772
4920
6508
12372
1922
12497
16615
8869
8738
11448
2787
9634
7650
15557
1223
11040
3680
10558
2491
581
12201
10308
8415
9480
13019
505
13229
4582
5679
8862
13155
3693
11433
2904
11818
3731
6626
4382
15287
13116
9086
2150
16734
7481
2640
13183
547
17116
15960
10017
10138
11619
5747
4821
5058
8101
3229
9074
3121
5201
11422
17162
4254
11477
13416
4293
12662
5097
7468
16665
6118
12814
12456
16456
8974
10900
14418
17051
16028
16457
13765
5609
13271
2191
6455
7853
842
14561
2167
14795
8966
10065
8810
2345
11393
2760
13036
9882
7312
9807
15964
11960
12105
17005
11472
16260
10856
10330
317
4589
11351
11193
8218
14340
9658
13692
592
10002
12518
4344
12676
4796
4706
10453
7255
9365
3436
10710
1026
4475
11656
4884
251
10490
1741
9148
15643
9626
3171
4957
14735
16383
6699
5210
13463
4466
2005
14911
12412
15364
478
1692
10355
190
10434
7174
10533
680
13834
4177
1618
2274
15097
7332
8967
3744
11450
11589
11009
5281
11426
13695
16892
11686
13007
17308
5875
7609
3754
16606
8731
7430
1734
4941
14787
2976
10083
6264
14788
9322
16655
4118
16112
15550
9327
7324
369
236
3189
2273
5841
1270
3168
4694
15656
2798
12162
6657
12355
9066
14032
1042
10896
13468
698
13995
1379
15322
7209
6780
12015
12730
15227
13768
13569
12830
3107
8429
5690
8964
12207
4417
9307
9214
4003
4925
8981
10874
9656
17030
8040
11395
14640
6999
12919
1820
3328
3837
2285
11993
7488
4063
1759
8474
5417
13442
9227
10128
13083
4471
11991
4942
6800
11380
3509
8796
7424
6877
9872
2590
14687
12356
139
11644
17305
12438
7395
7790
6993
948
242
12097
8070
976
1558
2376
13585
9812
3715
16658
14837
11316
6516
9437
12487
3521
4237
11428
9527
16157
3983
14411
1555
5828
152
9355
16461
12296
11706
11063
14044
7401
6905
14793
12391
6643
14629
12893
17095
8504
351
12846
305
12848
9328
4543
12196
5416
9558
4622
4438
6709
3696
4079
13110
9404
4456
15423
3037
11691
410
14708
3486
17373
15472
3353
16797
10753
14226
3633
10279
2834
4723
14607
820
11196
13665
3396
7051
2389
17037
10436
10249
11654
14095
1302
13862
8273
13696
10706
15193
311
13231
12964
2743
10508
8648
14282
16623
4484
16203
4194
9324
5897
3301
4091
9651
13774
7685
14111
11172
14351
15253
6927
9090
15480
4649
17007
9133
14017
5616
7730
12805
9949
5758
1375
5015
5873
2779
16531
2862
17326
8999
4620
302
7086
2055
3200
7974
5737
7661
13874
16547
9102
4403
7371
6011
1465
7755
9649
9007
13216
15271
5620
4945
9198
10125
8017
12967
17094
17148
9245
15098
2999
4898
3729
7820
11150
13100
5570
8901
10690
14339
6277
1292
13278
15200
11145
11487
3685
2505
8583
3247
1887
14267
9265
15064
3276
17085
13215
8203
7230
13580
15599
13933
3284
8376
12950
17130
5666
2433
2147
422
16033
15725
16768
10396
7396
6191
4598
17104
7061
16794
10005
6501
11641
5734
2003
10507
14663
12685
9694
11905
12314
5075
9708
5759
3248
7334
9805
12213
11077
5491
537
14693
2293
13490
9314
16999
10932
9098
6390
15814
12620
2190
5843
5352
15335
10530
10137
12142
17136
155
6846
14232
16451
3767
8699
3511
409
7003
11976
11142
14223
12397
12205
3688
7758
1216
14280
8143
2252
10851
4885
906
10099
11759
16068
5362
13054
892
6703
13371
12232
16521
5200
17117
14713
6760
15295
12962
5192
13917
12033
13272
7109
10133
11558
9903
11135
12363
5625
1184
9107
13787
6274
14357
1488
8153
2013
7094
15561
11122
16993
8698
6890
10731
11307
13645
4423
8285
4538
11615
10931
16349
9747
5488
4494
14933
15192
7119
6960
11808
11977
5686
2722
13433
8185
1629
4690
14152
8372
5458
6974
12129
8821
16239
17132
11162
10598
5161
9883
9703
7393
9309
12404
8095
1330
15186
3449
4937
2830
11679
9850
15776
5276
11377
16387
13195
5496
9785
9130
6842
8445
11008
8990
6943
15471
8389
9597
3898
7524
4866
15148
3409
2459
15150
9430
12923
13883
4000
16985
10844
5622
16990
5709
8924
5267
11060
3710
14715
5106
15909
3589
475
1304
16579
15294
7537
16885
14862
282
2627
4497
8694
6629
17157
8855
10345
6953
15105
3946
14934
5229
8369
6701
12508
16677
4699
7429
1582
9378
12181
7199
16298
14207
4930
1078
16190
11169
3913
10866
5688
3788
9213
11852
9993
16019
6656
16644
7778
838
13542
9415
5577
15368
9131
281
15201
16539
2220
10805
6376
9030
7042
9877
11694
9759
14259
12539
17203
4372
12541
1464
5502
15790
13880
2086
12661
33
7594
3237
11444
4070
4606
24
7544
8558
867
663
12659
8254
10695
1019
4179
8725
12552
14549
5279
9784
244
11359
11887
11571
10283
10517
5882
16064
810
4552
1876
15250
604
1254
5532
9620
12946
7899
16675
17010
13447
9293
5569
11541
4812
13151
16229
15136
12413
16917
6533
2240
2997
9353
587
10869
1861
15816
11950
6932
1322
5021
3174
15348
11445
10779
11212
15346
16652
5601
7684
15452
14639
9162
10146
13764
16842
7188
4932
2340
5298
3246
4505
315
5388
3161
1
3243
9552
8573
8258
4040
952
14797
3278
10685
7349
2707
4652
6085
11236
10751
17069
17212
2910
2004
12169
9122
4645
2863
6481
13919
16581
4148
4642
624
2416
9630
14022
14921
14185
15342
5509
13017
1855
3570
9021
10698
7494
3934
13406
6633
9528
7106
10324
15176
545
11885
828
6969
7475
4306
12927
5434
3562
11028
15327
9024
9173
11909
15470
14558
5248
353
1963
6880
15623
8050
7780
17025
10722
15615
12561
4507
12545
3654
15159
8851
15836
12727
13194
4545
5946
8091
2305
13879
8968
6728
16850
4638
908
13573
14884
1461
9980
5626
8130
14723
1678
5487
2396
11853
6107
11080
2849
2591
8303
4653
6856
16847
3901
13091
2090
4443
4352
6799
7511
8743
10792
5022
12229
3974
16676
14187
769
8176
16777
16334
4772
13925
8167
5262
1170
8875
1513
11378
3984
6940
8413
3728
4679
11776
3149
11658
2778
16214
13222
16294
5431
8439
14486
9986
13391
14489
4474
7274
8959
14189
16252
14587
4175
11666
2517
15533
16000
1921
16318
14541
10051
11514
2321
14949
7856
3376
7428
11690
15141
14727
1099
5954
6444
11583
854
2182
12188
14057
16934
3088
9672
4510
2281
17063
14816
17179
7592
6088
14935
11708
3466
4365
2094
4012
15549
15422
1905
12490
12686
1738
15226
2496
5420
14450
972
9991
17361
12317
15904
6637
2102
1874
3832
9276
3450
15694
9367
5844
2199
3736
3363
10274
1273
2709
8888
16780
7336
14984
13557
1394
11098
16404
1257
10872
4586
13596
16486
5089
337
14841
7215
15633
7308
13766
2107
12955
1534
4310
16415
15558
10972
12050
16251
10183
15206
13550
1478
9817
12369
847
54
4697
11354
2670
15677
10586
4509
10837
3340
2684
14706
8527
9235
113
4506
6866
9215
5521
4958
9484
965
5534
1991
16492
16823
5921
411
12870
4765
4173
1982
2539
13667
8665
12570
10744
14292
17301
11652
5450
11963
12813
11856
14630
1636
16202
15711
10463
4583
2128
5964
8094
13896
2493
11913
12800
934
11129
8582
863
4418
14056
12969
12294
2354
15518
889
991
13928
8591
5160
5280
3627
3482
8544
4966
11868
13530
1945
3288
8214
9894
2946
11388
11401
15681
12131
2699
11640
16176
12450
516
12495
12994
2230
3266
272
14643
3579
13244
12270
12177
609
231
8161
15337
8138
15525
2126
7854
8259
3071
16493
233
1350
13328
8661
7409
292
12957
16375
15967
3420
8989
13616
2159
83
4843
1166
11959
7665
1280
12976
13773
15642
8446
12831
2915
3961
11130
16061
313
826
5249
11078
15279
15390
6857
1506
3689
11421
3893
16567
7727
16024
6017
13226
11379
5903
3653
3442
13778
7945
7577
15831
14794
5036
138
12863
12114
16188
10395
13185
1440
483
1689
3957
8771
8276
16412
4855
8947
9780
2309
5983
7262
5041
4341
11396
15819
12816
15119
5928
7445
7156
5592
7093
16866
3918
1524
3279
4232
12018
14028
11773
12747
5947
4027
7664
6818
3253
14754
13901
2456
16959
16109
9622
5293
2446
3218
2138
13671
8405
1343
8757
13795
12159
8577
6041
13668
14889
5483
13581
11569
7449
7890
1374
974
5879
16918
10058
10298
10758
3062
8643
16760
10326
5034
15810
5536
9141
10983
4102
14902
4513
6832
1479
8587
10191
6006
655
7596
4213
3366
13887
8531
9431
15073
625
8208
17277
17255
14954
12885
17149
4366
16105
1651
5318
7107
6586
8129
1931
4004
8131
17187
10244
9664
6260
15661
16107
6907
11933
3040
4990
6580
5199
3152
9554
10172
10675
1399
4771
15617
4182
4337
10302
17360
3255
7601
11121
12712
11332
5829
1709
1205
16417
13937
5818
15292
8257
2499
12679
9474
3634
758
9333
14063
4534
5766
2284
1908
11698
11002
1148
102
1684
14366
13472
16120
2875
7068
8766
12921
2415
15637
6707
8529
16445
12199
2848
250
8572
10022
3433
10672
4426
16447
14085
10307
8843
13218
355
9272
1641
10353
16669
11584
13635
8628
3810
255
7295
8428
16911
9302
5853
2080
17191
7857
5788
8147
12797
6159
2561
2794
144
1869
1815
350
4779
2271
7615
7070
2050
8973
14917
12770
15536
16206
5840
10935
6327
15225
8932
16403
15837
9059
1639
7351
1729
2719
6271
1484
9768
14083
6568
11235
2121
7649
6249
857
1727
6897
10658
9432
2580
13884
9777
4624
5195
1090
1339
4050
4464
1786
7096
11163
11025
6961
14328
15210
11941
8596
2249
7728
6671
6346
2742
6911
9315
1691
2323
9332
3317
7874
4603
6833
15560
1808
5108
12761
15163
1194
5428
6144
1723
15820
11560
10509
16845
11846
16385
14104
9079
8011
13246
1870
12564
8809
17006
17135
6204
16967
16201
10171
10361
17151
17249
7392
16787
16617
2734
11479
3985
11636
3847
10314
13253
8074
9770
7626
2001
14487
1072
3143
6066
10738
1714
837
183
9503
10092
12242
15274
10787
11792
11319
11624
6139
15581
3010
14675
2611
856
1200
9711
473
15033
8507
6439
12065
8060
2488
14471
15092
13801
3361
9596
7159
10462
2278
6602
13822
13540
13978
4489
498
206
11921
14090
15887
10620
12734
17096
12202
3988
13512
4754
14562
1319
2092
12212
9067
8760
15195
11995
1605
14931
10374
6519
12035
7672
4157
7815
13871
565
5471
11747
2954
8659
5001
15100
8928
3298
10028
7108
3669
16532
7569
1048
15824
2237
11042
9105
4849
10736
12732
6615
6761
12675
13733
10170
8227
124
844
13507
11239
10136
13670
15239
10554
3044
15523
15652
6845
6478
9174
9139
10310
13087
6770
8323
9916
16280
3681
4151
6876
7624
14080
16491
5226
808
17259
15777
4950
14129
5149
9553
197
9764
14422
1913
1790
6705
13876
4502
708
7252
880
5859
4243
4008
1256
329
980
7865
1845
16193
878
8854
14372
17183
11736
6142
5683
1858
10291
14482
2259
11637
2525
4203
6680
6027
1102
16195
2859
15531
11949
1382
3468
1844
12591
16988
7072
9035
5680
15901
4814
1497
7787
4106
15222
1245
9208
1623
724
2112
14848
219
12477
11035
7163
1877
12894
7291
8705
15067
7447
17076
5455
3761
13169
16248
6525
7009
10505
8400
135
7264
10760
9264
6031
3998
2729
12383
13350
4845
13085
16810
9963
14532
13629
5979
7515
1398
2065
11648
4462
7365
6592
7311
801
7988
6917
10167
9946
5535
15959
16987
8322
5823
13916
13830
17207
14134
17300
9837
8351
16219
5031
10680
10712
2471
3829
13784
2867
4206
11495
6392
3760
2148
4777
15469
5729
318
825
17366
7063
15382
14494
16692
374
13528
10604
12519
11531
1094
9605
13593
16204
12465
7861
3544
6111
11343
3513
738
8764
14216
5057
16278
15157
7893
917
10542
6756
6490
15568
12190
13535
1258
340
15989
9051
16791
15634
2810
1344
983
2553
247
16269
2618
8496
9713
6037
12123
16674
16013
5469
15049
10552
13329
11555
2205
7791
2472
2441
11281
7605
3379
2125
13470
3635
15079
1271
8229
16345
11591
11333
4629
12630
15230
3370
5327
15051
7257
1175
10922
5560
5107
5558
12849
13037
14406
4299
9876
6054
840
623
6051
3058
15789
4984
16796
14520
9150
9224
4588
17260
13094
6402
5274
15940
5878
15399
14497
7004
3245
7618
6852
9153
10755
1043
470
384
10114
13170
13683
4916
16174
3055
10603
16446
6395
12054
2759
15636
2975
6733
13857
13210
13274
15579
10455
5426
5086
2495
8737
229
9295
5364
7040
16386
4032
13405
13076
14325
6521
14627
850
10380
7749
6964
10003
14810
12768
2899
4767
14608
16839
7668
13236
3031
14799
15020
13467
6380
4444
16317
10340
15290
10904
1211
1698
14009
8155
13909
266
7789
6084
14014
8181
15914
6731
15475
15171
17193
6859
10383
718
11936
14211
14507
13453
12166
5825
14477
356
2673
6341
6233
9523
6098
15462
5019
17
9690
13560
16288
13716
1719
3367
5629
13213
2348
15023
11270
3399
5877
12880
7452
3746
17234
1227
14098
12527
15714
2846
16463
3978
14390
9294
65
13655
6614
15700
2571
6851
3197
11280
7627
15761
7816
10914
1610
8027
7953
8937
14293
16778
6506
8494
13072
16965
13520
7772
5383
8314
853
14775
7862
17040
2882
15552
12222
16789
5304
8199
15456
2672
2061
6803
3564
12825
9372
4685
6189
3612
14047
5557
5029
3517
10267
14791
14118
2269
11590
15990
2099
15512
2668
9839
11934
16611
2550
14061
316
6786
7341
7907
7822
586
15258
1187
4241
5194
11055
16225
7147
16936
449
6116
6543
12101
14257
2985
3636
5316
14831
2351
1756
1955
7097
5678
9165
6179
4298
1745
14167
1432
10750
7211
11243
17317
6014
10740
13057
582
8900
12588
3582
16328
4908
14484
10108
16530
4428
8038
16410
14967
14120
13957
7788
4953
10877
11306
814
3756
3452
6146
4716
9819
12766
12323
746
14443
8975
6228
9061
544
14898
4174
6155
8410
2211
9147
4199
5901
15640
10482
3740
15577
1535
13552
12701
9773
13
1737
1449
11045
3426
16550
7433
1353
558
2840
1329
6718
3465
13732
510
12958
16302
16066
2669
3812
8666
16171
6213
10907
6026
383
8034
14005
10982
15724
15575
13840
4708
8664
11092
8946
9176
14852
5340
8913
8135
4296
8904
13485
8714
14899
14850
11458
14978
13648
4504
1530
15197
9325
6035
2597
12945
7472
3951
11588
3068
3013
15817
6128
5848
16937
14641
15486
6182
3886
6735
8687
1825
7248
1193
4890
2925
5219
16279
5387
3119
12555
9673
2371
10719
13984
4421
14628
15009
14396
8711
5975
527
426
11353
3592
1872
6721
12856
11476
2921
8919
4995
4770
3707
2912
6178
12512
14537
4902
14345
7518
11201
2790
4161
12832
10400
13982
7177
7742
4408
8841
11621
10912
3691
2545
39
10559
7487
783
4610
1431
5669
445
5344
9288
4605
5682
3805
5343
5915
7462
2807
9742
3864
15717
16137
3411
7092
5185
9875
5223
9453
15596
17023
7505
611
12601
2823
6123
7617
10994
13634
7781
9589
12505
6065
7169
8492
13674
14677
11954
4648
14718
16899
11723
2242
542
2756
862
10337
14222
7504
8597
10891
381
4954
8281
1892
5347
11475
16811
4656
15916
12937
3683
126
12248
9497
15589
10868
15184
5623
13950
8958
7463
14833
8016
10281
9502
3591
9303
7737
17119
4104
5264
6414
16244
15923
13358
12234
2824
11695
5945
13097
17276
12194
336
12244
16881
10499
16826
8925
4324
17112
11763
5265
10147
4993
2214
4594
1146
4872
5128
7075
10
4906
6411
15129
9000
13199
15638
6938
5296
12342
15605
12785
13627
8578
15882
4929
4039
4887
3403
13224
13122
15463
14262
12852
13953
864
11574
754
13804
1438
16863
15384
1954
3881
16292
8255
16977
11059
2130
7840
12820
9730
9473
8136
7819
16167
7022
16501
16184
4035
1595
15952
3699
11670
7963
6090
13962
5136
4559
12940
15397
16165
8644
8126
12599
11877
7502
5617
16381
11102
9763
883
7550
16274
16172
15540
3487
3356
4700
17184
16326
9919
3334
10084
8026
6790
9255
2129
1742
7914
11087
11838
8898
11815
14514
16414
11434
3907
9744
6570
13455
16140
5822
11874
14907
179
15546
15594
8684
5314
14117
10418
4051
7655
7486
16156
3459
13314
13566
6507
2379
6497
6424
13175
15660
3952
1282
7385
1898
15982
9216
16271
1630
16522
13055
14867
1142
10210
9583
11262
7520
16187
3845
2208
4878
8150
8839
15332
7891
1960
1767
9676
11069
6152
6569
13345
4894
4658
15805
5206
4858
4635
7294
256
3086
13980
7310
4792
5062
132
12501
12284
10637
11953
8191
200
13576
12347
1301
2883
15639
11682
6572
11064
9507
6303
429
4469
5237
12843
12914
9860
8954
10439
1247
8808
15941
11337
16603
5594
5369
15517
8986
15818
8652
433
16883
10919
635
9140
10159
408
6030
17241
14105
7732
10375
14424
12089
3553
5043
4646
10693
14923
7726
7499
6655
401
13847
8845
15753
4864
4099
6372
9231
13867
15146
5250
9082
6343
16223
405
15487
12948
11459
7534
8452
1157
3667
4721
8788
2895
7897
16906
6001
97
3692
11721
8368
4971
16638
419
6528
15307
2906
15035
9385
8305
10808
6195
10897
2898
17346
8786
14361
15248
14023
8741
4789
4283
11253
1829
4095
757
11850
7883
11271
12850
5676
5009
6143
10660
12854
662
16940
5927
11190
15708
15953
14124
6087
7355
4110
12484
15973
5435
8646
15464
2547
2970
11296
4626
5422
16597
14252
16518
5571
7939
14195
3286
8620
1764
14138
14853
1492
5408
2782
3668
2852
14941
13769
14981
14425
3932
16399
8718
7346
13796
9319
5113
101
4664
3098
314
6645
6695
9032
15975
3879
14877
280
8059
9010
14298
6801
2808
3713
859
13579
8152
15934
8362
5933
6229
11799
7807
16473
14006
7427
10544
2577
7220
869
12149
5812
15060
15662
15001
13363
7529
7293
4145
14808
4037
6933
8615
17167
13630
16077
3920
16181
5754
9721
5269
5732
843
5481
6753
14255
300
836
3765
12746
14099
8709
16715
10217
1450
4774
7904
16366
7059
14958
3412
5786
3326
12750
6009
14655
1199
7032
9900
11821
2355
7621
11881
12823
5970
5515
11912
570
6515
14679
12798
16475
12243
2248
13160
16479
3628
8431
12381
14502
9463
806
2876
8053
14672
16634
15839
2185
9973
14256
8533
7691
8253
15807
6480
12445
7235
1875
11716
6744
12990
3078
5847
7207
13899
3527
16544
8915
14519
11807
9931
4261
914
5989
6421
12380
3695
10793
12286
9517
3899
8272
4728
5957
16624
11007
2791
4578
12145
15515
15367
16509
7095
10270
6367
11533
10285
16316
5309
9968
7149
7785
390
17054
9084
4924
5586
10221
12638
16143
8121
15321
3386
10131
1906
6074
9046
6594
3472
11447
17195
16821
6893
3770
12058
13234
6716
12887
13381
8505
5976
5817
3962
564
8739
13464
15915
11312
2537
8023
13260
5783
1571
7368
15498
268
11739
15597
8329
10928
15156
15289
17164
14348
15913
6291
12185
6386
17209
11631
10701
7406
12612
5824
772
16898
5355
12081
2413
921
937
14401
2294
16026
10535
5731
2902
15221
1457
12925
5796
16645
7073
13180
10323
14613
11540
13045
5061
10180
14813
8318
3955
3109
12087
6603
16222
8006
11038
415
12592
1703
10288
6368
11245
2731
6726
13614
16770
2610
4537
291
14617
4361
16090
15850
2197
2634
5193
2877
3128
5938
6496
16242
16277
17247
13124
14360
9999
3721
15595
1017
9197
4956
5148
6868
2908
7232
9380
13687
15013
11926
12585
17048
12602
10934
11501
9433
4144
8744
6262
6499
11879
15542
7901
7745
8977
4348
15720
7382
2589
6941
11387
3779
6954
14072
15780
8451
12399
3773
986
11345
15942
7418
1726
17038
5448
11191
13212
5050
15326
14295
13090
16875
912
3381
11344
3902
3970
6593
228
4476
9838
5284
901
8608
17318
3257
6237
1856
14248
11715
15037
15267
7946
17289
5519
6215
6751
8945
2688
8029
2370
12120
9569
13718
11381
4991
900
13028
5310
7218
466
5077
8472
15393
3593
3383
2201
5630
2469
536
615
14574
1218
16194
804
12008
13005
1516
12430
5591
5612
15091
3903
11647
4785
11278
8555
14805
10292
8952
7591
11956
8483
5929
4768
17210
14651
6666
6187
4096
1938
15797
5225
12478
11958
12447
835
5016
10998
9334
15293
10067
7225
3032
14369
6828
12337
13101
13572
11066
1466
4153
13032
5697
4061
3077
9069
9914
6601
9769
8249
17226
4124
14264
10692
4982
8795
8108
16022
1408
2662
17219
12511
5405
6620
4470
6668
3576
7489
13217
1407
11237
10408
16709
11847
16745
17372
16749
5074
3080
8773
13891
17367
12300
14363
3862
14999
1092
10473
13190
1541
16584
4371
12055
9018
774
4881
4560
3000
14178
79
2586
3159
596
7811
6559
2758
14942
7112
1181
7980
13011
9269
100
16741
14612
4477
16437
3414
13551
5048
2540
10984
12924
1477
785
6675
4556
3997
16136
7350
8758
8734
9004
2554
4994
10206
4049
2380
7867
10523
12674
7718
6318
386
4282
4549
10968
15281
12786
10650
17206
15749
2018
7738
5797
3395
9373
10609
5163
10280
5550
9997
16743
14399
427
14832
552
16247
16620
9300
9720
8861
7521
13677
4407
389
9369
784
9910
8422
9398
10251
13016
6263
299
10591
15137
14741
11671
14388
2429
5845
16758
16428
5121
12826
6616
6807
2560
13837
7538
12012
5311
11287
5677
8988
17251
16134
16455
6173
6389
5514
7871
10057
7610
16468
11803
3162
16179
7370
14705
9282
3081
4015
15448
5027
1755
16765
1616
15869
5526
196
6861
10011
4938
9450
4358
366
16221
5813
15007
16754
2042
9075
10881
10193
12416
14086
2909
16020
4142
5092
531
7399
14869
1472
13556
3347
13685
5478
2497
3809
816
482
12379
10441
657
4846
16056
13725
2653
15529
7080
4018
6514
1393
2752
10454
12085
13489
8935
90
5129
3722
2738
16296
5370
4402
10839
2378
6453
9260
17072
15324
15499
15751
7403
2105
11908
3573
8523
15140
12411
16449
7460
1688
8532
3949
6042
6484
14783
13397
14112
14542
1827
7062
10410
15244
13654
14300
7833
8490
16177
11070
14157
11274
1189
9238
11182
9408
1012
13284
8230
12486
15962
5436
3192
13511
7046
11660
13912
9920
16511
15172
7712
2523
10431
1088
6923
1896
8602
5999
1834
2881
5165
6752
14638
9758
14880
15899
161
14702
1739
7129
9305
12983
6309
16095
111
9159
10867
5539
2703
5381
16197
1804
5942
524
3616
13924
86
1983
13483
12586
12318
8232
6864
14579
1161
10976
15328
13853
1540
5263
11794
491
973
1796
5508
4686
4670
16043
8834
7881
7377
7208
13270
4850
1203
15822
1201
5461
1695
7028
17368
7154
13008
6045
1035
8499
9870
7559
9281
1659
5479
13921
8375
16736
2165
16183
8576
3954
3006
2135
10871
15038
10277
4672
11851
6757
4807
16739
14271
11967
5345
4548
15145
6899
11128
16724
15036
1234
15369
13228
12086
15785
9188
13631
9996
29
12032
3483
6332
16407
12688
9818
11772
11863
17376
4242
8593
11872
13789
444
695
11800
10993
12822
16931
3916
16210
12453
963
1351
5109
14113
10343
3825
13832
3963
5140
9878
3341
7873
8552
2377
16504
7773
10413
11211
15493
14736
1882
12349
6400
11980
9550
5722
566
11090
1998
12531
6005
1064
4112
11157
1805
683
11504
11855
2475
13504
2583
11250
3391
14219
17102
9918
13808
15340
9587
14738
4871
14685
14188
9623
10913
10906
14991
3882
2045
4482
7202
9163
4094
5518
2748
13048
5931
11886
16971
15355
16021
1583
2747
11489
10027
10824
1005
4952
11734
15939
16036
16712
920
8381
12788
14960
16356
16727
5067
11468
14143
9054
3857
14263
15194
13006
6687
829
15707
9811
12426
11167
8910
245
455
116
1248
9671
6994
218
14077
13153
10346
16868
3956
13948
8397
13587
3007
11705
10373
15333
9761
5232
3083
2609
12769
9629
7150
5579
6946
5533
15743
6110
15006
10823
1228
2263
6028
8192
13838
2283
12329
12853
4780
6854
8991
15965
7292
14449
10807
4386
2551
15316
14823
13415
14131
6590
13704
12992
12815
1349
7952
2095
9947
16199
9093
13839
10215
13699
4775
5872
7186
15666
12373
9185
2083
6493
8742
1681
8236
7647
11580
16996
12262
8077
4274
1008
11085
12835
3495
1226
17093
4347
7578
9571
6338
8710
13717
6245
32
17270
559
12147
10141
15775
14940
6438
2874
1523
16648
12694
6032
9423
5727
1574
9609
15938
6730
3440
11817
6205
4048
10833
15972
7600
10026
2733
8033
17075
6354
15383
14749
9253
12654
5329
2535
4100
4778
1937
15539
16398
6715
9619
3523
13954
16545
7525
16483
7172
11988
2089
4944
3
6296
8338
1775
15554
15603
1559
14885
12214
4661
6145
9998
14590
15203
4116
15757
2026
13014
17105
13276
8588
17050
2594
11455
1522
15746
5432
9040
13564
14382
16541
11101
17064
1113
15139
16659
12575
14854
9828
4596
6738
14203
4891
17370
17142
3757
14359
16395
11338
11456
10416
3875
14100
12358
12462
678
12457
439
13968
10513
12067
6230
13332
241
10795
1202
11144
13487
5257
4654
1830
10391
8148
4119
10864
9481
14407
15379
13589
9104
12754
839
4512
17039
94
17239
12549
3844
12034
10930
4734
3816
16432
2114
2702
14757
11478
8512
9923
16114
2943
694
931
5235
11041
2245
15894
15739
6282
10363
15995
5385
6874
16757
15255
7825
14139
12708
8792
7744
11914
4138
4269
7814
15265
3122
5353
2316
15762
9601
8740
16781
710
8349
10737
14305
14165
13473
1082
2873
2040
9570
12980
1389
2572
6202
10975
10105
6483
8800
10875
12
5168
8570
1705
3599
15756
5691
12550
13325
1179
12236
17107
15386
95
899
650
1603
2246
149
10387
999
7196
15300
1016
1430
8778
5798
452
11480
1926
9371
1321
4669
3087
10472
378
5437
569
16660
67
7898
13426
10902
14122
14539
7328
1373
1239
11668
7273
15179
1994
3190
387
5412
2290
5724
6618
985
546
8404
12716
285
4111
2049
9803
15224
1325
7191
8616
7557
3539
8359
8612
8921
12558
12755
14151
1935
10037
5011
3408
8268
5916
5969
1989
521
11088
1773
11339
17111
9205
6236
14149
6254
16619
7704
5952
1687
10070
961
1619
9879
10063
15053
14883
4059
10213
1055
11123
8171
16290
5971
10235
8035
13964
12991
10033
3780
2569
6364
4764
6769
7799
6855
6293
5356
481
1866
16769
2097
6353
12628
16052
2646
7602
3687
14220
3884
4617
5956
10155
3830
16098
13900
5173
13319
11801
3787
1137
15110
13622
5421
3476
6323
11530
15881
10422
10301
16836
1676
2678
7410
15345
9360
728
5651
16058
14589
8288
12532
14311
16910
14066
7604
8109
1109
16520
2060
6535
9379
13703
7390
3358
16889
15624
10732
3910
2288
713
10319
4978
400
3537
157
13820
11918
3335
12579
14171
13651
6824
15737
12689
3377
12467
9113
5784
7831
11974
7130
16012
4240
13404
2784
3781
2532
7272
13105
11788
8903
12132
14581
133
2694
14058
7006
2202
9221
6422
11944
15130
9531
16499
12884
2023
4036
15502
6025
10825
5342
15917
16852
10768
1940
1577
8880
7440
263
11940
11906
15241
2478
9128
306
11432
13300
1225
8274
348
2206
4181
13466
4618
3670
14331
12907
11188
15868
10593
13747
8715
3214
12578
12573
10977
10723
6980
12663
13129
4922
9464
7473
2993
3545
12593
8235
2169
10212
9259
6858
9771
14244
6717
13911
4752
17082
2671
4129
16384
1159
9681
7976
11622
6369
15686
3585
13502
14051
12061
17269
15122
13232
8169
13360
7372
3138
9611
9548
11614
7421
13141
10169
6613
5078
14316
6305
5494
11116
2945
7131
11684
5789
7792
5944
8336
3281
2736
2730
15933
6578
413
7214
13812
12528
9842
15468
5101
4097
328
13214
13848
11252
4357
388
2192
12928
10426
10485
7743
3489
16827
14385
13624
16080
3209
15991
13798
15269
16779
10979
4024
3768
6358
6418
14570
11741
13240
4042
3259
17340
16256
11681
6491
10481
3834
4532
4673
5014
9979
501
