11799
6346
15223
5087
16681
10313
11036
6253
4597
8537
1702
15190
3010
10725
10949
2149
11480
8335
9927
1960
7874
10806
13820
10135
10778
16123
11656
6029
14045
15793
10859
11498
16002
5772
3529
4268
13287
9108
16691
14296
3180
16901
9469
12875
1884
9365
14130
8031
3988
2808
15705
6309
13581
16307
10224
15316
13381
12170
8816
16531
9368
3755
10729
5126
4059
14263
87
16274
7346
12251
15319
7806
5192
15010
1248
6743
881
3332
11145
124
3140
13562
2037
11621
4818
12910
6585
14298
9529
4727
5547
7684
8806
6520
2973
14134
6019
5741
2738
6116
8875
90
4054
8990
4681
4850
103
2110
2998
493
11150
5236
5782
41
12501
11573
14098
8722
11339
12677
12934
9322
10588
8664
13445
3279
1860
5256
14661
11011
9714
3397
12080
8984
10842
9929
4804
16475
17185
818
11588
4893
2293
4629
518
15714
17066
16808
14378
14232
3936
6339
938
12970
2662
654
13150
9648
10162
14575
11792
6327
13670
13923
129
16333
6846
9020
14786
16471
13484
5892
8215
9425
8693
9389
13698
13422
14327
15060
3812
10703
12036
7930
14250
15442
9734
10699
17139
13861
6892
16758
4697
6619
6375
14998
4233
8431
1510
973
4628
15135
1106
17180
4221
10000
926
12626
16244
8647
1826
1881
16658
12307
10018
4072
7351
3267
5135
8571
6408
6870
5491
10306
4568
12738
5104
15469
646
15020
5541
16621
13829
7522
13048
12025
6299
8924
1009
4954
7588
5657
12741
16650
7195
13844
14824
3792
9048
4758
9787
16883
17223
2725
15883
13257
4710
9407
2639
2326
7149
15367
8645
13830
12595
1034
11398
9268
8041
4113
549
10688
5147
15969
8596
12636
2444
7688
8928
6448
14388
11725
9038
3442
1841
2063
17376
14888
1848
17295
12477
2169
15096
16233
5940
3287
1141
10862
6386
12468
8333
14817
9029
14980
7959
9584
1961
1506
5618
9548
11357
381
7714
2190
12613
4566
170
4516
8050
4440
9084
7995
5538
3552
16638
11890
1039
7814
6596
17175
3090
14655
4616
4999
6558
8398
9031
2478
4267
2005
2578
1262
11724
15344
3794
6033
14196
2976
7318
11913
16680
13689
13248
225
7983
10880
12180
16099
6840
5086
3301
13247
2122
10259
11438
8358
7823
13572
246
5540
8520
261
3395
13985
3318
3670
14430
5114
4252
5495
5580
2116
4716
15057
8522
15264
6251
9233
14056
13220
10882
15875
12968
14040
6586
1162
9940
7226
5586
5225
3692
9617
1810
1222
8092
15465
790
7547
6768
8289
1030
12817
10043
14320
7210
16257
13626
2785
10593
12566
7246
9842
1584
919
2802
16528
16555
11786
6802
6435
13536
15569
6813
4857
3879
484
2724
4260
9815
7797
11674
13544
12263
11053
10090
11167
5774
6164
15944
14835
927
14794
9863
1289
4101
6228
15990
8704
13254
6706
11037
6303
9339
8471
8044
11519
2756
16237
13535
13682
2546
8711
3810
11371
4938
11118
4974
14670
12987
5868
4335
17308
4918
9959
11341
12158
9690
1526
7777
22
16310
10717
10903
9896
2137
6661
9988
17152
11049
5891
7735
11479
4215
10020
9871
9822
14881
15499
5312
13543
16271
17275
14395
10840
12877
3356
9418
12014
15796
8075
11914
362
5723
1235
3328
10551
981
1833
11058
7882
10918
3735
3900
14532
11476
9413
11014
11937
9892
7140
11460
9683
5196
3415
7742
8255
9041
16667
12862
13395
13754
669
4128
2254
13418
12867
1846
2777
11566
10510
8883
5705
45
12688
3004
5701
1777
9897
4882
16138
9287
3392
12498
7481
7267
11927
12399
3887
7046
7222
11324
50
14158
201
10011
10517
5460
14176
14447
15426
16911
15511
9049
9852
13789
1604
2858
5851
2050
8786
11747
131
7701
10260
5597
5320
166
2337
253
5726
2443
9359
14927
5084
15388
1349
2310
16586
7347
3930
6191
8427
16903
16854
2829
10317
8094
1192
16677
8217
1103
14491
1709
2857
4820
9754
11103
2025
15386
9835
12409
4351
4559
7721
5943
10200
14123
971
16591
9696
4055
1304
1196
12939
9884
6849
15661
11907
14097
7035
16900
12495
1156
8676
5293
15565
13093
49
6024
9083
14319
4450
8035
16037
15003
3306
4362
11637
9470
13405
16189
16934
13332
6835
13532
12769
14033
7470
7977
11131
12208
7062
8955
5049
4825
6422
7197
8604
15813
5698
14305
4588
1409
1261
6791
15781
4676
5643
15384
4514
5617
2319
17051
14656
13009
5739
7679
12228
12551
12425
975
11826
14205
9524
15183
14562
6525
11652
1704
9634
13907
10927
8800
13421
1285
3878
824
16768
3258
11599
4871
9969
8637
12878
1070
6826
8462
34
5024
1637
8122
15618
5422
9382
7248
8397
15326
16841
3257
9439
3309
9056
3910
1140
10890
13441
12308
12286
14313
514
2652
16871
10204
7946
4926
13951
10386
10294
13429
17244
10286
14324
10302
11472
12880
1176
17
16172
666
12927
12221
12300
2104
912
5040
5841
6381
16663
4692
364
15311
13056
14467
10331
17224
14628
15459
665
14650
10605
203
7736
2595
8406
16029
4009
17316
11231
13075
6816
8120
10
5615
2644
9094
12212
420
11998
7673
1476
5261
16620
10365
13197
4126
4750
11453
2325
17073
10770
14367
16042
4753
10395
397
6893
3682
9025
10783
3142
14625
5155
7566
7476
16272
8600
2233
1912
5845
531
6413
56
4383
7174
16346
13521
15179
16888
2585
17064
11918
9468
229
11268
11648
4251
7699
759
7275
11734
12778
9242
6109
4417
5507
12786
8765
7241
14717
16936
15204
8474
9893
13659
3864
10525
13183
12794
17015
3121
14374
13615
9091
7504
8582
1706
1129
613
5353
2154
6030
2144
8345
9354
953
5947
8565
10663
1575
5864
4406
17017
1608
2346
6061
9419
707
9974
2409
8448
4171
6041
13625
12108
10908
9417
6523
15503
3278
1877
4822
11638
10979
1675
7489
1716
3640
14060
16243
2041
15810
436
6492
11955
7340
4652
12243
7128
15196
2604
13194
9629
16227
13442
3463
16087
3874
9191
3633
1734
9632
2001
8743
8795
9208
2053
1063
6921
15650
7790
12375
8860
7012
2946
12823
7118
5446
3704
12529
6914
14770
15623
9856
8338
4240
15684
15016
7596
2024
7043
12292
7964
14321
16745
2767
4555
372
515
6736
2675
4410
392
6463
398
13797
7324
664
13123
16635
8753
12073
4138
4896
13410
10546
12030
10032
11012
8364
4333
16288
15824
4043
12643
5103
3108
10993
5131
3334
2046
1227
6927
13438
5606
1952
1925
6105
7364
10705
12003
867
7127
6080
6344
10442
4146
15108
10231
483
9507
7285
737
16816
1079
13335
1822
4212
8150
6111
16849
3437
9028
5652
14738
8612
3772
16121
1308
5713
13950
4668
13320
13413
5387
9330
14727
3839
12388
3636
14118
14995
9630
9483
8720
658
11940
389
7585
6756
9670
14470
705
8999
6125
14198
479
11082
803
2624
9243
13721
13879
13909
12971
9185
12580
6958
653
14049
5519
11048
3104
15610
16446
332
17133
10328
5786
3709
8766
13635
1701
17195
17254
7507
4131
3407
1842
10353
3757
13082
6499
7050
9766
5660
1917
8829
12550
3284
3967
1491
10311
994
4317
14748
11400
4828
14710
15748
5188
10388
12346
4302
10266
11805
8417
5332
13668
6530
353
8373
6994
15146
8558
14924
9246
11066
847
9060
722
12334
15491
7671
5494
16824
3185
2311
13354
5144
13709
10633
8422
9560
6819
10133
3820
1064
7485
6505
15953
3424
9021
13598
12183
1405
15587
12462
4455
11458
5467
13606
12730
4930
10316
7530
10595
12604
2551
16488
15015
5459
8901
7650
1606
6683
16284
1900
936
10710
11177
14188
10805
8371
766
16512
3387
902
9545
458
12303
6527
12840
13582
13275
16398
2947
10438
15664
14969
6433
6749
15616
3888
5787
13782
5934
7289
13457
12276
1794
3024
17173
4651
10608
12784
11496
5884
74
11507
16384
16804
7508
11745
16108
9557
4664
727
11537
13892
15289
866
1360
11509
8466
9069
4706
16367
5558
2496
9017
11694
869
17189
6062
5584
10560
10685
7379
2689
580
16442
7795
2999
10139
8081
13138
241
13280
4447
386
6470
16153
17033
4802
12320
702
14843
1236
13981
13326
12758
377
3660
7051
1495
1214
14672
3211
13224
7077
7833
4400
16727
7432
9952
4666
1
1551
14483
4164
13468
13237
2173
8991
5973
7178
6624
11593
17036
11850
9194
15117
16971
13657
12547
9665
3641
14533
1974
8327
1512
3907
6616
16357
5747
8324
4638
13031
13267
11746
2205
2865
2698
1653
2183
11860
6192
14955
11861
1573
11923
11627
8491
16409
8945
4484
9163
793
8674
14912
3508
6682
8443
14480
12077
17062
10819
12777
5872
15195
14736
13553
5138
9789
4650
14197
6279
6993
11800
16993
2961
10211
3584
9013
5373
11974
14675
10304
14517
15991
606
14853
724
2379
14262
5465
13463
14473
8001
1659
495
14223
15089
13555
16693
10354
4476
16308
12437
413
15029
4815
13258
1552
4459
8983
11013
11777
2545
2524
11757
6841
7612
6776
939
17373
6556
13033
14711
14172
13047
3941
1147
9296
10271
12852
6780
5430
891
439
12747
3129
14629
12837
2099
11610
13171
17309
8414
16700
7511
11941
11876
15907
14234
2513
14295
11591
8508
16031
14273
14834
15243
9240
810
1348
17258
1882
1663
9756
6310
5438
7934
10934
15450
14704
7352
8301
9997
13459
16561
16793
4062
8716
10959
3770
15676
6384
2115
7573
11611
88
6848
2101
7723
17375
9265
9197
2935
1786
4921
10338
127
7281
9116
1595
14117
16968
12457
6474
4315
16299
8791
15199
6900
779
6570
903
12651
11798
10968
1994
2493
3540
8938
8560
15191
6184
3445
5376
15984
13862
5624
5527
1212
12360
14243
5576
14975
5530
8493
1802
14872
5807
1649
7041
16447
5820
4895
16373
6083
11105
5793
5090
9964
8415
782
1321
7125
11234
10653
9392
2124
7896
3123
6053
8461
3672
7299
14591
13761
14626
16041
9129
13821
16173
10312
17167
3951
12369
10514
4563
7086
2466
6607
2504
3635
4881
15612
13359
11360
11698
3296
593
1402
11666
10897
5810
3608
4096
10741
7294
853
11903
3767
7523
8810
16351
13478
12358
883
12464
7003
4422
8277
14302
548
1562
9619
118
16843
1076
14561
1033
16188
2794
14183
15048
778
5579
7039
8514
17011
12929
200
1849
3702
17288
9639
2146
9596
2940
4147
10229
10952
7647
16829
15417
15731
15271
15885
2260
7657
13
9279
13970
10448
12588
6139
12204
4884
7464
9456
12533
11137
445
8147
13471
10558
841
4914
13299
7104
8115
7182
6172
9424
3993
8292
17192
8723
3773
12192
4841
8052
14307
14982
3959
6018
11470
5721
10987
4170
2827
1083
14688
671
16006
13796
4956
4213
7081
12157
7607
13994
6977
8067
4189
1397
2499
16410
10494
9707
16427
256
14945
3302
640
16894
2377
3974
9139
9412
12224
7970
6511
11904
2488
17124
17169
13876
8378
10374
14194
11790
15530
11548
10165
4933
11685
15860
8207
2696
3050
1851
13742
7385
16479
123
17008
9431
13369
5783
6108
10360
2924
13167
10980
2721
15710
2870
15137
5329
11196
4498
751
6785
1625
4193
9773
15657
5663
52
5548
7661
2678
14962
6070
16865
9780
14285
9661
5187
7737
11771
12126
17043
15820
6025
12582
12347
10264
13791
6479
13887
6713
14311
11883
4429
8941
12649
16404
6529
9559
3341
12905
9458
4187
15432
8237
1745
4838
11649
16493
16736
1727
6115
13225
13946
5315
5669
8157
7307
8118
7996
9776
1813
13264
5018
6660
17315
13477
11060
14341
15452
2781
3921
9106
16516
7975
12974
7892
3036
8885
2426
8646
17082
16548
10827
26
2445
9641
2339
11218
14241
8233
10214
8657
17093
2677
16812
15899
3313
15278
8024
15065
1904
7945
15436
12354
1277
2722
12854
17119
14414
5596
5555
13790
4424
12509
15893
13017
12641
11257
6026
7131
16815
4561
4609
12094
7685
13383
4364
13431
9461
1062
12272
16576
5702
4036
11270
1238
9153
5141
13239
16713
5692
7153
1571
4742
14164
4495
5021
1101
9925
15260
10431
3686
7403
1831
11981
3976
2875
15362
2381
12213
344
11164
5880
7276
16289
1696
16423
16441
6200
5345
7634
12896
1400
4600
11128
4721
12597
2026
7171
16547
13792
13595
7582
15163
15910
5158
8429
12333
9982
6243
12119
6304
11387
289
7533
3991
12456
16655
12428
7918
1883
4678
3
2028
14994
15475
7849
3056
4472
3734
444
14496
17146
8691
9640
555
7778
13807
14524
11653
12826
490
7082
2163
5384
16967
9315
9292
16018
12866
16994
16859
14165
15071
12902
16205
17120
10758
9022
6230
8586
13276
3067
8750
7433
10221
12466
10474
15004
7602
12505
10868
16091
15715
2336
3321
13115
16484
14643
6081
509
14202
15479
3985
13121
16678
5439
11416
4665
3760
16030
13856
6635
12135
17005
2679
1948
7071
12447
15847
16421
5393
15787
9493
8754
3594
8949
2151
6114
14360
8433
13185
6597
6254
2494
1731
9348
7429
5267
11619
6615
3260
1007
15211
6913
3857
13499
1594
17096
9526
14742
2747
10922
10085
10855
4907
3612
2823
16470
7491
4408
11839
1703
17039
4392
11354
9563
245
12596
16674
13334
12057
16909
7676
5337
3643
1976
6673
12022
11455
5927
11045
1609
15062
10100
16279
2552
11579
7621
9605
8166
9266
14550
1362
15652
14251
7377
2656
15302
5162
2497
5110
13768
10791
1024
10975
6973
402
9541
9235
9590
16514
14948
10118
15535
13340
15604
1944
4591
10562
16198
5942
9379
12754
6537
3169
15547
7166
16755
3081
2039
5497
7923
16167
3615
4645
9836
4110
4397
13298
8533
15408
58
16077
5710
7298
6642
1740
11514
14370
605
1386
16644
10288
13588
15972
2920
3688
4984
7759
16360
7738
4475
8454
2842
11073
6196
11905
5113
17108
313
9356
12629
3881
6255
8221
15869
393
7965
5292
5661
4808
81
13552
8505
16122
4985
10509
8755
16624
1259
13775
14944
13914
4719
5077
12351
16335
14078
14426
11294
2247
16456
14286
5328
11623
15680
15371
15486
6449
7245
12214
4992
7250
7089
7689
15958
3557
13131
85
11855
7139
11586
3931
14549
1979
4959
3357
102
12151
15201
4227
15716
8154
16212
16918
3669
10191
16958
14660
5915
4241
6016
1891
14181
2548
14640
15429
14841
4109
3726
11440
9121
13092
10599
1492
9112
4877
4751
470
6906
13434
14681
11574
1915
6158
7148
16924
3151
13806
4324
11420
4892
7330
12378
11265
12490
1315
3476
11628
6174
17202
1893
2341
15830
61
1624
14211
15052
10203
8668
10617
14683
6976
4547
2087
2432
5208
1058
16694
4069
15746
7787
11711
11762
5305
12568
4852
10023
15104
8606
8261
8539
1443
2789
4835
15634
11172
13816
3152
7005
16303
14895
10985
15540
2849
13932
1739
1585
15806
16086
5010
4519
9123
6409
8551
7513
5124
1686
5765
5649
275
11572
3018
6321
8286
14780
15398
17249
4560
11965
6910
1684
3926
14348
2759
5825
4831
15327
12788
16051
16567
8160
15864
9599
6981
6340
6799
14204
11832
7939
5588
787
1639
15592
10407
10809
7654
2647
16811
6330
11173
5717
6400
2569
602
12845
5714
2412
4876
16778
11898
4792
776
12046
15739
14566
8155
6842
4160
11320
9489
1254
17097
2475
12907
14963
686
3430
9739
5109
11601
2483
7501
293
16607
12366
3531
11430
3204
3052
12889
6483
11807
13192
12107
14450
16450
2979
9943
7448
10146
10612
750
16322
17035
16241
2509
7375
10427
2526
7066
5217
16506
3783
13114
175
15085
16090
9169
13883
4198
9009
10550
2703
16899
190
11003
8321
6153
16529
12043
360
15566
17052
16370
13513
15376
13747
3348
16164
10050
7999
11758
17312
16240
79
160
11908
10205
930
10171
2238
5294
521
13514
2368
4596
6462
7651
1834
1806
2278
14184
3032
15915
13245
716
8295
17010
6342
9150
5301
12538
13913
9979
14848
12082
16024
13162
428
6194
16588
12168
10295
10654
12497
12668
8610
16613
4116
5736
6341
14740
8234
16863
16882
7836
5522
6074
11411
15070
7943
16085
136
10182
9024
12552
4695
5227
1854
781
13291
14976
8601
6351
7626
10396
4858
10355
13118
13587
11533
4824
2438
2462
14139
14584
7555
4931
897
5665
14731
14277
13196
14119
9868
6866
10446
1535
13711
14058
11702
13242
13962
9088
16210
5883
11158
13396
17138
16046
9953
145
1021
1577
3785
10252
17013
9057
4003
12592
10132
3968
10399
10534
11731
5754
6652
12154
15268
10863
9615
1779
6507
15315
11000
4515
4283
1092
12101
6989
7783
91
3048
13610
16270
4007
17135
13191
11237
1643
10721
6249
9906
5413
2985
6390
14071
17190
5863
15737
17329
5951
12485
7960
12820
9788
7402
13050
6801
11072
8569
770
5069
1108
4
283
13193
12983
16920
15960
105
4934
13593
13690
2023
13590
4368
616
683
15356
8589
9137
9202
5318
1367
16407
3715
1470
1232
6317
5219
38
2783
1475
14163
2964
12177
13680
9103
15420
3298
12478
1297
13210
9586
10016
2620
5101
230
16636
16106
4604
1972
14358
5965
3972
11971
1633
8171
7282
109
2983
5013
7370
6971
17358
15790
9643
425
11154
7090
7302
2422
15219
12311
17371
5600
16875
5990
6497
4041
15447
9580
7357
8019
13348
3470
807
12883
4594
6095
13481
931
8102
12132
2813
9350
6664
7845
9175
2556
17246
13889
13352
2120
8977
5501
12031
16703
17337
4554
5724
2302
15254
11139
4562
14189
9809
9444
9775
5017
9804
10362
10471
15698
7093
929
9360
4660
8110
6396
14309
12696
16218
12796
16232
1266
1937
7025
3902
8882
12163
13902
6440
5250
578
10039
14044
16342
14992
12037
8349
5085
767
3199
1601
4461
6438
3255
3218
15735
10601
6555
12134
16740
12098
15296
2012
11672
5722
16325
13880
405
11966
1166
14032
12201
2577
3316
4247
7026
7919
9033
693
16110
7238
884
11144
513
9117
15838
6152
4622
4002
5612
10787
12751
2739
8907
11560
271
4029
7601
8027
9837
429
14545
7754
14534
5756
6770
8680
10757
15130
6406
7341
12181
2297
8149
14064
15740
16277
6148
2950
2210
1474
11991
15679
3312
746
10346
5894
14799
10055
14513
10866
5299
7102
15093
9478
8317
260
12368
13510
16696
9598
11109
5071
12772
5730
6087
1368
5833
13787
13387
16627
6202
5740
4649
2158
226
5220
8524
17253
2763
16817
15542
4951
11878
11602
16546
7052
5402
14111
885
211
15122
769
9351
8003
6314
6739
7157
12858
3507
10290
86
3026
6639
17076
12361
8666
2187
16557
17060
814
17067
1225
12599
745
1121
17020
11041
17282
487
12694
5550
14885
16818
4936
9107
3486
10376
9861
12935
7110
14547
7427
3038
4886
3006
7219
9865
6702
7079
3786
8540
14677
5005
8512
10034
4860
6953
1150
12898
12831
16789
9679
2720
11875
10409
5228
5517
10056
9195
8223
8897
6090
10768
1932
3223
7545
7091
17182
1713
1417
13181
13591
957
12053
9877
11056
13292
15075
1999
11224
10101
16599
9703
1453
10856
10808
15251
2097
12733
13393
2226
7027
11028
9829
1589
5041
12350
13212
11194
134
13140
13160
10544
4180
11378
13895
15840
2649
12912
3484
2225
1823
16260
3191
4414
10244
1934
2010
9229
7955
3303
8098
8874
7837
952
16228
3460
15828
1204
17143
5440
16633
463
8940
2567
352
7929
14633
6138
16449
13099
13148
16923
10136
302
1013
419
16647
2109
5651
11864
8855
2373
4388
5639
16378
10881
6034
11108
15986
12964
8919
15682
7483
16078
8927
13524
10389
15320
14771
443
703
13135
3971
11199
998
3227
16522
15358
15638
9772
9941
17252
1231
15410
586
16823
6654
12481
15845
16256
3689
3480
4449
13677
2830
5941
10382
12764
10278
15425
7415
2815
10124
8012
11810
17134
8531
12174
10774
3569
13260
15513
17092
13570
15050
873
16959
9751
6641
16010
9573
4309
4700
14580
9806
4310
14400
13963
11188
5043
11690
5136
16944
1159
13637
9141
3359
10634
16458
8717
6215
857
11397
9285
17172
8877
2750
11960
7080
8853
13925
14630
6566
2188
10754
4353
14919
6875
9205
10539
12344
7580
2959
11518
7381
12512
3013
3224
396
1650
12384
13384
13778
14210
15742
12486
12226
6885
8727
16134
11835
14357
8698
14896
2921
4546
10497
2239
10300
1316
380
13008
5483
5795
7451
6282
11865
12249
1992
4111
1909
11547
4286
2192
17285
13674
9595
7805
5898
5953
14317
2387
17132
14671
2220
12309
8638
1410
3883
8162
6207
7304
7395
2626
17029
9581
14006
14890
8264
15242
9654
14827
2866
15529
7366
5354
472
15042
5211
16326
3581
11228
775
6636
989
10208
8087
16238
12979
11085
12473
9474
6700
13252
4259
16668
4704
4107
17339
13928
4291
9008
14068
15317
6564
8051
147
3459
8053
1715
918
7031
4606
12715
15717
10553
3661
12058
8224
5957
6503
5264
5047
322
10955
14726
2565
3929
2778
13426
10507
933
7594
7702
12965
9274
620
5582
11641
11722
6379
8805
1255
13023
16231
4747
3414
10251
12713
2150
15103
15462
16683
15686
13584
9145
6147
7361
16702
7940
14911
8189
6518
14059
7283
17299
5316
15080
14498
11749
15073
6744
16966
1827
1682
11814
631
12650
10667
11658
11891
15765
14315
16199
8738
2131
14316
9027
12798
10159
15
11503
10035
13669
12586
4847
8457
273
13916
14124
4330
7686
943
10707
10590
1331
1579
11130
15642
10569
6606
2398
9851
11300
2864
1109
13455
3963
12944
12660
5121
7326
7710
11536
164
11204
8363
1623
133
5687
5980
10210
13964
9200
5532
4299
1502
11035
9036
12614
10207
12241
2367
5033
10080
10028
11241
5447
16779
9621
3747
14385
7329
4975
9741
15849
7629
12802
5025
1958
12065
10738
3801
6788
14323
5201
16186
6942
16072
3713
16752
13397
9155
9542
14581
6213
14784
8240
585
6600
10024
17098
15236
7253
17290
4781
1130
4226
8802
12873
748
3262
840
16956
8395
12285
10745
4026
2573
2521
11219
8352
8998
10930
12766
10635
14469
14809
8268
6864
8441
9996
13309
574
2069
7990
16403
12427
12632
11062
1449
5503
4048
16364
1240
8310
6777
5780
5983
2433
6010
8523
764
696
14756
7056
5666
12450
11340
13015
15498
15865
1314
5412
8354
8555
12280
13613
9508
2033
10615
11285
5206
11683
1671
10143
6932
4874
15439
1124
1558
3111
2530
12
5037
16259
6353
13864
8889
7949
8022
2607
9147
3503
12743
14807
6714
1008
14732
11210
16003
3762
4239
11092
2216
16151
3712
3176
11953
1168
655
2718
12196
8737
1288
7843
6690
6775
3461
14100
6851
8752
16930
5748
12957
12615
1494
7413
2995
14967
7756
4140
3368
10967
12605
17106
10109
4084
8450
10999
15961
17255
17176
6804
8973
15088
9442
63
1329
5524
4264
3492
15596
11528
15583
5490
4592
4006
4338
15863
4017
2676
10767
6262
10600
8953
7076
3885
14010
10731
375
258
16836
13386
6481
12975
14240
2694
11439
13519
2224
7037
4909
8567
15812
16753
4725
17150
6204
6712
5968
267
5936
5410
6610
1956
6830
9797
6197
15888
13987
6954
7365
5646
11950
7677
7309
6289
9364
10400
2527
15141
12841
15683
8113
9477
16340
1553
761
10322
13414
14744
8100
4367
10342
1664
5987
11707
7014
2824
9466
4683
4925
14614
7888
2770
7063
12601
3586
14180
13541
9673
14479
6468
10597
7812
13312
8402
639
13488
12799
7644
9014
9032
3234
612
2876
3297
14564
8479
9840
1796
7164
148
4797
8063
11376
794
5857
12657
4117
6628
13402
14043
9543
16009
4448
8814
10119
7632
13886
2672
4329
9747
13297
8602
9597
3795
13290
848
980
7828
248
16510
13415
5679
2634
13643
5224
6300
217
9498
7706
4457
3811
6404
8648
956
8933
1098
691
11819
6274
2463
13781
7660
13661
6193
2036
2071
6278
11374
13036
14977
9314
5062
3961
16389
15800
11227
9781
12165
15415
10613
11859
6338
17058
7239
5152
13342
1489
5715
8248
8943
15822
5939
11631
9052
14410
9105
12734
708
9790
1296
5475
10121
4057
11069
4288
16114
8061
14007
13673
7908
12966
9291
16780
10482
1865
4735
16126
11078
6498
10157
13746
9708
3554
12325
15120
6955
6948
5166
12327
15321
16832
17210
16858
1759
1864
14365
11004
6707
11555
10568
2616
15330
8203
6902
12847
6427
10749
2333
16544
9164
10077
4063
6630
6643
3861
16390
8344
8451
10591
13776
100
11136
8014
16372
1065
11022
1077
7877
8222
15124
11597
457
6269
17369
13376
9043
16915
6075
7804
3882
5223
12836
7313
1969
17125
1086
11010
3805
14454
5462
9954
15118
1269
13285
11892
6521
16765
11676
7818
13116
465
633
2034
8348
10390
5629
10357
739
5725
13104
14328
12917
15617
1908
16395
15097
16577
4385
4752
9706
3398
7948
519
10236
15923
14678
16945
10782
6166
12577
3952
12516
13424
1537
909
1441
3465
1603
668
9040
554
7103
15630
12955
17245
9724
5650
16518
10536
10169
16919
10604
3248
5247
1146
11720
9085
16728
2601
4121
3030
16195
2502
15440
1357
15504
15063
12714
5060
1821
2540
11287
11251
7199
4789
9316
2717
13777
4941
2480
13368
3045
2470
3054
5912
11958
10137
14207
10960
16112
15561
14816
12762
11436
163
233
9523
7187
9729
9720
7544
11827
11600
3707
3339
8796
1652
3286
4222
9239
15988
9344
16371
11465
5063
1059
14850
11201
13559
3134
1488
4973
7848
8749
10114
6943
2414
10502
13926
3638
9657
303
1995
12266
9986
2180
9319
9938
5634
15008
15848
16776
7867
15269
3778
14712
15039
14036
16463
14299
8960
14092
7477
16065
222
9393
12594
1035
12729
2992
9712
10002
2231
5556
11753
16412
16154
14797
7175
14261
12800
13893
9735
8436
13732
16362
12349
3435
2274
10455
573
3098
7753
6970
3355
6155
6290
16931
5392
9002
16348
1242
16468
1359
2170
7249
15112
8841
12630
1244
11670
4049
12710
11170
9343
16050
14013
3047
2550
13141
15153
10155
5653
3124
3840
3804
12932
8039
7825
6008
16
12933
2579
11474
13574
11337
10267
13650
16293
4192
139
9226
15560
13933
14011
11293
10437
1619
13038
3904
3325
17341
12567
13992
2760
3637
6332
8734
14821
11612
7146
11851
8624
7114
5554
10618
4276
9878
1307
17024
292
12700
1026
8544
12603
12421
12793
8836
14419
13943
8405
2632
7711
15487
7856
4285
4375
13214
13427
2909
15346
15643
14862
3947
2653
13054
1811
3997
14950
1807
1414
2807
6459
14306
13660
8972
16067
16711
3025
4889
17018
8997
7966
5383
13934
3923
6455
10422
7369
12908
8580
12112
10773
2695
9325
13957
8446
11846
125
17061
6823
10519
8445
3009
4693
14427
7670
11570
7159
9181
12904
6374
14783
6709
16425
9341
14773
15892
16895
12888
12992
9858
3243
5773
13738
2687
14213
16020
16494
16485
6578
9697
7033
9517
3242
12141
9411
7683
15427
2839
4258
16457
9554
13401
4466
15051
2125
901
7695
11543
15172
3408
186
7898
16570
9119
11309
14900
15102
11412
2332
1416
15750
7414
13120
82
15338
2166
836
14582
9286
4079
6490
17148
7871
10666
6790
16245
8854
11615
7905
11532
6286
3015
3113
1175
3517
11286
1641
10712
5988
3477
17055
13638
5210
427
7336
8809
3417
1505
12017
2338
14808
9076
5178
3943
15877
349
2020
13498
13658
1924
213
7145
15901
15364
10547
5801
5038
12722
9081
9644
3293
14716
16062
10215
5594
5232
8020
10873
12977
4337
8529
155
1850
13811
16337
13491
5603
4091
8297
11278
2277
11882
2997
7257
4205
3585
187
16119
10445
13550
8169
15889
16969
1764
14376
11321
10812
5259
15385
13074
1219
5513
16036
2913
6407
7070
12945
3597
1885
3623
5753
1090
8706
2084
11696
13993
8132
15068
1186
8499
6703
863
9278
1689
9234
16722
2399
9334
12146
15181
10449
14884
16910
12020
94
16502
11697
16118
8611
1694
14432
12609
11325
14554
432
1060
12282
15674
15318
16116
8687
16296
6484
4717
14066
4696
5607
6457
8151
11029
3116
9423
15283
2828
7897
2029
14777
4256
1341
15165
12187
12646
6590
11483
3915
11156
13063
13971
9910
17259
1615
15378
9298
14921
10105
11664
430
7459
2780
6395
14507
6190
15325
1986
16139
9079
9445
12479
11032
17366
10637
16735
1012
13136
7746
11650
11441
3588
15394
11207
9827
4783
16053
17262
15879
13382
14024
1685
17374
16203
6832
10822
10723
10413
3908
11841
14337
10265
1874
7417
8476
14486
16433
10014
17196
6420
2018
1568
1712
16008
15656
7835
12607
16545
106
3851
6307
13305
13900
376
3729
14844
14929
10651
9702
11305
15766
2571
2079
8516
8623
7117
6831
1344
76
10410
16840
2241
6909
8468
299
1645
11079
15687
15445
5630
1218
16718
8788
8954
14793
15940
7893
3232
588
12142
16731
16115
4230
13938
8038
12519
12770
5847
4977
6224
2162
12563
17041
15708
5769
6156
6676
12989
6500
9792
12647
7921
6805
14772
11083
5241
6592
6897
1789
4386
16532
6554
13385
15032
12872
16869
2328
15749
12701
15005
5240
2469
14519
14398
16304
15265
7004
17314
13788
14417
10611
15313
3791
15579
7460
3270
9149
17350
3173
7404
16886
10470
11240
9908
12821
1239
15789
15328
2464
4534
7397
16039
6681
6056
5426
10488
11044
11831
9757
1371
7740
3326
15468
14332
8713
6697
7269
7505
10623
1528
1951
7439
6895
6140
11463
15993
8579
14080
6043
13331
3335
2057
4967
14737
12250
8776
6264
15150
7771
10836
4087
2030
5265
9337
13904
5813
15391
7682
8026
97
7458
8111
6179
2665
11391
15952
7235
14345
17141
250
16480
10375
3468
7435
14904
2711
622
6753
2850
3906
14215
575
6014
8891
13725
14477
2710
4150
17065
5157
2074
697
272
13186
16651
13318
8599
1421
13850
11264
7142
4993
3731
14245
10681
15704
4344
2352
7019
1042
16864
2419
11804
2103
5937
1078
16058
8898
16332
10057
6972
9950
192
728
6763
10994
1142
2938
12717
13512
12001
15446
8214
4303
10561
6238
8607
13046
12044
14131
11564
7515
11319
6988
12092
7842
17291
5734
10223
8329
16319
15464
738
5321
14951
16692
3627
9253
8760
2152
14028
9663
1052
7242
6431
9335
9592
10951
2389
1366
7548
14657
1144
11232
9778
16618
3473
14383
16756
10814
5569
10475
604
7947
13731
6882
174
15794
8080
1120
10603
14871
12569
5542
17158
17342
16979
14135
5852
16007
7376
348
13911
3082
5849
6163
7134
13375
7423
5287
8931
255
14910
6195
9691
5416
17081
6863
13177
15908
6539
10280
16896
17264
6003
12827
13694
723
9241
1370
16770
11563
7586
10541
15719
1408
7446
3322
16604
5306
5045
11921
7440
14086
993
17320
14254
2817
5285
3705
5938
13251
1853
5423
12393
481
2171
16375
14933
13898
10172
1582
1377
14820
5959
4987
6733
15611
1217
14802
8158
17071
10262
4749
1549
6418
14757
13458
14676
694
2081
451
9199
14397
2853
12100
15992
3109
11895
10341
14281
9666
11494
7215
600
14859
14622
8141
12169
10972
202
1434
16796
1081
11394
16777
13537
8497
9830
16820
12515
1089
16833
10641
7554
12894
5745
14499
14649
8935
2744
8049
2837
11095
4102
5925
11629
15785
10689
566
15726
4282
2782
1973
13233
13631
204
15022
14666
1136
317
3125
12805
6522
12089
5009
12199
1404
1472
7411
6965
1188
15552
11787
17207
7978
15021
2108
1439
1263
10516
11123
12973
5075
12791
13436
8270
6930
14647
12244
11203
14490
16349
852
1252
3739
3748
7047
1426
14148
6137
17174
8677
15119
5204
17294
14620
11535
15126
5709
16075
14603
14914
12364
14310
10885
12531
2280
12991
3088
8382
13523
9345
3431
4512
12086
15192
12111
1467
5130
2437
15013
12284
3466
8165
5817
9061
15973
15891
730
9957
2507
2035
6385
2769
13728
1094
10013
6277
12792
8440
7681
3639
16250
7981
5981
7068
9854
8299
6519
6093
13246
15706
4657
4025
1918
12511
12803
3390
9669
15357
5179
14925
318
13838
1313
15871
4360
2112
14988
13029
4151
13849
12807
15244
6378
504
673
16933
15348
14583
2038
6722
11379
9227
15217
15778
6157
13859
10199
3276
8903
5358
8099
12047
16047
13288
13357
14826
9620
9318
15576
8360
15006
16675
17100
11171
1521
2915
7643
2258
14016
16569
5623
8459
11703
10983
16767
12190
9160
3147
3768
4496
7306
10647
14339
8231
13250
5270
15823
351
13529
5829
13554
8438
16747
11001
16499
12376
6363
14475
7409
3007
8025
17235
3107
4565
3663
461
3162
9167
14003
13408
13755
1705
11616
3272
17083
5039
2221
12297
13308
3896
8072
5887
10965
877
8108
15186
12572
6701
1554
16892
11924
15169
827
15291
10690
7625
13207
8510
6833
11362
10761
16794
12988
13799
3182
10969
16708
3057
9327
14803
15934
4056
13966
14785
15229
7280
14972
12217
6411
17116
15593
13906
5706
15632
643
5311
4123
842
17023
14330
4978
9369
1014
14103
1862
14482
3446
11281
4679
12795
3065
6231
13919
2949
7284
4703
11920
6185
12024
15339
16772
6417
15231
11640
16286
6246
15307
6557
5699
9755
856
12218
14907
16146
6038
777
13430
13885
6618
6144
10281
16913
8442
8830
7221
1657
12277
2316
325
8871
6209
3737
2318
13802
13423
9095
4319
14501
16980
2006
906
7367
16566
3732
8744
13546
9784
8534
1018
2363
3984
5382
15019
2592
10408
11275
486
14222
11393
10867
15562
15516
12411
3764
1096
1361
830
14669
2473
11687
7531
5283
11454
3913
16230
16355
12879
16131
3598
1184
15606
8191
4988
819
5252
7189
14138
16503
2269
17352
15767
8930
5543
6326
1454
10619
9841
3139
10682
11870
9247
14112
14970
4074
16483
12306
12271
12131
8929
3858
11661
8404
15230
17168
12435
8447
13209
1550
4603
15709
7262
1380
8066
7509
9737
3532
449
11897
4821
4312
17304
2405
11511
10163
6951
15921
15084
804
13472
15259
4548
13032
4932
3330
7525
2514
4001
7860
2111
14226
10019
16876
13843
2506
1306
14143
7922
14434
13175
11820
11598
13377
16045
1113
508
12326
1984
12294
15222
9649
2185
1487
11375
13081
14034
17233
5966
15166
14915
12735
3482
9467
12812
2560
8585
12530
13005
10576
8225
14456
5381
13618
12472
5619
10393
17323
9980
1143
5688
16385
16653
14150
3163
773
14610
8746
14846
4452
4037
4517
1100
307
6092
2810
12726
10917
10241
10001
9743
17212
10938
10860
3583
8362
6021
13479
13241
6119
12392
5635
17181
14452
15435
14408
7453
14518
5686
7584
5370
7741
4869
500
7912
4524
2602
14272
13365
11025
14489
8391
3251
12380
7899
10628
4042
16695
16482
5468
10496
8037
8570
15314
16935
7726
2843
11963
13734
1393
6199
10853
10022
12083
3029
8249
4298
9063
14958
14136
16550
13084
17257
11740
1016
1906
9698
8912
5058
760
9704
14260
2088
15095
9802
13785
16013
13697
1546
247
15788
3738
10180
6857
17114
3438
4034
8496
14538
6594
3545
1872
13465
9771
6758
14823
13753
14638
2155
13012
6227
11176
17242
15939
10111
276
4659
16813
2330
1744
14589
15599
4070
7130
140
12113
7876
14359
13094
11401
4521
15193
6517
14429
83
5129
10478
7261
14287
14749
1656
9321
4743
13451
10046
16786
4730
11143
12819
13467
7006
791
9271
9421
3784
3665
10811
13085
7696
11710
14457
10206
10655
1276
6458
517
8143
8343
4791
11879
11992
5700
17027
5913
14999
9998
15249
17239
13533
10697
5539
7916
13098
10803
9807
5974
12371
4655
2981
12489
2664
14259
6496
8252
7924
17049
12828
4646
9994
7223
7728
3095
641
3841
3501
6389
1770
7748
3177
15221
4433
16248
3086
5516
6399
9454
6048
14611
7862
6143
15818
15290
11290
12194
1057
3870
6905
10334
4332
2970
11945
9888
12287
15099
13705
6829
9222
11994
8482
11639
16258
8859
5165
4962
7400
5443
9090
1486
14634
14031
13686
10131
2958
2975
16928
6924
7260
15929
15521
11871
6559
7709
3175
1785
9867
13022
9564
16451
16061
11881
2199
12539
9452
7635
12980
6377
10573
4454
4539
1673
14369
15641
10405
14431
4968
1281
257
11699
15627
12488
14722
501
12476
11506
2746
2317
12982
11096
12861
12390
7891
15238
9138
5469
9262
7809
8598
10441
10850
12689
7972
2344
16414
16301
7422
11723
6731
2980
1490
5591
5
7123
5559
16690
4153
3474
13044
12322
16549
4557
958
2713
3498
16809
5989
16997
4785
7800
11812
2709
7266
10953
11263
11089
17284
1180
9480
12625
2582
5278
3220
13556
7194
1540
7465
3894
8134
6990
1201
16361
8837
3771
3790
6669
5903
15061
8764
10337
2640
2007
2984
986
11216
757
1479
7537
8605
14857
1518
15665
732
13525
2942
558
13132
6447
6740
6648
2230
7532
5388
9283
5948
13858
12954
923
11863
7782
13449
13086
16582
11434
5728
4744
9749
692
17330
13360
15699
12274
16517
13712
3494
5505
14788
16211
6545
15000
456
12773
10327
4064
2479
8587
5788
965
9505
7180
6467
8280
5911
16204
7624
5977
17292
4439
6337
16955
370
10720
4379
1241
2805
9820
711
12117
7122
15980
4052
7870
10015
8229
3283
10620
9039
16717
11314
1451
7722
15577
15488
15658
1840
14185
7484
2407
7526
11667
8644
8549
13134
15455
10185
17022
5263
3751
8386
12940
7129
2077
6728
16311
7108
15123
13831
6045
2342
9281
15976
14674
13273
13538
7535
4833
12590
12441
67
7704
9302
11153
15304
16215
8842
4199
161
8013
14404
17086
12703
11930
5614
9922
2851
13632
13062
3071
15337
3207
9460
12184
5499
2727
11594
3039
8719
16983
11487
14531
3422
839
11935
274
12319
15917
11733
13653
4030
10282
11576
13617
2196
8131
3756
9768
5528
2542
4092
12102
9462
10332
5979
12950
3143
12881
16611
5993
2645
5865
5363
2965
527
3241
1933
11681
16452
796
706
10411
3644
15220
3118
16315
9170
13815
7234
6551
13679
3208
5581
11939
5023
10120
11646
6160
3744
8661
2481
17048
7430
14312
2960
7935
1666
10642
14920
5589
14497
8112
16652
6434
17115
3338
12863
12691
8530
15170
4313
17340
121
212
2686
7931
3340
17317
1195
10879
2906
13501
8228
17231
7176
14209
13416
2355
14308
16070
1447
14790
17090
7360
3189
6388
15018
16324
4737
4675
16505
14121
6853
14694
5625
15247
7529
8230
10274
6055
10636
11759
15607
5198
8311
6318
7894
4769
5088
9811
12810
11788
589
10350
4076
9124
3083
5900
9465
11248
15294
8896
6294
15998
10166
10222
14877
6214
16223
13327
9132
6131
1511
4143
12028
4200
4803
11889
865
6871
12532
15047
7518
4644
11633
10537
14646
2425
12521
13627
9635
6206
9035
3746
306
4318
4211
2406
14278
10672
5302
14468
15814
10598
9905
5595
11497
9874
11524
11813
6132
17274
16539
7386
7718
16217
7933
3763
15868
11142
5347
12006
6296
6762
15867
12658
15938
12230
14526
2236
14937
3969
9406
4770
3358
3375
4998
13155
12704
8085
7490
15279
10232
7881
15352
11997
15292
5529
15947
13476
16513
13644
11845
15962
8353
2383
12289
12631
7382
2757
4859
4159
7557
5153
1778
14425
596
14695
2881
5351
9624
6260
8573
2459
7274
13848
5924
4654
14997
3826
13837
304
9066
4990
15621
4446
16754
8452
12901
581
15308
13324
14402
16853
9249
9748
16766
7598
15100
5002
12443
12750
9305
12834
9899
15132
6603
13486
15571
8705
7020
2803
3780
1027
1859
9601
7328
16336
5803
1428
1095
1427
1858
12926
13982
4139
15389
5766
12602
7286
218
11122
17276
13043
268
1396
17091
16082
11213
5910
11192
7057
14691
13231
12575
8741
8357
14147
6349
13505
8500
11554
1688
3814
2177
14774
9701
15467
833
4295
14290
13338
17068
10065
9018
7442
3779
8867
2072
10566
15476
5464
16327
11675
4542
9886
16587
14095
5869
8144
7494
11296
1776
266
12210
2404
14381
12653
2554
12960
12640
5120
1274
5819
12138
3617
835
10802
8201
3536
197
7768
5986
4567
5496
3817
13466
6424
3457
13147
8778
7788
8844
7799
6748
15858
2745
6931
11451
1838
1935
3799
10220
2218
6658
12683
4031
8712
7036
10716
11254
7418
17360
7353
7487
15044
5330
4585
12164
7055
1942
5949
3835
13706
11116
12484
11258
1450
5567
1102
9609
6267
13703
10790
13079
2728
3433
2758
2801
8675
2655
5704
7941
3719
1757
2716
11313
14193
3033
10071
7040
11200
9923
13373
5064
6380
8660
11678
10078
4214
16129
16645
5396
485
17362
11748
5286
13221
1429
5361
8995
5386
6526
149
14608
12095
12900
4633
10766
5761
7288
6101
2098
17136
11844
15816
3331
10053
557
7107
7556
12000
5506
9540
4133
16714
15792
11235
11052
1735
12122
4416
734
14765
812
15554
12666
15255
16898
12463
15614
16526
6666
4314
6750
1381
13834
11565
15803
9942
2300
10059
2076
9401
1431
10933
3706
9738
15397
13205
5008
12809
5092
9374
15741
1640
4365
8892
2128
5767
9173
13304
12718
13169
8731
14433
1335
12027
5859
10891
16352
2353
4598
12698
14540
8965
8911
9058
10564
2898
4178
1804
6364
6528
4581
111
8536
6044
12345
14699
15406
3924
16948
14870
14753
2042
911
15418
10194
16269
15390
9944
8690
12403
9003
3464
15795
11961
11515
13321
4158
9388
9633
4320
9232
13234
3304
13356
5245
9566
14730
7832
2439
10928
17069
5458
13774
16762
7297
15914
11726
9078
12728
2411
4174
5457
5091
17272
13400
12317
12564
16177
17359
7610
16640
17205
11585
3603
8485
13548
2296
3044
13497
3252
4641
17271
16182
9528
6604
2859
480
12494
12105
9730
10747
3788
2994
450
3085
8643
2891
14144
4996
5117
9984
2934
13840
6667
14596
6890
10589
6632
1246
2835
7567
15345
14288
16196
1787
14781
15343
5272
13773
2841
6847
5019
12050
4404
1714
3905
15839
9189
7016
11390
13899
10714
4950
5481
15101
6903
3186
5213
4236
9513
2043
526
11729
8394
5452
4614
14791
17334
5572
17104
15834
12690
7315
15131
11679
16406
2643
11077
6685
11873
9717
8159
249
3681
2740
14542
2600
14466
9404
6145
10762
14162
6576
17003
10722
11853
3576
3677
8736
1005
3021
1112
6591
16247
8904
14595
4855
9814
13730
10529
4897
4842
7292
11335
13448
6241
14767
8291
10739
10963
488
4274
16556
2259
16191
8142
17102
13470
13715
15031
7067
17199
5879
455
7844
16150
11592
7406
15522
3649
2287
11712
6838
4442
4955
13016
232
16487
648
5510
6410
8304
12638
15433
3901
13958
13662
13179
5342
1691
12442
13805
1766
11114
11714
3214
2408
13489
10195
4718
9046
6792
110
4689
7094
4197
6212
13609
8503
17045
2105
1279
2611
9966
7363
10542
10372
16559
978
7106
7560
17163
7449
1654
9725
5359
10580
194
4412
9432
13915
3642
1353
2516
16860
12787
7345
14322
4593
3167
7731
13240
15526
7729
12499
11934
5955
9533
7383
15970
4928
4976
5971
13506
15982
17137
14928
5492
16317
10916
4053
9440
16741
1905
4912
15861
15633
2690
4014
10719
10958
2897
17186
10091
16145
6198
6508
6509
6561
13622
9693
15202
12527
4370
10070
2184
9760
1886
10320
6653
3225
13639
13024
16374
8413
15111
10225
14985
13403
7666
14899
6027
1420
6834
1875
3513
13766
15145
13159
6845
10052
8300
4301
14913
1015
1469
5546
8721
3511
1463
12231
8322
9385
8834
5034
11899
5098
14173
9883
10406
6219
9901
11088
4816
70
9272
14632
10153
10656
12301
12675
10759
12745
3448
12238
10092
10835
4253
12071
14587
9126
11938
10817
14476
8707
10310
10711
7878
11304
16190
15043
15033
14635
11952
7971
7973
5727
9939
17357
726
178
6348
12162
8307
12774
6446
2229
11936
16149
15175
4584
10108
16733
14366
4207
17251
1128
12106
7101
13283
15626
8021
5751
3850
6382
7902
11169
9660
6394
2868
11181
6392
3280
4672
947
9476
17234
644
14830
4465
10865
6894
2883
6793
13235
12522
709
9606
7620
9254
3061
3863
780
12665
10363
13347
4582
1350
2455
4724
6328
6466
5778
12235
7540
3691
3244
7084
7616
4468
6001
9930
14
12679
15109
8042
11331
15636
6715
3819
6452
16738
8618
1939
10870
10821
11556
7163
9142
14041
17232
9736
10484
6205
1473
11253
14529
12924
3193
11983
8783
13604
7181
6423
196
13350
7528
16049
8821
11162
13719
16825
8703
721
5601
15801
16774
16473
5097
2454
15925
6128
15677
8275
3568
7457
15959
6079
11752
11282
7343
11928
13108
14352
16595
3847
15647
4504
6828
10503
744
10079
3891
13942
9976
4265
9044
741
3512
5670
11608
14349
8575
2477
2065
16963
6549
14905
2250
1780
4456
14428
823
16552
14455
6099
11589
16797
1460
11972
6984
10462
4617
9653
5444
8090
11732
7160
6598
11426
5011
1699
7339
11486
1504
13852
13133
13013
13809
1445
11418
15453
10242
1194
8183
13577
8023
10798
3695
6692
5750
12999
6232
3060
5209
4632
11504
8439
3275
5790
16185
15594
12818
5050
13757
8655
3307
14067
876
13295
4471
8274
733
16925
96
5854
1938
17267
6336
17370
5399
995
16785
2736
9042
15474
4228
15678
9731
2867
5473
1993
15055
16174
4387
5961
3973
7445
9312
10779
3350
7692
3685
12128
12391
9551
15668
16662
8091
12993
991
460
15764
12078
7658
8133
15198
5291
5253
120
7859
9068
11315
15777
11858
10574
809
6004
8156
7796
11829
10671
13222
8492
10674
11561
2119
7008
10187
4942
1355
17038
9252
5112
12737
14867
12642
14346
11587
13229
6064
13702
1711
12919
2141
333
5642
4181
5897
2362
2130
8546
366
16806
15138
9188
3537
8093
13504
15262
13052
13353
4136
16580
15743
11402
14750
13137
12915
1870
1742
13990
16868
5428
6548
17208
6611
3917
4994
4044
6907
13020
16943
9794
4248
7270
9556
13767
5816
11632
2991
14618
10732
2002
5520
9007
15342
312
9770
12583
167
5742
2809
3911
426
982
8460
15107
2179
13203
9204
5826
17332
6534
13986
13784
6689
12195
13569
10996
9783
10472
12021
8033
14689
9284
3396
10417
3000
5752
15949
5890
5194
5406
14840
206
13286
12622
6510
1483
8194
3212
3934
4307
14227
13910
3429
4740
4844
3698
3131
12634
12042
725
6
316
17296
13671
16682
5418
2723
14577
9509
14887
4922
8934
11932
13540
8566
7549
16986
8057
3674
15954
3992
6960
236
16068
9503
10756
12298
9853
3105
1338
24
13771
10631
10625
2863
4103
945
4311
5235
11837
7496
13917
14418
3119
4723
2659
15036
1752
12270
538
571
4989
9869
14762
11957
4066
11737
5853
12871
1677
7332
12967
6284
14690
16386
6412
3072
235
12956
5052
1921
11243
6323
12331
80
17322
11075
5230
2066
3066
763
10126
3046
16033
16641
16628
687
8375
5371
14495
11467
384
10469
14763
7985
15541
11520
6860
8770
7772
7335
3956
14721
44
4810
9218
15400
4492
7854
645
14590
2570
12541
8016
14088
12056
2482
11211
11717
10397
11635
10713
14576
20
32
13576
4266
16949
7410
4625
6925
8528
14854
2845
7575
10524
12084
7755
4201
15127
3184
10522
972
17364
9810
9920
4438
5573
1508
6946
9244
16055
10954
1539
2673
15299
14126
15147
12502
4878
15250
13026
10045
15375
7251
8288
3724
8630
3518
4511
5602
12659
1302
13367
11490
1011
15501
5357
14062
3950
15779
13372
5488
5051
15026
6837
3233
2708
14344
12444
9875
2421
15919
6608
6650
3064
4065
5461
14179
13707
5385
9608
12383
16707
3981
1987
8320
10769
3787
4106
1224
16872
14974
10273
685
546
6443
2009
1631
7752
4027
9785
650
1424
6031
16165
15902
11821
14212
2541
13924
10434
9363
11225
13977
3957
2848
9572
12897
14745
12465
7642
14673
6937
7734
6107
9746
13998
8161
16454
9537
5303
17101
5608
3813
10923
1543
9544
6737
5921
10031
16297
6218
7495
1178
16426
10545
11373
13530
297
13614
14605
6786
10650
8216
17194
6765
6329
16140
2575
15349
7389
1892
13269
844
3164
403
16179
1857
6742
10824
8328
10377
6634
13624
14229
14445
4607
14141
16716
10349
11517
8175
15965
928
4250
9999
3403
1318
5690
15185
5675
8478
6735
5322
7078
11406
11765
14861
3605
6084
10886
12247
10630
11429
6680
64
1237
9818
16476
8473
16759
6568
16052
13696
4943
5400
870
7059
9555
13464
12628
13255
10587
17263
3183
3496
4363
1398
12074
11208
15804
9713
7447
8879
12348
6437
7583
14356
13200
6512
11259
17344
5042
16262
15495
17277
611
1949
5720
16984
14713
17335
813
9510
10161
3625
13763
6369
5171
14105
5523
2663
14228
7653
11353
8787
10796
792
4304
10464
3561
15059
8992
9803
14334
8071
2431
11135
11783
10586
2862
17300
16970
8947
13619
12062
8326
6265
11774
11473
7373
8455
16163
6855
13447
16434
11407
11468
4552
16521
2264
12514
2243
10775
14728
6862
12352
5095
9176
3380
12997
15041
16160
1382
4756
636
11448
8381
4736
2161
2489
13612
3005
5823
6968
1464
11328
1205
15768
3522
11266
13520
8826
15996
2008
8211
1977
5593
16162
8435
15419
15370
663
4900
7546
4923
6130
2706
15997
1791
11217
4188
11866
6651
13072
7259
15078
39
1855
9501
8241
10991
5768
1275
172
13944
9193
16290
8350
2743
15494
1319
1485
6046
331
9958
8964
3320
5411
10807
11713
8488
8056
12759
104
15158
14017
12635
287
6240
13281
11999
3488
7577
12340
1003
4435
11718
3559
12513
13064
13406
7606
13453
6142
3769
3980
4328
5352
11195
12518
5644
3962
11893
16760
11238
5812
11183
1301
10624
1943
11404
4572
5583
8279
13097
6217
184
10486
8868
1347
13204
15774
16168
10527
10036
12419
17318
11604
9336
10476
4543
6957
13083
3652
2304
10902
17077
9130
13282
1902
15485
17016
3479
855
4185
4078
9143
2402
6066
6797
15615
2160
7229
5485
17178
4619
11949
5808
16737
4372
15416
17042
5952
11446
5967
12776
9376
2487
8176
3831
8771
7516
4086
12004
12446
16497
8177
1199
15383
12559
15463
17349
9216
492
15069
7517
1741
2681
14560
7907
10498
9011
5796
4642
940
12197
12401
7879
6169
10323
7952
12684
16276
12148
4293
11205
14384
5022
15853
7331
14892
5886
7590
2365
15598
1592
12063
13156
5648
8011
5504
864
2027
12026
8262
15490
15730
7724
6049
14502
1611
16862
5007
15105
2715
494
14142
3596
5425
8167
4453
5950
9416
13494
14042
10021
7776
16365
10567
4361
3978
6766
3160
9371
8006
7214
10505
15280
16941
14233
4929
11091
6203
4384
14421
335
14599
10609
12305
7538
5336
1135
5680
11206
15761
5681
12357
4497
1412
13566
5777
17214
7637
10481
4805
14347
7993
7603
4759
11970
4508
4273
6609
10660
7095
12339
2284
7558
7628
13827
15090
11425
8411
905
8878
12811
8729
16265
7649
5181
12724
13073
8745
15855
15347
11768
1898
11651
3939
13871
1448
4196
13474
17177
6333
14869
8465
14837
12304
6625
16263
5254
6401
7942
4378
489
4738
3736
7974
15508
3556
1364
8908
14856
10989
12813
1647
5044
4019
13700
12753
8073
12644
10950
16109
16400
10315
4634
8975
14709
10801
1163
10284
13681
2969
185
8124
9087
8967
14819
6536
12256
5277
14557
2197
2520
4663
2172
11954
9207
7468
1342
3520
464
17356
223
7760
2086
16723
11249
2191
8017
1866
12312
16686
10164
4186
6146
5627
11956
14965
17161
8303
7461
8501
15693
13676
8559
4699
8152
10838
9313
9812
15287
12356
6270
5331
6028
5365
4964
4671
9037
13927
12986
7462
11346
15685
6175
949
1852
11054
8633
8578
12693
16353
3701
4389
11682
13851
10238
11828
14664
1983
13758
9819
3884
8665
3742
12171
7193
6671
10760
820
11445
15981
6176
11491
5032
547
3815
5390
13469
2618
5733
5592
471
5448
12278
2060
8385
10772
12438
8174
13922
4278
8959
4708
9100
16206
13515
9777
11475
13701
4879
11330
2712
5960
10570
6856
5673
8872
4381
16877
570
10368
4491
587
9448
10861
12686
14274
10433
12041
3168
14503
4155
9457
7998
6178
3273
12856
6113
5997
7263
12159
10512
8671
6308
8759
2495
16684
9844
15322
8887
8634
207
15139
5111
6405
359
11471
5964
14423
9269
9223
1729
11754
550
10404
14249
5295
14026
12436
12931
1327
13125
10572
9870
9973
9261
681
15619
8557
205
9515
12930
1836
6167
1430
1534
15580
15784
11338
16710
2016
5405
4369
13139
4409
2944
12891
8804
17219
8423
8210
1658
3346
8718
8463
4556
11084
7408
9774
1990
9340
2558
2923
2055
9270
7405
8683
6582
3740
16302
7979
11311
524
3226
11847
16161
14280
15312
6991
2702
9525
11138
2638
698
5234
9398
5191
17070
11840
1570
11583
8756
3687
11229
5374
11993
17265
16597
12076
12120
8740
10920
5560
3394
11366
8
3002
5552
1209
6402
9386
2925
7392
10170
1154
188
6425
16197
13412
1191
1982
11751
6515
13313
7203
12211
13503
239
7434
1690
5996
13846
14813
534
6236
3524
17087
3101
2972
11901
2306
16354
6595
10937
17311
15968
12379
12133
16339
11964
13319
3703
2323
14203
8028
6779
7173
15843
5350
16402
11578
15228
14559
13672
5246
13997
16810
10197
6827
10733
8263
9237
2294
9353
2049
14886
2285
14252
8314
12850
4024
12681
7553
12103
8341
13345
6649
11071
7015
15009
16761
3521
7675
16081
10846
14220
5065
3621
13592
8572
7492
10239
2654
6589
1401
13314
10888
10309
8293
17238
13603
1152
8195
28
16282
12925
3037
3954
2032
112
10492
10583
17075
10063
16642
14244
16846
10156
199
16066
8383
1784
3146
11185
14230
831
10010
15672
2262
6129
16999
8184
17261
1116
10127
12491
14642
1832
17164
5811
3919
12865
14679
11867
16855
4814
8870
6741
14038
4032
4698
8285
9866
13980
14303
7937
10702
12254
10813
13733
1955
12193
13010
466
132
4067
5928
9828
29
10188
3893
1029
9864
3578
14443
3017
15866
3573
1761
16995
14942
7185
854
1484
12069
9329
9977
10789
15405
690
5514
7049
323
11303
12019
4204
6012
12746
1971
11368
9907
2661
3595
7268
9186
11793
13744
908
11385
13628
7962
4731
12721
9949
10447
17333
11245
11822
9400
11550
14761
7761
1638
14191
8200
9301
8374
7904
10366
6854
7969
3384
6480
3386
7437
10158
662
10467
1048
16634
11423
16837
1517
16950
5003
16889
5899
12453
12413
16605
1256
15856
5409
4507
10948
15257
3916
12115
13284
642
2058
2699
6956
9055
5297
4081
16501
11877
5759
16285
14940
14960
13630
14516
11780
2591
73
1630
281
2974
10269
4621
5082
6992
3217
7766
3793
11665
14076
15334
3829
5641
6244
960
10458
7605
8076
11107
7815
4488
5377
8260
14959
12372
12222
4615
12923
4587
15040
15194
15374
15649
3562
17293
4322
3743
17154
13929
2113
2549
4643
12503
12048
2366
11657
9464
11214
5784
14833
10910
9131
12546
9553
13549
14724
6391
11417
2700
16028
3582
14954
15293
16391
9251
6577
6208
16799
7819
8323
16216
57
16252
522
10117
15046
1343
11367
7570
5696
9571
8425
1970
12470
4506
5975
11977
15012
11377
2648
3766
11456
17200
6367
8548
13482
1084
7190
10606
6039
13262
13374
771
13080
15094
6752
69
11424
17331
8346
16170
7873
15874
1871
16748
14796
3327
3014
1179
2206
8815
5014
3165
15351
2385
11534
11236
10123
17217
8259
7218
434
2222
12922
8577
3593
12483
12424
7521
16575
415
9387
13366
12433
12362
651
5255
3345
15297
2126
4891
6355
263
11350
14338
7416
16393
16563
7419
7431
1040
17281
8747
2586
6550
1435
7312
7561
15582
9228
699
16388
9995
13713
11343
5216
12417
11034
478
15197
4571
13480
12757
4729
7659
15854
6588
12909
7550
4284
7514
14025
7784
6135
3031
13087
16329
1928
9381
11538
10795
8337
1415
193
1462
13379
987
2213
10898
3925
925
11522
17037
15786
1655
14371
5020
3777
17193
13425
16574
11830
10921
4272
4376
788
12540
9983
8412
406
12067
16283
9034
7850
9569
13101
8708
6372
10981
13741
6773
8906
9064
14934
16527
15846
15395
138
11125
5266
13918
4080
13446
11050
6734
10777
15964
10849
9213
12510
6383
12172
16838
14735
10325
8004
1080
13825
6852
13967
4194
5563
65
11419
8370
10961
16742
1616
9494
4060
7021
7469
608
3802
12160
3063
1182
12104
6732
4782
16234
13647
4494
14238
5737
3126
3680
10935
13184
6563
5004
16280
8104
6181
13656
3982
9264
8486
11571
388
2153
16953
11352
17059
10380
15027
9527
2505
14392
10219
6221
12279
5564
13687
15782
14448
5613
9299
2452
16553
17145
8864
8817
11365
5533
5631
3570
8369
1667
6979
9855
9834
8434
4231
14931
1765
17030
5658
16491
7209
11542
10708
7378
12825
1215
1317
15477
12830
10878
934
15967
8689
10308
6602
11165
7064
14593
13508
10678
7350
14075
7156
4411
14787
7510
14343
3310
4564
16264
15401
9684
13579
13433
7664
15174
3469
8773
1591
13717
9219
1197
7609
12370
8489
8863
7217
8002
15775
12397
9614
9671
8620
13444
5628
868
9577
11395
14019
15473
7044
8628
11775
3074
12281
5189
15723
3362
13025
10383
13969
13003
12962
11462
395
8426
7773
16927
13941
2798
10466
3158
10914
13720
10495
1808
16101
2075
11606
12075
7075
2133
4648
3075
141
13107
6504
4068
2457
16554
8692
12118
12248
7928
5391
282
13007
16938
1193
437
12755
15887
14754
10061
2102
9694
4219
3410
2011
9591
8030
9796
8966
5471
295
17321
10292
12405
11026
16428
6562
1523
15532
11852
16183
8673
14908
15227
2289
16255
10683
15525
12672
6581
16461
7303
7852
2132
15275
11018
8232
14069
14459
15277
9967
453
2609
12663
5779
8574
8556
6686
12109
4533
5258
3181
459
7655
10828
2987
7680
1071
7053
14014
6060
15087
15574
4872
17034
10398
5843
9435
14387
7880
7623
11603
7697
12507
774
13122
10009
13439
14938
319
13818
2990
12972
2529
15937
1899
1287
3834
6201
7407
433
8996
2089
15694
2428
10523
1270
17226
151
11435
6283
1123
9217
3049
8180
9502
408
10012
1202
8407
9562
3566
12373
10810
7100
7111
15903
5474
17283
15613
3852
7096
4478
2369
9294
9104
300
1737
5379
536
4834
11327
7391
10658
1724
17324
9005
1387
4732
16904
10414
5307
8242
7325
7667
17191
15681
8186
7524
7054
10213
11773
14644
4099
8388
11233
2752
2245
5290
6668
11051
5372
6738
9990
13000
3145
11660
1155
14377
12013
8848
9324
8235
2424
3400
882
286
8794
15744
4702
590
4290
8926
564
16790
16080
13551
16998
8920
11457
11857
13096
3824
2751
13329
16782
13760
979
3602
3527
12578
12175
17346
13069
6911
12822
1678
13154
12480
7574
7247
6495
6210
15957
12893
5985
2266
14623
6272
2263
15210
10237
12011
11099
3264
14174
10270
10901
8824
14692
10279
10026
17327
17302
2078
3876
3367
7228
12565
3120
15881
10067
4551
6612
16396
11433
4937
3444
3650
14539
3752
1670
5626
7443
14441
1600
8832
577
4127
8793
8243
14439
4705
6461
13573
10263
16905
6011
3547
2168
7232
12508
8079
9273
14528
8535
13417
8095
15851
14160
16201
15667
7744
15011
16111
15392
2371
13112
8487
17080
8123
3671
17325
10457
7690
2361
13528
5575
16542
2322
11478
2048
7170
15707
634
7830
176
9215
14523
7105
1208
1922
11705
12258
2784
5274
7803
4223
1868
14800
2658
5694
1597
2795
6687
10645
10134
16897
16902
11756
3195
5574
7563
8636
2022
15470
4244
2532
5174
11318
2804
10298
7986
15333
13972
8199
14825
7732
15212
4580
12467
11801
16851
291
5398
5814
2305
6301
216
13770
17348
130
2135
10734
7204
12081
11469
2145
2261
4686
8538
9290
14917
16942
15239
25
4811
13014
8308
7205
11862
14122
8086
1718
1054
1273
6370
15489
4583
16251
13109
1172
6759
11308
14558
16960
16236
10173
2732
860
1588
7770
6397
1895
16275
16822
14218
14292
8952
4483
3393
12385
11836
13070
15791
6366
6149
9699
2636
1352
15898
11271
996
16305
9047
6335
4028
11256
7188
6822
8838
16229
11015
11302
1500
15002
7691
10892
12589
11163
7640
15393
7932
3179
11481
7337
14422
8833
11730
8126
11596
3203
3965
11005
11541
5610
2568
7913
9915
169
259
12203
17156
17031
7272
13223
11279
11888
7191
12422
15584
4535
12610
529
8168
8956
6746
347
13001
16459
15245
8040
7023
2598
12692
13325
14703
5184
12998
14996
2080
7420
15927
11545
8593
5659
14952
285
2594
7780
8283
12959
13737
16878
14604
13699
8256
1389
12876
6186
12557
10508
2299
17162
1233
754
3843
6450
3382
14585
15413
5479
5172
7098
3016
15524
60
3549
11848
4071
1383
6996
8640
14879
6136
6717
4812
4132
4432
3999
16273
5056
11444
2943
1068
8909
11189
15555
4911
9889
15286
15353
13045
1332
15985
4762
1131
11336
15797
12744
4434
13211
4033
5284
16088
7454
11567
3231
5809
10391
14073
2201
9446
10299
16893
8678
1384
12070
12299
2434
16699
14373
11916
8686
8588
15780
14829
1509
9053
13117
2547
11838
16884
15543
15329
10676
5566
16209
7334
9120
13675
8000
15472
9162
2878
12680
2448
13487
15904
11134
5070
8355
12338
8347
12328
3194
14289
988
12978
17351
8202
16952
8748
12264
168
1672
4939
7394
4502
14133
12012
15438
15074
12832
13794
3137
1444
3647
2916
10823
1598
16631
8366
2937
15933
10907
473
5346
9082
9187
3890
10190
5116
8213
13198
16701
9821
10829
2697
10025
2535
9093
2370
15956
14401
11180
4630
15482
17203
12038
15836
13860
5262
2748
12332
1514
12990
3344
9928
16659
13362
16142
14536
13129
8065
7909
14641
13336
16350
14743
16453
6071
3423
502
8518
12727
15505
3567
7639
15129
12144
4553
8724
2683
3722
12423
3838
2674
3679
16834
14987
592
512
13361
382
9519
15763
8725
8779
9415
13420
157
7478
7316
5000
16022
4489
4144
11067
11614
1190
13877
5711
10343
5799
7479
15550
8835
4308
5604
4510
16987
1001
679
3823
5489
3416
6414
9192
10743
6760
13973
8603
7216
10106
7720
8502
2831
15537
2279
9210
1520
11625
7028
3758
2435
14648
7668
1258
16366
8278
6546
6415
6772
12548
9311
1173
4795
6901
14471
14898
12236
16866
8209
713
9158
6350
4393
1171
8939
1336
11359
15590
5175
8258
12124
14442
1681
7211
2775
13649
16202
15605
2248
893
4398
368
13128
14460
11161
6082
8128
7463
8866
15523
14478
13485
11322
2255
10876
3589
7801
10423
11605
5203
11301
11431
11691
12015
15512
228
16520
11111
7992
1963
7763
5477
7444
5944
12493
9530
10556
14488
8032
3388
6881
1897
11247
6678
4191
16219
8915
14845
4224
11922
10984
5432
13772
3171
9719
11581
11342
3558
13493
12824
6444
1117
6662
9174
16481
8464
11693
17183
15399
8477
8408
16763
941
13563
3028
9212
9763
328
1719
12215
17170
2838
14235
8856
8046
17094
7475
5421
16881
2476
11190
15695
12253
9260
284
6638
5244
12461
14525
6102
11421
3360
7708
16830
4748
10582
10622
8988
17121
16147
195
12855
14556
2954
3221
11272
5609
5251
2666
9918
12166
15155
946
1023
7846
1563
11127
12125
8399
8583
7951
9993
8969
1399
40
5873
16026
13954
3970
9377
7348
4669
15932
10799
10314
3008
2340
1249
14923
4982
14063
4166
4490
5804
10557
15648
3909
14403
1406
13779
15558
4549
8772
2484
5585
5599
7322
4867
5828
11645
1697
13756
3462
9603
11288
15702
14396
17367
5333
8135
308
14420
2962
11295
2628
8709
4906
506
12958
10696
13608
5072
14652
2684
17279
6091
8543
10175
12705
2416
338
4608
8905
6774
17118
12121
887
11120
16821
8576
3616
16908
14567
2576
11042
12002
12942
16538
12558
8979
5908
13102
440
1187
4148
10978
7527
10736
12439
16791
1503
5233
15799
12323
3150
16593
9627
17063
1835
2657
16104
2619
7024
16377
5364
6182
3716
11584
153
5214
4359
12223
626
3324
7595
7693
13152
10944
16581
14506
6513
3300
6242
11104
5486
3830
7764
12355
9588
16436
14039
2051
15216
7011
10017
10128
1773
7120
16486
191
6256
10428
13217
14350
15430
7968
10424
15492
8116
3632
4830
2762
15520
4173
5901
2766
5134
12188
3093
5775
15224
5279
5470
8828
6878
11382
6288
10275
8642
1050
16568
12068
2538
16222
3172
13561
16448
10724
407
4501
9585
11609
11495
13146
4868
14586
9568
1284
12585
9647
9740
6627
7703
10305
2544
16616
2528
3754
4746
4569
6112
2003
3842
1805
11655
977
5678
11695
11059
1869
3130
17218
15382
12671
2354
966
7864
2345
9832
9850
6068
8379
4289
4875
9357
11869
3565
4935
159
5839
14878
1819
7225
932
107
9151
4167
4527
17343
8968
2282
4788
5707
9148
6620
12655
326
5456
17269
9700
12315
10665
15001
5731
14836
9628
12853
7074
17140
6769
13824
8807
3381
13306
13151
240
15422
562
13575
12561
3012
9934
5672
8036
15128
11626
758
114
14331
10477
1818
11209
762
2908
12913
5185
13322
6541
16947
1114
8861
16105
6868
1206
3664
11269
1613
16208
10694
8368
9913
3714
6362
9487
2814
3730
14093
16379
12736
12682
7613
2242
410
9688
13259
17088
11575
14269
7473
12182
16156
1680
17248
5408
12661
10804
16358
2869
11781
990
6482
17260
6051
14110
7802
14435
17240
2052
7132
15602
1747
15507
4709
10276
10216
7167
8694
5930
2907
2286
8797
10528
14061
2705
10089
1247
2562
12886
12995
14653
15133
5537
3190
17047
4576
7887
4405
2986
997
14393
11986
14723
6110
15359
14936
4537
301
15187
3247
9080
7244
0
4090
11489
7137
5161
8679
9744
10831
3808
16590
2256
10565
2629
825
3073
11701
15756
3966
11117
11047
8869
14866
1738
2474
8653
3940
14957
11984
14986
594
17159
10695
2854
7622
14552
9161
4823
5732
4832
14107
13693
8735
9847
1019
1750
15578
1056
12009
13371
16278
12789
7652
2737
4885
15481
8325
10785
6721
11791
11226
15670
12771
12234
2139
14379
6094
635
10521
15023
11202
10248
13492
15692
11115
5781
11987
296
12742
5096
5920
15753
93
2919
2200
15414
1880
5832
8418
6345
9484
2564
9550
6599
4305
8532
498
9391
1788
16021
5309
10042
3314
11673
871
14932
1170
17019
628
16973
8302
3798
7488
4620
8626
16005
10005
7779
11715
8890
4420
9618
4755
15637
12087
16345
5834
9179
13460
14451
1216
9565
422
735
9692
13339
1959
11298
14665
8062
1354
3866
8900
8182
15081
11582
4485
7611
9473
11789
11006
12314
8238
4246
10359
2451
4626
12504
4015
12381
10352
14055
13392
5308
10440
4209
14568
4849
1847
4590
1118
2062
14444
7656
8015
12420
8331
13765
16444
270
2215
11742
7552
15622
12851
4162
9799
9535
12129
752
3069
11043
7147
3953
374
12367
15509
10326
14718
7092
2391
2320
11521
435
3899
2095
1437
10293
16261
5167
12414
7300
8437
13452
11700
6723
13509
5441
1226
2186
846
9582
5239
11842
11094
1723
15567
8876
12656
12731
9879
8312
15331
15151
14964
4503
11684
8784
4940
13602
695
2879
2691
8265
4075
3379
4403
8932
16850
15548
12313
12685
8319
14256
5200
11280
14916
3699
17273
6287
8342
14108
6719
2951
15977
7497
10287
16639
5571
8137
8330
16670
1167
2846
17287
12846
17361
337
16744
10296
6647
7455
5877
13804
9263
8334
11912
14083
5664
11766
1732
11577
3587
13244
4969
13333
14668
15603
9637
9575
9587
10319
5676
16141
1299
9165
2621
431
1799
5156
2993
11526
12059
219
6935
617
10479
2396
10416
12387
12885
3274
3128
3678
13740
13230
13645
4540
16073
3020
14201
5590
16615
9664
5508
3711
2465
16560
17128
2791
1612
361
10243
13351
1936
17256
4902
16000
12716
9367
15076
9096
5067
13783
9016
5145
14946
4870
16359
4458
9723
3600
851
14258
15841
1867
7321
3827
13363
11744
11100
7001
12227
15213
13890
3001
16130
12040
9981
1111
9894
15673
6698
14663
4431
3862
3196
10167
9209
4898
1748
609
6126
12262
8631
13253
4627
647
15689
7224
15978
5645
8449
6926
8029
4713
6693
10750
8470
14741
1957
2884
9026
117
3741
13652
582
13813
12623
12884
14037
2134
15533
11102
13839
6684
15365
13227
8695
3626
3051
8913
1073
2749
661
12687
12579
11909
14082
15067
6170
1693
12637
3534
3317
1043
15852
4287
2004
8667
8757
2902
1513
15276
5159
6322
15936
383
12941
10385
13567
14874
1028
13667
2882
6889
15336
4720
3265
13908
9728
3797
13289
10148
10871
9001
3343
3210
6947
9303
4793
4366
13409
1800
14698
12706
10084
5850
8658
3259
3436
2589
4794
16861
1392
3489
14416
14720
3855
11816
2209
9437
181
5674
14909
3319
1583
5163
15157
2175
12562
16629
343
5667
11372
11112
16666
15597
6807
6795
3733
10339
7412
13226
3487
6506
2617
2688
5107
3964
12127
6104
11763
4673
1620
16169
7141
6259
11166
10027
3538
8181
5472
9880
9965
624
10443
15434
15403
4806
6966
182
3516
1559
8910
9668
14755
17151
14616
8472
10115
13028
14004
5638
13863
17002
4349
5389
4499
9948
4765
2630
16321
16798
8212
4845
2427
8294
4436
14617
16962
1213
10929
7994
3481
13539
4531
13605
4970
1668
4321
11146
11784
5878
13607
7861
1946
16946
12756
5746
6809
14325
4082
15252
48
14588
4813
4373
6670
8515
3548
10912
15802
17117
7672
8114
5998
10755
6626
1340
4208
11925
2123
2820
152
14991
11380
14132
10272
3601
13516
8946
12938
16341
14015
6699
14300
8629
17044
652
5048
8761
15732
6052
2660
16225
15663
17122
6302
6533
7323
11704
14546
6919
6633
15423
8257
2922
14906
8775
9472
10218
17001
7886
7116
12416
11505
3197
16097
346
3084
9399
11074
5824
8880
15497
9504
16331
5822
13752
2574
220
3281
5885
15755
7184
12136
2156
6571
13589
16323
10008
9317
914
12394
11260
417
13462
3401
11811
14253
2307
7072
16985
6096
1328
2771
6531
10973
173
7018
11306
8507
749
4573
13888
6067
1927
14484
6601
13059
16715
5177
14353
2360
15890
16369
8850
14301
14128
350
14424
896
9786
8247
7645
1907
1651
9891
17165
1774
1465
5339
13113
2138
1602
14751
9396
5838
2096
14801
567
16460
16235
5340
10621
3542
5319
2633
2729
17127
2957
11405
4038
1471
1322
7502
9745
13518
4854
13307
12191
4306
1726
9304
10189
6538
7592
6964
3873
7124
1547
399
12090
9378
7565
14680
8125
4000
13378
1914
9433
5401
784
11709
5427
615
9198
10800
10549
3269
2625
1334
2637
7769
5515
497
4574
5870
2380
7097
11262
12695
9453
16679
11947
4232
11299
10793
3443
3455
12496
6097
16535
4801
8762
16266
10176
13708
7319
10098
6974
5132
14696
1091
11643
10753
8139
8627
15771
7944
9947
7694
3938
16387
4399
16064
8782
1746
13432
4357
7482
1578
1419
14008
2832
401
15412
1533
12088
1115
14766
9985
14594
16019
12542
6781
3117
10531
10381
1545
6694
14362
12140
6017
9297
10764
10700
10473
5689
6261
12554
6516
13988
7831
16988
9872
11432
17319
5193
14351
4190
6806
5001
2423
1375
4779
11174
8309
2753
12606
3727
2167
907
15620
10087
13490
13249
12275
9805
10179
10727
3515
632
4856
278
1825
1049
9857
6324
4754
1137
6486
6818
2054
15017
8993
13170
14168
2194
1863
15152
3099
14700
14276
13066
8206
11617
198
8513
4888
8594
9482
10966
15564
6560
10324
618
1830
710
1185
12576
3918
1477
3495
5570
10358
12619
2844
6812
13202
15258
14077
1229
17113
5296
3216
2792
7121
9924
904
475
8812
13454
6077
15295
4085
3753
2880
7168
16113
14579
5982
3928
2860
13270
13517
4944
16562
3003
8517
8339
8271
9070
7936
12523
11312
3958
9338
6751
2533
4523
16465
5636
21
3543
12242
16964
13691
7791
16602
4045
16922
7767
8732
10499
14662
4480
14458
14368
3289
6403
10255
12669
3250
8306
1099
9685
11009
15609
1234
11880
17229
983
15134
37
8822
13578
3062
9447
5433
16565
678
6552
13394
4477
5695
5343
10004
11919
9289
14023
2779
4528
4819
9075
2315
13105
7354
2334
180
16978
15466
6233
544
15591
17007
15496
7599
12534
16467
6730
16844
13018
11356
6896
9552
6161
2257
1160
672
1644
1461
4817
14001
1561
9490
6078
2000
9846
468
6432
11326
11316
6705
16608
142
15760
10857
13182
14005
3373
12173
4229
5498
4946
6023
17109
12780
10607
9077
4661
9655
2515
14146
17084
10869
11926
2963
10845
17363
10675
15077
4237
15635
10936
13803
15373
12560
6867
5972
9361
11284
16996
6015
1954
12220
12245
7013
5360
13847
11795
6794
15180
10771
9128
15757
15644
11039
13965
15288
11459
6159
4115
579
6821
9622
10679
12816
7987
16298
15948
15808
2143
14051
4277
13828
6884
355
2581
603
7542
16107
13955
12097
12288
4419
6150
14873
10459
1507
8290
1790
4100
10843
6235
14839
6168
14527
9678
14409
3599
1755
499
16474
8377
11982
8284
14697
8045
14993
11090
15148
8506
8140
237
5186
5407
1339
12664
3782
3389
9963
10212
1532
13346
16632
11399
15380
6248
16408
16076
452
4157
12555
7467
8681
442
11492
4004
10915
4202
6281
4402
11706
11906
14364
7158
8245
9221
10513
17204
10816
1634
14329
16751
14389
15038
7320
13878
9574
2847
9183
1753
8509
4647
6120
7967
560
2059
9395
4130
16489
1493
14571
14246
8119
15274
6982
13065
12869
9881
1845
277
16175
4401
15381
6535
9645
5500
13695
15483
8253
15568
16368
10946
12783
4880
9911
729
3510
8899
14375
7593
13399
7503
4206
15300
1662
8986
2929
1133
4262
13819
14411
1300
1260
17089
1323
7000
3618
9414
9231
14436
6313
357
3526
11197
367
3154
15184
2933
12018
13173
9594
15167
7619
802
14631
15943
12814
4963
265
2193
8401
11452
9765
2227
894
5616
3202
6975
14792
13704
5029
1621
3504
10614
3718
7271
8163
7793
14074
16193
16128
10765
12185
17365
13870
7519
8865
8613
11020
11779
12426
3490
12591
3945
6934
15751
71
12167
13274
9111
6716
6569
14805
13903
4355
10945
14096
7135
14361
13960
8058
5142
8287
9779
5760
11959
1245
13995
701
520
10007
5561
1093
984
16392
6898
12407
12775
3927
11976
13724
11023
3922
1816
10451
4137
1169
6850
4380
10490
12007
10751
1930
12903
17286
10487
5776
6621
12406
4269
10640
13531
8356
11097
16578
15878
4949
16424
5815
2953
16940
9355
6565
9951
2517
2121
14760
4152
11499
765
16478
15272
1438
16084
10995
3832
3299
13961
8107
16137
9767
1590
12506
6442
2217
5326
13868
14818
16612
14129
11692
3519
15461
8365
4195
9992
12246
9171
12415
937
12584
3363
14685
530
3161
9561
16083
3112
12833
583
2395
11148
5269
5611
6312
7597
2926
15946
8204
12066
4605
7032
7669
17014
8007
8790
6543
5914
2204
9463
6222
2240
17305
9497
4972
5933
720
11126
17353
12110
11355
5794
3114
1105
16294
2840
1037
10899
358
8192
6357
16887
12963
7579
14815
12179
7817
747
963
2834
2701
15206
2472
9677
12225
16496
8873
8400
7813
15754
11917
15825
2214
14926
9459
1164
4734
9716
15859
14828
1817
4509
17157
1210
10369
2836
7713
17021
13034
2460
11671
13648
14200
12920
10285
14405
14314
9012
10107
1669
9166
16338
10943
1879
13316
5242
2136
13157
13833
5840
2276
3571
12553
4691
8847
1887
6959
294
11292
3662
13317
6220
13736
9333
3166
10439
15407
9488
9848
4339
5835
7775
2872
16617
16181
7034
5122
15335
4297
12899
11040
5118
6292
447
12608
16200
9438
15448
7200
5404
7733
6488
1525
1148
10942
394
2208
10367
14515
10792
12782
12207
1700
16120
16819
8298
8831
11823
12719
16991
13021
9782
7314
13881
5335
1581
3837
3579
10168
16363
11951
3497
75
12740
6360
6789
14609
10737
1876
9800
9674
1153
5057
16048
6398
16133
992
12652
10877
14219
834
1861
14020
14438
8958
15772
16802
14601
1425
2910
7424
5368
2893
13678
15651
1267
7396
2118
15058
10072
6861
607
8825
14758
1646
10673
4118
8595
9097
16320
227
12723
816
11562
6544
15747
3453
4595
1499
5012
6276
10144
11513
8950
54
2378
8714
1795
11943
13011
5089
4040
5414
8185
5917
1127
3353
8893
6013
17056
5482
11595
7231
1243
1945
1968
1000
7604
11101
2914
4331
14615
10254
14012
4981
16044
1771
3411
4741
14707
6865
9074
13780
10371
1207
5355
72
10691
2603
1820
13750
1760
1580
7278
4218
6311
7342
4323
15832
1436
2623
5654
10677
7716
2596
6655
9429
17307
789
1251
6696
11557
2234
10454
2147
11223
1291
10977
2503
12445
10571
9481
13948
10815
4766
10361
11447
1320
16598
16125
14265
2786
11415
7541
16648
9642
11975
2176
1456
3135
15600
4960
17227
14084
7065
5257
11527
10657
16226
10402
3238
15341
9826
1413
13611
11885
3502
964
15549
6754
13975
10335
9726
7155
15697
829
15207
1557
8173
8494
7641
8632
15873
8246
16490
9072
10552
12395
51
14386
10939
4541
2904
15309
14079
826
11422
7233
9485
16016
7758
11531
10074
14659
2614
2450
799
6787
6002
11540
8963
3058
5273
8511
7727
11772
4903
6645
1293
17009
14978
10906
315
10142
13053
11502
5545
12616
15372
16954
14512
13389
3336
889
4474
3253
8282
6933
12205
17142
7291
14089
4280
14472
1165
3420
5068
2892
363
4763
13621
16246
10102
10261
17206
16814
16592
12620
2523
16136
15402
6936
10543
3700
9547
3889
5395
1036
13793
16464
16746
5802
4163
8820
10540
1211
2418
16972
2877
2157
7730
3023
2321
15189
7841
9366
9422
8944
16220
5455
9248
10029
16381
5821
373
3560
3282
9113
10931
4687
1452
2283
10489
16224
9921
14171
2531
11647
4602
15625
8552
16187
9873
5818
12152
880
14221
16697
10418
1516
2313
12906
17012
14104
4677
11261
1599
7236
13142
209
11277
9098
12404
4890
15037
16334
3230
1687
7393
8372
5893
4947
4636
14116
1768
10336
7875
11760
3655
3440
15226
11894
4348
5683
14070
12064
15721
13187
11802
1541
7725
14510
10680
10048
4701
9539
10594
6811
13060
16764
9801
3206
837
15563
14838
162
2083
7220
15911
11024
9813
7903
9238
4952
62
10784
7984
14248
8392
16092
7883
12291
6761
12382
9567
16530
10596
5380
234
2436
12621
5420
9903
2796
3305
6456
4518
12267
11076
12455
13832
5549
5551
17220
6665
8315
13726
16914
7002
6393
1515
1432
7926
2818
12039
5622
6361
8840
8484
7099
12337
13912
3651
13812
14806
10429
33
11242
4979
11620
7083
12386
16313
11159
13739
16089
11686
4826
4961
3040
15880
9059
3989
13633
171
4550
11825
12528
16783
6949
7572
3658
5435
14849
16800
3213
3553
8819
12667
888
2382
12216
16435
5205
3624
16519
3294
5568
1006
14113
14522
4786
15895
16801
5976
13236
15745
1574
10030
8635
9180
7719
12295
9613
11884
13294
4225
12699
5249
4296
16743
1017
1072
4837
10830
14175
16316
10227
3421
122
7956
6872
13030
1373
12147
9449
3776
9019
15531
7493
9987
1174
3271
11098
14264
2498
14161
10925
1264
126
9675
16148
7627
14449
4088
4908
16880
7480
9224
6211
7177
1542
4058
11347
14000
10051
15950
1378
9960
13172
4623
15305
5861
4094
5712
4712
4670
11569
11973
10884
8697
2941
14619
13655
13636
16443
14764
5417
391
3535
6755
16194
6613
4601
13277
7388
2754
6266
9159
4016
5298
11348
7847
9394
9250
9214
879
3825
15831
12570
2246
8614
11915
3676
1950
8101
6583
13836
6922
4966
3898
1679
14682
3606
11307
9177
16805
8193
3656
16012
9475
16027
13041
8803
4108
10974
11129
12768
12471
2768
3041
3872
9410
14667
424
12887
17230
1751
11179
8390
12752
3592
10992
5466
16622
3849
3096
9004
12849
16291
7587
8553
12808
9638
12035
7757
5684
4481
3228
910
15930
14155
8888
13845
7863
10154
11843
13968
6320
4798
3439
3092
7512
3254
2015
4901
7865
14099
13866
9937
3892
14177
3897
9125
14981
8153
1985
1998
3027
8034
3765
6986
7785
13404
3308
8845
3860
16660
3990
1325
2931
3240
55
17028
3452
16937
8096
2202
7997
8068
320
13323
1919
12815
13039
16589
14169
4382
13599
4326
4463
5450
3761
12765
16957
3546
1286
15941
7834
3781
15273
6007
8808
6020
16990
15601
2903
10049
8281
9583
3609
6798
15718
4846
3880
12359
13058
1837
9845
11149
6297
7150
14224
3406
6679
7088
15424
12155
1221
5844
15696
922
8481
10081
14769
12252
12459
2773
15631
6524
3080
15758
2707
9636
4728
12429
13855
9427
238
11157
12198
8060
4761
9991
2650
16712
10563
12139
12123
13931
12052
10093
14090
2566
10116
8970
8227
11736
4863
11613
10581
6428
849
2376
15989
11834
15143
5280
8792
43
1815
16295
6695
3144
7421
17250
14318
3068
1280
8251
12748
2608
2182
1292
742
13272
2797
411
14832
10616
16726
11817
17074
7630
6354
7950
4235
9086
7009
14291
9323
16775
6331
7349
2430
8591
11087
4958
14462
5671
4873
10094
670
9970
627
5260
822
8495
10258
13265
817
3631
16951
13935
16431
9491
5222
8305
753
6573
10083
4775
10351
14266
9257
13216
6460
11002
862
5081
4464
6574
10889
1920
12732
14621
11669
3828
11124
12725
13940
421
17213
17131
13629
11654
14474
15233
8789
10420
31
5106
3153
8951
12709
16867
15079
113
16144
4418
9711
11808
10893
4656
11388
16347
5226
3845
7600
2534
10041
8758
12517
6817
3192
2386
14592
2085
6291
2082
10138
13302
8387
5932
3614
6915
13718
11132
7636
2693
5288
5146
3263
12937
15253
1997
7227
16267
8267
1812
1032
2788
6165
13557
11276
8054
15178
10687
7765
10186
4658
14257
6162
8649
3657
704
6908
11719
13440
3683
7362
10412
12402
5534
9895
4904
13798
15639
16469
15263
5691
1797
10781
1025
9662
14902
16803
11151
342
6745
6103
2159
5735
13502
886
12943
13905
14943
6945
12448
4611
7311
10854
8396
14714
15284
10875
9626
10684
6952
10646
5154
16671
4920
15807
14372
14463
1896
11175
8813
2219
1312
8179
11872
16656
15121
7569
9611
9293
11659
11739
11663
11500
14989
16977
15323
6250
15478
9710
15421
917
11007
11782
11896
10112
11016
14127
1772
14440
11392
12544
4899
10577
17372
5079
15703
13872
3076
7917
12283
6887
4341
8742
5173
15654
11911
6365
17004
3960
5059
8798
2641
15556
16094
11147
12633
1610
17201
8696
16750
16399
2384
5992
7296
10900
15646
12739
12951
935
7390
9380
5168
3471
11708
8728
8563
12353
474
16035
13642
7901
1756
6726
1829
15298
2235
5199
15688
6879
1468
3376
2401
3053
8989
2704
13999
11607
6122
12844
16268
10097
59
14953
2195
16975
4142
4047
2275
15769
16495
2861
14494
5066
5876
2056
4578
3347
16579
5919
3483
8074
8702
7750
14520
1916
4346
4292
17050
11530
15711
215
3365
10257
5366
3268
3564
13822
15536
7007
6475
15114
16757
657
15666
6006
9887
9705
14304
1119
4010
2127
944
13057
2417
7712
12269
1151
13124
8597
6441
4270
11549
14939
16462
5962
12712
11529
718
12708
3986
10990
13568
4843
15091
16253
16306
591
66
11246
9759
4479
6778
10530
16292
1586
10226
11141
6640
409
1642
15241
2267
9761
17247
14597
14022
3673
1145
1911
11255
15411
14882
10841
8129
9534
15115
3591
9154
731
14052
13854
5150
179
15237
16749
3370
10839
15724
16069
7663
1433
7126
4203
3451
3261
14199
1423
9600
3434
12996
13358
9825
15573
7884
11093
1351
2508
7826
5697
1839
7466
5862
16976
1330
10150
4726
385
4807
6054
314
3019
3449
4120
11770
7822
14109
3721
6944
6727
12914
4829
2021
3859
1596
2905
13620
2237
6876
14009
6646
11428
1587
1391
969
12475
4089
10998
7792
16706
7543
5536
6451
6757
3426
1177
5565
6319
5856
16719
1253
16873
1708
2966
10627
15368
10728
7042
13078
9441
8625
10095
3200
13126
6229
6677
1385
4216
14537
15360
1041
15945
688
9971
6873
7161
1046
17054
2971
5984
4352
4018
15188
8453
15906
12451
8541
2764
6502
13857
16525
5271
10834
8359
9342
17211
13534
3156
2440
3138
5237
13103
10578
14548
15884
14029
2587
15551
12005
14394
12536
15725
16472
10485
2799
16155
12806
13037
13814
14485
3491
8475
10228
7240
14822
1403
516
10256
9961
4141
656
10668
15987
3806
2536
2512
14733
4275
9989
13976
2901
9256
12440
962
3912
9762
9383
11252
15994
15821
16981
17237
15909
9732
3574
3822
2441
12093
1572
3509
7889
10706
16127
808
14778
12848
2680
17236
3412
10174
806
1268
15007
16912
7976
17112
5338
755
4599
12611
3042
9362
14152
11552
13067
1888
14355
4767
7206
4586
10957
565
3646
13748
1230
1440
15064
10040
9695
15355
15819
9968
7840
12330
14514
4172
15659
10704
11688
16180
13800
3630
16429
5484
6177
8467
9267
3205
2955
10149
9795
875
6584
1636
4778
16071
8070
7581
462
12543
10483
16455
3796
5480
15857
2309
10786
14961
2741
4722
677
16221
3055
9352
144
10904
6810
8592
539
4012
4104
2989
10926
14734
16630
13293
7536
15086
7073
2403
10463
11755
1665
15713
10192
12341
6540
17354
9140
1981
4020
4407
976
4682
5762
11389
7762
6747
6226
12617
2833
10887
14415
2606
5275
951
13380
6118
9496
14612
11887
12055
11291
7273
16724
4021
10344
2329
6273
15261
10430
9715
6347
412
5535
11274
5716
16124
15894
2896
13823
15164
16709
311
13651
637
6961
3629
8196
5031
14326
3634
2092
16637
13130
15209
11815
1781
1390
11070
8936
15235
13583
10453
3149
53
16558
11874
9384
9375
15502
5148
985
4095
5325
5476
17338
10082
3337
3987
14543
1031
8918
414
2491
1374
7154
17355
15527
4334
7338
8198
1524
10240
16852
7520
9936
13865
12189
15500
8726
5268
4039
2956
11902
10962
15653
13974
13743
8849
15829
2397
13243
9859
10110
16826
1648
5207
619
1536
4610
1975
13161
13710
11008
13190
14120
9687
14156
2900
14598
5119
11818
740
5827
12051
2510
6674
5341
11386
13953
6476
6969
3807
3914
7953
3078
15428
3127
8376
17301
11381
12060
17072
9168
12061
10896
11988
14294
14192
6368
423
743
6421
7816
3222
9909
12949
12290
8010
16585
13665
16551
6334
680
5348
2413
15963
14283
13068
16135
9682
6888
7631
5054
9309
15629
16961
15456
1418
4690
832
2543
10947
13527
2067
10701
4377
5771
6237
14282
2511
264
10006
5170
16500
14149
10763
10415
4083
5668
1569
2100
3432
12321
1257
14795
5176
14541
8178
14271
8083
10145
15449
10401
9258
8469
5015
3371
10970
214
12176
5956
17345
2670
356
12526
11721
7499
660
1282
1480
15156
6904
12008
7820
2610
10456
8858
3229
16625
9926
11689
2635
6987
8961
3694
815
13842
1965
13897
14973
13692
3450
13450
9495
6918
15811
768
14535
5229
15528
14637
3333
9956
861
5831
9955
15267
14050
8519
5931
4441
2165
13188
2271
9426
16249
116
15030
9408
10247
14624
7798
7060
1967
4772
4327
795
3717
6547
11396
895
16982
9373
10201
2936
4624
1632
5509
2967
27
12868
365
7562
242
15581
4175
8550
11384
10465
4426
13597
15931
7380
14990
5512
8914
6493
6923
15955
954
16344
3409
4154
14636
16916
11797
8136
5027
4532
5946
3853
14555
3868
7237
5896
9182
6859
7169
2061
16166
4768
9549
6999
1962
10058
6298
16330
7498
7858
11727
10718
11544
5016
17147
3846
8432
5978
15056
13180
14247
2140
7109
1763
15303
14901
13921
15872
12143
4513
12410
5963
5770
8682
15983
4667
6725
10626
13786
17025
14847
13388
2522
7811
8621
4437
16158
505
330
14511
3315
16207
16214
6268
4848
6663
3800
8084
3323
667
14658
9902
4894
1203
17280
2886
5677
5763
9134
14814
9073
17306
1283
3155
6445
12032
16032
14481
1496
11178
4281
10037
13684
1607
14167
7115
6106
10964
6659
4694
6245
3364
6941
5143
17006
6917
12760
7927
12676
13344
12016
2044
15266
6154
16771
16874
9514
2731
14465
7827
1271
15025
7591
9114
4790
1002
6978
14574
2486
4745
6117
2181
10193
5902
4538
950
224
6275
8981
16664
4493
15924
17040
7963
15377
5248
4473
2281
1722
8005
4391
2501
7895
2895
9890
3653
528
14880
13873
9602
17184
13664
13419
7989
6487
119
17297
3447
700
14563
15205
15727
16665
4245
15733
850
15506
621
12936
15270
13979
14399
8236
7277
2090
15471
9500
7401
1369
5923
4413
13106
5314
3157
16176
13714
8827
16281
13751
1161
4077
3399
15113
2776
17310
15783
14182
11364
5169
12365
5889
2539
8547
4707
629
9831
13565
7254
3349
4853
14231
2726
1530
3198
12240
10744
3544
7774
2114
4618
17347
5605
12418
15759
10670
6454
13571
1020
9409
16059
4257
1941
15588
5954
10659
11063
7700
7857
7301
9843
8902
5836
3097
7085
6874
13522
4425
4220
11493
8916
1158
9935
1272
13826
15912
12342
14600
15815
9978
11466
4684
3454
7980
6085
7183
2822
13688
5958
8818
6485
17166
3472
1198
11061
305
12673
16445
1085
9579
5719
2500
5006
9676
13049
4613
3209
17105
4254
14027
14983
11761
15024
4558
1566
10044
11539
1767
2301
14705
10788
5221
2563
98
11332
921
4460
6656
11345
5792
1793
4861
1889
12396
3070
13663
7589
13337
13808
9434
13978
13475
537
11551
12947
16687
4662
2068
143
371
6929
3708
9576
2350
9010
10632
17377
13683
2040
16856
8608
8978
7436
16626
16828
659
3725
2888
10535
8562
12916
4358
942
6124
17241
11414
3528
14639
16417
8009
1894
4135
1720
11031
1345
13407
12099
2359
5798
16043
1754
2393
11743
5755
9898
2651
12537
6869
15951
17228
3022
5685
13585
11267
4169
540
14114
12149
16672
6464
6928
4294
6352
4165
339
12229
4035
4851
6622
8851
8688
8336
13158
9546
7133
1200
17085
12556
77
2410
9518
115
5429
6315
4098
1455
2682
10103
13349
11113
14453
4764
15203
3245
14775
6784
6376
14613
2094
2106
2485
10797
1356
9230
5598
974
11297
2742
14860
7872
13390
3500
7138
13315
4347
12838
14407
2730
8619
523
9650
4965
16376
8700
13891
1783
10698
4505
9764
13238
13279
13641
7853
16831
3034
13035
1220
13168
14654
5436
3485
11590
15712
10504
6439
2343
4836
11854
14768
11618
6825
3110
9733
874
15624
3946
6134
12627
15572
9346
8781
10345
6187
8082
10068
7399
12377
8545
12549
8659
9558
5855
2825
13759
8483
4635
1298
1782
8584
5218
11250
5149
6675
6814
1978
8444
8187
11636
4374
4217
3693
13716
2273
13428
6359
14046
10832
11461
3256
13300
2561
16159
6225
2996
9402
4427
3774
4520
2593
10649
6343
4325
12545
7179
454
15586
12079
7087
17026
14864
6065
15379
6005
7885
8226
13089
14021
17328
13437
1801
10555
16411
16023
12892
5888
4124
14702
2456
9536
14363
5848
3690
6247
2244
16583
2790
16508
4390
3354
12316
12034
16787
5073
9300
12161
11427
4612
14804
158
16437
1407
11081
1055
8654
11363
11344
14225
6036
1305
1674
10602
89
15361
11349
165
15575
6387
15404
14868
5080
9798
3750
3955
3977
2537
1828
3684
1878
16890
11230
10518
4916
4957
13215
16688
12571
4522
15545
14875
9659
5531
6239
9436
2918
3645
1683
10746
12156
12720
15332
2787
9065
6000
1069
6133
1695
16132
9904
674
2471
6285
8504
12237
10379
2557
13564
8662
9062
5805
11622
4640
10073
1844
4462
9015
5662
2374
15493
9912
6839
11333
1798
7829
12839
16152
6998
5789
7914
13310
6844
5637
11119
16619
12890
11978
2612
955
2559
7450
9492
5518
9092
8525
16242
12835
6579
5999
1104
9236
1824
7295
4161
8843
7144
4011
17225
10069
12781
6820
4840
15608
5621
16926
17187
14284
16430
16842
15770
9225
6050
6614
2988
1228
6605
15805
17053
3391
7618
16504
16729
14798
9000
15324
16401
1775
15176
9067
13874
8220
15809
10520
3378
6086
10076
16792
5806
6938
416
12487
16891
12072
5313
12045
10432
5281
13801
11080
3816
14239
7151
5323
1947
11785
15645
9190
1843
10246
10178
11642
3530
15920
13894
390
8739
507
12525
12232
17268
10468
2646
9051
6257
3998
8839
924
8393
15240
78
7707
1605
3525
9578
2351
11410
16011
8078
16025
16614
6767
2031
16079
6672
11437
2251
10054
16689
9658
5183
16939
8069
4980
8650
10932
9604
16848
7743
15437
10347
10086
10253
13071
9450
7911
13091
11716
1980
16015
7869
14602
2719
5929
7786
16601
838
11106
13560
10883
9860
13601
10480
2948
15926
8767
9277
1736
15366
14725
6553
10202
16178
7022
6022
14842
2734
2348
7920
5026
2388
8581
9862
6189
1132
5587
6796
4917
4776
11735
16610
10421
16213
1538
15675
10715
17095
4243
3352
15066
5093
2873
10986
16907
4013
10303
14930
11310
5557
11931
2453
15722
14979
345
17209
14487
7196
2952
10852
1903
3467
5100
16784
968
13311
7900
14893
2303
10075
8059
3541
2885
3239
13869
4073
6295
14573
3277
16343
16721
4774
15691
15966
8957
5758
15396
3666
16074
10181
8672
1157
7810
16932
15736
11464
12581
736
13640
2357
3563
7372
14686
2755
15177
16537
6720
1769
15451
3613
16879
9593
14831
9838
3102
14101
9758
7957
14255
5970
11449
5502
12116
2613
15570
3759
16965
16397
10250
1564
11212
10088
4444
4780
15281
6532
13723
17298
3875
23
15773
6151
12654
13341
5197
559
6771
4168
9753
7119
1363
8554
10151
12336
13959
16328
8117
14214
7821
16572
11849
7808
4545
7010
10919
805
6983
15225
7991
1075
14812
13411
16885
14553
12239
1346
2014
9589
16857
418
11794
2347
15256
5909
3877
967
9512
4279
16769
915
3351
675
4443
15514
12130
4579
12265
10895
6950
12697
4354
533
17270
2584
3620
11334
8409
4983
9030
1544
8170
7665
8609
4827
11769
13330
625
15720
714
10233
2856
5094
15842
601
8774
5215
10249
8403
14645
16685
6035
354
12984
13901
8188
17130
948
9206
959
10394
4915
15160
12874
9370
11383
3523
10378
11968
2588
7958
7551
16466
17215
16739
8884
1733
3246
11198
12911
8663
9255
15776
4757
2890
10245
5180
4345
9196
17216
3775
17126
14053
16523
12593
1996
7030
4023
8428
7608
7506
2174
10662
2394
9506
8077
4862
913
4210
8564
5403
4343
10183
6419
309
2207
11525
9824
4544
5424
6623
3590
16098
12452
10129
13882
15999
14206
6058
6691
14293
16515
8801
3100
4061
12761
15913
16040
4145
13947
1803
8146
14412
2642
7954
15553
1676
1692
4739
3697
12707
14782
16649
6032
12398
2631
7925
7198
14464
17303
146
10364
8639
17221
14072
2968
556
13303
9282
1567
3418
6234
15072
4112
3979
6063
12431
6037
9652
2117
13594
17149
8127
310
12432
3848
6572
859
7915
1376
17368
9358
1931
1044
16380
12233
2765
12206
14333
858
2615
4182
14708
8937
9722
1519
3188
15850
9089
16509
3720
244
5867
15762
3059
2458
3836
15544
3622
14048
15534
3419
2467
15161
9680
13542
11482
5791
15935
1593
16573
2928
2555
14195
5375
14918
4271
2599
6358
4430
10321
13685
17111
9742
11516
12976
16438
15844
14746
7988
19
8164
5356
3572
9136
1728
5945
11728
12186
8730
5906
4883
5108
5991
3948
13937
6371
5055
4631
11508
14178
10370
10579
5655
10730
16795
8710
10533
2821
3132
84
9349
2331
5076
11057
4022
13268
8980
10851
684
10693
2912
6465
7058
467
1814
12842
7017
5028
8109
6782
15045
13920
5511
5895
6514
13195
6040
16314
2461
12952
5757
9390
6912
4487
572
1910
6708
1923
6843
10141
14569
16646
9156
6815
7317
13729
9320
15546
5866
5378
6173
3292
8617
1082
3575
3809
5846
16807
3610
16773
7662
12324
8254
99
13076
13019
14018
7192
7866
7359
12573
16533
9
3366
598
8971
15655
11221
15354
16704
11358
15886
14530
12767
6416
9172
12763
5797
7961
1394
6593
828
2733
13496
17198
8296
15729
6800
4342
14151
6089
9816
11990
14947
1126
15232
12985
13853
1149
11796
1294
8172
4866
14883
3555
10384
9631
7213
599
11644
4887
2400
12408
14085
1379
9511
16835
4997
16839
6471
2911
13875
11030
3995
11553
15979
8923
2855
4784
5526
11182
8942
9420
3385
13996
3148
14413
5544
12255
15282
5860
10709
1627
12268
14508
4046
1628
6711
13090
9839
5830
13945
404
9914
1482
9276
8088
10913
14102
5115
9201
15517
6724
6293
5785
6098
8269
552
10794
14437
13232
4105
251
7061
14461
7471
11809
9144
12363
11184
10776
12137
13435
9110
5202
1365
7287
10062
7474
10297
7452
10387
9538
6271
3266
9808
7230
2692
5553
5317
5035
2390
15833
14863
13722
7045
5083
2252
1953
2372
4122
7243
8527
4714
10196
8419
