11514
2442
14114
1882
9865
14330
7877
16676
4121
12519
9434
12506
2192
9871
1852
3217
3861
277
9078
12132
7515
13899
227
9605
7864
12886
1768
9766
6067
14256
9622
2861
7168
14211
15165
2931
12332
11761
2776
2651
14049
15731
9461
3752
6730
2933
16013
8048
14339
15742
17212
2774
9069
1282
17370
851
13740
3632
4600
138
12032
3550
8527
16943
13755
3272
13412
14129
11024
8952
2242
1046
14749
7539
12117
8457
16828
10839
10002
10380
13069
17159
11965
11143
538
3981
2947
4247
5915
4359
11464
13110
16980
8002
16538
15502
15594
8067
4945
16798
5772
16835
4145
8271
330
2728
7076
12264
15987
742
16594
6800
14621
14681
12137
12526
14670
16392
9367
7586
5460
10051
11112
8649
10990
3455
10120
2434
4786
13622
1996
6534
13663
7456
7403
2006
8167
7271
15683
2310
12355
5940
14954
6502
10283
5490
7260
8974
9382
13366
14794
7062
6974
14170
51
11052
13928
2092
111
11600
12747
15291
618
2114
6785
11733
15018
17
14734
3670
10163
9990
15539
6005
5242
7103
14065
3393
14648
12338
246
14916
149
16591
771
15715
13832
15029
5430
7657
6500
15321
13271
16348
2416
13997
5412
10266
13507
3274
3246
782
16685
16623
13417
9752
5120
10471
243
8975
9894
11282
7534
835
15399
16471
13706
10041
2836
3327
1147
1065
16657
12478
16879
1341
12070
3410
5769
7071
15050
11065
4545
14700
13564
10227
7336
12380
3880
1590
9933
15972
2823
1780
10005
7447
9351
13170
11245
1349
4496
12204
7967
10597
7361
678
15416
11685
6440
2632
5207
3832
4405
1585
4430
7247
12383
4210
5280
16974
1466
14260
13148
7311
10793
12701
7434
11133
10428
4607
13772
15329
10612
9249
9976
10456
2792
3523
14958
632
13743
10127
6255
5222
3088
12425
12408
12824
10770
5230
11960
12280
147
10413
5454
1638
1049
14148
9456
12239
2132
6939
15102
14162
2548
5783
9337
11661
3900
10219
10718
16015
8286
13422
5542
13645
9508
15773
12508
3534
12953
13425
8174
6473
12779
9264
1627
16660
12681
16342
9272
3542
7509
4308
3067
11911
9761
1259
16673
12630
17375
15052
9419
12236
2157
17120
1339
1613
4963
15053
15807
10936
12500
5556
8283
17329
2236
8473
15155
6243
6859
1003
2155
10365
4585
5245
9099
17050
2318
17243
8170
11167
5428
12059
6327
739
12026
9831
7688
9677
6658
8188
313
2371
17360
8036
9194
4543
4991
8204
14194
1111
869
15620
12357
5321
3318
11638
3941
9510
5669
11544
414
6798
11864
1347
5254
9156
11093
179
14715
14234
13612
1724
3517
7989
3556
1336
10237
15707
5126
10943
17344
8120
13701
12342
5063
6403
5917
13172
3017
13390
14819
10300
14799
7582
5157
2305
2057
2802
4435
16045
9137
7126
95
9854
16344
5962
4136
2054
758
4096
14943
8200
13089
16539
1919
15181
5411
793
9524
14872
11679
9270
8997
7541
13454
11766
1460
11771
6516
9565
8276
14408
11522
7027
17117
1050
15982
1201
13243
12171
3100
6848
3610
13719
4620
10463
11863
8532
8858
3650
5450
3418
751
4376
4363
9129
2787
14381
8753
5563
9320
4664
1674
3813
7324
6122
5202
13518
8652
8988
10859
10400
3911
5793
12782
9402
421
4001
1393
2768
8203
7069
13017
14908
9101
5250
16024
572
9867
13365
11208
6032
4212
13013
14462
1012
5911
3129
16385
10594
8440
2731
15412
8809
9039
1895
14843
11694
1118
13605
8023
539
8082
1476
2175
13156
1892
15108
13557
4931
14864
15173
5051
5059
8123
2892
5694
1196
12008
5955
1748
10614
10547
14085
199
551
17300
5524
12709
8521
1264
10871
3075
11003
15344
7132
4342
4909
1108
16523
7813
6734
762
251
16991
2537
11539
15746
5481
10248
1372
12035
12867
9031
9103
3580
10932
13567
11226
5098
3345
12305
8939
13730
8636
4841
10045
11447
13871
5111
7949
13807
8824
5049
4914
14040
5244
11019
494
6999
15284
938
7798
5905
388
1823
17345
7479
2590
7528
13560
966
12146
1279
1802
11787
7906
185
10429
3781
12680
2751
12067
1742
7461
7303
373
15549
14639
14328
9026
13206
16549
7747
14788
4035
3983
7639
12289
15301
2009
13810
12442
11231
14169
2354
11744
13385
14530
12775
16993
471
12826
15614
4434
4711
2198
15666
8471
17154
8548
3314
320
5918
14334
16668
13087
8201
5702
14589
11374
2219
12793
3819
14440
13723
188
6489
650
15036
3615
11920
535
7356
9942
352
114
11957
5066
7780
13727
9025
6783
12288
5214
14630
6179
15228
2374
801
15724
15903
10691
4801
4349
13138
12475
16609
16085
16603
15043
14969
8343
10633
15225
1870
10096
6259
11117
9947
13875
8825
16444
102
2691
15958
2164
1519
10654
8818
1572
1952
12199
12440
11016
17233
10881
9504
7407
17376
8435
13938
14186
15696
3739
6694
11750
10082
6727
5578
10086
12875
4651
485
13657
4875
8132
15519
14830
7888
8567
16278
7569
15327
5868
14390
5018
11711
14407
10891
8350
7190
6281
15747
3460
7789
13056
14674
10518
7121
4168
1267
5622
496
5950
1057
1355
1337
119
6444
9506
14882
16212
6564
12517
14691
13173
15844
4778
15606
13258
16408
6365
2264
9884
15299
3866
692
4100
6000
12923
12252
7313
12311
9924
10732
8762
10117
16573
3555
14755
15230
989
12800
13171
6485
9625
11316
6787
13452
11185
16130
5727
9723
5881
5813
7661
4708
212
16453
14675
8164
9104
14340
5336
958
9695
9198
14287
15289
8770
15652
16531
2542
15610
10452
1084
968
14486
15700
9509
8517
5535
2309
1713
12136
12655
14019
8486
982
6214
16503
12906
10358
13046
2119
16355
1313
10599
2613
2216
6199
14576
14263
16759
8057
6293
4503
1254
4132
16144
8498
543
9712
14551
11782
154
23
4671
2021
10090
13614
10427
9670
12820
1520
13693
10605
6747
11834
8736
4076
7640
9110
13200
16450
4205
13009
12859
5606
6544
13698
13530
9181
3918
11762
3488
16490
7338
12847
7828
10516
16800
14632
3606
3247
5044
11551
17026
14102
2704
10604
13922
1557
1297
15190
9873
12907
5514
14015
15101
14466
7400
5185
10994
10551
15823
12201
4611
13860
10424
1047
12021
15322
11242
2510
5392
7455
17189
10037
7835
16324
2862
5587
7072
10062
15637
875
8098
2908
13233
10412
836
7263
13800
14302
11970
17269
11620
5690
8872
17105
5337
7181
596
1721
16599
8041
2322
4256
4526
136
3636
9371
8458
8294
15388
12972
4765
15896
4020
6355
9972
3879
14373
5844
3585
13463
6972
3616
9209
463
755
254
12755
9144
12616
15095
13229
15401
3816
1796
1061
8117
4317
7387
7675
6890
11682
7148
128
4983
2065
13553
1889
3919
11128
16047
5215
170
1058
4656
12364
8316
9772
9478
14727
6754
12224
8769
7276
12033
5631
4932
4535
15684
14005
4272
3957
11895
12231
8788
14257
16725
14603
3155
15213
16850
16349
9046
9937
15779
12356
1537
14980
258
11842
7333
3498
5144
1413
10972
10334
9124
10294
15283
14863
15540
370
8254
1695
8729
5908
9805
12439
12047
15003
5519
15709
11980
5159
11775
6100
13812
15792
1840
15436
16106
16806
3977
3415
1122
5633
17242
6253
5828
3935
17151
13266
12584
8119
8507
15374
2484
12570
10637
17353
6941
4628
14522
16046
2433
9765
10667
15293
9380
7264
8866
9599
11493
15413
1289
1773
9852
3103
6265
14634
14987
4749
7028
10095
13324
8139
662
14962
8516
9066
10789
12179
11663
6218
10696
280
7462
15928
13065
12559
9633
3230
3949
10907
6236
15162
13842
13457
5153
3033
14548
645
9561
4471
16891
14967
12370
4997
5743
878
16847
8982
11474
13144
11488
4371
14261
7920
3727
3409
14313
3763
1283
2685
9376
6883
5724
10057
10579
9815
3596
472
3862
5493
6611
15798
4925
7273
7748
8995
2252
8953
1473
2675
7574
8850
16175
8660
7963
11674
15195
7414
14868
15516
6566
12860
11239
16704
16092
11731
14652
12484
581
13041
2332
10260
16957
9006
10081
462
12307
14125
13959
4746
9602
10975
11448
10015
6447
11050
17025
12429
17080
14965
1244
16977
7499
15664
6151
5585
13858
16117
14406
453
7019
10410
1533
12102
6101
14931
842
14665
569
16110
9637
13456
6015
13424
16286
5945
16520
11595
3549
8709
3485
16367
9009
17020
10828
17182
14195
10455
2805
10497
11767
17339
9606
16807
9596
13352
14110
7036
10222
5795
7451
2239
6953
11409
141
1383
1323
1969
1496
10595
11266
14470
9476
554
4440
10423
1536
5295
13092
9917
3457
110
1409
4120
13644
5116
5969
6096
11020
1139
12044
8977
7458
1319
9827
17224
6050
3768
2128
8018
1868
252
10496
4178
13458
3996
4935
6382
2600
4851
12909
3243
7207
928
11712
5451
6892
12723
8019
6977
12110
13218
8078
9384
16191
2967
4015
9393
9673
12206
576
10721
13476
12273
2031
7823
17127
6079
12799
8940
17326
8644
857
12998
15205
10256
1246
2636
3431
8108
7251
7664
5351
9113
12144
10645
83
6907
5117
11502
9657
9143
12145
4542
8871
16323
6301
15866
7409
8716
14746
8443
7768
12079
12569
10193
17097
8166
8626
10384
7080
3290
8236
3836
7945
9684
3646
14451
8912
9147
7347
5176
1449
7986
3029
1079
1407
4590
16089
9922
3417
8222
1785
16415
442
5677
12651
16017
540
5597
15752
14437
14534
16147
6960
6338
15145
13796
10946
1165
9642
14820
13873
11416
7265
7161
1995
15791
2874
588
351
16111
10021
2343
4944
6263
5520
11708
4830
4771
10501
4549
9455
13018
17348
6577
16642
2229
10973
6044
4068
84
8715
4409
3887
11076
395
16053
17124
13283
506
7015
2389
9155
14678
10713
16575
1820
14985
6076
12268
15859
1877
8775
13870
11210
1126
173
8993
4569
11754
2415
4327
13533
4727
9764
6702
9908
4374
7246
4647
617
6921
16056
15574
11357
8367
12553
11482
1326
9699
10275
13319
15418
6181
3759
8694
663
15226
15352
10548
16809
11894
319
16946
9387
11987
9189
5933
2819
10425
16159
9968
15723
2491
10472
409
11051
2361
3330
15109
5598
8573
14411
640
8363
5674
10782
17210
7053
11745
7196
8766
8589
1316
3753
1445
4826
12446
3521
7220
8149
2615
13608
17298
2501
4956
4844
774
16842
9736
1483
16389
5943
10703
10608
3219
15587
12587
11647
8749
19
13151
6816
17275
4527
16952
4296
12582
480
16035
1850
10812
16394
10730
12750
12261
1559
7680
12046
15814
13236
3194
3311
4822
8083
11183
6434
733
13991
10436
16152
2767
14010
14415
12253
10969
11581
12326
15019
14612
15657
10657
16802
6177
5728
2072
4290
724
3666
2906
3614
1325
2753
4538
12313
2360
13821
951
1405
4408
13654
6221
7110
14542
11528
16947
16430
3368
15894
3038
12115
3261
15064
9809
14369
7325
7871
5757
12834
3089
2349
7160
10043
8935
12673
14372
7487
4086
12427
15382
16484
12785
7504
6930
2257
12928
1658
285
9121
1271
1002
1619
4207
8819
14964
11470
16601
7519
5719
15856
15961
6554
14481
4479
7860
9122
8047
15335
16551
9881
1942
3992
893
13437
11929
13227
3452
10602
10954
13189
1621
10904
6656
3363
2419
7433
15239
184
6099
15509
13450
8318
2306
7740
14064
3448
10115
8925
8025
7463
11471
8218
6647
5041
1712
16260
8656
7625
16397
4321
16864
6937
12831
4295
1593
9662
17013
3026
3702
625
708
11749
1433
3720
14797
11839
12350
9398
16179
13500
3894
12870
3676
9882
2209
3188
11125
4306
4396
12053
8796
12371
3973
11240
9034
6723
13818
6304
7565
965
16123
17365
17207
9979
16169
7904
17239
5223
1883
3974
10217
11380
10772
331
8560
3406
11690
11583
4031
4968
1955
3923
10821
832
1918
977
7420
2500
3619
6285
155
15865
11672
13977
12922
1749
9762
13641
6814
16087
10357
15810
206
4133
16711
12479
13109
14449
6018
4375
3890
4055
13079
5108
10738
807
2634
1687
5453
5477
13311
10125
15362
12131
12254
12373
14134
4366
16746
6672
7703
13086
6240
15218
7038
17354
5221
1833
10665
11236
6006
7301
582
7861
2934
15927
5708
13436
3987
17170
12535
16709
9588
3924
6195
288
15615
12219
7162
9365
17034
7533
10648
2965
8297
5722
10740
8965
9930
961
9303
11368
12433
2029
9830
4244
1379
2298
7757
12181
14889
8102
4013
5963
12385
6472
17205
14666
6072
2633
433
9701
9851
16247
77
7697
9767
970
7579
1120
14271
7842
15843
6280
6266
4427
15212
9806
4014
13461
4884
9251
4004
13964
16960
1531
1154
9959
15786
4115
1155
11628
13449
10686
8009
14806
17256
8326
8444
14748
1760
1893
2799
1159
6840
13674
9902
16483
11331
15877
11971
6653
1982
7377
7089
10767
602
9505
11415
4571
5760
2195
9973
12297
15943
13499
11931
6927
15093
13185
5898
14069
5026
7957
12874
15334
15484
6040
1951
14541
1234
2160
13262
16442
4151
14472
11458
544
12116
2058
17304
17214
12012
17037
1190
14702
10080
2391
9953
13845
5407
11759
4635
9467
8044
14968
1752
7007
3036
6207
15354
6548
5825
1696
14429
1859
5238
6069
15308
10641
10680
8693
7632
13686
14091
4823
9648
7241
5882
12691
15104
17351
14952
8035
11640
10305
15860
12014
8980
4248
5328
3920
3683
5971
2985
11033
1290
50
11617
12791
4729
682
9564
10571
11134
1063
7530
13536
15930
9863
12065
13593
157
10822
15796
9949
16969
7918
13584
13136
15962
7785
8022
6558
11503
9132
5004
1169
3030
5805
8185
2750
8500
3728
9877
2968
9542
17112
2163
6329
13521
8196
2159
2046
6287
14048
895
3160
16781
9165
14979
1226
2622
6083
16595
10753
16303
4373
3386
15373
11553
11426
13059
7782
12758
10274
1403
5964
8786
14984
4938
16656
12916
13106
10926
17250
12168
13802
8666
12299
5021
15074
11414
11641
2520
14786
6430
9358
8861
12029
7974
8346
2693
10466
3648
3337
14298
3051
7332
12839
16854
7023
8784
5549
3427
9331
13101
1116
8745
8252
6138
763
13367
17262
17268
6386
13883
5808
5866
12185
10288
5864
6222
936
7057
8598
1431
16505
7676
8958
12096
1039
7481
11159
5313
10310
734
4613
13201
7644
11837
5003
11235
820
12656
6580
11751
13537
15269
8903
9548
14616
2652
16687
14610
4495
6687
8031
16246
12398
193
1662
1202
10199
2648
298
12266
13610
359
13978
8510
10942
6970
5040
16968
5534
1605
13080
15697
10695
9355
15642
3133
3975
14591
12453
12093
13865
1743
10834
2089
16340
16524
4640
1308
13440
13874
14594
6488
654
6119
14057
5077
16039
12703
14006
13040
9667
15467
6666
2574
14694
9389
11552
5651
2034
13395
11063
13196
11752
15227
14223
503
13043
2835
12469
11740
3372
401
10382
13780
9203
12648
13021
9148
12437
8398
7185
11481
12552
2927
12417
8366
15025
16206
4718
16497
7094
1502
5575
7341
2438
8310
8311
14561
9222
8578
4774
99
5641
2658
3441
10206
7175
299
2795
11917
1441
16792
492
14573
8143
12400
11736
5197
12647
10251
8781
15775
655
16316
1794
1782
8137
13220
14921
4829
13238
8238
16728
738
9438
11281
6994
14877
1164
16171
5444
13994
16706
7302
13488
14609
13805
4842
8944
11285
10580
1603
15609
11783
7003
8568
12757
8319
11398
6022
3329
10930
8688
6691
12574
5468
3170
7496
16811
15390
11457
6383
17312
1767
16277
11103
15461
910
1173
5550
15819
2012
16780
16750
3073
13503
10236
8219
6520
5775
8160
15128
9369
9639
345
14677
5277
6374
7493
9507
6929
15733
10230
12652
5384
2278
9926
7064
2469
8114
13339
8142
4413
2290
10173
7201
7575
533
1274
5806
9374
6578
12993
10694
1353
15305
7769
1470
4924
1682
5174
7516
6866
13282
14478
10235
4659
14812
4480
5469
7937
10586
3015
11798
8484
11605
993
12180
11893
16091
14306
514
3684
16846
5987
3323
15885
14558
10785
15870
2449
14869
15466
12817
13962
11254
7583
6168
7826
15199
8558
2608
8673
5255
17266
1314
14344
9273
8758
3032
14637
1152
6174
14402
1454
2549
257
2769
14873
6648
13624
9364
3830
11857
3076
297
7378
14495
6373
360
15214
4566
12020
11821
5820
15341
4183
6689
3531
4910
6324
4455
3694
13920
1384
12830
4591
7922
8954
5565
1334
9502
638
7334
14680
14604
12339
235
5148
14706
15389
109
11229
14662
11974
12249
12542
3946
12603
361
4870
6824
17249
11843
7580
1004
15100
13181
16584
17359
427
17241
5502
17261
1105
3961
2088
10168
2555
1119
2390
5436
8947
578
1255
5879
9961
6415
10836
13822
3604
3506
14205
10324
8320
12183
8524
15002
13771
13198
1884
10592
13736
15315
10781
16542
7173
7030
15955
7398
16245
2798
15714
15292
5309
3541
6450
534
5210
14034
952
15148
11429
13223
15310
13777
10894
16757
13333
11054
5645
1707
8501
1258
13088
5656
7226
11343
13268
7108
13696
1268
7601
614
13864
13187
12128
1567
16910
10714
5053
10814
16210
16311
11204
7953
9910
15751
15873
3477
4999
12101
4762
14191
15267
2681
13633
8894
11381
17311
11995
3700
2771
4219
1805
1799
10175
4980
2680
8999
1776
13219
3509
15520
5946
12507
1396
5365
14062
1138
9161
1825
8991
10336
10439
9748
2550
6810
11317
16436
10174
10162
1447
7436
7149
11696
13308
4960
11233
11669
882
11219
4039
9010
13386
6829
1512
5897
16933
9734
12602
7684
6014
17075
8755
839
9080
2936
2800
10919
15271
4519
11101
9481
6703
17342
11044
13765
11959
17077
3833
11230
7923
7521
8141
4370
11142
3613
2668
11123
4155
16203
8066
11010
3346
14989
9278
8355
10031
2499
11270
9702
7460
6375
8230
13441
8843
7694
3969
9847
16987
14171
4074
9819
6620
8566
15193
202
1999
7074
4789
6392
12450
9343
9053
11296
253
15851
10553
10100
1437
3099
11462
15261
8427
1788
3191
11177
195
9294
2599
12002
867
66
2101
990
8832
8470
11941
16761
8756
17057
8097
13520
16211
984
5167
6996
7867
14213
8247
2923
2864
16084
10777
14636
9018
3443
9754
14147
4000
13950
16387
5683
15288
3102
13715
12653
5434
12600
6180
13400
16457
6880
7837
16679
8450
4187
187
3169
1434
5463
3010
6184
11534
1681
15511
4414
9139
9739
6140
13650
14311
2948
7134
4958
9849
15680
6891
8607
17098
792
7830
8371
9811
11126
3558
4672
3250
10883
13252
232
8864
5912
4350
7885
5085
2526
10632
2511
9400
9452
8426
12617
8080
10318
4567
14059
14764
6690
9318
14543
6804
6543
15720
4236
4562
1019
2833
11492
6951
17056
9627
6893
7427
7686
7607
3325
5369
8259
14352
12719
5682
4253
14007
7536
7936
11939
5466
11465
4421
4978
5545
1027
3792
7128
16581
8065
12441
13508
10558
15409
17283
10373
4926
12639
378
2958
5925
3826
4920
384
15965
14991
17333
9857
481
975
7045
7668
15325
14597
1623
8943
2205
15641
6170
14856
6303
12677
333
3529
7189
12622
12925
4048
14388
13342
10852
16034
7296
341
13613
531
8856
8631
2814
13904
7440
12104
3643
6765
15492
4908
14419
15185
16911
3898
5356
1673
5639
14177
16186
12534
15899
14020
8060
912
3502
4900
10369
12017
8278
13455
10172
6945
9820
12658
5803
2465
13012
12926
10355
13222
7728
10145
4227
12649
3496
2143
12391
4294
2876
11846
13936
1530
13863
2834
13982
10483
5968
9629
74
15760
13325
3602
6922
1937
5758
9098
9826
12840
15016
15767
15215
15580
4662
9552
13976
5928
6190
1941
17118
7404
1031
3852
7269
15600
6909
9836
10372
2812
7693
14815
11828
16287
987
11945
629
5636
17331
8985
6981
7773
12323
11937
5884
5129
10176
1810
1321
1737
13973
10301
7551
10756
9641
10263
12394
3021
16452
11138
997
15667
6302
11318
10626
4686
13261
6277
15041
2084
8964
8963
14878
2585
831
44
2115
8610
8453
7764
7756
17157
4540
4273
12301
7594
8712
9336
12994
8584
17054
12710
16775
15473
387
2638
15915
13599
4615
10778
11004
13700
12881
281
10157
13744
3873
16541
901
3563
8287
9498
7542
17068
1997
10527
12956
15946
15591
3211
15440
2865
13646
16767
12605
4418
6608
11841
12908
4530
12827
14241
75
2532
9091
13814
419
9798
3562
16683
8808
10971
4606
5301
9049
3691
5317
10024
3573
16422
16765
14378
3149
4009
7667
12541
4229
5863
4646
9084
10583
4796
16134
11480
13638
13609
9029
5442
8447
13345
1087
2367
3249
16938
9256
729
4345
12178
4043
11883
4153
5609
7491
3118
2293
1404
8908
10939
6803
326
6129
6887
14058
11330
1148
17244
5600
16241
10757
1136
17082
5821
1077
2277
2227
16425
8717
1977
8468
9409
15135
6511
7870
2503
4548
11927
4777
2158
3803
16428
16735
558
4618
6235
4131
2886
10615
487
14577
4498
5446
16648
15840
14976
8475
1099
7373
8215
6118
15231
2589
3047
14293
11038
11763
1342
140
11942
5973
6063
4919
10396
12975
5981
14756
6646
7423
2643
4125
14469
14251
14055
5438
6998
3293
8099
15187
9824
2740
5378
11196
16834
10017
15649
6261
5396
3970
11080
877
4525
7307
6194
6437
9087
6722
13854
4648
4894
7927
10671
5610
6290
5695
3628
6693
6661
9644
2980
14762
14919
14547
11902
1902
7413
5283
10902
31
12947
3468
7606
8785
4557
7817
7186
17160
5166
16429
15265
15523
998
16489
4454
6711
1719
1191
2260
3719
3475
11356
7709
1487
10012
116
13072
3225
13305
2147
16973
7708
9167
813
9037
12105
4588
13937
16578
2173
930
1607
5570
3424
7873
12732
4561
8930
16730
4981
11903
8015
1424
7570
8522
16023
14601
14350
3092
1107
8746
5858
10824
441
15913
1913
7221
10465
17175
16112
10312
1168
13032
4663
11770
13620
13939
7529
14996
5504
2145
9577
16734
10289
1513
683
6492
3000
13639
6980
6049
2000
139
4432
14044
15713
14721
9061
2286
4859
16058
9042
8477
12581
2621
1249
8531
2078
9361
12518
7425
737
15138
3544
6295
2074
10136
16235
17028
3611
5617
9338
11460
7390
7316
5074
2406
5699
16375
15831
16777
795
347
14072
9208
11705
10188
2414
3899
8073
2757
9056
11662
1089
4103
17042
13792
10299
2037
12763
6228
7474
10473
6737
11445
10196
14787
6419
12905
2992
14614
16345
2210
9041
16518
7262
7270
71
9583
11504
2118
6043
11972
12196
8663
4185
4461
10065
14422
2230
10534
2554
9777
10888
4957
16641
13015
5552
3682
1036
1070
4062
14092
3210
4326
8540
5848
4899
9388
0
13833
6746
1515
2113
15431
713
12640
12143
12644
5344
12361
1370
9128
1397
1143
14284
9013
3121
8014
9940
12309
38
1291
9541
14660
12490
15400
231
1091
13752
7194
8049
11191
7540
8013
5512
9330
6875
4404
8713
9284
16721
12436
15845
2011
16988
3349
5632
13909
8146
7552
7047
7981
1090
17104
5391
2467
14122
7327
14796
2879
12669
2508
2624
3397
8173
13855
398
710
14827
6976
9612
6575
15630
8989
14653
6535
2741
13112
13226
16740
3144
15892
8190
8385
10264
7760
715
9449
4117
1558
3221
2083
14953
13782
6588
7001
12147
610
9706
4072
3062
5975
3688
4313
6401
5275
435
1163
12225
10746
11613
15970
5586
14934
659
2317
15056
10869
13967
404
8410
1570
11627
3116
6844
9679
15563
9523
3085
9907
8460
10613
10418
8692
748
5386
4369
14362
1763
12086
260
11636
6334
14136
1072
6701
4856
17320
7331
3028
6772
1523
10620
1875
8323
5637
5956
5790
346
10701
5422
7243
5002
1991
13801
9534
474
9
8826
8391
11337
2334
6175
10450
17102
16300
17176
17358
1017
10415
216
15836
15125
6897
6769
6766
13309
1718
3934
4381
3141
11704
17152
11280
17229
6311
10190
13761
11506
2824
1651
12114
5688
15804
17010
4521
7218
665
1792
8107
2261
12624
14160
17363
4251
9117
11904
4578
1346
105
2201
12194
1210
12486
4490
164
16732
5376
17199
5082
11943
1704
3387
16886
9582
7039
15545
14544
15197
7612
16787
8646
12362
902
6004
1205
2592
3800
13241
11815
13061
6847
11689
6145
532
15874
10375
10467
2085
16569
10167
9904
9250
14599
3656
3802
2804
3042
2987
11203
14887
5339
14683
14671
9518
13819
10315
12445
2989
3867
15255
10398
2476
8846
4475
13093
7790
13253
152
13512
4933
11915
7642
13118
16193
6200
14768
9127
4739
10774
1363
5456
3778
5028
7489
10430
7470
11261
9696
17290
3559
4337
15735
4111
17162
5132
8893
265
5887
6871
6213
16785
6920
4361
15665
4476
5322
11852
7497
6414
3108
9557
9859
2937
7951
16480
5859
5652
8493
2541
14723
6468
13130
3446
14341
8700
10754
10407
14206
1832
13983
5873
11616
354
4504
2232
17289
1083
15864
903
15359
6481
17332
10009
3972
13492
1835
6210
8547
16948
3841
7670
2566
12352
16783
416
8760
15027
12555
11664
15452
2356
12837
17318
2673
11234
15469
3710
9274
4348
14994
15203
10011
14798
14050
11569
5483
15031
1478
962
13078
2076
7850
2779
13914
12158
8948
10402
6026
1912
12550
11666
6292
13292
7658
14844
1225
11739
2894
9618
14655
16975
10431
4041
15313
9719
7066
4188
1414
1584
10736
10887
8288
16841
623
16754
11256
13781
4905
15938
1678
465
956
14150
2516
4638
8591
3637
14135
5500
6934
2404
14697
2540
9551
9864
7793
14022
16545
5373
9070
8275
13975
2529
5544
7000
12141
16922
12202
9471
10809
15672
11538
4362
15263
9751
4893
15871
11137
2838
641
22
72
6757
6258
926
5983
1812
8393
7731
16148
17368
13134
1097
12740
2398
3147
5299
2718
16602
12903
6615
13634
12964
7917
17045
2747
2455
4216
5145
11257
14565
5661
4500
3783
6389
770
2024
11832
2946
11519
15921
8862
10519
11049
8561
7930
17317
12718
11512
11936
14654
10532
3958
14204
15035
3771
10764
9081
1074
12891
2530
11983
5043
12412
16596
2788
14793
1198
37
11490
4602
4424
7982
2916
8381
14508
12844
1212
2122
14349
3470
4576
8875
12285
10851
3207
2472
1963
7762
3877
7794
10708
7435
264
6621
3193
2976
2512
1702
7546
7187
3633
7679
8546
12512
15235
12863
14425
1746
16475
921
6639
2425
1750
16386
1980
3821
6904
3667
8331
4335
12100
10121
10650
9631
9544
5234
3546
13961
17149
11350
14539
853
6098
7223
17032
12776
7294
9396
9664
3407
6779
13658
15850
12774
6075
16033
13758
3689
15636
1529
11807
11253
4129
15757
14187
14912
11100
9756
14977
16062
2165
16501
14720
8851
11435
8168
13350
14502
8877
13447
214
5588
9800
1427
5011
11339
7326
15294
14300
4266
160
859
16435
3721
5850
17055
1324
222
9888
7454
9346
9044
15471
3242
1650
9554
15579
11060
6136
2706
10948
3552
5050
13323
16014
12296
10530
7849
17001
601
3305
13033
11657
9356
14892
15286
9293
4354
5127
10392
12682
15575
9522
11906
3948
486
16290
5278
13135
8685
7659
14832
14121
12463
8611
8182
4163
2480
1178
8511
6309
2895
15037
9074
15443
8754
2297
11706
11283
10433
6054
4698
10099
1015
55
12697
12801
9474
918
8256
14497
6629
10715
6165
980
10880
16961
16181
11582
2140
6549
8612
10386
6572
6163
14791
16774
2543
8488
17310
3863
13933
5419
9938
13002
8430
8630
1813
2891
10220
15986
16934
16588
9711
2665
9177
8462
4965
2109
1972
12618
17335
5182
3226
317
9064
12212
3288
10533
3818
12069
4029
62
12003
6964
9653
10689
3657
2679
2307
16417
7801
2925
14359
1786
3787
10702
1247
16874
17083
2650
5522
13678
10979
6767
2075
6310
3152
10934
1717
3780
15430
2388
12271
11591
14855
1125
12325
11348
622
7845
11831
2364
13489
14078
6912
13502
860
9868
16526
11494
13364
8055
2073
2845
4669
15186
17142
14574
1771
16361
11576
10250
9934
11774
9720
6862
4457
9721
15542
1156
7614
14897
8973
14726
9470
10141
13601
14027
6351
324
12815
7723
7738
12349
11531
2860
4855
10492
4950
14526
9555
764
2082
11615
11896
7054
5890
11979
9543
1237
7673
12314
14046
1888
10469
13003
8658
16640
14410
11629
4703
42
3581
9985
5742
11914
12557
9688
14535
17349
14907
7609
2772
11986
9494
11421
3686
773
166
15371
1357
542
4403
12013
7905
5936
14296
3200
11382
1677
6325
6650
1904
1239
13893
9775
6056
953
14758
15573
10381
7393
2737
13695
12769
1505
5068
14413
11175
7897
8024
13542
3284
13410
16605
13451
7323
9986
7919
9426
14528
9970
16950
5684
14145
8891
6595
15144
6421
16469
6134
5913
13306
301
14769
1778
6665
3336
12223
9335
16793
11786
768
11542
12113
439
5462
1481
13039
16702
598
1348
10699
11580
7217
12333
14656
13221
13361
9051
12536
6760
2746
14273
13215
2831
1528
1664
8028
8574
15933
3096
10775
2378
9458
14459
2224
8539
7277
16029
9134
10181
14509
6536
15375
13131
5484
1909
2042
9315
8340
3968
13774
3837
2094
5237
12084
9791
8586
4612
14227
2068
3820
12761
925
11402
6878
16559
11222
16228
13586
11954
2957
13133
16563
14152
11405
11681
11910
10733
201
11540
6587
6479
12549
2440
4740
2591
16271
552
12935
15491
8972
6387
16074
7081
17036
5591
740
6202
4436
6510
11526
4941
4277
6697
14448
16517
10460
13667
10846
3486
3449
5341
5420
2368
3425
3308
14012
5381
14458
5290
2970
12783
15191
16122
8250
6538
4913
697
11533
10513
16068
523
630
6842
4311
6955
2843
15358
5559
15602
5229
5355
2762
3693
15098
11898
10565
16321
5662
7355
15119
13529
513
6979
16093
2168
1359
13245
6406
12091
13661
15959
12565
8081
15738
12805
14705
2888
10523
6818
732
9952
855
181
13981
12324
16755
7083
2885
168
10313
17193
8088
6799
6978
750
475
4288
1526
13768
3476
11878
5359
11108
1456
13486
15085
14510
9532
2867
9545
11487
13180
3480
2729
10903
9944
17138
17121
15578
1965
16381
1332
2707
10929
9459
2873
8859
9675
36
1197
2868
4793
14626
13496
2962
10268
2362
6557
5994
1736
3205
11265
13999
16906
12631
9184
14757
1847
1415
14021
1665
11045
1465
15376
4996
8726
6872
11411
17355
15158
3593
7395
15557
12129
6809
7786
302
1429
11548
11085
5834
15569
15852
1671
12182
10426
16905
4318
9887
7449
1386
17128
8290
10985
16819
15980
2190
776
6418
2
5316
2863
7526
10787
1807
9856
6225
16949
15287
2722
9385
9347
866
16384
16525
1508
2032
4505
12855
14773
14527
5371
11034
125
5374
5996
2228
10306
12081
11102
12939
15249
9058
16540
1432
8313
4507
11990
4324
1096
13984
13683
5096
2245
14087
14829
621
17204
6692
15238
6149
3629
16751
17253
14453
2850
11264
3252
12310
12345
4179
7704
13862
9363
1595
11486
9213
2614
1121
16351
12036
1391
15536
9157
3179
15829
12882
16005
5204
7050
2381
14592
15152
6172
1544
3212
5929
14608
10875
2221
12988
2597
8382
8654
133
9817
5643
1841
12438
6881
5939
3930
13155
16868
17265
9971
226
14638
1838
6460
8402
14301
11634
14494
12052
8207
467
6104
14999
11286
9342
4165
16945
2452
15925
11668
14399
7843
15547
2905
16574
3031
16624
16972
11214
2051
6597
13905
7538
3567
6299
10152
988
16486
8171
8661
9526
14011
12161
5239
941
685
12862
1857
3566
1915
431
4797
9781
5379
340
12258
3858
13473
6393
5158
16813
635
15369
10210
15597
17280
8291
15634
13094
14975
10606
10484
14456
58
144
10642
16222
7130
8451
10147
13481
11202
8868
14143
4137
4808
1765
12192
5266
3357
16789
3540
108
1016
505
16870
12963
6720
7163
894
15183
5284
451
9837
2112
8823
5798
10349
9593
7846
6681
1824
8798
15906
13479
9240
15950
11002
15941
85
2300
17049
8208
8466
8307
11546
1183
15072
2899
905
11597
12242
1209
1009
809
16096
16654
12251
1504
16325
4330
9187
11907
12739
6671
8684
5016
11150
15902
4709
7363
13297
8463
6476
12377
12048
14903
17145
8012
1994
6942
15879
6947
11635
8921
16812
5914
5767
2978
8115
10944
5704
4184
14938
9123
15889
2039
15049
2809
8572
797
12738
6820
3490
2991
12250
1814
4449
13886
634
11738
9295
16778
9927
3382
2044
17017
15477
15198
132
15030
17187
5437
9928
12476
9344
1692
12588
1722
14521
2095
8274
377
11370
11441
12374
7073
6943
5441
7507
11871
14116
1910
11899
4732
704
1093
11908
5984
11701
13561
15272
2955
5465
12778
10360
9045
16749
11772
4159
6705
16082
1597
15910
14804
519
15776
13679
6950
10273
13773
11938
1901
6719
4883
14051
822
10506
4278
10631
14658
2141
5602
10509
916
12970
13806
8281
1422
3878
448
3716
12372
5786
7137
4954
255
11152
10989
14585
12343
726
14867
1725
15259
7744
11311
5404
8623
10261
259
2963
12595
11109
11998
6019
15968
3886
12184
7490
14920
8378
15087
1697
8089
6992
7065
11055
8344
9571
12083
5926
1428
7438
14885
10598
7741
2698
10401
15561
2492
6220
1458
2448
7523
11442
3605
2423
13285
14645
8535
2235
9576
1354
4508
13548
5518
10577
6457
11823
11394
4101
11182
5329
8438
1716
4657
16269
10344
3882
30
13754
13850
3464
4089
17150
13302
4531
8495
13837
2146
12976
7152
15009
11225
10958
2909
4596
8478
9114
12741
1052
5473
7862
16528
1629
5008
879
2507
2841
10634
16161
7359
10535
7142
7274
6637
3137
1798
7719
1966
16791
5122
7291
1455
6807
2066
7339
9077
175
1569
620
130
14940
10980
13421
8237
6423
10323
5076
6251
5508
616
3724
8045
5338
9451
11737
3078
15904
852
8415
2703
669
5335
6272
8747
12169
8537
15082
8545
11532
9636
6698
15650
4572
1468
488
12410
8733
8731
4331
8246
9941
12713
4166
12675
17323
2999
9247
2050
13835
13256
8664
2687
4783
15989
9872
4105
14870
16443
1
7212
14540
4573
9375
4946
9743
8179
9464
15743
4992
12954
289
13659
4524
9821
3940
4767
13294
5443
11413
16701
14229
12804
12788
14249
10965
2249
9816
3750
2669
17284
11888
9432
2684
2418
13514
14450
6400
3952
2642
3192
271
9905
12488
14427
4222
13585
14684
14455
7472
15071
3025
15643
8562
2911
4439
6120
16665
11813
9793
1936
814
7894
5224
8213
6603
12424
14776
3913
13124
7591
172
15901
12456
6391
5516
2975
11255
13687
6707
12722
5297
3254
9282
3083
508
10679
15475
16621
14644
13159
15476
4220
13664
11865
9475
7808
11258
3697
15408
5038
16848
9893
15506
12451
12586
2559
10964
4106
16554
12346
6110
6027
14709
4322
4553
10110
11873
11388
11418
76
13414
13184
12823
9063
10314
2635
16061
4594
3850
7371
2446
3231
12693
7935
1026
8773
3945
6171
16239
6550
16863
4701
3084
9221
12011
2299
14009
12894
3347
10255
9444
2504
16876
10706
1886
10443
5947
7600
7839
2258
14607
348
10731
17251
15887
13251
12320
12853
16458
6938
7075
4907
7993
17014
16208
12524
3687
17315
9411
16466
11205
1411
2702
17347
7278
1018
1113
8634
8449
14221
11614
5181
5429
4173
14428
16858
17263
13472
218
11646
5627
14925
9987
16620
2296
3045
14584
1659
7810
16280
16414
2271
3672
1738
12062
3394
1328
1032
1306
13188
15538
6925
13594
2959
369
3599
11680
8738
15353
3404
3536
4791
17352
6073
15210
10192
8351
10072
13142
5354
4390
12041
10981
16981
5678
2330
2995
5506
8043
6366
2917
15391
236
7150
1033
5749
5513
3334
2852
3004
15797
450
12660
11324
12784
14513
8879
10371
14432
9068
4182
4529
13004
8494
7095
12191
3651
8279
2439
12527
428
3980
16675
5010
5100
13418
13615
1896
12843
4040
10639
14343
7501
4989
13113
5264
11789
1795
13867
9585
12050
385
3855
11040
8277
1511
13671
8590
3146
10240
5885
3869
7832
3056
8093
5161
4660
16696
11985
13008
8821
4679
3016
14485
11984
12749
15248
9525
12685
15365
5114
10668
15508
15257
11307
597
9861
2223
3126
4017
2335
1142
16560
8526
14238
14347
6561
10628
9472
1170
14165
10462
2971
4510
16299
6108
6039
2345
5558
17336
1817
10576
5099
7836
573
8492
15115
2483
12066
2134
16183
12666
1769
430
391
3454
7678
7272
13077
8321
9823
4445
15551
12384
11295
14818
13368
16317
1335
8027
16252
8950
14018
5954
12150
6467
16214
1933
9120
3772
1103
4916
11449
16184
11367
1922
4024
2107
121
6917
8896
1110
13923
8563
8394
11017
10563
12818
11892
16327
10959
8961
5260
13453
10449
2817
15013
3805
9661
14279
5421
3400
14321
4460
5232
13515
4402
7752
8671
5184
12965
5615
5194
5363
16333
8403
13642
17039
17230
7279
3789
2629
11158
7431
15566
4779
7910
7736
2872
1522
14808
1395
16402
9378
10649
17064
7750
5375
2763
4948
6411
13299
13955
8085
11354
3588
14600
464
10309
6570
1245
10921
6919
15254
8847
16103
3824
16236
10540
5478
13396
12962
6963
13856
16298
12794
1878
4682
17018
15957
5133
14581
1474
6160
5734
756
9073
1848
10729
7396
9878
11110
16229
14643
6905
14002
4464
3831
11423
6288
13960
16380
10664
4392
7506
5883
15644
15688
9685
12568
591
6322
11372
11756
10291
3998
2028
8687
4023
14417
10068
868
16724
14563
672
2471
2387
10507
9515
16173
1548
9421
6539
13790
16919
16055
8295
16688
11849
3917
16474
10655
13881
17115
15196
13384
16268
12821
9626
16564
6592
7587
1534
9956
2582
8464
11015
8779
5991
16971
3125
11881
1992
11717
15726
80
6405
5014
4079
5499
7012
8728
8534
9196
6677
13907
13272
7284
13528
4329
6424
8890
2612
9737
1899
1368
2709
14324
10212
5253
15055
8892
12214
13037
16002
15468
11969
10640
7956
1054
17123
2063
14264
1423
7022
10366
11077
9950
6712
9151
3717
8404
17166
13465
286
6826
1720
9159
11094
94
16529
13273
1199
7806
11773
8245
8106
847
7988
786
4947
10457
5177
9490
14383
13986
10114
3685
6552
8266
12123
1193
2997
9866
4279
13568
13927
9936
14507
8748
10749
8368
555
16844
11658
15940
13956
1940
10884
5819
5154
1064
9818
11818
15996
15692
3504
3678
16907
2342
6432
9446
11107
7167
13979
13535
4152
4190
2655
6596
2301
12974
5867
8635
15219
13298
11334
8691
15514
3388
4384
11213
3223
15184
15061
2131
3364
15981
4764
8490
3124
6777
15596
9366
2514
11014
13409
6748
16625
2983
12878
9420
11300
13071
16760
2664
10211
7960
9059
12768
1040
15277
567
7345
3189
4412
15417
14107
16741
10792
5537
657
4586
8789
17143
6011
834
14724
2375
16383
1231
13096
11824
15883
15863
5889
10528
3024
16160
7973
5186
14463
16040
11425
4655
7643
8308
14567
14348
17297
13847
9638
9601
9788
10918
9810
9486
4174
3350
106
5833
8342
7911
11867
6066
10794
9265
13024
12995
13208
4533
2786
13655
986
17321
2041
17357
12895
1081
9225
2325
4558
6652
7068
1322
13291
14619
12227
13022
15647
10139
17015
6731
14974
5352
10660
11218
11165
16199
10280
7367
5768
9234
3195
16820
5876
7358
4303
10388
16109
436
15136
14082
8224
16042
16920
9014
6718
12884
931
10123
13348
15220
12347
15945
282
16514
1223
2854
3187
5151
16896
694
9440
15745
15790
12282
10106
6105
13769
1974
3618
2777
2896
3434
8906
3595
8220
16664
16319
5022
8467
16462
7285
11563
101
13925
2793
16808
7863
16357
11304
1262
2276
14139
840
11410
9244
10059
14842
1648
4497
13721
1640
16840
13248
11560
13378
7739
12210
2133
605
7656
13083
4722
12743
5675
6686
5685
10026
13572
9150
720
888
2727
11001
14003
4320
4804
9725
16805
1129
4994
8909
9243
15813
16217
9995
13709
17009
7991
16631
4955
9559
2748
11064
17238
8489
4360
17044
643
16291
13549
8593
10802
3444
9538
9160
8431
9286
14557
8364
15567
12636
1376
12845
17231
6761
8183
5573
2137
13167
14906
12496
5562
5360
3834
15978
1591
3507
14587
10723
16177
12564
13699
17366
530
10420
3564
6541
13392
10154
1675
8269
6739
8992
2848
14875
10035
7484
8962
2780
4666
5134
7293
153
12397
1582
6178
3264
4554
3660
16651
15782
7508
10049
11472
17153
11812
1499
13242
7660
1728
15729
11359
16204
322
4075
7605
4069
13728
14750
8926
12200
12572
15206
11406
4799
7203
16652
5140
11572
12108
2825
1071
2922
5367
1990
12611
13685
10588
3601
16265
10271
10329
205
15326
3497
3746
8231
7749
12943
2699
4990
11439
16041
8038
11408
14247
3236
5781
15891
1388
12597
8130
13406
16768
11073
5533
13672
3634
8408
12641
10071
2319
3897
5156
16900
3040
14871
14430
11436
5899
6617
2019
16994
3279
204
97
1797
6377
4962
8377
9546
15612
14545
1829
9164
13095
917
5686
11057
4482
10677
12735
11132
16131
6959
16713
911
9377
2584
6333
14374
13673
12606
10498
7510
10422
4609
12317
1450
14717
6973
6413
15406
6916
11624
2949
3294
15977
8165
4982
16965
6668
17255
3154
8886
5334
1643
10444
11606
47
7357
2430
14489
5970
10635
7482
937
2588
14094
6581
8780
16547
7392
1988
1286
1596
9556
15895
14308
10693
60
10765
11091
15527
14533
5350
9875
2547
827
16337
8606
5764
939
10317
6876
9760
3508
11564
1059
3037
10187
10184
11695
11058
1866
4218
10927
4599
13098
16718
2942
1472
12707
5488
1365
3743
98
16487
13734
16769
16763
711
7300
5101
1514
9624
1280
13580
9803
16178
6645
7599
16030
4832
5495
194
10202
11268
5032
15221
16604
1387
15501
12678
3408
564
6350
4240
3002
211
7975
9896
7746
13394
9598
2870
3267
17030
3950
2509
1367
14017
14835
8795
7701
15685
2994
8587
16650
8187
4532
5475
2789
528
244
3849
9575
1806
4650
11859
10197
4949
15862
477
5305
16359
11310
11677
4665
11648
13677
9491
5736
2274
4817
11260
14479
6270
15006
14898
9027
2640
3461
4906
3360
10909
14909
9989
6795
14405
63
2302
9339
9327
349
8010
14759
7689
2552
8428
7240
9584
16955
8946
10316
16266
15057
3374
2953
16314
6571
10257
7102
6183
10107
3804
9727
2496
1490
16407
15880
5231
4898
13681
15645
15701
5930
7131
7649
14780
16054
4046
15861
8613
5171
12942
6680
15423
14266
4124
16558
4073
11189
8194
8267
9889
12501
10442
7535
274
14118
10451
8817
4876
6133
6873
14880
1636
6135
9403
10205
6542
342
16794
8601
14097
3
16693
4257
16166
3607
2907
15937
12420
12259
8161
478
14468
9955
5849
4903
4626
5248
1462
777
9003
8154
1172
9683
10762
11392
13121
15967
4582
6477
10048
1115
11554
7058
8181
13952
17308
14460
1735
10132
16818
5485
9125
9075
5794
8084
5087
12085
8380
11169
6609
3870
5311
6344
4428
8678
13045
11217
9503
2222
4692
7386
4964
16127
14946
11797
6086
16194
7858
11918
15590
12634
7603
13789
7619
10856
2690
8913
7283
2996
327
8004
13232
12240
13150
9834
5315
4795
781
5922
2749
5372
816
1706
2344
2064
1248
15789
8907
5580
4064
3654
9879
4189
13228
4071
10304
16027
6503
16006
5774
15046
13387
9323
10876
3378
13288
2352
6046
527
4346
13579
2801
14316
1869
6052
6815
10574
5445
15407
10711
9862
6459
7042
8689
12283
9298
757
5083
4030
4437
4180
12037
5832
4049
10010
2842
4395
16257
11279
8863
8436
2939
12353
6033
8889
613
7046
12213
3001
126
9732
2973
2887
12851
7237
10331
4839
8211
4619
830
12850
14777
1976
7996
2893
16369
9768
5358
1486
2405
8327
10952
7848
5289
660
14606
17099
1492
7437
15164
15816
1726
7797
13969
9600
9853
12167
4604
8839
12294
4977
13611
4472
14950
11353
10112
14627
2316
4483
3257
2030
13099
15998
16586
9929
10567
6903
15898
6497
12031
15121
4516
3484
3842
429
14480
16037
3929
7589
1132
2956
885
7480
14214
16610
5517
2498
15113
2003
6713
3964
3673
6918
6353
4339
3876
6482
16000
7584
7929
14198
15241
11336
13444
17067
2424
1378
7865
2106
3423
15605
1419
16151
15459
5693
15966
11130
16485
1975
4670
12402
2441
15223
8127
15242
16827
14172
8933
8841
8257
11249
12754
5723
8126
9604
3868
6227
3391
4261
16197
2421
9210
12981
1872
7106
15066
1311
16220
8461
4291
12561
15736
5551
6776
2129
10097
7209
11243
8072
6169
10803
14375
7555
11651
16136
15854
10849
8803
3414
12626
8776
9838
4976
4805
8239
13468
1947
5160
10216
3845
13275
3442
3748
13340
15276
16138
1666
11174
2400
12193
13312
6971
12726
5287
8772
12156
8621
3265
14113
9996
6318
11778
8722
15985
6094
13653
17195
2207
12106
4922
1275
454
7874
15799
15841
10345
3755
16984
14881
10022
3914
13527
9462
7227
13590
5482
3166
13929
9023
1649
2479
15619
15032
4265
14310
13237
10514
1028
6230
11840
9218
2859
1213
12162
6540
16477
7653
7980
10826
14207
3379
9841
12042
16530
16720
3113
3928
14400
14498
5427
7306
15993
14037
13559
11009
1048
3864
3114
15922
14560
14442
9682
9833
16543
11947
17282
7691
493
10155
14144
12472
6594
14944
8314
3058
13836
4298
1546
8672
5937
16215
61
12657
13648
5036
11529
6560
16814
10917
12633
426
3171
9391
6888
6428
3631
11037
13980
7297
7621
12218
14641
11444
9141
2920
4059
3260
4824
16616
2816
3557
8370
11742
545
14461
13174
7992
5978
1804
16264
7696
8553
12951
5382
14752
2644
2213
14516
11376
9182
3835
3112
15543
862
11619
13704
14807
12063
12335
9246
16669
9333
16924
16165
2196
5957
17307
7029
11099
4603
1723
11313
2214
4091
15200
12967
12883
6768
1653
16689
13597
3937
1525
314
8665
2067
6823
15020
6728
14511
6521
8955
8147
3838
10870
14613
6667
2523
15234
15045
9592
1612
553
1510
14789
7391
7353
12946
6360
5349
5665
2120
3064
8981
5196
14384
5033
3006
12876
4681
15224
14845
14795
10225
6504
589
4486
7799
13998
14386
3959
5696
6986
3068
3823
11056
16956
10941
11562
11345
16050
2485
1822
15387
10935
470
10027
325
5745
15106
2869
4800
4537
12825
17235
17058
5809
15005
15953
14883
7559
284
4090
14182
3105
838
1964
4011
4565
3087
16692
16231
9216
10539
6095
6224
16049
13970
4491
9048
7537
14320
9082
658
6396
5464
6212
1361
14226
6141
502
4364
11978
898
2742
17223
5608
7952
1905
16866
16100
2187
7119
9665
2104
8357
14546
2522
12990
15769
14625
12027
8304
10585
6060
6348
14833
15345
9620
10555
13595
3050
13274
15156
15177
7717
9020
13429
4691
8272
1604
15934
7180
12877
14155
9714
148
15010
7665
14800
16150
3278
10800
7899
11455
7833
15674
2700
4352
2602
1932
3668
16008
16963
15192
262
14133
10940
5601
1060
118
1552
14899
17232
12367
15541
1062
11419
8854
13635
5944
12610
10618
14053
6679
3933
15040
4577
10353
9418
8441
7502
3851
8240
15420
1401
21
2773
3609
5072
11545
11275
2002
16902
6643
9227
16237
8017
12457
10131
3253
14981
10727
6675
16837
8617
9519
12477
11061
15907
15449
10893
4249
7971
3168
10346
8669
11810
11622
7784
2898
7718
12968
10406
4231
13876
1001
1484
4054
15698
9423
15655
11479
4835
3577
5226
5826
10303
11118
11351
10245
6341
11753
11870
13085
4451
15530
15671
7225
9753
10916
5725
7165
1235
1287
4018
5647
3206
455
17219
6498
13182
12623
5830
4419
3174
8633
6367
15297
5687
2505
11396
4260
3732
6750
2125
5201
12009
2603
6248
4286
8544
13869
12057
16772
12612
14233
162
4515
13985
11031
368
8804
6861
8588
5592
920
14884
2580
11889
5715
8541
9252
959
13128
316
13598
4170
4757
13787
6074
2618
14500
9341
5579
12828
4677
2649
5119
16167
4714
4036
10868
1642
12533
9241
14803
8810
17173
5503
12940
8782
12276
3384
13313
7804
8708
800
5698
4401
287
3726
9512
12119
960
6148
9566
4747
12523
12984
15686
3271
15679
10052
13007
12407
8752
2138
9687
3332
2385
6633
5771
2206
14598
15662
5435
5104
7087
8677
3222
8032
10752
6495
10092
5860
4201
848
17011
6456
10203
6420
11446
11467
16187
4788
2535
1670
17177
16373
9007
14158
14995
16964
13250
13846
2265
9656
16939
7123
1227
7882
785
14716
14299
12455
9207
7827
7795
6308
3592
8362
16570
13020
2478
6157
1993
1507
15482
1329
6967
11897
11768
4309
8214
5020
7987
9533
7067
4697
5209
192
15157
7879
9794
12189
13538
6533
16672
12869
7932
2696
17163
16887
1506
6041
4325
9932
3943
3151
8232
3375
8133
15202
6790
804
5735
7840
5400
10224
2903
2251
6321
3436
10270
8389
2359
2256
6234
11678
8423
5655
7090
9345
10983
2761
15160
8845
15515
1317
15304
7465
2004
5501
12530
10287
3074
6326
16681
4943
719
2919
3533
2889
4397
14902
167
1006
15252
165
1714
14848
2667
1076
1732
3537
5498
6623
5536
2285
13898
1051
2148
12670
4847
15167
3232
16953
238
3829
10933
8670
1754
15396
11764
10153
3951
909
239
16365
7114
3450
5646
9715
1135
2370
1849
1489
11028
7235
4300
2420
16537
14923
3675
3395
9647
2179
16418
4816
7349
5370
3665
7878
17228
12467
5273
3859
15171
4891
15976
633
16219
261
7381
14760
10016
12023
12900
5916
9442
7712
3966
825
12767
14822
12708
10198
15924
14269
2830
2832
9496
10860
11192
8918
113
1233
13779
9002
6466
16416
11163
11511
5065
684
13651
12015
856
13349
7444
3270
4285
4358
769
15137
9259
7222
8645
7984
12054
8050
8725
16095
2437
992
16873
16771
17060
11963
1731
6740
3296
7061
7978
13370
1351
8071
5903
4995
3043
86
13840
6725
8969
9301
6161
6007
2878
2272
2630
6958
14886
10901
16043
5671
161
5778
10630
6239
15947
73
8255
12222
7452
14735
873
14781
4717
17134
6090
12858
3885
1078
3538
12566
3695
3955
10678
6053
16044
15153
12977
13583
9329
12599
2513
7853
16784
1416
15588
5730
15741
13935
16731
1025
4234
3647
9997
8968
6164
12949
10874
9845
4380
5654
294
1800
1014
14439
11427
13070
6827
9895
9846
9769
14537
4149
15398
9005
5211
2340
13115
3625
3915
4986
8831
4643
9090
7924
4420
13050
5938
14602
8309
600
11724
11630
8087
6670
7328
3854
12525
2237
1241
6634
12505
4284
3167
2156
2676
9118
11599
12295
6016
15340
9999
3889
7100
9925
4489
10489
5246
12514
11344
382
9487
9028
15960
512
10118
6811
4690
11404
8005
3145
12694
3291
5403
13487
17246
9168
11400
3984
5992
15495
3331
14167
9822
14491
11122
16951
16976
6264
6724
6152
13738
10950
11601
5576
10581
3094
16500
13931
817
17171
10209
15867
191
12551
16979
15622
11341
9242
5348
13838
12431
7290
4882
12034
1793
8915
5710
1863
7933
14290
4861
4341
14646
11437
4258
7706
698
8401
12613
3584
13485
3844
7016
5689
6332
571
16860
11333
7627
4597
3309
829
13756
8425
8172
1073
12777
11603
5169
10967
6106
15876
7183
6855
8742
7947
16162
7997
12752
7457
8480
16192
5029
7343
12216
13407
11901
11431
4541
6839
15581
10829
1843
16224
6836
1228
14212
5452
705
3574
13753
13466
15595
6850
7854
2386
5692
10841
4315
6388
8233
17168
14936
10056
13516
5191
565
16488
4468
3825
6837
6598
1310
304
1846
15963
13831
14823
14661
16736
16912
9300
11325
16694
4411
15535
8978
2810
9425
14441
5471
5064
12744
9697
15264
15699
5487
33
2105
1686
8293
3622
12460
4675
15607
10362
3365
12715
7562
16270
11025
6315
16258
5603
12950
15552
4208
13575
6023
504
2564
8128
12748
10638
5310
6501
10499
4904
8600
15582
14725
13214
14738
4813
4280
10395
8334
17048
17156
12548
2287
15073
11611
6849
15690
7109
11276
7636
5658
9738
15343
7412
12418
7702
4769
5792
8416
1589
7970
3699
11874
2745
11722
2828
15583
12019
1149
8942
11822
7432
6911
16889
16803
3474
15131
15659
11719
11587
16790
13944
5754
5048
11561
15323
15356
11825
9186
16456
15428
17141
4299
12076
6628
17126
10359
5560
13264
1803
6830
17184
13556
5707
13240
10910
2960
3163
9146
14915
689
10229
2689
15571
6278
13025
819
15572
16797
783
7488
15116
9778
4734
3315
5717
142
2154
2328
3745
17029
874
1625
4605
15830
5869
15560
2625
14753
12056
12704
9965
12576
8959
15918
14961
9742
2677
14126
13784
14696
12829
17236
1703
4936
7630
2563
11861
10164
292
9813
1298
5298
17245
8373
9191
249
16877
14447
5416
9963
225
14477
9231
17178
3598
5031
2998
424
15944
5761
7113
3238
5595
6794
5027
10646
5894
2357
6080
7192
12256
6342
6601
13817
6499
4379
6759
16143
8189
9567
2853
10447
124
2188
8705
13290
3807
5240
11550
671
16509
15490
13592
6673
10687
854
3995
6339
6267
3926
16185
10873
16786
13287
17299
2324
2733
6607
7602
7257
14650
17264
16470
16766
876
7430
3158
14418
4827
9747
5056
14707
5618
10897
7844
7292
3543
14465
3494
13625
491
48
13993
515
12195
3896
9741
995
12892
13084
17369
4025
9465
8735
17061
11515
13244
560
13691
14364
5872
2093
11999
3453
13443
10137
15450
12159
5362
16341
11395
2336
11006
15815
1141
4871
9691
2238
10908
13405
13191
12751
11806
15890
12509
3183
12409
15429
16376
17287
2185
9960
2189
5532
10286
10823
9437
6113
12074
12924
15537
7876
13475
3178
2117
13554
749
8155
16504
1082
667
15846
12672
11676
7829
11193
1580
7144
14905
4589
16598
2521
13809
2373
3302
10878
17220
9316
8707
16712
11520
12293
13895
6792
14718
765
10735
6532
16535
11164
3907
1406
13179
13074
2487
6933
17303
8934
6780
6370
8432
7648
3283
1583
15842
14618
3277
13945
14319
2077
8209
14911
10061
2193
14831
15278
1566
6062
7197
590
10899
9370
15168
13026
10872
11928
12756
334
5812
2921
3775
7442
3621
13532
3586
5319
8406
10806
1853
5823
3019
1700
3560
70
6451
4422
6402
10207
8358
15180
14132
702
270
16012
9948
2013
12028
1808
10032
8360
17006
3765
11148
12471
6879
642
17023
577
16607
5203
7116
7763
17260
16836
881
3904
12671
16172
16439
13001
550
1263
4773
12226
8332
10337
9055
11525
8412
1029
12692
1438
4818
9178
6425
3034
2183
8079
656
13263
7560
6654
9500
14000
10858
460
7408
8714
363
4685
15236
13183
1630
3990
2666
8657
6020
13577
10195
11306
10308
7527
4552
15394
11116
10144
16459
15447
12000
25
12510
3301
6361
8901
14865
17237
15363
16086
12902
5476
14570
3201
14076
10825
16890
10791
10587
2010
736
4118
6296
1894
14248
14841
14862
16853
13372
10739
10214
4499
16658
5228
14416
1842
2839
17314
1256
11555
11053
12516
3764
6618
5006
1041
2070
16927
9417
7685
16998
16796
1753
10619
12051
16684
9204
13746
469
3545
12897
10169
14101
999
9312
8345
8555
4927
4493
3181
9162
16822
2877
13062
12770
8696
11868
8528
12563
9441
9200
2815
2475
4715
7354
13260
11023
10023
3762
5457
3429
8931
13749
9135
9390
3164
14730
5815
5459
15393
1639
6867
9501
12780
2545
5528
15919
5257
5225
10570
10208
10020
15143
7724
17074
15024
11377
17277
13670
16615
14471
12885
15012
12430
9325
12461
13541
9206
4264
12812
16992
2023
16461
808
2144
3942
14423
16997
17107
16059
4680
16135
4177
4453
7286
13926
2846
9050
789
3175
11342
6316
16234
11948
11584
5149
4819
5906
12098
7716
12010
11092
17198
16294
8802
3165
13176
10004
6071
2246
9860
8971
5787
11741
6362
16473
3316
13714
12997
9686
3725
10666
10067
991
5924
548
13885
9745
15875
16301
14088
15912
16279
13748
14023
4592
6009
14083
12952
5619
14852
10013
2560
6614
16629
5293
3390
12991
16729
16284
7563
12416
16579
10135
5243
15529
7518
13301
8260
7597
12329
8285
9185
5128
11206
11013
7847
8353
6988
844
8533
4683
14640
12277
1911
7295
11876
6662
5589
328
16334
7503
743
2913
3953
32
16336
3627
17022
4081
17005
12174
9563
2127
16962
2716
1008
9897
8487
5935
15285
16970
3412
1634
16308
10058
484
15460
13358
11151
8874
9092
9016
5235
1816
5141
13393
8361
3822
3214
10963
2060
9036
11604
9224
2988
9569
9783
5102
17373
16491
10252
11686
2596
15559
12321
9883
15110
1293
17203
14254
15761
432
17364
11084
8703
9733
2199
12443
9726
8604
9530
7585
12165
11070
12166
6127
13470
3735
14982
9643
13211
16073
1030
4274
2139
11453
1598
7753
11378
3790
5700
1615
5292
6651
2826
16250
1417
17305
6610
5385
10624
11925
2459
2176
15857
2197
11047
11791
15929
13713
9547
10487
14722
1373
1622
16226
3282
8405
13270
8842
16267
8628
17337
10243
8376
17167
10063
12274
2431
8400
10786
12197
6070
6244
4347
5818
949
7415
11961
11660
6574
10545
10254
1668
14131
15768
16831
8625
7663
16454
10495
438
6926
4012
9516
14571
4501
5024
4828
5303
10672
10085
6249
13404
8585
15442
7374
14146
14232
10326
16128
4716
8951
9195
16821
2413
3784
14142
6320
674
6465
15625
10911
3893
5895
12663
15427
13526
1729
8911
8263
3405
457
3524
2321
15565
2474
16251
6111
2177
7573
6659
34
10511
11401
8369
15256
7368
9188
6233
3202
11809
1921
5449
9257
1498
14586
11305
16663
5553
8328
1836
17252
3090
392
12835
3883
4452
9183
7805
7111
1203
276
14124
2785
6454
3525
5294
3991
13617
9782
13419
13793
7553
4063
2735
11476
10218
3138
10091
13791
16238
4546
13336
17053
13522
5525
3982
13762
14857
3156
14068
16745
336
15603
826
7857
559
16318
5075
15114
15629
4194
13169
5861
846
812
15754
13235
12796
4852
15533
9085
16102
1442
4918
5408
12841
15139
6751
16519
3744
10572
16411
14066
10367
3373
1037
3371
7477
15931
7214
17240
8614
8243
6328
718
14103
1801
1830
2601
14120
9140
4037
521
7384
9603
11267
6770
1340
5901
14224
15077
15517
4798
7494
1973
8820
15078
16670
14200
11277
1586
14942
1356
14617
7566
4719
9744
15633
20
6817
10995
11804
8680
6642
8727
10867
9967
10865
16240
8112
10340
2397
3916
8923
5439
115
14099
4237
12849
791
17209
4869
2043
3971
16722
16881
15038
7008
17324
16636
1854
16182
3921
14368
15780
16862
3569
14554
12797
7043
6616
2211
12095
4857
5330
8158
7248
2678
4520
7245
15178
4617
9574
2108
16404
14703
15762
16075
9138
9052
17302
4399
408
15140
675
2539
10476
6188
13442
6894
2705
865
13448
10855
13718
11955
6565
9262
16304
5342
12303
7812
2365
14446
15355
6832
6337
5190
10201
649
14536
15478
7774
16097
3827
14893
13415
13830
5312
16851
13948
2924
11371
3848
13334
8169
16221
3516
9776
16350
8502
8812
13834
6262
16695
1300
10769
15446
10101
4162
13555
1962
1412
11161
15638
6331
4233
13401
7026
4171
2620
4243
10186
8434
3553
9062
3999
13162
13068
8336
13596
14218
8497
15316
3135
14435
13036
6906
9477
5893
3060
1288
13724
11796
8180
7500
12221
177
16090
14084
10915
3965
10578
8919
6173
15589
11068
10486
15385
3796
16437
9033
4952
4522
1385
5212
3782
2355
14860
4760
10239
10000
1265
4470
3203
8711
13343
9413
6167
9102
2849
17147
15347
17092
15175
12406
5613
6116
15756
8003
12836
13908
13848
9939
7928
8034
4336
2692
1266
5543
394
6854
15089
9236
1925
6381
16510
3663
14074
8479
15512
3806
6841
11996
5827
10233
12247
11508
14196
2724
8914
15556
7048
15621
16003
7698
498
11866
9017
3306
7105
15336
14237
3285
16682
14225
14649
8744
17165
1867
10140
5584
15060
1898
4745
13284
4077
2099
13731
12375
16829
9373
13490
3674
4355
15111
1971
6306
6900
5494
81
12913
7512
2619
14379
12601
17090
13770
12220
3623
12668
6889
11018
12369
15716
17125
10750
976
2672
13494
8136
13757
7792
11361
13581
8719
4825
2884
2121
11953
12005
13511
4122
5486
10569
16343
1494
608
3119
10517
13332
16915
15166
3348
7135
7811
16242
7571
8235
6884
9611
3020
9796
4463
15464
16322
11407
7360
14333
14467
518
7158
7483
14089
11714
16007
15392
15926
5842
15646
17285
6582
8743
16158
11489
3402
3241
16
14596
3526
1137
8929
10768
17186
593
2269
8937
9095
15916
805
12686
8199
3229
9308
5909
14960
13887
12468
16067
5417
2778
11346
10898
9730
4979
8559
4506
5729
15150
13652
13684
759
6825
3575
12241
3583
12265
79
16878
6856
12937
4425
4743
3276
6446
5233
5649
10075
11180
12426
14990
1260
3989
7831
8676
10949
9038
13816
12865
2263
5993
15618
652
13379
13493
182
8876
11201
8523
3828
11585
8592
5393
338
10643
5206
16426
8740
7825
16717
13177
13841
229
2659
7921
444
7372
137
16773
16119
11507
12765
15251
3269
2394
10797
10520
6604
13075
14993
403
4282
14315
3871
10890
15753
14157
16986
7721
5115
9840
15364
2739
4407
5625
6682
15759
11703
12177
7140
7710
3944
13921
15764
3014
10055
4942
14590
7383
1211
213
12920
2059
4634
7429
312
12873
6788
6089
11760
5829
11299
16064
14409
4969
9493
6229
13662
3196
16273
11146
15832
7816
8990
8741
3072
14376
1641
7631
13544
9610
13958
16859
10684
3590
4099
2086
13562
10670
8509
9974
410
13890
16104
17101
15689
14001
8902
5624
9261
9628
8053
1408
217
775
5888
10524
9678
13604
940
6796
13353
16989
11609
17191
12315
4536
8068
17066
603
4328
6471
10675
14105
10177
4333
14559
664
4953
10864
16546
16608
4911
2583
15448
8241
922
4961
760
6632
9707
308
6219
6323
11838
8519
13665
2393
13910
2463
16320
4758
2338
14265
11179
4865
10364
440
6928
11081
9255
1831
2979
10685
6247
14814
15548
2244
7441
1930
9107
9570
10573
7682
9032
5838
9609
35
1960
15017
10560
8407
17257
10122
14512
14737
15818
7772
329
7219
7531
10795
12483
6364
14775
2837
1571
16499
15788
15445
3801
11788
1151
17190
15783
15350
17088
14532
15320
1477
6
587
9983
15244
10490
13506
10438
9658
17183
2171
14209
7020
15001
8599
1879
7903
6496
12650
725
10861
6246
11934
12567
6359
3669
6085
16832
3130
5865
10321
11926
2569
8570
16370
17041
3704
13504
5966
772
7961
6524
16218
17206
9480
16478
7872
15439
17019
16163
8771
15
16726
3366
14294
16420
12803
8347
13102
10600
4687
5081
16655
10170
10474
4785
16908
10421
12901
3779
14366
16686
6125
5155
11882
6345
2606
3117
15067
6886
13573
12632
9693
14197
15246
5069
372
10405
13269
4008
4888
4834
6966
5593
15247
9212
5510
14331
15163
11715
16396
9735
2151
5179
3910
13000
14326
7913
12502
14825
3110
1195
10232
767
15994
14454
10853
9065
12449
11977
16423
104
8040
4973
1131
10039
7983
11699
7375
6480
6819
13478
12170
10847
2259
13825
4301
16399
9848
7943
16431
6771
8882
14487
14692
16816
16703
11039
9205
2320
2562
10223
10284
11027
3731
13091
3228
10575
6211
12163
250
13729
6589
14288
12328
9587
4858
3093
12399
14268
16288
12381
13231
1524
16565
6556
10185
6084
15951
65
13042
15522
2363
9429
9142
13163
13165
1699
1023
11323
1192
7159
6773
13513
2377
3275
6744
425
1564
11041
15554
11649
11826
15979
5799
6252
11994
8791
17106
3139
2904
12712
15499
5638
8667
13137
1035
14490
12153
2527
4528
4759
1167
8543
14988
13941
981
6567
9030
17035
2626
15975
9288
14854
12001
8265
627
9130
1923
4636
1480
13563
525
14708
2605
6368
6010
11097
9276
3097
2312
7154
12319
2162
12772
2116
14593
1098
4915
13314
6793
6017
6404
11769
1236
12969
10146
4568
10808
1968
7365
16149
5571
14951
14628
3814
13255
15507
7091
13498
2807
13618
1616
9591
2781
4985
2794
16662
9558
10113
11007
8301
14763
6676
17322
16330
4631
14090
717
6935
337
13591
4853
2743
3472
6987
17155
11784
1066
3751
11691
7421
16515
17116
5948
2531
7382
7370
6931
12607
15188
3005
5263
10089
3209
16494
5325
12832
9302
11588
10028
8121
8356
14767
16352
4509
14358
3059
9328
9381
6684
11389
13295
6336
12544
10922
11720
366
10743
129
12331
2723
17129
11422
1987
7743
16421
1333
7469
13534
16472
6522
1278
6398
8212
7998
10479
11303
15570
17278
17103
7822
11952
4254
5932
13351
14765
3620
5279
6269
6975
556
11154
15472
10042
2775
7999
3157
11851
4645
1124
17338
7889
9202
11157
4456
4674
11292
2047
3255
5180
357
15712
2719
12099
4221
3578
3458
1452
4002
10293
11322
14262
16424
15129
4088
14052
4246
12736
6915
16275
5810
11452
3761
13974
4192
8280
2744
15333
6185
7517
14175
11781
2061
8485
12160
10070
4513
6298
4085
15069
5998
4652
2182
8322
5198
615
10661
17202
9724
7881
1542
11718
2708
14117
14297
9340
7737
12773
12734
15708
7880
6490
9640
9258
11530
14354
14108
13286
919
15677
6806
9379
13398
5170
1043
8242
8697
10882
1740
908
15209
9096
10843
11365
14615
4203
5282
6268
5088
15015
16309
9112
16072
9158
14811
2964
41
17201
16990
11162
17072
8945
3740
10776
575
15795
9008
7330
16592
12760
1661
13371
17038
3220
12728
3479
14391
248
12006
5670
7641
2149
4802
6936
3432
5078
16643
2392
8860
10302
16869
11935
15161
1381
9966
69
15159
16678
3652
10073
5900
13005
11459
16512
557
13785
2506
15404
6715
7010
6349
10221
3591
3356
12263
1305
332
1864
8609
3482
7818
17291
2348
6990
780
3794
12554
16613
12498
13666
16823
8552
1200
12792
8145
1451
7125
3063
2103
16855
14695
8205
9311
13186
9447
8011
10204
16674
4587
1394
16630
7040
10622
16639
3069
7598
2570
4921
5395
1501
15176
15262
7476
4889
11510
16614
13462
4610
9792
3286
6896
11498
5554
3514
13552
3463
3487
5583
14123
950
3233
1251
14242
2062
4481
16627
6130
9801
8529
11262
1221
2575
1295
4181
3451
6330
4756
3445
7177
1350
11875
10536
8643
7318
3224
3109
7761
17362
9468
151
1446
2280
15847
9632
1929
15366
9248
2098
5150
13377
6376
1568
8724
6395
1045
12173
14255
6546
8300
4581
8615
3902
6166
13431
15532
8949
6993
14235
1739
13868
14578
15008
17296
5188
9874
16799
11790
9304
1034
10478
13388
3649
7722
16016
4864
4109
12899
2169
3903
13354
16606
5324
15585
7337
12382
6868
8551
9484
10947
661
8104
3459
15833
6613
4433
2445
6845
7592
13052
12049
2401
6678
4574
7940
11312
7145
5547
9718
16230
15660
12257
537
16764
16727
13741
15624
13531
3204
6346
1218
14137
8732
14588
7948
11232
5479
9228
3321
9899
15518
15888
8595
3352
10083
3715
10920
8282
12511
8618
16561
10559
3579
824
12176
15422
8594
796
7803
3758
2353
7151
17216
11565
11087
1818
8637
13877
13680
2254
17130
1637
13467
344
5942
2519
6159
13637
6813
10747
307
16026
7819
9022
11574
11780
445
4641
7319
12126
5923
7060
10102
3227
3712
13035
6898
1208
10480
923
5777
16645
2468
7170
16467
12118
15825
5121
11391
13310
3791
16779
16553
9978
10084
6764
5986
16354
13550
12154
14853
3237
16838
16009
12521
16804
2611
1352
5013
16293
8157
11195
14457
7595
10758
11071
16839
1667
12979
13303
541
12423
14272
7004
10151
17016
11298
7059
10119
1150
7450
5599
4806
8390
1140
11291
11623
14754
300
11830
1880
14659
11850
15812
2945
8830
4332
815
13915
3645
3927
4781
14351
10074
2444
8624
15086
8033
16289
11046
11913
3954
11293
563
4139
2568
13197
16576
14208
2730
2610
4928
9263
6507
406
10647
14859
16719
14159
9740
446
971
15303
16463
16536
14106
11654
1232
4206
11430
16101
15216
7783
13576
2598
11173
9473
11558
10830
6627
4790
8150
12868
4622
16028
12122
2384
6952
2940
10339
15090
13281
16121
16628
6275
11922
7695
215
13435
14849
9568
7305
3576
4584
3234
11692
10978
16999
1949
9698
14761
5892
17221
11153
16883
8454
12594
11321
6758
7133
723
17371
356
12494
1364
7104
5972
1243
6683
8920
11207
1270
8329
1011
8474
5967
10993
17002
13141
16954
6003
5800
7629
14928
16762
9106
16021
3936
489
2358
17272
8349
10296
2617
10537
5394
8928
14190
9226
1710
13697
12078
884
10341
6131
4367
11549
2331
4164
13602
13897
10866
1984
9729
3053
15462
12130
13943
1826
9313
14043
3268
12730
5380
4466
13317
11509
3369
407
11011
4378
16580
15658
4511
8828
9520
974
15091
8867
3061
15592
15722
12267
8681
3738
934
7692
12287
16410
14515
14230
6487
8512
14275
4052
5030
17063
17247
10796
677
11709
3172
16544
10885
16619
5657
3420
9397
9314
12016
4993
4034
17226
1102
7699
11513
13957
2502
17316
6051
8456
10976
1518
1956
9460
790
1068
12674
745
2726
4939
9439
7115
15694
4263
9880
2565
8996
9334
2657
15411
10673
6458
16115
3513
6407
15608
12822
9485
12155
3979
5058
7596
8916
2938
5568
11171
5383
13420
1327
5135
16116
9700
7364
2200
16843
8330
402
5623
16036
4389
4252
3875
2482
15706
8131
11608
4438
1435
6025
12043
10760
10710
10130
6209
5648
4630
8384
9324
5343
1128
17135
6088
3297
8583
566
4970
1628
8026
5989
15802
16899
6283
10748
4160
821
15969
3140
2462
6036
12604
716
15314
2607
2304
12619
9869
5644
6093
11688
2040
8898
303
4886
6443
14277
818
7514
16051
11127
10790
13030
8767
5208
9812
9169
10728
11949
11403
11855
5405
5106
11625
13811
10763
6137
15988
4712
2253
8455
9076
8884
9716
2366
12432
17111
14285
696
14932
811
17086
4862
5679
10342
15290
14180
7446
405
9900
1654
8253
10726
13880
14202
1772
3091
15023
8292
8750
8970
263
14505
2056
3931
5271
6944
900
3413
4809
12127
16360
2950
11723
12614
12731
11184
7807
1978
1360
9668
5541
1694
11124
16589
6128
1220
16069
6132
6335
15141
7637
15822
15381
15858
11808
3128
10977
3180
17000
8878
3003
5713
9619
10390
7492
9890
5496
14729
9885
16018
9912
8869
2578
7638
9401
4484
4469
5555
9436
7915
8816
12515
5951
6029
358
5055
10805
5574
11950
2488
14904
7191
8442
3430
6641
7184
2126
6908
15377
4340
6745
10241
15120
3101
4987
11777
2283
6156
12022
13213
1307
12676
14431
927
2333
16156
5701
9299
5526
1608
4172
11469
13132
5910
2935
12376
14382
4242
13912
8178
4082
9850
14168
15784
2821
14421
10105
5388
8641
13293
4388
2628
8234
10745
12893
3298
4512
10779
5219
12980
2915
9649
362
14075
16508
14719
2111
4812
8422
586
915
9359
10651
186
12733
3011
2764
9536
11246
15577
6948
12334
14834
8941
9672
13006
10928
5251
14605
12810
3856
5433
15744
3244
4095
2637
1277
16930
4270
13953
4766
7674
15458
15853
10179
17146
14239
11194
12959
11215
3355
7779
10379
3603
7732
10505
2470
4006
3565
6369
1679
6983
10811
14389
7787
8679
9572
13619
12358
1161
15562
6989
15470
12620
8629
7633
17270
12491
9581
1491
2408
1516
7485
15274
1789
5628
6559
6232
16413
8855
483
8579
14739
14623
13126
12577
15039
11477
15051
10751
3153
6553
5366
15174
15112
1631
2910
13703
3795
2534
11095
2432
4275
16283
2020
1669
16916
3679
13764
10621
14337
16223
3057
1301
1345
13225
10780
1900
476
12378
5630
315
10361
100
11575
7767
16198
15500
6835
15503
13108
12396
16865
1563
8221
13640
11347
10149
6340
14828
12073
7188
15088
6198
8640
7985
12058
16105
6436
3055
11141
9193
12318
7034
15824
12458
13459
13122
14250
5856
10134
10030
11779
7733
3872
3266
7200
3416
3320
6399
6782
12714
14115
8639
11556
5217
15487
9634
8655
197
5103
14203
13804
13632
11062
14555
16743
15639
14783
14086
11329
10459
7253
5195
7525
290
2627
7086
2178
7443
1733
17096
15117
10307
1617
5425
510
6838
15806
14192
15425
1285
4880
7275
7966
7954
501
4092
6143
14941
744
15673
4130
12945
6914
14363
546
14937
631
8848
524
14673
6877
9630
2674
12237
7049
15132
13246
7120
2217
15598
3912
13300
9199
16752
8957
8881
4447
4224
5274
10720
10554
3401
3798
7174
2881
379
3690
7179
4738
11089
12435
6885
583
120
9287
4353
3433
1644
14067
12138
8429
15054
9787
2460
4093
7155
12322
5877
9405
1117
5220
12982
15424
9676
4684
6092
10166
16937
3127
279
13566
5113
3385
8763
6034
12562
4448
11517
6223
9115
15920
1044
700
12393
4972
16550
1758
14289
4583
6569
8074
10475
16506
5091
6797
10276
7031
13019
10143
8317
11912
7229
1369
13942
16403
7770
14713
9399
5705
5538
4051
4967
2347
9969
7092
12664
13911
17140
3411
10194
4488
9749
6065
1179
14174
8210
14014
8124
5835
12919
6663
10330
6969
16699
17148
8806
11570
8569
4357
15433
16154
11136
4748
17100
12275
5990
6260
8895
16232
10404
15103
2890
5839
5270
3333
90
9175
10054
9266
16882
13356
9368
10327
4736
7868
18
9457
3035
13474
8452
15324
16066
1315
3421
753
7097
14236
754
171
11975
16830
15317
11247
16885
15748
13028
3809
8674
11029
8092
8386
7172
11456
1398
5318
2407
5497
17288
5107
2661
8518
15817
12175
11594
14063
10543
5216
10681
12187
6427
2546
841
16871
1862
4699
4849
7098
13114
7224
13426
3111
13669
871
13445
562
13049
7473
5183
2069
7267
9789
6743
92
4534
14620
3572
13742
13100
8090
9759
15882
810
1730
3505
9260
9319
7127
8042
17094
2941
5402
8571
10350
15717
15059
6857
16493
1056
794
11030
2782
7549
14071
13824
16329
4975
2571
4226
11997
15909
16742
3159
13896
1856
13954
12464
779
11707
14164
10914
5124
12124
14016
516
2670
3280
2553
5265
12591
6626
11637
13607
8273
12465
4720
1745
4815
10409
1953
1645
1851
7033
9230
5300
13827
9993
3303
13480
423
787
9651
10552
3439
6238
11216
9549
3492
14244
15007
16190
5173
16852
5548
8202
8176
6357
1240
16464
14414
6435
8938
4283
7129
16076
16872
3361
17361
730
12556
2262
1683
924
13889
14081
15432
11145
230
267
434
11944
11098
16978
1609
3733
6529
11199
3909
17225
1680
4639
14380
5732
3493
7545
12403
7561
4191
1578
16366
15632
16332
13517
3707
13794
17301
5097
16243
6924
9578
7610
16377
7298
7547
3757
6910
8632
12120
3370
2604
2654
16432
9428
1177
4067
3993
5635
15434
5269
14895
7147
2275
17293
2754
9844
16001
13178
15763
16364
14483
3104
10234
2014
3760
8305
11827
3044
12208
5426
14436
7720
6802
3901
15670
4814
5650
15201
3653
8549
15372
27
9383
11495
6114
16315
13034
11156
15668
5759
15991
15654
13947
2928
2180
2766
11933
1344
400
16708
2538
7513
15771
9746
7635
13509
15489
9586
4161
321
12934
15627
1766
16137
12629
6257
5086
1392
5080
12312
5581
6203
7618
1085
11035
9614
16393
12470
15997
2150
9173
11160
13127
15092
7250
850
12764
14385
2984
5527
3741
3642
1493
5152
1981
16398
13160
14514
13826
57
3339
6028
3888
1959
4477
10272
14444
10862
4608
2714
16597
9021
16913
10987
11438
3317
13413
10458
10722
6478
12503
7213
9975
15370
4998
11659
7085
9757
4027
11844
12135
5492
1935
12292
16261
11385
6518
7969
15068
2966
10961
9197
5368
5847
7322
10161
16390
2291
14112
11716
17059
16434
6749
1983
4792
5668
4267
15593
14663
7683
12060
4198
12531
12007
16427
11916
9650
6008
5766
11115
9825
17004
7035
3048
8525
7402
1253
2270
5902
1554
1887
3353
3847
6347
11820
4241
1186
6874
13047
8815
9659
10352
7672
8603
1541
8683
636
15839
6117
13381
12089
4098
4083
4550
11131
14580
3376
17031
13344
2871
9722
8446
10138
3511
10437
6024
5857
14562
14809
3568
14772
15774
2930
14549
15800
6940
17091
8576
5432
13523
12627
12833
6242
2725
7938
1377
8037
1876
2556
16195
10389
1463
9616
14278
3857
1380
2279
15133
2417
2339
9040
5982
11237
6077
12911
1042
13510
14529
4885
11244
3107
13477
722
12354
16285
9858
7734
5413
4150
687
15311
9469
9923
9093
5418
8191
7681
2166
6081
5837
10744
16227
2756
12103
9349
7856
8564
1005
5001
14433
78
4078
45
8387
393
12696
16716
16395
7727
1663
11121
1281
2914
8499
3131
17109
8596
15348
9550
7965
11075
11358
13239
14217
14956
4268
7950
3664
15457
7869
16521
10690
12025
12414
12585
8413
16098
16114
4104
1160
16801
12269
8503
5288
5019
6576
10191
8983
11725
16201
6669
7051
11590
4
5137
11274
5346
16419
7620
1954
7280
7204
11645
3714
15405
497
9466
4053
15616
6417
703
8538
15044
11338
1672
14792
10262
12094
11390
4896
8063
9799
4169
3737
7406
3571
914
9011
7139
13587
16406
5095
7942
14109
343
14246
9454
7977
648
6696
12547
9463
12958
1759
10393
1985
14141
8659
9916
7564
3199
15402
3624
4763
1575
1273
1229
16522
6317
15075
9172
4467
3049
6042
4614
16038
3343
9406
2855
7141
8505
10938
5164
15004
7755
16617
14220
647
9108
2653
12702
2954
190
15034
15553
13603
16633
15014
16129
2609
13996
15992
1556
11793
11802
7859
10488
11082
8296
11168
10521
845
2461
15207
13990
9310
15253
4693
6305
10892
5816
7156
8144
13971
16078
2660
13140
5886
6685
5467
7628
14766
6624
9001
3709
5709
5131
11727
1756
6700
10378
14325
16903
207
6584
283
8793
12244
3612
2379
14966
880
7
10653
10815
16534
1182
13616
6831
13739
12064
4065
6204
2517
10525
14611
3881
14323
2447
452
11190
13117
17024
15042
4539
6729
4377
7056
8695
9655
12816
584
12448
5612
4725
9590
12854
15661
11147
8159
13763
14492
3185
1698
7459
6237
7236
14335
8865
14356
3161
12635
12389
7005
7838
12190
15331
2292
11272
10
8094
2369
2458
10111
2022
12107
5870
16929
15383
123
5596
626
1715
1362
4230
13647
10290
11607
11877
14949
6439
5921
5249
6515
7505
1509
17274
11586
7379
14519
11697
5079
16460
16697
11393
8838
389
15302
15983
9131
9410
15737
4135
5147
7002
6508
906
11631
8648
10549
4156
8530
15534
16795
4940
5308
12151
323
15130
11853
10160
15421
12278
1924
13859
12504
9190
8184
6512
3661
16936
224
3012
3589
3403
8550
15628
13823
3797
12798
16923
4197
14008
1320
11905
12217
6154
11072
15124
727
5620
3865
8837
6528
8341
10956
17341
1594
2382
7941
5364
8315
2026
1602
5531
9703
422
15766
15900
1144
9617
14838
12415
17114
7261
9170
13539
4262
10832
13403
7707
3884
8459
4021
11951
11144
14025
11814
2001
15837
4668
14096
5199
2456
13149
15233
9495
5904
10066
13205
16358
2170
12529
12898
4752
7751
15028
3997
13660
9235
9321
12961
12996
1685
4276
10986
8998
11596
14687
14930
7745
10363
12401
13849
10332
15453
1599
10674
5296
746
7329
12864
14130
2567
2255
17076
7690
12359
13430
1545
12281
2683
8197
693
6547
11693
7475
13081
2412
10094
4959
7958
13788
1946
1540
9728
9174
9309
10038
2494
7759
6755
3985
14751
11320
10590
5949
5039
595
17161
7726
7800
4042
6664
13965
9126
14836
1134
10128
11900
9283
5659
11269
1443
16748
11612
7410
4833
6674
11776
14913
14568
269
16557
13014
11521
8339
16196
6121
7824
12593
16555
12917
17027
16572
14784
15550
7138
7467
14193
7448
9357
1676
6869
16776
3095
13820
8229
11000
15811
4726
16447
12134
12090
522
1482
2266
13649
12097
7925
12889
3359
6431
15258
14357
14286
10351
3312
7418
10966
6851
9119
6962
16698
8379
14424
5953
6045
8421
3198
7893
10783
11113
17196
5007
10108
1734
8650
1790
9275
8504
12819
14161
1943
3530
609
4010
1219
9109
5175
9483
3659
12300
10129
10298
11656
4887
8686
12687
4728
707
16248
14564
13341
8258
2952
3703
4429
11466
10724
2091
10087
13027
17110
4654
1861
11129
9832
82
15835
6913
3808
11568
10142
13565
13851
2623
12543
1787
13369
4292
7234
15611
1560
16815
14199
16817
9562
12973
5594
15337
935
10912
6250
4559
1461
3335
13712
17254
10044
10566
12489
1950
16168
11543
15146
3398
10411
4642
4356
16758
9886
15000
13066
12061
6254
13546
13373
3437
11366
3080
7778
13139
16180
7742
5000
15395
10515
8284
2090
13916
9071
5988
6563
686
12387
10562
11743
11785
10541
10448
7426
13600
16032
8445
3626
10297
7388
11665
7776
9909
1224
5852
7228
10440
14647
10228
7754
12745
2351
14473
15118
5626
1646
7077
2495
13391
2477
1517
12203
15732
4458
4141
3960
15681
11104
14933
9035
9842
15631
10333
3922
12866
3319
14496
17087
16635
4459
16441
5851
14393
5398
3313
3639
11468
9962
9223
7593
2186
14924
15626
8765
5320
17276
10879
7070
13882
15033
17327
14367
4176
13209
4821
390
11176
5042
11066
8836
5112
5491
13775
6606
747
13857
418
1576
6605
2110
12846
9392
1890
11088
741
7884
4158
7389
15808
8251
706
13315
16577
6843
6150
12716
10810
7164
9808
5871
14397
6774
15785
2174
1479
2736
8399
13054
3248
7380
11198
15456
14426
12729
12645
1897
7558
1421
3351
5961
16511
6035
6733
15781
892
1303
6590
1471
10385
15640
8905
7268
9692
1130
12368
3235
12725
3988
4784
2641
6319
5607
1600
13589
5663
15546
1553
16770
11223
8883
15194
11573
17350
6863
7195
16174
7166
3976
383
16833
15705
14434
14520
6555
11450
2466
13766
3956
12286
1497
2314
13038
7671
6695
2986
15656
6545
2770
11355
14360
8335
17334
6426
11829
17108
14523
651
761
15182
7544
12688
4416
3018
16753
5073
6013
2411
16479
13558
16917
1809
13525
2422
4731
11241
11012
1088
10238
12932
1457
17197
6445
5934
17271
12255
2982
17286
6102
12480
12411
12806
604
6732
8706
16356
7453
4441
12360
9362
16455
6531
2944
12087
12139
12966
14704
9239
17136
10819
8056
12957
13675
146
11801
9903
9054
10356
6946
13903
15510
12413
11432
10996
14138
2202
2435
13776
459
7901
13230
9499
4878
4269
6895
3478
10007
14679
11309
6523
15601
15868
10761
8109
7650
12985
16967
5406
3304
9870
15211
8619
15793
3644
897
5090
5667
4209
13164
10335
606
12879
1189
5272
13063
509
3640
11610
4750
293
8597
6789
11886
15022
4514
278
4394
11212
15917
1815
4344
11643
10542
7990
16618
14939
16328
9352
10522
646
10006
9408
7468
9254
11290
353
11364
12807
9211
495
11238
14712
8852
2399
14338
3551
16170
10709
309
4751
7946
10683
11140
2240
10311
17208
447
9215
5672
10663
10159
3932
7037
10804
3895
11209
7939
6717
9290
4787
355
15827
4417
1358
7758
10069
10717
6438
5716
13888
15497
9913
7781
1689
16492
7445
16209
8007
16438
5791
15704
8153
5718
14181
16019
11384
7611
8192
14420
6271
437
16433
15599
15451
13932
9621
12999
16125
2243
16690
11461
228
6142
3501
6619
14404
10029
14672
963
12419
16374
5629
2457
585
3007
10348
9332
3287
15281
4186
8787
7896
14128
7486
8720
10446
2308
9595
13992
16353
10242
4710
12700
1215
9958
695
11074
11252
14651
15332
15604
8774
16307
16368
1075
4929
15803
2016
6537
5572
4310
10611
1204
1067
15524
10924
16292
17180
6433
7032
9291
15410
3023
12813
4383
12495
1926
1216
4157
15351
15878
11571
4119
12927
466
8582
2711
13891
7231
5919
9450
9317
5262
5676
12762
17071
10403
12235
10281
9828
17309
3027
10813
12598
6984
16513
9780
3701
3994
14398
611
1399
15204
2313
3381
12573
2033
11332
3705
668
11655
14270
8411
7205
12986
5880
8792
7815
13813
15122
10504
7424
10014
5189
3774
3594
2167
2822
6055
5567
15719
947
10046
13111
8602
9521
11854
17070
6289
247
4695
16700
7348
11673
49
14026
9527
145
1092
10712
6791
12082
14582
11454
5836
9153
11527
13195
2577
1708
7522
13878
4644
12665
9786
15952
4066
4564
2329
8822
3938
3815
10050
5582
5733
5846
5941
3539
13668
16254
12659
639
8465
14963
7766
11497
12024
17062
3512
16744
1206
17372
3467
6462
10158
6397
5025
7176
16200
12944
16567
3503
1469
6354
5977
13751
3071
14267
2972
13249
15872
2409
3218
9597
15463
14575
8605
10258
411
6286
14336
8783
39
5472
5009
1709
7944
5143
5952
8270
15081
5345
1181
13460
2576
17040
3447
16020
7417
4478
16010
14098
10320
13803
9906
14031
889
680
14553
2481
8075
1439
13031
8397
9105
2396
14030
11263
11932
10368
3749
12771
5891
13125
14210
14711
13257
10697
8476
5995
2791
12717
7013
11301
12434
5740
11008
13103
2783
15243
13626
8226
1757
10103
3148
5843
16566
4423
40
12856
5227
4473
5470
8186
3162
7705
15147
806
15338
17281
11440
802
5755
14743
9136
7995
4502
4087
17374
12284
7063
10383
10820
1187
7934
7288
11884
5060
6187
14312
16931
11463
2017
13578
5353
103
899
10018
8904
12040
728
4127
9646
4214
15229
4061
15298
13482
8801
16295
2048
220
11847
5853
5539
4271
637
4667
11120
15189
4735
12142
8337
14329
15613
1903
10627
2851
4807
5084
6107
13060
13656
12766
9386
2341
699
5261
784
14274
1532
9945
9047
1207
12077
15266
13497
10982
16556
15971
1217
11845
5256
11178
13316
6833
13946
8994
16918
1860
11909
11816
12229
9615
15105
4897
1020
8835
1618
7646
3307
1527
13120
4753
12481
12473
28
5747
3132
8396
13247
17248
957
11188
8325
7887
4134
9843
10895
5511
2350
14127
15749
9981
4334
7914
12337
12341
14038
17012
9353
11988
399
2827
6273
12230
12
5035
1891
9660
15149
14517
8857
14095
1276
15849
9350
6343
1775
1176
2587
7210
318
15357
6422
6865
5855
200
2289
5874
15222
11397
16867
16157
7979
17279
10328
8976
14179
14685
4113
15801
16107
10253
8111
5824
14689
4872
6463
13428
2380
3671
13064
5931
4733
14866
9710
14682
8409
15270
11251
13279
11976
13949
2454
1693
13924
12327
12706
14676
16048
16440
4487
10629
16632
6527
6208
11278
3328
6706
2616
11757
11755
11618
16146
14119
6954
13119
9407
12727
13906
1931
6968
15058
1979
17292
1338
9057
517
17122
14154
6279
6828
7093
10596
14733
7662
4988
15648
4831
9354
479
6932
1565
13469
4143
3022
954
89
14745
16739
4446
10704
5397
13280
12428
5023
15479
4689
666
8151
15727
3986
11227
14997
7912
7841
16737
6493
5739
4239
8062
14821
9514
2969
14280
16379
4281
16921
14445
8312
2525
13296
16142
7182
13029
8352
7866
8491
4443
15151
8058
11721
5034
12302
3358
12243
4462
8064
4895
15663
3462
4694
12366
2080
6636
178
7317
1375
2346
13318
9717
242
16077
8359
2267
350
17003
14104
8424
14231
4112
5817
15948
14948
13966
11042
7385
16310
8481
1222
461
1828
15079
15367
14850
5841
5862
13934
9613
13362
14779
10343
9921
12365
13951
6059
11475
9977
5110
14353
14178
8303
415
3711
2326
12654
12112
10079
3635
7775
3608
9145
10347
16391
6786
16516
7556
10481
1055
2473
14314
9149
13363
2025
3419
6153
1109
1214
10171
9497
10741
3289
4114
5340
4658
6352
1881
11523
12045
4523
5399
10265
15142
13082
7700
2847
14371
13411
16071
3962
3086
2337
6763
12787
11083
14365
8414
9492
7082
5529
1684
1561
15675
11817
5267
3263
2212
2124
10644
2079
15942
14482
9269
17172
16634
241
2035
11516
1587
14201
15419
2943
16747
1845
11710
9580
10556
7902
4094
1581
10322
9233
10165
14004
3777
16070
16638
6294
4338
3978
3066
16904
7171
13861
653
1834
4974
1779
5142
5807
12348
11111
8302
10434
7972
7346
7215
13995
14826
15964
12211
14033
7634
10593
9731
861
8690
11535
1257
386
14631
11349
5712
9663
6021
1914
3548
13375
3324
5822
7259
17213
14412
8375
14452
2250
6517
4951
10788
12615
8333
7310
8134
12088
311
15065
15772
1021
4624
8152
1592
16996
5291
449
3177
16465
9770
10676
1614
10957
3518
11991
8059
15682
5052
8580
4678
7122
8506
10998
7208
7714
9994
3892
1106
1294
11211
17164
5614
5664
12904
15617
9267
8249
13989
4217
15378
12522
12759
5125
11399
143
5205
7959
16339
10742
6752
6736
15820
7498
14032
1086
17356
11501
16941
10945
15319
4289
15498
10470
3322
673
5130
10589
13107
14861
2721
26
4215
2038
13374
412
8298
4193
8668
7078
9285
46
15678
13913
592
9579
10955
7401
5681
9220
7312
2294
7909
10766
122
9238
272
8228
16892
14185
8986
2247
2194
14805
9306
4937
6147
4044
16857
7096
9271
14401
4028
8813
6599
134
5054
5980
16451
11434
10269
5447
17052
12790
6455
12205
9785
9892
14955
3597
15435
2686
5323
13606
3008
1626
8849
8096
6997
1104
4225
7964
4742
14475
6139
11803
8472
2579
1755
8225
11135
5521
1127
10133
2631
10399
7242
9771
12133
131
2372
12838
13143
14318
5763
1656
3440
9297
985
2902
16611
5959
14888
9000
11973
14252
4056
43
11297
9513
5241
16272
3817
13190
5424
5577
3299
3208
11626
16824
7335
14253
6956
10896
2426
3788
12578
12679
6380
13471
7604
15279
14782
9839
11848
8
275
16849
8759
3734
11982
8076
4713
16533
2395
883
11273
10698
15544
9671
8675
1885
12245
7735
3354
7588
9253
221
10285
6358
10906
15778
14785
10502
13399
10267
10093
12948
1521
7572
4570
14801
11856
12540
16935
13153
15576
7216
6949
8833
9322
9424
13408
12234
7617
5455
3342
12929
3874
15623
13058
7994
6448
3471
12404
6573
12861
13631
13767
8647
14926
10759
11989
4492
8751
2490
3767
10988
7342
397
93
17267
1343
955
9713
6307
2172
13346
13540
12207
4070
15710
12608
14699
10688
11373
7520
7198
11633
1080
9489
1175
10773
11327
6860
4575
3456
5673
5093
4005
16225
15693
15973
3500
1624
14910
5431
413
16738
7495
2295
6126
9086
15881
12795
16583
8095
9296
17211
2436
7006
2829
15995
15346
13402
4323
15956
16845
14698
11228
12304
1430
15403
1688
3527
7206
4107
10656
11887
2428
10854
1761
13023
8737
11420
7532
13484
16302
12092
14971
1038
10999
1242
10564
6144
5750
7211
3786
15172
12121
14622
14216
3077
6644
9795
3641
3515
7652
9281
17132
13090
13433
872
1917
11043
6491
10053
375
17343
13852
13347
14149
9372
5139
12571
12918
5738
7009
8105
16894
2402
17217
1764
1928
16249
5192
1691
6961
180
6291
5557
13076
6775
14282
8542
6241
7464
4867
4661
482
13207
8162
6410
11687
6982
4223
14914
7796
15755
14879
12444
10798
14945
12643
295
17215
2844
1444
13322
53
1744
15676
456
7892
17273
5377
12921
3197
3736
9430
612
6655
4688
4560
5357
16256
2152
13276
11417
5561
3483
2820
10968
9991
13918
11966
8388
5979
8217
11713
8016
10857
11795
11642
9607
3392
10493
5590
9015
16188
16856
8039
3082
11833
2897
712
2593
10040
8927
7254
12852
13519
11729
15893
10150
13545
14292
3489
5276
14740
15076
16412
12737
13630
11096
8790
14891
5714
2912
607
1284
7041
6660
14028
14156
1101
2813
8734
10937
14742
996
8069
12811
335
16263
13707
5218
1272
1574
13073
9152
10844
15481
12896
7366
2248
11835
16637
10417
8536
15504
9268
4368
2561
5172
16914
11032
5306
7820
3115
6300
7117
15296
12198
12699
10529
12038
12308
10848
8077
12537
6429
2586
8101
11428
6394
13795
16011
13326
14633
6600
10279
11792
7615
10582
16253
6991
1751
15083
9305
13708
12887
16057
12583
1770
13145
15360
9176
13815
13844
11992
13382
4175
12421
3532
6363
13778
15280
5927
7777
6822
12808
14629
2797
3367
6282
9043
10877
2710
4625
1448
15096
828
16909
1601
9689
8372
9289
17065
4228
17340
7143
2464
3428
6449
3054
16966
1839
4232
364
16362
16496
4250
5840
5138
12260
2926
13203
14947
15770
11314
6753
8261
13853
7669
8110
10494
994
6470
3655
7730
9531
16942
10707
9414
10755
12880
1535
2524
2049
10900
8622
14035
14556
3939
1791
1577
15939
5540
7622
4934
3256
11726
12262
11485
1467
4673
9931
183
4820
12388
14874
913
3520
14552
14163
5268
15295
11319
8392
8268
2572
15855
4080
14504
14346
15750
594
15062
6058
6189
1920
6812
3662
16063
5015
11114
1871
14840
10725
8448
16031
5999
15730
4563
7578
14858
11819
11890
5259
5796
4033
7711
10453
8718
1741
1998
7715
15734
14332
10034
3377
9608
13692
2558
14816
16363
4305
9443
11036
17179
9802
15718
8395
13690
11289
8061
948
12209
7352
291
15217
8699
8227
7926
2204
1620
12872
714
13304
8156
17200
7169
9680
4696
16216
7729
15932
6038
1488
6562
2732
681
13051
11106
14747
12938
1562
4372
1606
14041
15897
6123
1855
6379
10607
13355
14176
16382
11956
8515
3630
17325
367
2130
4406
2136
5247
8702
15307
5307
15568
1821
6082
14992
11287
3729
3770
12609
3853
7320
1657
6390
17113
7136
4877
8811
2281
2646
14701
4730
15935
3262
13158
16810
17158
9433
863
8520
10623
14317
1611
12742
6030
8029
6312
9412
4047
5785
16644
7666
17084
11593
3554
2759
13331
13057
5801
15306
2233
6206
11683
16022
10991
6201
8418
6091
11891
7304
3756
15309
8880
5314
9704
12018
688
6048
6631
1162
10259
6834
5751
203
2784
4444
13725
16715
8348
2647
10432
9705
6742
4138
13917
10557
5
10078
14503
14215
7178
8967
11021
8799
16305
7362
4307
1022
9774
5017
2918
4431
14890
7107
11968
8853
964
2765
10200
5414
6068
16562
11383
15765
11451
266
13711
5302
4629
15339
15169
2656
6109
16926
11484
15990
59
4343
10183
12575
3341
4022
11352
14219
4038
6625
5616
1837
1573
5765
7157
6551
7124
2053
16409
6519
13327
4518
2055
219
12164
4803
7765
2518
8508
15521
14183
1425
6593
4097
16371
12746
15415
5067
1184
9279
4721
11369
12724
1906
9404
6805
4297
5875
14080
4794
16052
1652
8223
12683
6215
4410
5907
4026
10705
500
731
17137
16612
9750
10508
5071
14929
12157
16593
1934
15342
10992
8900
8827
240
6442
5845
944
15805
16312
14714
9835
7011
12499
13968
4595
10807
2544
16099
7266
6378
13894
2715
14790
5621
15070
2701
8419
15834
17131
5896
14810
10278
15444
4984
5389
11577
150
10610
8177
4704
9088
5474
9089
10292
5814
1366
11386
3070
15488
9964
417
4772
5985
5788
7281
16548
15107
15026
5105
10636
9666
1230
6846
11879
864
8870
9517
7428
14731
9237
14998
17174
11962
13582
15099
3713
15414
13202
1655
17093
10019
7962
16306
12720
14771
15208
13
14295
5703
6505
6738
13359
16587
11172
17033
891
9537
12291
371
10886
4623
11259
68
4140
16141
15097
10295
16372
8575
5047
9422
189
2790
2720
5252
12914
6756
7907
15397
8264
3722
3793
6699
5489
7809
10394
2497
9180
7852
5653
3466
13799
12539
4846
7153
9982
9163
1194
3338
4706
15483
14403
15669
8805
4761
6155
843
8244
13551
8125
5286
5854
4391
7255
10801
8616
10561
16083
8216
4142
6037
4351
11747
16895
709
2515
9539
16401
2900
3292
5509
14583
2758
7411
11170
9094
11800
5697
12290
5146
4866
11048
1371
8662
1238
6710
6469
12072
12392
11443
5165
1727
2695
14538
7900
14073
11197
9166
5604
11702
16296
1961
1538
14917
14817
7968
16378
3843
10408
1783
10692
6726
11858
11200
13427
1420
2977
1660
12890
12802
12971
3846
11621
16065
1112
10377
17218
7524
16571
7256
4768
12989
4580
11836
15454
11650
1053
11155
11869
4912
2738
2015
1948
10482
13524
5094
6412
5162
9453
11326
3098
13389
9445
11730
16346
2796
13105
8840
13737
12459
3184
7511
8148
6186
9779
4238
7955
339
6226
5748
721
9133
9876
8070
14464
6801
12232
11940
16600
15084
12857
15558
16705
6741
9804
11746
6579
7616
8984
9954
2528
2268
2226
3065
16202
10700
13786
4057
8138
1309
4474
9829
13123
12642
6704
16507
15080
1145
14550
6591
2856
4854
9540
2451
14693
8116
14770
5744
11069
9415
6087
14690
14476
13278
11805
8834
13194
13884
12493
14488
1304
3495
10182
11964
13872
14060
17181
5789
10659
561
10716
2857
10658
1185
14922
13307
11433
13216
11639
381
14184
6714
17295
4775
12215
7624
10414
5387
4930
13055
14342
5784
1250
12386
788
9911
13044
16502
16590
6256
4400
4923
14355
4838
2018
13694
10247
15330
13129
10591
3718
16233
14970
12711
12246
15826
11557
7771
15974
11387
15908
14303
12487
11181
8000
1418
10799
735
15048
2581
10925
11284
7199
16982
16875
1500
7249
10734
9957
2875
14151
5045
12637
11794
3426
9277
4365
12955
458
4211
13116
13397
14189
2096
11967
5480
6995
10376
2181
4547
