7783
13985
17172
11075
8506
9179
4862
756
6486
7811
5257
8180
12589
5237
4988
5953
10111
11185
16251
100
5045
14224
6065
11052
8996
10544
14301
12830
13924
16261
16483
9132
13670
6966
16511
7069
4347
6228
3705
10743
6023
6667
6892
16272
5951
6959
3149
13954
4932
6200
1411
14640
629
8253
2785
9589
16280
14005
13520
13818
2743
8075
10164
16606
9463
3863
9915
16805
16385
16247
16964
623
14621
519
2084
1288
8530
10724
10240
9655
3867
16583
738
4409
15918
10648
6174
12850
6103
7612
14234
15830
13841
14019
867
10549
12478
12028
856
15434
6624
15663
1428
1232
6694
16727
971
6738
2883
15199
1375
2911
2973
7008
3394
2990
6175
12954
6931
6012
10199
4223
10298
7764
1901
16488
16864
9742
3852
8614
13586
8817
15986
7928
6900
6979
14051
12882
10761
14627
2124
1231
2800
15313
3346
4741
81
13891
8673
1969
3525
8676
15054
5691
6199
16536
1080
9784
12085
14630
9969
10294
1151
2069
7085
16395
15801
9013
8274
3572
7686
11845
14128
10299
12366
3370
16568
16494
5829
16409
15183
5157
8336
6798
4518
3842
3210
8753
16724
8855
5648
11939
11225
3716
1178
1136
6420
11888
14352
10177
14030
4609
13046
11153
15758
15457
4122
16887
2617
9272
11947
5153
1199
15924
11299
16813
7671
5192
13868
4736
14806
6670
10592
7266
9385
5520
5548
12468
16670
7372
17124
15256
10600
12586
12687
5255
16850
13361
13140
16716
675
4431
8432
6374
16558
4667
12158
16130
13959
3780
13920
7339
14003
4094
4401
14009
15205
1662
8271
4972
7752
6466
15104
10845
11675
12566
13853
7219
11244
5150
5280
2750
14908
16325
6448
11032
11274
8468
12386
1165
2182
14667
2762
4705
3400
10180
6615
14456
12292
7929
7461
13726
5538
1741
3594
242
8868
5823
6950
15043
6637
5015
7206
10068
14153
11649
13719
8231
14210
16331
8930
5088
4021
10401
731
16218
1418
1003
12263
8105
10320
1514
1770
13214
11826
14426
5767
14072
8567
12681
1100
6999
21
15791
8646
13406
7193
3856
15967
15572
5964
8918
9940
14084
5535
4375
3185
16485
14768
8892
16763
14236
16470
17263
12018
12103
1592
7942
3084
16388
16030
11173
17131
13948
13011
83
10645
3996
476
540
6819
2852
10965
17162
15790
1202
13352
16852
5448
4146
11922
4509
3182
3093
10770
4301
14108
16134
16564
16809
4439
15747
3317
2872
2411
10738
8674
12594
9949
1618
13968
3326
15159
6823
5212
4456
9982
15654
46
903
6998
2003
17332
17364
3158
16430
9976
4664
15668
8192
15243
4237
6247
15028
11757
14612
5092
939
7939
5163
9632
3660
3753
1515
8973
10193
5067
10613
1188
7885
12453
13754
1832
2195
7480
6655
673
5256
11797
3060
12734
17097
1406
11138
9714
572
4462
948
5399
7158
7626
15597
8537
10499
6834
14334
14206
11045
13577
10772
6924
9446
12867
56
15814
12269
5942
1544
3764
1663
6097
8244
16473
14448
14242
10157
9797
5076
12332
5585
4745
12287
3528
13725
6456
9964
9397
3197
13771
14802
5216
5363
12789
11900
9035
10608
12469
9169
3635
13732
1140
16059
539
8128
8878
11732
10371
8199
14102
9054
7323
4384
6424
3339
15675
8436
16988
8233
10664
5930
9434
6429
4758
9928
11695
3449
15953
11031
16196
15798
12452
16
1272
3283
7864
1081
1496
5973
11631
6130
10700
3207
1596
7681
17012
16061
3775
9124
3301
15373
8043
8754
4626
3533
7794
602
3316
10169
16233
12170
12773
4769
511
4634
6724
16776
7273
12348
14666
2047
15745
14980
12444
14863
8946
10877
13916
5989
10416
9781
3179
4316
6230
833
13620
13385
14111
3413
4298
469
7061
5523
15756
5218
10324
17290
14884
15206
10503
13349
11194
11590
8813
6495
13237
16281
12604
11277
13147
16082
11934
14845
15923
15909
13191
4076
7328
4982
6942
3200
8856
8419
8920
9675
11391
10004
16943
8683
1728
712
14054
15519
12252
16637
2777
2471
13448
1701
4516
7958
2592
8389
1012
2091
1041
11971
15290
11039
7298
3435
10570
15007
9758
14279
15793
3722
16514
8442
13603
11606
15707
3665
4499
14708
5025
11752
9361
360
1803
15704
17085
5894
13038
12088
10093
13252
835
4009
15754
3576
6606
3782
4179
2677
14735
4826
8594
13234
5878
16339
210
1924
15409
9702
9002
15954
3192
2020
12014
5824
69
12793
1115
1668
9586
13848
8828
2371
4939
7172
8134
9546
3114
12431
12989
5398
17164
6136
11600
9227
9849
13914
14954
13178
12412
13162
6922
6815
17243
6887
8367
7642
10357
639
9317
1291
2368
15511
4803
15766
14588
10568
11438
10527
4586
14865
9875
2223
17077
1642
11781
5308
14725
12848
9756
2646
637
4183
11744
714
9185
16267
8080
11523
2341
6901
7520
16600
9790
1923
16096
3991
11612
3685
3422
9310
6410
7659
3894
5253
11371
404
10708
5247
4437
906
4764
7327
10209
6676
843
4477
1442
65
8685
4106
5550
14741
1651
13407
8869
11521
12818
10916
6017
6832
10702
6765
13834
5688
4542
14807
2995
9359
11634
11487
3691
6650
11207
9529
1118
14928
2537
4760
17317
4711
7857
1470
15676
15268
9367
13160
9483
16420
12290
8602
7856
14122
10759
16997
1648
15833
7318
7876
9275
1024
14213
2670
11360
4016
1583
15101
3472
16618
10583
11641
475
1891
8832
298
16868
12002
2559
586
1906
8811
14973
15503
2393
12034
2588
13161
10928
8656
3654
1463
91
13733
14680
11457
873
115
972
3678
2451
12696
3972
12390
10200
3243
7793
4655
8045
1434
11351
17031
2503
12371
16103
12875
15252
1727
6485
2916
15033
11092
7968
7422
17064
2786
6396
8879
12430
8281
5302
1545
12529
8238
1610
17235
12381
9988
1913
9647
8915
8525
10580
9553
5249
3812
10390
1749
10274
11611
11907
14629
4566
8837
16702
14159
659
14957
1354
1042
11656
5046
8622
9390
7713
10806
4055
10128
4916
12236
12294
6996
8860
5620
13343
9315
13173
5191
3028
13428
8470
15493
16954
13396
15245
3791
588
17298
15049
1235
11547
15526
2897
10911
3294
8375
16680
4996
7664
451
9223
12889
10325
6473
739
17229
14123
7007
2912
8897
5689
5389
275
15299
16881
3178
13657
16232
14586
14968
10262
15460
161
12186
8836
10468
3257
9436
4154
14020
11870
327
6912
12488
7802
762
9628
16628
13747
13633
13324
8131
16842
14031
12155
9872
14168
12301
15066
3340
15166
7379
7280
2792
15770
1984
12825
7448
11689
2519
1685
13211
12612
5100
14974
6371
9563
15483
12323
8715
5524
4994
12399
6321
8550
9453
7829
3029
7100
12519
15237
1801
6036
15640
15015
5766
10655
13674
11101
2387
10954
11124
10791
1061
3995
17339
4974
14510
16977
5136
6533
15593
11168
10984
12419
11258
6633
16106
6632
14694
595
13066
12801
6262
6542
420
9582
4989
16899
16133
16355
7623
7640
10602
1508
15046
1813
7718
536
15297
7232
8139
6961
2661
11422
3950
3292
8658
3910
11446
1965
296
14069
8942
996
12098
24
5927
6513
2735
4460
12930
15197
5367
3321
11034
6875
9383
10633
14207
11016
14149
15599
8081
12645
15971
12721
16859
12422
994
9932
3667
6737
8293
694
1677
1066
12695
108
929
494
2360
16235
1513
11793
2836
441
1680
15837
12150
1265
3709
4315
4702
11535
16211
15400
3648
7367
6081
3974
11181
387
3071
11580
8179
8999
9571
14151
188
3552
5525
3148
2724
5445
16262
220
16909
3918
2172
4786
8064
1624
14827
14568
12555
16889
1023
173
12433
8880
13836
11520
3517
11222
9351
13365
14017
8925
6974
11518
10675
10335
6086
4593
13912
15172
9305
15119
2186
5645
12517
13489
16165
1791
601
6509
14133
14531
8553
7519
10850
6527
7249
1589
13706
9335
10393
11056
2002
6220
14659
2023
10830
4883
890
14850
10281
14866
13992
13553
13751
4206
15326
16748
6940
12254
4414
14117
17277
7788
11498
8968
10091
10144
15451
50
7221
17342
11010
5835
10931
8728
14095
6124
8162
5271
701
5410
9838
9927
13947
9287
14647
8229
8011
10684
10612
8437
10192
107
6545
3640
2362
14323
175
8249
7026
16039
7888
1698
7613
8465
14994
15480
4374
16516
2294
2778
15449
533
5116
10739
2008
7046
7728
11627
7534
3368
6016
6463
11327
13297
16533
8604
6152
12001
5178
10233
14180
9102
10843
13007
9405
2532
4853
2345
13339
11818
4246
14862
5359
9278
6982
14393
10305
2846
12812
1738
8483
9031
7295
9226
6881
10362
6111
16364
11660
3553
444
672
13704
4951
1848
1542
17013
7800
2038
13213
14012
1786
12397
9732
2333
16084
10785
11455
757
3439
5858
12841
16866
14976
11932
15966
5335
2389
4844
9609
12524
11306
13039
17343
6433
8770
5460
16310
11379
9803
13524
2582
11303
9231
10086
1970
67
4934
7050
15142
4886
1376
12943
8991
8067
2866
6151
15100
9657
2013
12923
3236
15725
11569
9791
1497
16383
13260
11414
4646
15330
3788
6720
13346
13219
14642
16728
9788
7487
5331
4086
16258
13509
14721
5756
9116
5385
10669
1010
10659
15257
15044
3979
2141
16237
11709
13667
10545
3164
2329
9521
14885
11905
1059
15163
5844
3488
6140
6050
4802
7183
12876
12588
12909
8979
6962
2175
8898
778
1239
13121
11666
14106
10494
16638
12783
5432
9329
697
10306
8718
7358
12
10015
14963
713
4335
15122
11926
3022
8521
5681
11142
10692
6348
2830
6771
5492
10509
16438
16640
4205
1645
10639
607
4340
6339
10428
6644
2888
10803
3940
5138
3809
1878
11733
13511
14894
975
4879
13351
9139
7049
15726
10687
732
125
4828
13369
5926
7155
12145
10813
16274
1414
9917
4015
2504
16962
2856
11534
1667
8544
15115
6350
10385
14413
9604
12380
13543
9177
3760
13613
9645
13202
4677
8701
4782
14436
10979
12147
10786
11701
11820
14238
1649
16804
8344
8768
10504
15467
1591
9400
9485
11472
1666
8341
806
9165
10857
3485
8634
4004
11581
4818
10439
561
15135
8308
7717
2529
1192
13646
10815
16002
62
7030
3222
13392
5434
8959
7159
5679
2766
2025
13101
9735
9865
16843
8568
17063
3885
7777
13918
10462
13425
7000
5562
7727
7951
7351
2168
12859
14277
4930
8774
11684
12511
5330
6893
5292
9918
3526
2538
3225
5749
7682
14140
2277
11066
5314
1896
16323
11767
9948
2317
2535
5009
2991
14058
9151
6567
11941
5203
10665
5998
9704
7459
5026
4551
16313
5673
13780
15117
9114
11700
9409
13408
15378
15917
9753
4165
13936
5051
12502
11786
16627
7024
11085
10208
7420
1448
9869
17032
364
805
14187
8427
6652
9295
3077
9372
13246
8581
12964
13032
4793
12647
6107
8429
2338
17368
15174
4747
3723
12295
123
5144
13088
8352
12518
2702
3357
5796
4532
8810
14478
16365
15055
2272
13759
16828
12435
14143
1150
15269
256
1110
9294
79
3845
11481
562
14472
12576
11239
799
12939
8365
11542
2373
8031
15746
374
5789
14663
7495
16900
9634
4870
9496
7972
6529
6478
17365
11339
7022
2365
17033
7059
7702
618
491
13689
4064
12308
11809
6033
12852
14637
16633
16015
14298
16400
13370
17005
9516
16572
5017
10024
6192
9562
89
2416
5760
7432
10411
12837
16444
17246
4000
5468
7981
11525
13870
391
7174
2093
2284
4512
15583
13172
2297
16569
4281
17073
6048
1229
15860
1910
7263
786
13098
12202
14623
808
12740
9821
2427
5742
8777
11216
17106
11111
4158
3132
845
11530
1783
10242
4010
14289
10693
12187
4699
1111
720
6698
12212
2914
3061
14331
9983
16440
4160
7203
118
6442
9913
5477
2037
2651
8221
14498
11335
17376
8063
15699
14711
2933
15810
8033
2039
7607
10526
842
3586
8203
13320
11174
580
17238
15296
12750
3133
3446
11451
13734
389
1047
9736
2397
717
3085
14278
11401
409
2247
12447
16168
9060
4319
3393
14792
7185
3252
9841
5511
3747
2831
8402
16598
6092
6649
6954
16167
10155
6403
11006
17371
10433
3221
6906
8713
15084
656
15287
15723
2235
554
13420
6368
9244
11583
14333
26
2139
5869
12682
5628
11632
7590
13398
5920
5377
13999
6014
17179
8524
10095
6045
15671
14594
8259
13350
12343
12567
8843
15637
15698
13867
6890
8438
16045
8694
2123
9573
9994
10010
8207
17152
7345
13886
868
3505
1565
7066
9572
14071
10185
458
1180
11081
8507
15534
14405
16754
2525
6008
15768
3131
11264
7191
16099
9421
15929
8032
5
10493
2268
1209
14790
14285
9611
2768
4196
2143
398
1654
13944
5053
10452
14606
1793
2495
9153
12958
10872
16522
2974
9488
8714
17180
1246
9793
16500
9471
1134
1778
17204
5497
3356
6459
8173
14194
802
4598
7742
5980
5279
6030
9276
10496
3163
4001
2801
11269
2034
2984
11211
8990
6856
1853
12207
7363
9085
3727
12523
1436
11322
9955
16123
335
14631
17069
2406
11440
15985
1048
4185
6413
3866
5495
11116
10987
5856
7652
11107
10441
751
3632
10653
7711
12771
9232
2925
5730
12512
9117
3363
8065
9217
4150
7092
10338
7130
11005
12884
3033
2256
5339
9034
8740
12775
13451
9575
6590
16885
15187
6119
10380
12845
6669
2281
10623
12480
10846
8156
6084
7689
7826
12165
8641
2080
1477
2554
17374
10124
6020
9569
10217
9166
14272
515
1112
964
14794
3376
9897
2863
2526
6715
14216
15686
1440
8559
9364
8263
7989
12975
8050
2966
14440
15868
11925
2301
3649
16684
13722
5205
17306
6532
16944
5172
2198
3988
17255
139
14382
692
3162
7763
117
2449
9626
4515
2092
2130
13953
13222
11205
17070
9052
9878
1748
15
16891
8220
16906
12537
8449
4371
13835
11507
4610
1773
10235
16140
9356
17163
11760
5827
14325
15357
12302
8292
8773
12108
10147
5291
4830
13526
6051
14400
11541
15926
9082
8931
9137
5122
14171
1511
13283
16542
10930
6768
12106
14654
8112
14451
16870
14780
9583
9387
436
1076
6460
7258
10550
8980
17034
10219
191
13882
14697
13164
1489
3901
6754
8355
2321
10929
3997
9560
557
11882
5106
12184
6270
2024
109
11503
16226
5552
12041
4073
8130
3189
4729
780
6589
718
14441
3213
14189
2854
9401
9073
12168
2694
1350
9384
14327
11898
10986
6006
1243
6543
5891
13187
3831
13843
7394
9941
2705
926
3399
15320
685
4709
8608
9896
2254
1593
15220
9150
12779
16985
11252
7251
10156
10729
13065
11910
3916
2909
4497
407
15168
3966
15216
15700
16303
15809
3772
9576
90
12490
4979
13813
10165
14616
3829
15462
10981
4510
16620
14618
16452
11402
13105
15564
11199
2894
13479
16782
11405
12119
9737
3961
14205
9922
7755
4049
16622
12564
16952
13871
7307
5887
14337
4560
16895
8314
10363
3278
6797
1818
8379
12634
10501
16745
7733
7649
12849
705
12035
10631
2717
14535
13523
13537
12569
12700
15658
10862
6685
12611
6581
15091
14258
2067
5727
17247
6040
16967
15848
10334
2086
15969
5617
3801
11030
8304
1616
6522
14218
3601
284
5146
8087
4231
15691
577
3521
7943
16621
1197
3531
17071
8744
7722
7781
6691
14485
3263
11065
3644
1385
14002
9697
3577
10842
14702
10350
11876
12064
15112
3834
953
4008
3739
5220
121
17269
10321
11100
7979
11279
7036
5695
9449
9599
12416
15936
7672
10913
706
13094
13250
7700
13628
3383
13694
8569
6363
14767
2927
12829
2456
17377
13919
4254
15343
16630
8136
11122
11621
9345
12176
13514
14380
8094
722
11363
5002
5069
614
15418
5210
7383
10543
10170
7128
11220
13921
1675
8246
1808
11256
1787
7385
14508
8690
2571
8977
6462
8447
1781
8205
13127
14228
6530
9195
1234
11036
5639
9202
6123
8919
8017
667
5588
13949
5928
7286
9146
2460
9248
15016
17345
6701
7107
1740
4519
9200
3998
16081
15240
15138
16913
10575
13862
9934
10427
9182
2369
8076
6181
6813
12109
1242
7337
11200
15535
5471
17225
5062
14906
15949
12507
5378
1152
9104
12755
12027
1572
14438
4491
11084
2864
11195
2465
4264
14499
10082
14291
12451
7441
9472
13184
10089
17002
11840
16249
12213
9679
2751
11150
9344
10407
12663
3570
1464
6563
16166
16696
14547
11556
9636
4445
9898
17003
13809
775
12758
15204
10098
1992
641
4648
1303
17022
9101
7669
15710
1935
10076
14638
13084
15888
8351
16830
10737
1802
11836
7343
13827
8905
8831
10225
6800
9238
15099
9713
783
14649
4215
2655
16343
15781
5411
12907
7859
16326
6013
3990
12442
11439
8252
13909
8015
1535
16766
12214
1931
7017
2767
10924
11509
5531
13330
6324
10181
11188
13766
4863
8566
15189
12037
6026
13336
213
13027
15214
1828
11093
15763
1127
3361
1398
12222
16222
14315
14679
11384
927
16234
3903
8330
13634
9767
12620
8808
15292
4543
10705
9022
6349
9209
4907
1476
7805
13872
7067
6841
15494
9318
1686
4849
12110
1785
5719
3948
15574
9580
15386
12678
6626
13205
11855
571
16919
2326
15155
16700
9163
542
4258
2352
10143
11769
6193
16953
16717
13006
5312
14765
16740
16795
14844
3828
5683
11936
15657
7173
16201
8460
9349
2814
12427
2746
9968
2392
3907
8788
4864
4640
11260
15516
13203
4637
14459
9255
5918
9906
6177
13141
1276
8280
12851
13913
5609
13005
12494
11096
5033
16040
14576
13228
8554
6780
6208
14464
9269
11713
11125
7215
7384
6967
16543
4917
13731
8512
5836
5376
1611
11896
14062
11894
13263
5461
8783
7412
16718
7712
10939
3545
6746
8588
7909
6163
5586
2295
7136
5094
2044
13231
5275
15079
2557
13483
7827
6157
6782
7540
9221
6941
4915
15429
15738
4024
7031
10114
300
7013
3253
5759
4334
11145
2070
11389
2993
4397
5770
8200
15554
14822
11319
12495
14988
9358
6338
12403
7368
9410
16071
2895
9178
11965
1905
12498
14420
15058
2307
4142
15231
16761
2266
1994
6859
4983
5284
8623
838
1869
1731
2028
2849
8627
6726
106
14316
13690
13498
14074
3830
12946
12600
2978
2553
3730
6984
11987
1769
13873
3297
15408
646
7039
6019
10523
16057
2420
2539
16105
13983
2290
11196
16929
3272
2454
9235
7926
5902
15371
5258
9752
16119
13404
3175
11282
3647
6707
6925
2285
6498
7481
17231
3511
437
8455
14107
11998
6588
13292
8462
10547
4556
2711
3609
12382
615
10475
1280
2562
10626
12022
5564
13528
8014
1971
9747
14580
3476
10579
3871
15146
12345
13817
13781
7139
3378
4912
11347
8074
4054
16963
7861
17242
7804
3270
5997
5654
7202
2514
6992
4662
5355
2828
11497
8469
6571
3475
17191
15050
11647
12860
3302
10246
1345
9061
15473
12856
8516
6003
16126
14803
11129
15881
3285
15126
980
14927
8313
1196
621
3039
8780
10836
8254
16902
15125
247
13295
1457
7687
10776
6565
15575
2496
3303
321
10989
8983
10054
10323
15615
2385
12539
5439
11232
12182
6273
13012
1017
7106
13632
13563
1324
12656
17075
7087
3431
14992
16405
16148
36
752
3838
3384
7996
11704
16350
2838
10454
4171
6648
5261
16324
5494
5476
15947
14756
16321
7683
11412
7312
13510
11830
900
13556
11409
2953
896
8003
826
94
16195
17253
11912
8731
2952
5151
10676
8640
7269
6254
11077
1175
14585
14240
8849
7830
15446
10309
16228
6334
16216
5919
13564
2886
16688
11512
390
15992
1487
7065
266
11369
15075
10456
7559
16949
6271
11722
508
2889
7029
17256
12129
3456
17261
6516
5109
3515
5173
377
1530
4824
9512
7396
5018
2709
14902
5622
9953
2115
4927
13073
11839
2219
10917
741
7639
7201
7395
1582
14538
5569
9616
14732
12684
2098
15807
10073
358
13416
12603
15733
6085
7376
15344
7462
7419
14256
1986
16540
6029
17089
901
6116
950
2981
8357
12509
10562
7816
16791
2134
5721
8142
9460
9140
863
7841
16579
16612
2122
14891
7554
17065
10976
15264
8890
14408
6664
16150
5825
16115
8820
7131
4990
4417
11309
12906
2105
1179
13684
7229
3381
12217
14829
15391
5890
1113
10508
2246
10566
9107
13163
4348
6443
4571
15319
16610
14233
1900
10043
4507
3315
10423
16817
493
11076
11366
13332
110
1328
16026
12585
9857
7259
11661
2631
2834
379
12201
2288
3359
11411
14926
134
2258
14175
1884
10312
5788
11454
2253
6287
14200
517
3816
3155
9077
12337
11697
479
6968
8612
14379
5852
8785
17196
7468
17094
4471
3188
1384
6421
8816
17287
1137
6564
294
15760
6427
8543
14081
10065
11528
14787
9188
7840
10512
6833
7994
7212
4352
2822
5277
10824
9393
2523
5423
14700
4071
13806
4489
10522
17043
14181
4211
11677
11966
14590
10256
112
2468
15021
12578
7305
11578
15973
5955
1845
1518
8638
16825
2756
14225
3250
12026
11334
14386
16187
11712
12514
17150
10443
16993
13064
8748
13544
10542
11588
6570
16426
12870
4905
8396
3921
12401
16047
4328
7068
4436
11550
14060
15071
2152
8957
12651
16044
2845
12029
6578
6639
11734
4472
3224
1395
15999
1996
2036
7118
5709
10216
9411
11479
12036
2099
5358
2586
3183
14781
11899
4965
1915
2625
4991
5162
15762
17119
16853
4804
8592
12595
6742
12367
2289
6311
197
1104
2678
12312
1717
8655
15356
1483
10198
6011
1506
11272
16876
10953
5613
14190
5830
5582
4105
16504
10109
1885
12761
4536
17161
4762
8178
345
15706
12191
1690
5431
7833
13884
611
5441
10153
1676
1172
10436
12795
3452
14523
2706
5629
9972
3617
16009
10369
9504
16436
3908
11672
11418
11
13135
4028
8334
11723
1195
15560
7234
8409
14156
7614
3151
16298
8541
8615
17028
10413
10391
11774
8097
101
10747
16381
8160
28
8913
9535
2450
9536
16704
1622
5370
2599
8018
11048
12644
14921
8354
9819
8870
7012
13446
11461
2151
4920
8520
17310
7680
14501
9540
59
13578
7045
13347
9417
4929
16549
16682
8987
5043
16734
17155
17138
882
9128
5326
6361
15488
13013
4779
7696
886
1559
6117
2140
8150
4647
13980
12711
13576
5542
15821
5660
14861
1875
7140
7190
6380
8435
3679
1733
8584
11417
16647
4078
3268
16199
2208
7184
13702
8152
7526
2641
11803
11889
12126
13536
12032
14475
10238
10879
4595
4748
5229
1883
8651
5792
7369
3506
10628
10531
10858
4582
14669
17019
8939
5345
10179
7217
14141
17233
7563
16697
14432
1096
10661
8699
9690
11745
513
12039
17297
2985
12239
13435
1207
15244
4038
7241
12630
7272
4037
3557
5597
8606
12959
14182
10029
13897
1460
12836
13768
8100
1806
4424
9282
7898
7426
15342
7347
9198
560
15192
10709
344
8652
9068
17187
4728
5117
30
5384
5030
8070
7809
11858
12666
7304
14477
14125
17008
17340
16992
6360
2628
12376
2613
17039
10203
13458
4937
95
15080
152
2805
7895
116
12205
5512
3470
15368
11630
16759
3738
7149
2192
12487
5436
6658
16448
1681
1358
3313
10450
16396
14369
8311
5409
4140
14897
9530
14804
6714
7837
12929
4249
11140
4724
3159
16471
4051
5320
10484
10689
788
11361
10853
15423
16206
12646
16912
9115
2467
5954
313
11746
14925
403
2011
11950
3693
15819
1093
9120
2441
4197
11177
3329
5371
2043
5871
2609
14965
3608
6818
7156
11033
12894
11986
6580
3746
6219
324
12676
8456
4573
14252
10779
14914
13223
8722
38
15322
15000
16089
12296
7608
10910
15652
16908
11658
2110
627
15829
6596
8844
10283
10666
12461
2057
13550
11652
9286
14608
4354
2585
4706
9545
1919
11731
145
9555
14801
17014
8424
8166
15403
4744
920
6678
7052
14161
6304
4182
16616
4811
14439
16965
11035
9149
14470
17347
13099
6378
7101
45
10605
6434
14601
658
9416
16655
11337
12608
5933
1842
5372
6161
1830
2126
2633
8997
4948
5202
2315
13449
9084
3547
8159
6440
7954
8621
6252
4942
2400
6342
16824
16499
7549
1083
10474
10337
9858
10768
1107
8386
4953
15019
15785
8185
1873
4441
7386
6109
4933
9631
6749
16916
15103
1281
4752
3711
8847
8020
1249
6212
270
13908
12741
14056
7706
5985
2101
7388
10336
11958
14853
16462
4475
15878
9444
13255
2267
6154
13317
12947
14826
4701
6294
2061
9808
14384
2173
12169
4949
1547
9112
9703
4501
12314
9126
7350
943
3231
15399
16874
8044
7360
761
11552
11426
1529
5916
9123
7750
11961
1323
4413
16445
7693
339
13683
11759
8383
16394
10282
2605
9075
10748
9890
15495
10975
10008
16475
9880
8924
13866
12352
5859
5853
700
6138
17303
13773
6419
15430
6877
9607
7838
8823
2744
5353
5568
13601
14573
9088
814
7646
5826
10279
13905
52
10090
16239
7169
13697
13718
5655
6232
15456
17299
14870
16236
3322
998
13376
13024
5885
10960
1715
1985
2572
8564
4987
14809
16042
5988
5036
97
2344
892
1122
7051
8551
3480
12460
3067
2555
16378
3889
9455
5740
13945
8286
1763
4726
10292
5924
17148
11871
17197
13508
10619
12232
11278
11575
608
1837
5636
616
11756
7916
12992
9868
14907
5382
319
2955
6763
12654
13087
5352
5966
5245
1852
3717
942
16227
17117
3817
5406
13333
1430
13838
10397
4007
9497
14646
13981
13641
4613
11494
6300
2128
10817
15367
5580
4898
8439
9090
12736
4152
9009
235
17186
8864
15436
8790
15890
14847
13186
3960
14915
9614
13769
8499
8404
15728
11902
4592
3228
15612
16966
12815
1739
6607
8248
3195
12962
12486
17293
419
6554
13180
13243
10767
16555
15134
16141
11778
1684
2736
2478
14263
10749
2610
10565
6106
2269
14779
1146
8405
6971
3548
15219
10999
8645
12601
803
11043
10019
10430
8188
16139
7198
7380
6895
15013
6089
8960
1692
2536
4549
3287
16510
13863
8272
5071
1329
16979
3955
12697
5661
4508
11753
14933
17328
17101
8300
8118
10064
6354
8633
14082
5272
16401
8339
12660
2699
16259
8616
10896
10760
5430
10771
4355
4559
15912
229
5450
5595
11019
13120
10603
16049
7630
7407
10071
10683
2271
1578
6575
4633
15839
5944
2937
15648
2463
5519
6139
2721
10260
521
16012
715
2701
16705
5685
4053
13354
14549
16447
180
16901
16413
4773
4408
1444
12910
7824
1031
16720
1831
13168
3675
9307
7208
15845
17081
15388
7083
16479
5724
9045
3293
6001
11625
7262
5710
16755
1404
13290
8348
1872
16785
10525
7245
13318
3062
6169
6395
10301
4118
10316
3115
15375
9620
5723
11690
3750
13366
9654
524
16930
5872
8517
12178
440
314
1450
2153
8547
12868
3977
8736
14321
5135
4074
2604
11604
8650
16519
14972
15913
16559
1730
14596
8704
6740
4243
4304
16506
13845
8609
17224
9111
3815
75
6681
13148
2531
4026
5865
2156
11619
11001
15035
1768
16849
8107
3385
8055
16180
16007
7064
1308
11529
2109
14635
333
5931
16827
10188
12737
1903
11868
12346
5539
11654
15828
6405
12484
1492
3575
1402
13053
13815
1392
432
1734
3783
8012
4521
3682
7168
2108
17300
8605
15030
42
15761
11115
7267
10816
16018
10446
2976
5608
3474
13030
3853
12097
10969
15236
15131
1213
17348
14067
11342
12280
13649
9454
12470
13302
133
7506
9285
2457
6760
3471
10558
13829
3110
6269
9303
17024
2728
14273
3419
12421
16487
5424
4097
6135
9633
12092
5374
8216
15783
4970
3659
6994
4503
13741
10224
9833
1561
16421
8875
13049
2104
16856
3238
9079
10678
15927
2511
15039
13275
9653
6911
6851
3732
16799
14126
8963
9777
4250
16256
183
7163
5521
11821
13293
1028
6756
399
2059
10244
16605
15338
9164
12541
8862
11816
13285
9661
12890
14471
1696
8291
14409
2346
3405
5840
15215
11007
934
17279
1085
10293
15410
16424
1628
17367
9835
2163
4143
9015
17227
2629
1810
716
11748
644
711
5201
6314
5532
11304
15431
5917
4821
6705
3275
4361
9907
7179
16363
140
14912
13878
2540
7427
3920
2784
11399
9067
8309
13890
1263
11527
8023
4421
4904
7290
3733
9192
7222
16304
1636
3543
17305
12891
9157
14752
2923
189
12046
3145
2919
3338
14390
11810
10643
1568
7057
13196
6854
4650
12142
13792
2662
8929
6891
8172
11022
7010
5266
12744
5935
3117
9979
16437
13832
13938
13896
12005
12359
11079
13621
7735
13735
2162
4678
12968
13468
8792
7924
8026
10353
16719
5332
6231
9379
4903
16318
5634
13951
500
3125
14644
13852
15709
7401
10587
17135
1929
17336
9904
5298
6292
3748
6402
3427
1219
10442
15105
14404
6778
6021
13906
3088
8084
17301
5453
12814
12171
4100
3043
8009
606
12719
12325
2249
6289
938
15590
1882
10481
3203
4309
16035
16170
5029
12253
3930
4564
16646
11280
1494
12885
9186
14417
3862
4841
325
12726
7098
7589
445
12933
47
9037
3982
15001
2825
16152
5967
10510
3582
6806
9783
9036
11397
2790
1121
7749
2748
2350
14552
3846
12420
1102
11708
6224
6455
3773
13482
1700
9016
7308
13644
12167
6617
740
12275
2775
8426
7868
4486
10908
10187
17282
10382
1865
797
8730
11285
10883
6146
6770
1279
1018
4080
1190
9779
8083
1722
14776
15753
15294
14570
16666
9038
2963
5161
4381
8670
15862
5108
11779
8952
592
11208
16349
3455
6641
1144
9113
2906
3687
16784
5873
2483
12568
1026
10560
9352
17361
5936
10740
3848
8734
3306
15140
6879
7110
13264
5529
12410
15171
12038
911
11080
9328
7331
15070
6699
12970
17122
99
15082
4286
2121
5480
15272
671
16390
12008
13288
8093
4438
10469
2094
4277
17147
3430
12211
2725
3653
970
11315
3269
10507
18
9322
1694
14391
6209
5397
4266
2161
2446
12243
3774
11163
10050
4385
3953
10854
1421
7734
196
3622
1498
6919
16076
723
2547
6038
15711
10990
2031
2989
3879
15327
6592
5416
3877
9301
6386
14011
15042
4382
2280
737
15137
13585
16193
15437
11098
12066
15520
1657
6099
8497
15136
5171
2561
15123
16553
16554
14788
15851
15646
11531
5189
27
9945
14036
17036
8978
12675
945
7279
12977
16005
6039
17202
4425
2975
5501
7253
9259
7891
4792
7127
5883
9425
13825
9127
15708
2405
1156
3079
7125
14982
9260
14545
1606
15195
15786
12638
11995
13925
13724
6808
2733
4562
7944
15716
15419
8052
6383
12017
7475
16892
10578
1158
6195
12396
2408
5395
3277
16831
8121
10488
16832
13424
13647
13074
14934
576
3898
17142
2885
53
13604
232
5065
661
12592
15008
5306
779
12881
8202
4284
4636
12717
15544
660
4944
7309
9263
16502
15502
10375
17195
3320
17120
1283
11792
10066
15578
13467
12544
16712
9739
7917
10756
3487
8922
10809
14643
3699
12650
1391
1141
17252
4755
7133
6548
5027
15869
6318
14879
15157
8183
11445
8315
6600
2788
14886
1999
3223
16244
14546
15213
8893
10241
4772
9371
4452
6692
6855
15616
12631
11394
305
2475
8763
3698
5324
9253
3826
7141
8457
2755
2261
15504
17026
4611
8285
14389
1238
13413
6638
12976
1268
1602
401
9832
4698
5560
3616
14462
13384
2584
12456
9608
10980
7097
6155
15580
9160
13798
6926
14283
3623
13371
4083
13965
7310
3566
8876
4362
8696
6052
1154
15149
552
5373
754
8368
4908
16526
9433
5676
14551
15856
10958
357
15173
5364
10889
102
12058
6129
3999
12987
2306
244
3045
5226
2652
11000
4195
7366
14777
3056
691
2328
11500
15687
5403
12245
2930
13051
1193
9787
1646
790
11551
16959
680
4869
186
5615
2779
10948
5044
16243
11782
1064
1854
5776
12743
14259
8954
9539
8157
1285
8459
6114
7948
7486
6095
9470
1911
2443
12915
7138
12633
11831
5976
14556
14410
13988
16811
5785
14716
5698
11002
7071
13801
9468
8410
9152
10757
4913
748
1855
3628
9056
15040
2395
2870
4807
946
2265
10092
7656
10654
4470
2402
9812
2302
34
5231
14427
16358
12378
15249
15925
6712
3883
8167
10018
16356
8705
16995
15517
13294
2203
15721
10409
10598
5793
4847
17129
9489
11516
15587
6239
273
9538
9096
2476
2882
4032
8786
15086
7126
2656
2570
4048
15288
10596
9794
2273
12317
8169
11721
16890
16690
14695
272
14961
5137
11378
60
7129
13312
8303
12574
16482
2679
9957
11143
830
10792
7028
8228
10636
7971
6792
415
15750
9288
5739
13749
5158
6850
51
1032
13539
4070
2308
4483
10615
11832
1090
11175
6538
4774
9396
8082
16192
16729
8306
4746
10445
4963
7527
15038
13394
9745
1275
6426
11255
2771
15627
13740
9861
6772
12074
4941
7405
15545
1858
1297
6876
5479
4686
199
16914
4265
412
13033
14287
0
13783
902
8335
8196
3415
12261
4175
2204
11545
7581
3492
4670
13273
4368
3689
9796
12510
9380
1603
17203
13353
5546
5316
1587
3318
2693
15346
11775
2234
10838
1301
14755
10998
8625
16786
14971
17170
16501
4603
181
5912
3923
7002
5898
2403
10837
7435
5518
1306
8349
8143
603
3300
2917
8284
7493
2816
9043
3939
794
11323
5057
7264
290
14757
8006
10479
10471
14731
6558
9183
16360
12927
16065
5949
5522
3483
4734
5513
9046
14910
1995
8325
10834
16025
9823
8400
15253
14851
1640
6745
11657
16535
6944
11673
11420
6248
1419
10284
2287
2474
3408
4833
14014
13889
16661
6375
14828
1521
14398
11560
16341
15087
4696
1218
11863
5863
9324
2644
4885
9375
6176
4135
13742
6713
13879
13497
11828
983
14249
4607
12738
1216
6725
6479
3389
6680
12655
6643
6689
3700
14939
5705
13107
9864
9595
1759
15141
16679
13391
14318
2461
3634
3351
8858
7759
3176
15347
14696
14192
2066
16294
13291
12272
15027
16205
12613
11613
7115
12664
15852
2379
8886
17309
8260
5079
6519
3763
16016
8692
13794
3833
15395
8940
11415
13177
3927
14066
5653
8214
9299
1699
6896
3508
1407
5481
16481
15972
15669
3952
7636
15445
11491
13071
13574
13474
14217
4977
16369
2703
15649
3917
7134
16219
5671
17257
5716
1928
8485
9881
14239
11120
3350
17042
11639
6556
14293
4272
4323
11330
6275
4490
5804
11253
8937
10864
721
6049
15645
2394
1423
16108
16241
6837
10947
8779
11501
8035
2353
9321
3984
7957
14577
7119
15147
16557
1725
7442
12936
4104
7823
11090
15802
17048
11540
9432
2286
7482
346
12081
2658
16807
15749
4093
1312
556
14092
840
11238
17112
12268
15846
5174
5782
17030
6821
2979
15486
9148
7688
6237
11135
5296
5019
14975
14761
12284
13381
2142
15200
343
5786
14665
4202
13717
14628
8649
5105
16250
3116
16460
14165
15556
10466
5095
14626
12674
15061
13254
9368
12351
4572
16156
3467
12731
11381
15176
9960
12009
17127
4342
13372
4002
6407
13155
15619
6602
11471
4312
14402
5414
14561
563
12900
15382
9870
1665
12710
6933
14613
6148
457
488
10699
7839
665
9746
17044
1656
396
13979
3529
3642
9280
2493
9598
7300
4836
16112
3708
14849
2928
7973
13296
3047
3353
11308
7460
15374
12865
11916
11067
8256
10075
14339
4047
8733
12742
5708
14364
5321
1777
11017
15017
13545
10231
80
15792
8491
976
4096
9876
10859
9789
15964
1157
13154
7666
13266
15940
4575
14774
10127
6215
17212
7855
13814
5948
14918
13746
11486
7588
9718
3498
14922
10519
4350
6619
9314
981
16693
6718
13846
10876
2316
14880
1335
7175
8887
23
14507
16708
13457
10647
12101
17049
5667
2992
11219
7114
7437
9741
1638
15485
259
3073
5464
3087
7108
16254
5633
1435
6662
3567
15866
4467
6238
6686
13698
15536
1397
2968
1005
12501
1225
14872
5618
7744
13475
8479
11515
6191
5238
8236
10535
16925
14227
13179
17221
15152
5263
16078
4544
483
11629
4091
5893
11395
16382
9403
6722
670
14825
2970
2424
10424
5007
15850
8528
1945
3168
15286
2772
7620
276
16054
940
5794
14388
11407
12525
16154
14345
807
3334
6835
5665
372
1374
15974
10183
14342
10819
1580
8472
3813
7154
5422
1167
626
7731
456
1661
16425
14821
15635
1293
6150
12172
10856
1833
9688
15314
831
16055
14430
2612
9229
6202
3460
13595
12714
4006
8756
15962
7431
10777
2986
2868
949
185
13035
1876
974
6417
8114
16034
3212
13701
5031
12715
1177
13439
8056
15787
13711
10944
14079
4317
5534
14904
503
3123
6357
1797
14878
1314
14522
16822
796
12154
7268
11495
9549
2939
10400
17168
8124
4174
5987
4720
11724
7798
2425
7980
12765
8953
10223
4555
3109
9012
6137
5111
8901
16838
8495
9427
4233
6537
3527
14243
13358
2053
10031
6591
9591
8737
3377
4303
11097
2466
14145
11307
4900
16524
4458
12389
2821
14131
6295
9194
13001
7287
6525
5937
12732
1899
14901
8181
2967
16601
9143
15977
16398
3291
11976
13610
13973
8176
7529
710
3152
10934
318
4522
4488
1500
2148
3865
2429
4232
4129
17062
6836
3166
5635
6757
10152
15362
13869
2417
9829
2614
14167
2174
7466
6623
14947
11664
16329
10107
6259
8413
531
11127
4063
4761
16573
8822
4290
1754
10459
10150
4351
15301
3620
17210
3111
6709
8851
7371
9214
15020
13663
12636
2720
16392
13363
10951
15076
13399
3741
16278
14320
5362
3607
3214
8815
2956
13221
17047
15968
2904
14518
8866
9333
4643
3146
3118
7778
5932
2820
7409
7851
698
15053
12356
12617
9974
2325
14276
10461
15412
12916
9853
13880
2169
15639
8835
10304
289
6679
2231
2383
7488
15397
9511
1045
17207
9596
13217
3015
514
8316
2590
4923
11118
8644
13826
16816
15952
6505
15372
11152
2951
10125
12443
9691
11028
5812
255
5828
14656
11738
14221
5669
15355
9900
5822
14033
14527
1055
5837
15899
770
10435
7302
15778
8127
15773
1390
15310
16732
12550
17284
7797
6587
12013
4310
958
2516
8807
11714
6306
7359
10049
6719
9391
8445
3031
4594
6636
14186
11877
1260
10967
678
13199
16464
3658
11866
9601
8910
632
15525
7771
3051
5080
3265
11210
3328
9439
9765
9884
8123
1812
14431
15088
11229
9089
13963
1258
7790
11204
3202
5438
4217
1363
2359
17084
2335
16863
11218
2549
15622
16706
1095
17177
15569
2510
17350
12439
5435
10352
2773
14094
7463
15496
10890
13728
7414
16427
15905
7730
13364
4652
3702
12735
212
5206
4
5514
495
8151
8029
16366
7443
16867
13833
7117
12686
13271
8158
13910
8921
3177
386
10923
15311
485
9939
12896
11758
9557
14032
147
11104
17080
17199
13054
11751
3424
1569
14415
12981
13383
13022
3563
6352
4482
5305
54
1946
14701
6499
2729
10695
6549
11808
10599
3790
11904
12225
8759
6293
13782
9
9559
17294
15515
3963
2862
13182
8004
10396
10166
12584
4679
11318
8896
4400
14504
11009
6282
10402
654
12271
11499
222
17274
12788
12423
4200
10117
14368
9518
12888
4434
4213
16886
11202
1860
15916
11812
384
4797
7650
6985
7567
15674
5626
13658
14895
14916
13579
933
422
12409
3023
11228
13666
10245
15740
405
8267
3261
3242
12377
4567
4201
9867
5487
6710
6031
13805
6810
16847
4749
3325
3229
13712
2563
2776
5747
14692
2217
1182
11598
6730
13629
6927
8721
14493
5650
14763
9095
15145
8988
10897
9899
17267
7886
16591
17109
6566
3596
11215
6328
9109
12146
898
11431
10189
12553
9251
587
14871
11851
14496
3481
12458
8742
3144
10637
4568
5787
8539
3360
5444
15073
12374
11996
11191
5250
17324
11012
16934
10642
10892
4341
12007
8210
10055
4058
522
7648
14743
4338
11861
3674
13662
3139
12642
10440
11846
4005
13997
7610
11827
7655
172
7647
3286
1119
3075
5547
10227
3841
3725
3479
8841
16698
10537
6469
215
743
8025
4985
15823
4814
2528
6674
13671
7641
3352
4511
5486
10534
8434
1874
11532
17220
11023
5215
2323
7336
9804
14600
7784
5668
1670
7543
15911
9551
11450
17095
5214
3799
12079
1227
10629
15613
11488
7531
4957
13774
4121
4731
13386
2741
5563
9931
14979
15718
5068
12819
8312
3219
2713
2769
2030
10328
492
13281
7633
5832
4759
17001
6394
2659
14049
7340
10470
9505
3025
4692
11667
7566
4125
12596
12210
2684
1057
16004
15018
9850
6000
14582
10977
6613
7508
39
10490
7522
9606
14429
11425
884
12388
7123
15063
4505
13307
10061
7593
12449
5640
3880
16309
4378
4159
7473
5287
14422
582
3626
8487
10037
4306
14048
12499
14061
14401
11992
7247
3859
14467
7034
8613
12618
1943
16163
4926
7751
7102
13183
5006
14778
12324
12160
4415
6781
4656
205
13454
10567
13368
13197
16368
801
1056
4708
1757
13807
17271
7498
3707
9369
12144
17004
1720
4860
1355
7832
16743
2428
13819
5641
11478
14818
8264
13623
11288
17321
1762
13040
179
12952
14786
5177
4756
12130
5110
14838
15895
8423
17133
16466
6390
7501
944
5058
4325
3752
6784
3922
2983
17296
1333
14641
5715
4660
9837
16588
14555
14923
14170
15607
7621
10798
3785
10308
9373
11546
11618
727
7536
2012
6609
10257
5462
12932
2423
2873
16070
5541
1575
9627
6884
709
3742
3710
1388
6134
1485
10995
17011
10421
4072
1772
452
4115
14385
10247
14602
10571
7570
3251
3080
15859
15938
4742
16946
8947
10900
13268
8966
9989
4834
12903
13715
380
10714
1094
6018
12042
1871
10322
1501
11841
13166
4899
15506
16312
5128
2988
5876
5596
10672
15935
8859
16955
5209
9652
551
17219
10317
5621
10630
7935
6621
8001
15759
13286
484
9621
13134
14799
1417
12799
5996
16276
12183
15228
3019
15673
187
6601
15693
7618
9874
17373
17134
11715
2878
5433
5960
16839
3681
12192
9701
16736
8448
10173
5390
8245
3606
3244
1847
3768
131
6494
5769
13960
4842
2959
15548
2282
10949
7756
3981
16379
15959
11566
16678
12238
245
620
3904
14810
9047
17136
15694
4364
10395
6075
3284
681
7782
8732
8266
16354
3992
2567
3027
11049
10003
777
14557
11213
3171
8885
11773
2054
8322
16178
16835
2434
5098
12318
12227
10515
13216
4588
854
13812
941
15291
16442
2473
7697
2732
12273
6546
16911
4627
5443
5310
2920
14754
14655
956
16905
2896
17088
7260
8802
905
3201
9320
836
13303
7471
6731
813
217
3428
10154
12285
16242
12467
7690
11419
9337
5244
2421
15767
7716
584
7445
9527
4906
11730
5259
14046
7869
2858
16135
899
11475
5536
12309
13630
12817
13904
3234
16023
15844
13323
6094
9755
7491
2029
10925
5778
13050
14938
13802
2327
15826
1989
876
10778
8951
15591
1099
1437
4765
8399
13267
8643
6687
1362
306
8164
15892
5176
5970
348
7124
11137
15875
4253
15414
10104
10657
6923
15939
17337
2354
3
16020
13496
6061
11537
13097
15994
14996
16264
14245
1287
1988
12720
5289
5421
8294
15757
650
11154
5429
14254
14946
7099
5142
11671
4279
2936
5612
1228
1126
9187
4061
951
10827
16297
10415
8030
1387
11897
6451
1130
5356
7434
13272
2498
13767
7884
8761
674
12127
7677
17341
8579
6913
2520
7992
4214
7053
16883
10606
8163
15364
1473
3457
702
7933
2726
15886
12406
460
8099
3530
9772
78
6487
2667
14367
6187
17211
11595
13142
11108
15651
7319
3090
17140
16357
789
9354
16314
10158
10099
2464
14264
16340
4665
9257
3944
10983
13837
7796
10460
7333
11736
7076
13337
17066
10236
15349
9498
2596
2226
6310
16584
15719
15501
683
7547
3814
14222
4314
5587
16472
15202
8353
2010
7121
4550
1206
15765
924
6849
1921
14720
6069
1114
2296
5307
8562
4282
12935
13738
2045
10736
5200
9613
3983
19
9342
16787
11444
10878
13270
14160
8120
8767
12658
15102
14313
10220
2892
12813
13090
14671
10794
1224
3299
5412
3106
9265
15948
6015
2189
4177
8712
6795
15098
1124
11692
1789
7044
8989
1433
2125
3564
5543
16131
3290
17018
16301
14152
8583
6401
7799
7094
7404
13159
14597
14515
11223
1968
3779
16210
13470
13531
13432
11198
11573
11706
11298
8708
8607
20
1086
13026
15110
16024
11783
3881
11938
6612
17288
5488
9650
15653
1870
4178
6811
10009
16820
17091
13986
1441
5802
6450
1771
11465
12342
12476
8329
203
15094
3549
11368
450
11493
5736
15029
8548
729
5537
6044
11105
7791
13165
4463
5217
8037
3311
16124
9689
10881
541
10340
3656
381
13152
4725
8703
3143
16197
4895
4877
10276
2851
4540
12649
459
4850
9355
15113
10905
6727
13059
12834
14164
9517
15550
14129
11192
12871
1241
6826
8326
6791
4597
14798
14738
13821
8161
16208
15537
13786
17185
8458
16973
6392
5301
2533
13409
14970
1538
5083
16725
766
5746
9570
9845
7338
12383
4168
15201
728
1170
15045
11662
13855
14322
10753
6627
14868
7291
4504
15366
12680
14750
14169
3044
4840
5899
6845
1054
14817
15209
17307
6862
7329
192
16495
13253
17149
2374
5344
3605
7883
9243
12629
1710
16225
1034
3002
3534
433
11985
14681
3571
12053
10398
17007
2147
2292
15835
7239
2413
2448
8865
4473
758
750
6531
9946
5907
15908
3673
13635
14773
312
2689
10182
4523
14997
14378
15284
13441
15300
11183
612
13423
16744
7918
546
240
936
11357
12492
9389
4479
10723
7375
11266
7105
10651
9108
5440
17360
7946
8637
8863
6168
2908
4203
15274
5240
9420
4541
13220
10343
1997
10023
6716
5467
446
10584
17054
7113
12538
2264
15643
477
9266
529
10611
10891
4893
2847
9093
8857
4339
9547
11008
12718
15734
14746
6327
6078
4856
12405
13
16138
4147
6550
10763
5589
14987
6690
1708
3438
4242
15628
2921
3017
17208
8184
9543
3030
3719
2452
11003
16104
3943
9883
10658
9852
1456
7962
4529
10097
9720
10171
6864
11928
3094
9981
13380
16376
11246
340
10088
4023
17357
3757
7484
17351
12804
8243
12304
16257
785
13901
15871
8230
15439
5751
5499
11441
12835
2132
6010
8466
2657
12619
5603
16036
9155
2399
10624
12120
12756
2687
15285
14374
326
11413
16478
6517
1817
12558
1070
1804
916
5361
11434
4578
1166
10056
9118
4642
4690
15514
10970
15308
6576
13373
257
13488
7297
16751
13175
8992
11171
8949
17144
1707
1001
17331
9565
11764
13036
14772
6093
4527
16686
11982
3478
13034
8473
12531
4476
13086
6917
10232
6145
12159
14114
13375
2233
13931
10230
7103
9298
13477
177
8840
9862
5379
6409
12591
6902
5402
14846
10727
10784
16006
14959
8372
3010
2014
8797
7635
17099
13844
13517
9249
10781
9937
9258
5810
1011
14815
12090
5099
14076
11466
7167
4657
11358
5544
10270
15702
15170
1132
7188
10950
7828
11951
13189
14958
3715
5224
8275
2154
3777
6614
12784
5572
11702
14526
5451
9733
13976
2079
10797
14328
8323
14396
1546
4297
1364
14375
5132
16308
7662
8933
13158
9222
13462
9336
2270
16361
16597
5530
8861
11763
13887
8509
5294
40
14208
648
14220
3258
9942
13861
7294
8648
17178
3074
13000
11727
12004
11539
13534
17052
98
11591
7513
3734
7074
13002
8104
15764
16220
12563
889
7586
8935
14909
3016
5553
3484
5577
3053
11617
6299
12545
16629
193
5204
6816
4248
12780
10764
4498
9567
15010
11686
8278
5185
6682
12429
15059
14314
5121
12270
3504
11742
351
7961
11873
13106
9635
11829
9193
14476
7601
4003
3129
3581
4192
2000
13926
9443
10449
7093
15413
8599
1040
7469
82
7341
14347
11406
11449
8287
15401
4230
17314
15120
13400
11924
17037
4164
8776
9866
6620
687
12922
596
15789
11584
8900
11698
9724
1659
2004
11283
9687
9142
1766
13218
15095
16128
13306
15561
4837
7723
13259
2201
895
15158
16833
3769
1614
13793
2250
16334
3611
9141
249
7831
5264
16937
3964
4884
1576
16188
7348
17126
7808
8331
9312
3600
5934
4240
12196
16069
1617
4816
5704
5470
4468
5737
9319
13824
7467
16775
11345
5304
13388
5034
3267
9640
2481
4295
11642
14726
2695
5417
6367
1474
5129
5055
3465
16594
6190
2645
13851
16352
1877
15636
3014
4293
16408
1963
17366
15302
11737
439
3912
10802
6706
8342
15558
5754
8058
1000
8597
61
5270
5170
1930
3706
16017
3249
8688
9032
14652
6980
3911
1078
15670
1072
16821
9297
4057
4796
5857
1620
8534
11813
6654
13340
2118
3861
1751
3993
6870
13481
13608
11317
5347
6250
4945
4059
8702
12508
5087
17254
1257
3546
5571
16270
8489
9017
4975
13994
3066
3524
12050
15435
1386
9394
5870
8772
7145
1264
13932
2564
3443
1396
5120
2648
13572
15441
2494
1342
12235
10289
11988
6665
11574
15478
14705
2810
17223
12556
12206
12313
10453
16346
7550
11558
1491
7299
8727
11349
5752
5114
9080
7195
930
12320
14356
16935
13790
16546
7226
164
12140
13876
5903
5505
4406
14864
15632
138
490
16928
13415
9578
1021
2078
5777
6848
6096
1704
9671
8218
8492
3851
13540
4376
6393
12060
359
16455
1957
9040
8700
15532
2215
8765
791
13799
8782
11678
2850
8691
15334
10072
16984
16976
6132
10997
14343
1274
4407
14473
15307
13124
993
4120
2924
4740
10348
13594
5647
8132
9836
11055
7719
4808
15304
8337
11459
13206
578
9921
5602
127
12483
4365
8376
9715
6382
14751
3621
1537
14950
3560
195
11275
4392
14147
12045
3369
2869
4151
893
6500
8471
3387
17319
3603
17072
281
12593
8428
7164
13541
7853
14993
15806
6428
4033
7660
3835
10936
2865
11562
269
13507
3170
2224
7936
4738
13753
4537
11940
4278
3150
16672
184
4075
12536
350
10085
3186
14093
7303
4872
16837
7166
1881
904
2376
10351
3092
3587
11833
15153
8101
13615
3406
5318
16221
4601
744
17200
13626
5274
1579
453
1221
7537
10831
1171
2722
14534
7324
14010
9716
1185
4967
2305
7277
11735
4891
1426
5592
10752
2442
12370
7207
8133
14445
2314
431
5059
10589
1401
2887
14479
5941
13750
10982
9218
17087
985
1981
9224
3042
311
2578
6883
11741
9533
15543
6210
4324
3281
16271
5540
12969
10961
1938
13478
12821
10286
16100
15002
14893
15920
2681
3063
13816
9706
13390
12530
9252
3854
1403
10524
7362
16418
4619
865
17346
10159
4045
8984
13308
7353
16643
1106
6574
594
4921
9990
7246
4227
14684
12880
624
15825
14713
14533
2331
13987
6793
12597
10822
9338
15505
1796
6597
13200
689
12699
12552
11659
11772
2191
7418
16941
16155
9293
5350
3641
12759
15943
15276
14698
5267
4087
16174
5591
14086
12220
2910
8450
6593
9106
9682
10011
8378
15051
8007
317
16147
7645
13723
2718
7743
7177
1555
14395
7025
2075
15481
16162
12616
2855
3345
15381
7244
7533
11835
16198
5915
14109
1038
7835
1002
8824
7585
15477
14579
3227
12637
13157
5048
13151
16014
16118
13464
1332
10866
11178
6981
7757
9542
1953
14302
11811
9622
6534
3190
7055
14737
5743
4313
1201
9950
16252
3595
7011
2064
3671
8842
2488
6341
12087
1581
15074
8047
3781
15530
2898
4455
10569
1027
14148
8611
4276
4184
15887
10476
17302
12513
977
4882
11549
370
7523
8565
3569
9374
15984
6540
6457
11892
10746
6281
12297
9262
5651
3112
7072
11242
14739
206
502
4852
6147
12858
12462
7430
555
6125
9905
14063
3890
5465
6408
11291
13227
987
16752
6418
6160
5282
625
543
15930
15957
1564
11159
16399
5211
15025
5551
10311
8904
3070
16064
13664
3273
3434
12648
11561
12776
6916
3367
15961
7852
10495
15715
10715
6828
8364
5619
14461
4961
13917
1139
17354
11930
9951
1549
1208
17236
10841
5235
9757
1237
6611
3040
14685
3468
12260
10880
15975
3756
14762
11054
6465
14387
8631
7578
664
1424
12843
16417
9306
9201
6412
13378
7927
8665
15037
16956
10218
12281
9501
3802
11869
13547
6775
4520
11254
6128
10226
15242
9138
7060
5570
3536
12316
9649
15331
332
1849
4127
16347
5833
8251
9300
4321
1507
16380
9843
10673
16695
2690
7421
5159
2698
8618
11383
15529
2765
3181
10372
12315
12707
10368
8542
13374
2358
9885
7301
442
15385
6267
10263
13209
4666
9402
5561
5922
8068
653
9414
6242
4687
1973
15795
16011
17060
11059
16723
5147
16694
4778
13319
8072
12355
5225
3083
13499
12454
15601
769
5143
2685
9523
13659
16217
16371
13242
10722
13117
11559
10867
3086
3496
3986
3165
12062
11132
4027
2747
7676
11567
15712
1714
3458
10012
747
6296
4684
13956
1352
11817
4239
8955
8720
8054
2177
11893
12330
1838
16079
12560
15489
14177
3692
14519
15438
6025
1949
14488
11980
7248
12358
16860
1117
393
1641
10945
4668
2607
4337
3554
16933
1262
9759
15902
470
5583
4066
16945
14096
6908
1310
6344
6723
11482
6218
9510
6894
3323
14358
14674
5011
5086
9893
8110
9727
8664
6693
14964
9381
16599
8932
8321
3354
4867
1409
12897
17245
3766
2040
11703
12262
13776
2867
10361
15815
13533
10903
6986
6975
16730
16125
3157
16107
4936
11920
4955
9685
2196
10041
9271
4910
336
9474
4411
16209
14734
6080
10793
4029
6910
6972
7775
8175
1051
14212
12082
4881
12413
8380
14559
6618
5139
2638
5527
11201
14027
14831
13128
14115
8617
5886
2158
11123
2616
16898
5584
860
5194
9105
16449
8430
6007
12113
16144
13571
2340
13685
3858
423
8619
3256
1148
16972
8395
14591
4712
4124
13299
5834
7451
4789
10025
13445
6544
8510
7964
7617
3473
1215
16000
15784
9926
8826
16286
12368
271
9749
9544
10482
9234
5874
15942
13452
1955
13942
12532
7760
7834
17218
11029
2438
3688
2006
5070
6809
1811
9916
1647
1976
8589
3337
6309
11203
406
15965
11432
3442
3355
9887
15227
4817
6852
14820
15521
4267
3398
4835
4825
7602
12375
6141
9125
11044
1954
6057
14411
9643
8891
16515
5190
14931
11370
9806
7904
426
1703
7758
13757
14139
10355
1326
11376
16142
463
7079
2311
9910
14833
11316
9924
12769
12956
5456
7507
2676
10480
7965
16798
5404
12016
12668
11553
9020
7453
5490
2120
6515
13045
8590
10176
10812
12702
14286
135
14443
5348
14724
13639
230
13791
8171
14541
1918
1947
6104
2164
12479
10207
17058
5396
9156
13427
13504
6938
5101
14142
12752
1940
16041
157
9871
6241
228
8693
961
1240
16779
11356
979
11221
3805
4710
841
15744
4964
10329
12122
9855
11601
2190
14397
13672
4101
9145
5295
10635
2809
504
4887
9392
7836
11957
15365
17270
6799
10801
5526
14706
16589
2060
2965
6458
12306
15394
6560
4114
5845
15680
2381
15093
13966
13327
16332
6379
6312
14373
14271
10863
7326
9448
16580
8224
8881
369
12559
13506
6449
8270
6584
11890
14966
2832
5454
4327
2550
11536
14219
10972
3102
14383
10719
1305
15191
6286
15036
14503
13029
15775
12083
5816
4454
13055
7425
2419
1341
17045
12972
10625
8575
13076
3239
6264
11644
10927
10847
11112
11637
11895
2593
6444
9768
9066
12590
11247
5851
14310
14693
6764
3946
5990
5895
6059
14824
4329
8005
5848
2780
8388
13056
8934
16153
16229
9936
3107
11719
12778
955
4799
15688
7472
6472
14284
15475
14599
8647
2942
465
14783
12961
12562
11281
1067
907
13028
7477
15341
1678
8198
760
978
3314
14584
3113
6703
15623
11794
9987
13993
12052
10823
14119
167
3417
1082
13077
12993
4845
5910
11633
5644
363
3712
16742
6194
5797
16517
11711
371
2643
136
14800
4628
16441
6838
1792
8523
14712
17370
10291
4302
9268
16958
2255
15610
7439
12482
12198
3147
2783
13277
9041
14839
525
15321
7792
10146
2083
5407
1990
7632
8750
11236
6642
6430
2278
11576
12728
8211
467
13883
5003
3745
1718
1036
2378
17250
3217
3539
14789
11151
9766
10339
9462
8926
947
4776
13081
7941
14727
3447
11492
12641
5000
15690
10277
15421
15522
13048
3855
10915
7510
1523
13009
7532
5119
9817
16377
3194
11437
3532
5722
1336
16028
13472
9860
8830
15068
5610
1432
10617
16789
10500
15466
14564
15705
5714
8148
13915
1058
1724
635
8393
5687
512
16393
6988
2686
5283
7157
11937
14098
13044
2436
6947
8508
16741
960
9991
4669
8799
5657
1431
13583
13480
2426
10399
4219
4207
5576
3401
6526
6356
10491
891
11853
13971
1621
10318
5193
8385
1604
16136
10426
8307
5126
15004
2042
7754
4017
334
15144
651
2388
10315
2194
8416
3593
14202
7820
6067
14193
5285
12963
14745
9986
16370
2844
3491
13167
6359
800
7256
2001
12286
9992
15667
11083
10959
9119
1309
8154
1351
9537
12057
9069
2501
8403
16810
4119
14978
5975
2574
11705
5516
9172
10254
12132
9419
4918
9014
6496
16691
15812
14288
10644
14969
11224
2697
11190
1422
48
12998
12767
4220
14949
4299
14882
11906
416
10255
693
2458
1425
14502
11944
7738
9894
12148
4968
7900
9780
2138
17291
3008
15175
4112
2763
7622
11945
8795
12872
9651
12967
1471
12215
8603
16685
6579
11464
10001
4398
3135
10745
1577
12279
15981
16067
8125
16687
8587
12622
3776
11875
16088
104
11790
182
9882
9520
4688
8016
880
6640
4180
5234
3032
12990
11374
8749
8060
6037
15443
8923
16021
1632
9180
17363
216
15194
1605
11878
4386
14812
6997
9296
16636
15211
8710
4257
13379
10489
5449
9892
7027
7678
11265
4922
2087
4506
9729
9923
7186
676
14758
12417
4952
4300
3823
6431
14025
1747
6189
6594
1712
2076
9959
1527
9475
14406
3024
12069
10113
16645
5866
5726
7361
2757
16760
6535
16446
13115
10799
9561
8013
15178
5149
7204
11608
1528
7919
12283
5579
15411
16337
7391
11386
12688
342
12673
8582
8801
1453
5690
6953
5798
11765
9230
9585
1449
9963
12019
13609
15132
2534
8596
7901
11901
11955
14843
9813
5979
13996
14941
7940
6949
15512
16507
5819
7162
13777
5300
2635
9339
16764
132
361
11326
328
6977
14172
13631
14270
1380
10796
17285
8359
17182
17130
15014
8079
13146
2343
1958
4169
13096
11847
13518
10688
15305
9891
4457
12679
5763
8914
17108
10404
11805
10942
10026
14434
7984
10354
8515
2505
9100
10956
13998
12473
6657
12428
7817
14682
14977
5817
13174
6559
16480
755
315
3124
2650
14158
214
10448
15979
16571
2136
532
10365
3938
4754
4663
11502
7496
13103
7112
14852
5474
14015
4432
1509
9500
15154
746
14748
9284
7254
11815
9574
1886
9174
6077
13703
14042
10686
2422
12230
77
16869
4412
11164
8481
9993
13831
14943
11074
13532
2222
11004
3637
9250
9811
3666
5811
6290
11994
11230
13650
9534
8558
2050
16882
3404
12084
10410
73
9681
5021
825
7976
4416
2727
5908
4081
8684
8927
11909
10007
17173
5921
649
6598
8108
16960
1212
11854
13261
10940
5780
17355
12955
16926
5038
7912
4528
10546
12685
4044
12112
8965
13269
7845
4757
5049
25
14307
15260
12640
11796
7674
6934
4838
7081
7558
10249
11682
11975
3276
3872
11114
3390
6991
3058
10403
9731
9944
7330
2366
12800
6889
6288
657
16713
13665
9977
1735
14371
3937
16443
14363
1664
4928
15797
6113
7399
520
16677
7551
13226
13637
14309
5262
909
12657
13289
14793
1978
932
11485
1974
10137
7001
13796
9612
16422
9728
5014
4700
16359
4280
13100
2934
12515
225
16582
1030
1071
11646
2556
2470
12866
11771
13565
4924
11862
5028
5745
14714
16330
9541
7562
8370
17251
16114
5010
9341
11687
5703
3561
10957
2492
13803
1116
1125
243
13300
3839
10204
10028
13606
3304
9408
16189
15609
16521
2958
7848
6583
3349
13019
6528
13102
8297
4363
9241
7959
282
3985
202
14392
4402
6173
7104
9980
13322
14163
6258
17059
16159
633
11268
16931
7019
7548
7577
12117
7464
13653
10344
14942
14607
13928
7237
1194
11133
11302
4193
4261
12086
4553
6353
10662
925
7819
5418
14530
15432
14892
1490
14008
11914
3796
1077
368
2518
8103
10826
14055
4658
14736
5545
13075
823
699
14184
16295
1503
12561
1379
6907
3026
3425
13678
12248
17228
8420
12805
7670
3490
3646
2472
10145
9283
14836
14037
2259
7015
252
16203
15642
11533
11974
11923
16614
3737
11972
11311
15727
1598
11453
16947
15547
3365
10682
5023
13562
16008
2796
3416
8024
2946
9568
6675
14670
5606
7952
57
16604
8482
11554
11865
5077
2063
15422
11884
9130
5498
11416
4116
2370
17273
2276
14524
9985
16537
7847
6886
6234
15508
14951
5842
10457
4113
10172
3590
3184
15588
41
17189
9030
12077
17159
15997
5755
15921
1729
6414
4683
12997
8500
16117
3758
15265
11162
8477
12404
11382
10271
12908
1764
4809
14052
3537
8387
5969
2016
15106
5186
9639
93
10518
6750
1644
6766
16683
11343
7509
7200
1133
3411
772
7406
12653
15877
6347
16585
2622
14089
1987
6521
8666
3153
397
6053
2943
12786
8757
2236
17056
6207
10134
15156
15129
16550
9548
11296
1765
4812
3216
4622
2220
12116
1689
4787
13710
14469
12887
2749
3138
12551
9644
13568
9430
14016
13078
8494
2513
15266
2462
13080
14619
6027
1836
16531
6387
16668
11063
3048
7986
160
8088
11859
1626
10163
6868
13143
16175
4545
3091
7914
5813
12134
13795
14707
3556
12899
15077
4322
15546
8636
640
3371
11448
3886
2606
11113
6115
1153
3585
5303
6769
3421
13476
3198
13401
14896
15880
1181
7150
4831
5233
9778
15788
15207
8066
12760
3989
3818
8796
16457
636
17353
2384
6263
279
16996
1934
6491
16509
7020
7132
2797
1820
7225
1143
5950
5133
1294
2552
17118
6708
15085
6058
7381
913
6249
13559
2840
16177
120
2435
1586
9026
4133
4513
111
16315
9438
3655
5991
11341
3226
7137
1244
7230
2581
14412
1253
10039
3619
9340
7148
15353
16797
15358
17239
15863
16260
14718
7084
16091
4289
5125
1726
4442
7953
9478
8227
3836
3444
4727
7209
1721
16052
4099
16801
13331
2129
848
13656
9824
1394
6622
15005
5643
9810
16300
13342
11184
10087
9734
679
9919
5154
14796
6585
3811
14497
13903
16939
8819
6178
13484
3899
10674
15224
10211
12151
11593
15834
16780
448
207
17230
6700
14509
13114
9173
11504
5672
4750
7908
14230
12307
2980
15293
8976
13642
6869
1319
5195
7595
7151
12216
8789
7858
4067
1266
11668
2848
11931
14199
6946
7377
16667
9962
9225
2019
12450
7292
7667
15198
11919
5473
11165
14446
6653
7773
12787
1585
4819
15282
14563
3987
10734
1052
11141
13112
4533
8390
15779
11718
3049
14211
10300
9277
16143
15003
6022
5696
8958
1746
337
1008
12124
7147
8814
2074
6257
3928
12577
16858
12781
3065
4993
14733
11548
3507
4894
15528
11984
7877
11622
9971
2791
2621
7180
14740
3615
6481
1962
12911
3857
13316
7739
12149
7726
11883
4060
2692
4608
17104
12392
3942
5181
10020
9800
15683
6843
12012
8883
7892
15470
1455
7005
12209
5012
14905
7342
3978
2987
12114
2026
13060
6904
1600
16783
12424
3341
15325
6672
4433
12010
12950
13257
798
11857
5616
5230
11148
9743
4108
10920
9502
16927
9947
13058
14636
3629
3672
1412
14797
6381
14349
16773
7047
6284
1674
15811
16986
16266
16803
5066
10818
14306
5393
9010
10094
3551
7910
2211
2167
10267
16121
10280
16348
14474
13515
4320
4815
12599
9513
4865
1562
10667
5485
14155
12669
3462
2497
7058
1558
15570
12921
8505
15124
6216
13555
11801
10904
12811
10096
12341
10922
1226
15426
15128
2608
14532
17010
126
3519
15479
13535
1959
13089
12768
10414
3020
1709
17320
2418
9464
285
11410
12402
12877
1438
7629
5686
16794
14466
15638
171
8739
6711
4602
5604
14104
16578
3514
16857
6599
250
9859
9011
7170
2089
4144
15978
3970
13598
16654
6184
9656
5731
8804
8235
2114
2200
2157
10943
4768
881
9508
14593
7695
9424
9350
14035
14265
13156
6180
14709
13962
7182
16451
13516
13974
13969
1337
3771
1043
959
200
5341
17158
1807
13952
11078
567
12305
11616
12820
14296
2710
5558
10774
8536
15127
16701
8764
15471
14059
13017
2375
6562
12288
6083
16669
16093
7218
12278
7285
373
8620
11447
7197
6329
7161
9121
16951
7675
12203
1788
13858
966
10108
1445
12602
10894
8053
7882
11297
1381
3232
15817
7934
7500
8709
12878
13062
12257
8421
8726
10367
8552
15956
3968
8993
7698
13393
2077
7373
4639
12661
16806
2642
12926
15808
5145
9554
16454
1254
4356
10042
6
6536
14948
1850
2857
12983
16085
12745
16176
6943
280
17128
10971
13419
11186
1129
12195
2823
13304
9723
14372
1702
1774
9579
14185
15898
8678
16292
11962
3743
3375
7812
10295
569
17046
87
17272
14859
6958
6666
16586
4450
10141
1825
4138
12425
14399
14394
6035
16769
13403
5795
8089
6773
1016
3493
16169
7539
12336
9206
9975
17338
264
7240
5957
16435
4359
1105
13811
5039
9776
3237
9566
13651
11490
7603
10620
16611
3573
14235
8829
15062
7541
4984
3664
12694
12219
11814
9033
6739
6936
2179
17132
1908
3618
14690
10485
15133
11086
15235
1469
15824
1767
5387
8117
15650
17359
565
7311
7250
7231
5765
10119
5773
7289
15682
8310
1062
1050
15568
14073
8106
254
16634
9003
13772
1851
2931
4262
13083
2530
9802
17143
1629
3154
15420
8873
708
5165
14029
10652
16317
2502
16245
1399
7433
17349
5073
9738
480
9353
1481
8956
3931
13881
8109
14935
1502
16897
14260
13529
5239
7737
7561
10728
2469
2665
9065
356
301
9515
2205
4461
5555
11385
10726
13593
1815
4210
6240
589
14214
16819
8610
16765
13344
8591
638
10310
16635
7969
1261
16987
4676
2632
17025
5509
2944
13935
887
11331
13069
113
4357
267
11073
1499
1313
10563
3423
13669
15603
10811
12824
5843
6796
12797
16576
2566
13360
16920
3445
792
3235
2565
11026
617
5469
10704
6098
13338
3806
1695
12339
14540
6506
6400
16296
16656
8078
12080
9970
2055
4770
15309
10388
16053
3187
1627
1331
10418
6204
12623
17356
4492
7545
278
1255
12338
14899
14018
12960
3555
16642
17352
8853
14856
2398
12350
8626
6753
1271
5807
8269
13249
15689
1256
1046
4919
11130
10935
3319
3784
12489
4781
6330
12764
8738
6779
3558
12023
6736
6110
12107
15774
6831
12199
7514
9316
8431
767
1174
16283
14346
13708
12475
10080
262
1019
5047
7637
3874
9204
7284
736
16738
12500
4082
12677
7556
3868
16915
11149
3006
4680
13560
11102
4557
5299
4763
17188
11312
9712
4716
15755
1505
13025
7815
7296
14511
14633
3240
15026
15897
4235
6629
414
11565
9615
12857
487
5630
7766
12988
7624
2299
15573
13744
7768
12565
2508
156
11643
4577
16032
7862
2577
10732
669
1022
4645
12665
10327
2320
1652
883
33
7787
4103
12703
668
10884
10800
13989
10101
14004
5972
7703
219
6547
6490
15393
14317
12363
10641
3054
16289
14842
13230
1493
5567
5599
15831
7950
1736
1879
598
9412
9450
13964
6303
3305
11121
1887
14132
14361
8981
16033
2880
16544
8486
2957
1322
14911
14247
2774
14162
12111
11365
2487
12853
11276
12020
9136
13471
14683
1145
15097
10048
14465
8048
8194
13021
16875
5060
10142
10725
8845
7446
15910
6475
14231
14855
3463
14407
8936
3407
12547
2589
7032
4629
13015
10808
8825
15263
11160
11696
15988
590
12725
15390
9078
3690
12274
6333
7315
15697
12190
4591
11240
13967
362
2027
8741
5246
828
10839
7181
643
7176
3298
13617
3592
9208
8854
2082
10359
8262
122
5180
8135
15498
15513
2626
13591
17276
7192
7402
11388
2409
16733
17281
2221
8268
12125
6385
17100
5024
5896
6042
10795
5102
14034
17304
12250
17292
5984
8639
15555
15867
6539
3412
16073
8201
11091
13865
2453
8144
16834
5574
11257
13600
5533
1956
9558
3140
15625
17145
1540
16291
12436
15241
2730
2903
16279
4126
3477
8476
11609
10228
820
17020
3876
13473
15594
8716
17057
9083
15453
12614
13716
15267
16077
7949
11134
6406
498
7400
2546
10974
6501
14209
12438
8571
7144
2580
5196
7503
16731
14365
190
13437
6483
9912
13494
8212
14376
3597
6630
3888
11058
2046
16284
16493
15407
15303
15841
12496
4271
8381
16663
150
12163
22
16181
8425
13356
7902
4538
4753
2355
14137
13700
1382
9999
7478
2798
8010
16158
6743
16587
550
13957
10898
2319
15685
11380
5035
14244
2817
15989
15717
241
12808
16990
16737
2103
5623
12628
2414
2829
16191
12708
4857
11707
10581
13530
8660
864
10060
6484
4084
8695
3441
5674
3804
8961
9076
5656
2005
11586
11681
10718
16058
2440
12197
1286
226
5388
7075
11785
8902
10532
1866
8290
7625
4986
7511
8085
7314
17222
1982
16116
4353
4892
10787
7429
13487
7374
9442
4673
1465
16577
12689
6087
9590
4766
2761
13239
14919
4367
2022
9388
12704
15318
15169
9659
5658
7582
7825
13729
3451
9203
15250
10835
11480
15582
14100
1236
7818
5799
1671
2377
16200
14723
11638
4296
3661
13673
10034
734
462
2739
9398
13676
10511
7761
3064
8791
9519
11543
11294
3544
400
11513
16037
1776
9431
8706
16164
5140
2541
16814
7988
2544
3041
4631
9006
7995
14536
16043
2206
2752
15990
16450
703
829
6285
13892
1035
14442
8411
14494
11740
13990
5360
11999
15491
4229
16548
9261
3643
10978
6468
821
4623
10869
5605
12200
5510
516
13566
6278
7767
2048
5838
8282
14611
16489
600
10941
16277
3255
13991
14041
2839
15280
11427
16469
12031
3156
13958
8899
3036
4950
8679
4966
14956
6325
8784
1608
12822
16768
12387
1098
15982
10266
12701
8549
11041
4848
11557
16092
15840
11506
7332
3130
253
4111
1961
12491
4132
11596
435
8781
12193
3122
14324
6697
13345
2382
8204
12944
3803
6355
13429
1259
9722
12828
3262
16924
16607
3579
1220
7780
13111
1495
4615
10548
11011
11587
4107
2527
3969
7945
4383
6790
5483
10303
11577
6297
13279
10070
11340
7779
16275
12322
3169
4801
10036
15510
14759
1980
12727
5175
7474
2117
2639
5020
3714
1688
7417
5115
6656
5652
9094
9326
16432
1108
4973
11251
7143
7591
13492
5491
14660
5627
768
13041
17372
5349
8809
10330
14760
8059
795
4911
3837
16353
3875
12925
14675
10572
12672
3840
13847
1325
17092
13857
10356
14837
11948
16565
1087
4077
8051
12445
4534
13611
13567
14418
9761
13072
9429
9059
7016
2304
4616
9795
6280
14454
8408
15361
12331
6156
1539
908
847
7120
8653
16190
9005
8186
1522
9246
5986
13070
2218
9998
15468
17201
4139
15116
6474
11452
10349
4832
776
15271
3926
14595
14261
4785
3598
14241
9725
4287
10465
12940
15246
13082
6183
3343
5554
7657
12625
1942
12873
1732
9695
12061
11139
12415
2165
4585
2627
15945
819
7476
13907
11110
16596
16410
15692
8222
1468
4013
9846
14558
7082
15281
9660
3208
5945
9418
11470
17183
11754
11991
1486
2682
15743
7978
862
12070
10140
8642
16699
6978
2913
13730
9311
10105
5877
9978
4420
16812
17160
15383
3542
13625
4552
7048
1353
2337
10992
430
11346
11292
8042
14873
14505
16978
14447
2062
5977
8601
7364
14664
6976
5809
6186
8328
7789
3677
11117
2740
7631
14651
3720
8686
4897
15879
13465
10677
2900
8724
10472
8190
14449
10431
9024
14338
13325
3891
8531
6747
4635
8002
7436
11789
15678
10265
15458
13612
8226
14366
15405
14881
13031
6695
7096
4999
1635
4358
1916
7220
15904
7517
15306
13596
16060
11860
13660
13589
7803
6265
2837
11960
3680
497
1859
10670
5103
15363
170
11271
6255
9189
12746
3683
9854
11908
15459
10081
6873
234
3523
7354
2081
14883
9309
4046
6969
198
10016
6159
9507
4012
3668
5790
5940
547
10341
12229
14300
14805
15012
3204
564
14903
6858
12982
6970
15447
5343
15794
11353
10988
6872
8034
6755
237
9242
13150
4800
6812
3934
5428
3395
14932
1917
3847
7597
7982
7497
8490
11749
9308
9995
14297
16029
9630
5707
11170
4336
2997
5254
9509
455
16403
6435
13709
9664
105
1893
4823
7599
11570
16518
15730
14648
822
14144
5711
7576
9197
4292
9007
2653
10370
15251
14513
9602
6121
6336
2072
6860
8818
8137
6370
9556
6552
12021
8215
16758
17313
10135
16306
4526
8912
2843
14354
17214
5774
15289
6411
17318
2877
5401
4167
3909
7807
1210
6243
178
16528
619
13898
9726
2623
2560
15993
14917
15900
4189
310
14581
4238
16288
8982
13466
15996
1932
3035
5702
16778
17249
6604
15022
8806
8232
5981
16982
7644
7931
4813
11324
15731
11328
15963
15722
16855
9347
7449
7600
12139
8719
3489
6149
3295
5753
2318
6043
2691
4448
6846
14491
16626
12777
4620
3971
16709
910
8145
10733
10197
4599
558
124
9662
5649
5380
14341
11645
13382
15631
9966
9404
1183
224
14179
14481
1951
14101
13328
428
726
1371
4780
12135
11443
9019
3309
13785
12920
16386
3744
7450
5337
10717
9863
5556
5493
11050
1277
745
12455
4693
141
15576
13092
13493
14688
16404
2248
454
4868
12627
8698
5016
17323
8632
11442
16046
16269
15531
1827
7634
8302
9161
2996
16412
15659
16592
9176
16372
1745
5801
9774
13258
2447
5938
6965
13930
15161
11290
15736
376
17079
8397
6307
10386
5472
9459
14226
11594
2178
8189
6032
3701
5701
11720
418
8475
7922
3550
12266
871
2145
14544
354
16910
10554
13622
11519
11372
13453
9332
5692
13681
5565
9935
5697
4186
15509
4554
10215
9825
9830
8970
16263
12713
3735
375
10614
13171
12979
3630
10248
14749
7042
12143
8174
14742
12605
11538
1168
15474
1902
630
4604
12521
16950
11400
2594
7938
176
15804
7615
3897
9406
13721
7413
496
13042
13079
3786
3933
1550
2133
11990
8317
11973
3366
13047
1599
9694
12354
5748
7937
7867
10206
3205
2509
14348
2439
4530
15221
1416
5260
13597
14103
13456
1415
16829
4331
4396
10932
8557
11943
5925
12722
17114
16999
15820
6608
15389
15448
4958
15387
17194
16994
5236
872
935
6454
14090
2263
10937
12329
1933
15024
9696
14955
928
14550
6009
12054
4377
3994
11193
16562
14521
9770
4435
7483
10701
897
14678
3956
12683
12466
16013
724
3018
13355
8994
10110
5252
568
8398
3099
4547
16603
11179
8261
10577
10622
1571
992
11511
3373
11856
2166
6973
5315
14437
4030
9050
8657
12934
8036
6133
7985
8488
16529
9550
15348
5096
7729
13763
15644
4675
7356
9000
15179
3902
10735
613
2090
719
9447
10346
9479
7452
11064
10106
6416
6397
9710
2183
11217
5118
12901
7447
6761
3011
8762
13688
8338
7920
4035
14044
14687
2802
17021
3895
9028
7165
5475
545
12803
10601
3209
6829
15507
429
13091
13573
14203
44
1979
16878
14744
2216
268
12123
2262
17
6717
9343
4874
13692
8444
4739
1504
3469
12384
16793
7424
6366
14246
15482
3535
2160
8276
5607
17082
1552
76
8191
15884
13176
4998
15416
11284
3957
15417
13677
3499
1079
7274
3914
4943
8974
16826
16757
16351
15188
3513
4117
12730
10314
15937
8147
6767
7325
15855
12362
1669
9099
10168
3824
7921
4330
2197
3967
10420
14869
7913
6422
14370
3279
16062
6170
8874
12051
7880
16767
14435
17055
14572
16530
9827
10253
4153
11952
4085
10384
1472
16171
1203
1454
16649
15732
7410
6882
7605
13762
5664
11267
4561
11263
13877
3602
5104
9008
9771
1304
6634
5391
8538
12790
5328
1643
11182
9025
5134
6236
16387
1164
7224
16552
1292
13713
4638
9683
14135
17283
15735
14528
3050
11248
14819
4661
263
13063
5420
8573
12691
8805
12326
8407
15465
11755
5198
6074
2835
3426
11057
3386
9304
3403
9499
14661
1693
5713
8046
17053
6283
3055
32
5901
114
13003
15333
6384
13108
6345
10528
11463
8778
1347
3789
9290
5459
8585
15369
9330
8916
1413
2445
5947
11669
8086
7320
13810
10520
12505
15666
9901
9175
12477
5578
8360
5717
8745
8735
15279
3307
1408
13668
16094
6635
9445
12978
749
13137
15184
3128
2787
15350
16523
16739
5879
666
14676
10871
9605
1135
528
12141
16796
5290
4443
10252
8677
3591
16068
7411
6244
16541
15955
16722
861
2781
4199
12055
11109
8775
3137
17217
1548
6298
1597
7142
12886
12446
14303
1467
17115
3288
7389
5573
7116
7565
14560
1525
12810
1123
16871
7705
8418
6476
9220
3669
12095
17165
12076
8747
2137
8071
7515
1340
11474
3686
2879
6441
14080
16183
707
1794
2874
489
3728
12607
11850
291
15452
3832
9363
11468
13743
10968
11332
1655
5506
10868
11651
15440
4422
15337
8668
10582
16461
1840
2512
2065
103
15052
13707
12823
17096
12826
523
13280
14118
13894
17116
8258
9365
16010
15092
12527
12091
1939
2666
9588
11060
8943
17184
16072
4584
4065
14188
5112
2106
15602
15210
969
6351
6415
10195
6346
12615
11747
8894
12905
5820
10
14455
10392
2097
5074
10464
774
17169
759
13899
5032
6316
9842
6171
16146
12398
9798
13139
16467
7088
8682
9382
12194
9281
7423
12434
1479
7970
14087
11393
10126
8140
5394
10264
6839
5662
71
15970
6704
6126
13430
10044
10919
13542
17175
12472
12040
824
8578
5815
347
11864
2807
6865
13138
15907
8165
468
9610
8223
4632
13037
341
15500
9491
13405
6091
10419
1619
5082
12581
2490
16608
11367
2660
17289
1927
14689
8911
2833
5179
14487
6861
12204
3180
14867
1653
8941
688
16075
2861
14967
11564
7850
3096
9750
9273
13208
11663
16922
10045
13149
13502
6878
13136
17375
12463
14166
382
13804
8945
9482
239
9856
13314
10851
4011
13582
10381
12181
1531
15190
10852
13675
338
6817
2347
14624
1251
10084
12244
3670
8760
7740
3453
15563
8628
9751
9110
655
7457
8746
4876
15108
10234
6628
13485
4388
7594
9667
14569
14275
13133
8794
8803
13461
2357
4204
7335
4326
12231
10663
9925
211
3650
13590
13116
8343
16238
7546
13125
17278
15424
12457
5961
2073
782
4493
11245
166
11981
7849
7073
15873
16961
16574
6105
13513
5892
2489
5738
142
5336
10178
16888
2499
16936
12251
11635
12173
6557
10885
6319
4333
9181
11614
17157
1758
10561
9213
16532
866
11212
12242
482
17113
5415
4387
1697
4395
6313
8519
7762
15581
14088
5678
8995
15816
3108
5322
13491
17174
6983
11095
15538
15180
15584
12353
6203
11364
8593
5983
11605
1346
7552
7708
2391
1267
4901
1443
13247
9584
8377
15065
5847
2085
15944
8288
15009
17121
2119
17295
7023
12282
13538
1
12957
1752
8661
9071
4672
9851
11954
11430
3825
9668
260
11350
4025
1223
10040
1377
11233
13911
14157
7306
9413
9597
15958
535
537
7991
6518
2212
6277
12249
7887
15800
9135
4502
8433
14077
1926
2603
526
7966
11977
13940
1159
15849
7932
12364
2960
2252
2088
14424
6227
4525
12485
6162
10517
16273
15023
6903
9763
9670
12626
14362
12180
14299
16240
4349
7317
320
6144
14887
5042
12407
1084
14816
7428
11844
1191
3827
8812
10290
4846
7089
15998
2803
16342
1864
7160
6054
10487
10151
14065
11572
8769
17151
13955
9587
15064
6279
10946
1805
11046
5864
16747
4366
8362
2041
4440
1233
5911
12863
7003
5169
7387
11156
16505
3819
15991
13784
15843
9467
16302
17107
11310
12587
2949
8461
1890
677
3097
14458
14609
14598
15258
14766
1296
7628
4391
5166
4149
16486
11592
16907
2239
3900
13840
9831
8008
3342
6102
8493
365
14747
4198
6888
9237
2795
13335
6827
3694
9049
4405
3005
16391
13775
15987
3254
12662
13501
544
5447
12579
10556
11880
4485
11061
4946
15960
10062
5956
12535
13450
11423
6260
13207
13584
6358
12698
17237
5141
1894
9376
11599
3004
1898
832
6323
14091
8882
153
11968
8126
1512
6362
7770
49
6866
3882
1075
17234
2202
7997
6453
2111
13057
10417
7889
11020
7062
2602
10138
16981
7378
12177
8944
7211
1361
2009
10874
13329
11476
1835
13232
8555
13444
2764
9327
11404
6915
3807
6523
1679
12838
3589
2356
8663
9814
6616
817
16179
12289
11206
4810
7216
13130
2068
4389
879
6909
119
15499
11989
4959
8950
3121
14543
10594
7095
10251
15876
4478
10769
10103
6741
14999
1020
1073
5849
13447
58
13614
9441
10486
8478
5334
11146
10590
6789
7557
11325
1068
10721
16771
9669
9705
14484
11477
4451
3068
13552
5164
6291
16333
16893
4612
8484
3289
1799
17167
7878
13414
16534
2500
7242
10383
914
8019
4288
3795
3721
15048
7560
12277
13326
6274
6055
15034
13505
10873
5614
10697
9495
12914
11997
1173
9624
9291
8598
10100
11214
16781
11270
1570
1405
14198
16971
8242
13123
8361
2813
309
5508
4090
8967
12772
5670
367
570
12291
12937
15832
7611
12729
9785
10455
17137
16316
1541
17156
12639
8366
4644
11456
5365
17312
10707
6127
5041
16625
8146
2390
72
4829
10698
5090
4858
7863
6233
11027
4269
14353
6952
14022
16879
3736
16407
6948
10703
7054
7283
7271
1780
6447
9967
1534
13126
3105
3765
11526
15995
4960
3330
14898
15772
15891
7772
14191
4394
16896
5995
13581
12554
3962
4256
1784
11776
7205
1029
8711
14653
10638
7210
5319
1914
14335
238
7555
9801
14617
16336
395
4190
14359
14127
5881
1983
1936
3364
4997
2618
15523
1033
15771
17326
12580
17068
604
15596
13169
16644
10996
9623
16615
11842
16865
4902
4208
10557
1321
6167
2576
13235
874
13875
6914
5273
10833
14764
6688
16050
12918
3754
5666
10243
12621
11624
7573
10875
3380
13902
4318
12265
4487
14444
16113
7090
3932
1742
15983
15882
7456
10069
15951
14377
16836
14450
16129
10115
10952
2841
12575
14500
10116
16212
4209
14657
16027
8219
10250
13397
7275
3568
13512
7896
17040
13043
6492
2176
4621
2521
13761
9799
12071
12794
11743
9903
17086
9415
2444
7604
15822
3312
9708
5791
13737
7035
11259
9818
9456
12161
1964
877
5078
3520
5735
11670
4109
481
4940
8464
7313
16423
6520
10744
13575
16983
13145
6647
11321
12334
2918
12063
4041
10506
605
14673
4995
13310
12520
9133
853
17362
8480
11429
7397
16689
15277
1809
15684
6317
9357
204
12497
16172
11881
10079
3509
1162
6774
10921
9792
86
5965
15377
2207
3046
7747
16265
4717
5909
15107
15901
8556
3980
15181
16415
9484
3975
13627
7679
8545
16477
999
3172
9228
6788
13941
11018
10994
5184
10886
9528
995
8412
2401
5806
16374
1044
3821
8441
2007
14453
12327
5288
10078
15870
4659
16384
3466
10730
7214
16001
4481
7492
16022
4618
591
16223
11806
10394
2225
10451
12670
518
7870
12861
5684
14945
4691
3104
15225
4062
6603
14814
5982
11237
12864
1650
11403
14355
6056
8446
16788
13923
9466
1816
4851
6898
2634
1327
4735
1053
43
7
8672
7906
5590
471
12709
12465
10429
2322
8091
7643
11959
8846
16957
8629
4404
464
12094
4563
1691
13321
8889
2230
7579
17334
10887
8257
1348
10607
2480
5528
2149
17009
2096
6188
14889
5091
6467
17123
15484
13436
7233
14068
11068
6205
15233
10239
12044
15630
4225
14699
4136
849
1821
12157
417
3718
10555
15903
10477
16097
13486
10741
4173
12548
1922
16414
7930
5489
10762
3761
9711
2102
16137
9190
4155
2232
16846
9673
14232
8574
15541
4270
6301
12464
12973
12846
4931
16456
29
12751
12003
12503
13204
14113
13587
10059
8513
1823
6920
3697
12806
15380
3684
3344
15283
5968
15589
12418
7993
12883
15896
12757
12136
8771
8153
15476
9129
16080
6511
3280
6389
2947
13842
11377
3167
8289
7004
2412
6308
10621
2245
7584
4606
10268
447
5772
14021
5993
13305
6964
14
4393
15577
9407
5663
5504
3794
11273
6226
8170
14116
15057
16969
13789
17264
2342
286
3843
4218
2312
11051
8971
5750
7270
9717
4019
2052
12716
17027
10516
13755
6660
12379
13188
5004
4446
3103
165
15585
8852
6391
11300
1339
7043
1138
10810
6302
7753
12671
15427
16873
10408
2188
12024
3973
12753
15262
5228
299
17193
6541
1615
5327
15270
16362
14605
5659
9325
3081
3142
10129
6066
13132
13315
9240
1427
5243
5624
4148
846
8443
3034
9219
16877
8998
9744
31
8907
10576
15922
15323
811
16851
2243
1484
3459
15571
9236
14615
14308
5855
2144
16917
10681
11436
6452
13654
13357
3191
15780
8766
7810
12179
330
14728
16872
3510
5734
5611
9053
15081
6874
1198
5207
4423
3951
1088
12411
7860
2515
8195
11949
14930
3724
10285
4040
7923
13778
2459
12902
549
12844
16652
14490
14877
5581
2300
4360
3095
12164
9663
9426
9346
9593
15566
8092
918
12712
5160
10540
9815
11852
16311
2601
13800
3633
10013
8659
12632
5097
9684
4630
16918
13705
17213
4170
13736
12000
10406
11946
13131
1888
16255
5805
4861
11320
10679
6120
15950
8213
1204
14730
13367
6524
2673
17260
5625
11956
11467
10595
16063
7357
11784
9506
10553
6631
14565
9239
14381
3247
17153
14622
4390
12258
6073
15614
810
11933
6785
10671
13014
12395
17333
1368
10860
15946
1520
12223
17076
13224
1205
13490
7238
2332
16231
4034
3849
4226
12809
9147
13201
859
2033
13939
1315
10591
15247
14463
14097
14620
8498
7122
4719
7638
4784
12096
55
1366
7293
11235
3924
15203
7504
16375
12898
2506
7199
5875
7458
8654
1573
4888
14840
308
10313
6507
579
12393
1705
16756
7276
6651
11978
5107
15976
2994
7178
5130
5900
15425
13624
10229
696
6477
14986
6955
6332
9144
10287
9062
9748
15748
11241
17265
10848
15660
11694
12549
9168
7063
5803
11544
957
5914
7006
5269
11891
9532
6071
10014
10521
13797
10121
12072
12493
11355
353
15370
15222
4827
9637
4798
10918
2058
6758
12448
15162
16031
11392
15893
11918
7281
9577
3246
11913
501
11716
16735
9440
10296
15621
10425
14795
84
14953
1007
7152
17102
15567
15889
2171
14178
5383
4464
11408
3450
15641
1318
4589
14251
14567
14995
12174
4429
1475
8871
6932
13426
5317
8038
16287
12118
15186
8572
16525
5831
4163
15695
16185
10074
8669
8095
1613
14566
10574
5268
11062
10551
15617
425
7746
16102
10447
9525
8391
14645
15677
10130
15217
143
3820
7724
14136
4345
11571
8496
9646
4788
7661
12705
9103
17268
10788
4681
5369
2309
2112
834
593
15464
11762
14983
7732
11725
9480
9847
5008
14662
16186
2131
765
17241
2150
146
13421
14944
394
7701
8600
3808
8237
15557
7721
3494
2184
3336
12609
2159
6732
10149
13144
7485
14715
5712
10376
16513
14989
3410
16429
3497
2071
1367
11287
2364
7709
3578
9122
3512
6364
11167
15595
3501
4574
3141
6041
1247
10773
12723
8798
74
5860
10888
7334
9514
13864
2396
8305
12105
986
8347
4843
5959
8414
14854
13636
5598
14195
5761
7699
10184
16659
15455
4131
13118
13854
8834
1761
15151
12635
4263
12372
4212
4043
11648
530
13682
10782
17023
5124
3954
13929
11822
7814
10713
5063
11243
9522
16948
11329
5720
223
9492
7907
2275
11396
13820
12133
1779
1025
6568
14529
3778
8273
15782
16048
10222
12246
9984
16253
13764
2716
6206
12011
15931
6993
10865
13765
3482
4653
14771
11693
10755
3402
9886
6253
14174
10148
5725
6794
3869
5741
12328
5800
14981
1378
7398
1551
15461
3136
8503
1631
4260
10259
9618
10194
4453
6504
17198
3810
5466
16335
10529
5923
10632
128
1009
10005
1290
12945
5342
12065
13389
10963
201
3695
7440
17248
5517
5913
954
15336
10610
4020
9021
2361
15647
8149
13284
4689
12099
9162
8394
14013
14262
8021
982
3696
6142
11510
16373
13104
6076
2380
2486
6470
3206
5958
11289
16932
3089
6166
1187
6425
6438
4447
7499
3919
14043
1595
16762
4092
8234
3638
15111
6245
3347
3358
14782
5168
1273
10374
574
10112
15212
144
9048
6272
14134
8061
15083
6143
10000
2620
4914
5994
10038
7040
4971
12226
12391
2770
10650
4889
7322
7505
12892
988
13521
4162
9625
4480
13181
12344
7977
8903
10564
3850
6222
6684
12643
3565
14130
6503
9210
3887
13602
3296
11155
4403
3461
4909
4137
8697
13693
7956
16066
9873
13170
8028
10161
4794
725
6063
2051
5783
4311
15312
2146
10514
2696
2482
1370
1566
17215
11788
11963
7416
15527
92
12546
1516
6844
14791
15332
12185
5862
3627
10378
14857
3308
3731
13443
1037
2437
2999
1510
411
581
10807
12267
7774
9493
3259
5392
1317
11508
7571
8969
11234
3069
6645
4671
7987
4854
10559
10668
4890
13605
15472
12361
8217
15933
3392
9600
5222
7673
9331
505
1560
7538
6610
7616
6404
15818
16109
1120
5208
4682
8793
4707
7282
6569
14984
3941
13377
2737
5631
12043
13696
10805
8540
4981
17308
8986
4878
17050
16753
8821
2517
7189
2548
16213
6553
408
3391
8356
15553
2291
2336
12241
14326
14257
15796
7822
15858
13937
6068
10618
9279
5818
5281
3770
7235
14330
5963
5850
12582
7470
5061
14110
14197
11106
2860
16184
2363
4624
12073
15490
7321
6064
14525
4123
9348
13961
274
9264
13362
7998
10379
6276
7813
8867
16823
6398
3382
6733
16692
3704
585
837
4806
4399
2615
5346
7243
11157
9629
16305
1553
816
9435
12504
13245
302
2619
9754
15751
8141
10870
15847
2485
12128
566
11354
1063
9064
15540
2819
11348
952
159
13194
923
10962
12347
7018
5496
3949
12526
7899
10167
12311
1839
14913
12971
11927
15351
10586
9289
16003
11795
17205
2056
14990
12516
8681
13525
3713
4925
14038
385
11680
14785
2283
12303
1824
15450
12557
5484
4419
1588
2871
3348
9762
9943
15562
13438
15714
5400
9423
15032
4089
5888
17190
7651
13557
3160
15776
963
15442
12785
352
10030
12137
2579
6586
8193
12025
12573
11800
13934
8975
15196
16453
13225
10588
16439
68
8595
8116
11626
15090
13085
7194
1161
218
14311
4273
13241
11620
10331
1200
6072
2915
15620
10492
1756
3486
6702
9769
2719
2241
6024
10966
9699
5593
3749
6388
10685
10716
538
1330
2303
10691
1612
1488
10210
1744
4880
16406
17103
12408
17017
8374
13236
12798
1393
9700
9386
16721
13619
5405
3645
5962
15261
3800
2672
12869
12414
10123
2812
12166
10731
2669
16538
16980
11911
7844
5213
3248
6863
12951
11014
573
7748
8888
5507
1556
10926
7265
2598
5167
4157
2187
4022
8453
10237
8474
258
2664
14099
14085
16566
3233
8917
9828
7014
12965
17035
5248
5442
8247
3614
13113
9603
5642
15624
2214
12373
15208
5457
2935
888
2954
1687
1819
3703
1972
14834
8113
8187
8906
12893
5152
10478
17083
9648
14495
7871
3220
15428
11040
4713
15941
14936
16665
5458
15060
5503
7261
15254
7223
16419
2876
7135
16617
14112
14269
1861
5446
11798
2824
11166
4771
297
12310
1590
10307
13016
7765
7490
1307
7037
4767
1672
2229
17311
293
10882
4222
7575
6343
16792
686
11517
12440
12994
14280
322
478
5700
1889
5762
11390
812
4346
6221
15600
4069
2032
967
11189
16774
6331
12534
2704
3374
16512
13210
5601
15605
12879
9167
9451
13933
16845
13822
1867
9902
14753
2100
869
11655
1998
14403
4428
6480
15248
472
9057
3583
2932
14813
5425
3388
13893
2180
4743
7393
11473
9952
9820
1149
1160
8000
13788
10790
14625
793
4873
6197
2899
3740
6762
14419
17344
7227
4305
11777
13645
14520
14201
9212
8800
6822
10288
209
3798
15229
9782
10634
1967
11398
14604
2433
15579
597
14860
11489
6246
13616
7403
15352
14575
781
13495
10585
1360
2324
11750
8040
1480
7694
10201
5123
4187
16561
7654
13334
16327
12049
5241
10804
1186
1907
4088
2477
8208
10706
2723
6847
11787
8848
9929
5515
12047
4495
11038
11172
15724
12796
6880
17171
2507
10302
4695
8039
15838
11799
3822
16019
2808
5050
3518
12938
12667
14900
3958
7344
5052
6885
12459
10136
2279
2430
10720
16903
2591
6315
642
168
9709
1800
13503
10660
4427
16083
15463
1912
4102
11344
15118
5286
534
583
12335
12610
15182
1300
8241
11053
316
6510
16894
10901
6677
3245
8463
548
14007
3012
1630
12895
4694
13977
9086
12349
809
1049
11071
7390
16491
6786
12953
4605
5455
1532
4962
10047
14024
16595
5156
10297
11460
6995
4685
15681
9693
8838
11825
771
7502
8895
7890
16844
15121
6573
14874
10052
14416
4514
1461
9676
2545
7741
8422
1356
851
1834
7903
12724
1316
1623
9672
1278
9245
4145
14124
8667
11903
15777
8527
3662
88
16248
2760
1880
15533
16490
6365
12807
5386
3078
11953
4730
4234
4259
15799
15915
13248
15167
1750
7691
3878
5600
5155
6777
7786
4590
4751
2964
8833
137
9072
9773
12985
1097
10077
14784
10275
9458
6471
6461
5265
10766
2135
3729
148
303
5113
5148
1270
10829
14001
2210
4294
3574
10432
12692
5040
2298
8675
8155
5278
5127
11872
12104
11261
3429
5575
10783
10902
9721
14769
4255
13287
8752
2890
3500
12400
17259
15836
3379
1446
1952
8502
16122
815
10458
9665
9965
4775
17016
4176
1950
3884
329
16367
16194
2542
4737
6646
2818
753
4531
1563
14000
12839
10840
1856
4697
14026
9619
6108
11514
5482
9487
466
13787
174
277
1069
9740
9216
6803
9658
13687
16938
16182
1713
2611
14183
16110
16772
12162
3495
11013
4976
11766
16434
11887
12991
11585
13433
15865
2251
15069
10505
13195
12319
12059
2929
6776
4969
12298
64
12365
4587
3332
10536
7587
2815
5381
5939
12218
3241
14962
2793
13500
14587
13895
5733
2524
15874
15315
14823
13975
14154
16657
11136
13251
7021
8985
14421
6555
1452
10907
12437
14045
16623
1131
17141
7893
3264
13341
15298
5764
15376
1357
4871
2630
11024
839
4723
7663
323
13943
2826
16503
17093
15360
7524
4172
11293
9092
12659
17006
5037
6721
4050
6963
16790
6213
15919
3134
9805
11126
13256
11025
14830
7479
15185
2349
15148
11301
15713
7665
9930
236
5781
6082
6079
7897
15130
499
3625
3127
15662
11483
12855
7078
10627
11568
4839
1217
16619
16715
4576
7776
16428
7925
13756
17098
4216
11628
3072
7911
15813
12237
5022
1594
8415
2891
1245
7769
11729
12340
4625
17325
818
11650
16539
6744
8635
16632
4014
7609
10828
8119
2649
14486
1230
2339
14717
10035
6830
13655
1451
11094
13359
12842
9018
1639
3864
11983
11131
3420
12188
3767
5906
11433
11144
9503
8514
4110
11522
1798
14281
14960
1574
11169
11597
9954
9686
13119
10272
9366
15742
14105
9592
6251
16998
1014
14425
11249
1716
14937
3905
10373
3418
4651
3100
6464
1211
5013
14888
15664
9247
7086
16087
16132
12533
1607
4241
16474
7846
15752
682
12598
11623
13212
6005
5131
1400
10483
9692
7255
12067
14492
9334
13431
7843
2274
14336
7572
1103
16468
5952
6814
12522
1567
7033
1660
14295
12913
3584
11336
13240
6951
12912
14952
11780
2884
11082
3007
1826
12115
5929
2640
14040
8535
6437
10604
6322
2707
6158
7854
9302
2213
1359
2107
4805
5974
6820
16808
292
1065
10319
9909
7196
13122
11424
9674
13695
15444
15934
5882
11375
3266
11099
16880
13238
13093
10021
8529
13018
4704
15586
5005
14920
10202
2491
10002
7038
15661
16214
12693
11015
13109
15047
3755
3211
14639
14603
14146
12833
4992
3540
11462
1941
10083
3599
15011
9457
2597
1214
9158
9422
6439
4791
7596
6217
16989
8296
645
5500
12782
14775
9211
8283
10342
9134
1862
8197
4343
3013
16402
7574
14457
10162
14610
6577
8452
9996
14517
10646
1743
7009
9822
9908
16904
15339
14304
11674
1658
15729
13900
14414
11837
7153
763
4703
7236
8027
7658
14215
1091
13417
12749
13950
559
6990
14138
1519
14428
16095
2484
366
12093
1948
12357
9764
17192
12138
14480
13739
6783
13282
10680
12078
2569
15404
15340
3282
15089
8115
14078
6572
16345
4252
15626
5946
6605
2624
11602
6399
6101
9377
1006
11761
11929
13198
13599
2049
15701
16653
1993
265
16674
15402
12763
14248
4141
11231
6871
288
8069
575
850
12075
14121
9914
6229
14023
9292
16268
7801
1843
3947
4181
6369
12152
233
14924
14811
11524
2647
12233
1711
13276
5452
1462
16433
6673
5354
12774
6004
8298
443
14050
17110
2238
2330
169
16581
6122
3793
647
11227
2758
12966
8758
16157
11087
12748
1155
14770
973
11819
5594
10027
10032
4732
12942
4718
844
10347
349
6668
784
8239
14539
11843
14357
12690
4018
13395
13442
1439
5085
7865
11387
8225
787
7684
15259
6625
931
9877
1248
4855
16476
5437
13760
10985
6423
764
6748
11180
6047
10640
9920
16641
16215
8964
14537
8504
12224
15549
4859
12471
1176
3896
11967
3516
7955
13387
1092
6118
13192
2583
1372
13927
919
5699
10742
16921
