10456
1339
7667
7437
13669
12974
8313
11184
11434
16350
13781
6461
13203
14059
4554
4214
11506
7273
3844
11655
11562
16490
4320
2719
778
10054
10290
5375
7640
9282
11416
11999
15579
14816
334
217
11515
1550
13107
13890
8536
12756
14713
10183
9897
15336
10221
6602
266
3706
2203
15831
589
1565
10102
10751
11197
11900
13700
8622
10056
7055
2119
807
13072
10685
15306
14612
5204
16865
8719
10226
5386
12990
3063
12855
2765
12979
15606
13309
7579
3108
10296
4098
16953
3
2648
5176
594
16387
510
3103
10274
9888
8994
10978
9133
11701
10110
11378
8442
2919
2858
15802
10869
8679
14884
4759
7322
2445
11913
10000
12939
12645
15524
4485
5762
9967
15662
5095
9779
10162
5490
15970
14425
546
3270
3772
11220
8998
16997
5662
2730
8684
5363
11423
16954
14327
6263
15877
9817
5155
17322
16525
9990
16910
6227
8
1521
11392
8834
10004
3966
616
4758
13612
9791
1800
8190
9015
1351
1460
4198
6171
7829
8359
10582
1081
15793
7743
11741
11422
12721
11856
10522
15799
4688
2235
9361
16948
254
4481
7996
17024
7963
14478
13947
8703
12530
15465
16445
4493
4029
12188
14011
17128
603
5757
1638
7793
6295
4582
7225
17004
528
6235
6341
17035
16308
6997
3511
1364
767
7504
16980
8920
1297
8469
15865
361
11590
11951
10452
10841
11041
11635
8317
4904
14777
12297
12303
10132
5189
2836
2110
276
7431
5540
1819
5694
5451
275
9542
15855
16237
688
9854
3219
1673
7625
16590
9047
3248
13731
7127
13538
17026
2180
6524
3295
879
3126
9519
1532
9731
1888
7634
14920
10036
8770
13881
4427
8258
5304
13988
9360
944
1067
10380
10634
1623
8743
11553
16009
6590
2712
9703
12908
8951
7899
6830
9023
9976
13842
17327
11076
8609
12562
3457
15862
1899
13592
7137
1806
2463
8121
6805
11691
1035
10171
16763
1734
8546
12427
3461
8927
1393
8970
8197
1619
5233
2040
102
17226
8893
508
12621
14062
3465
4452
8006
3056
3661
686
14438
8900
2614
13169
6066
3300
3830
7303
6250
8474
15839
16693
5909
9068
2768
11828
16812
14703
13891
16012
7379
14958
3906
14353
8589
15963
2019
5215
14224
7471
4743
7506
1299
10833
14544
10834
1235
11062
2706
503
279
14813
3763
7871
6659
5493
11463
4536
16183
6824
10407
3795
11315
222
12421
4215
2922
14299
4011
12365
14528
3990
3138
14873
3675
4979
8685
1039
2805
3586
12658
11922
5703
4589
14194
10845
15792
4577
1070
17358
8879
12394
2810
9612
5719
9128
283
16079
345
9936
3401
14498
10428
9809
15106
2616
14381
17274
10286
10878
7023
13294
5745
4175
16901
13573
2216
10117
5211
8455
6471
10508
5147
16411
5129
17198
6054
7629
13744
16191
13963
3334
10652
13574
13608
6727
13356
10527
16548
12229
2364
13234
14365
12582
9760
10624
9026
15209
15104
16399
15289
15330
11864
4060
3517
15488
16474
83
15020
10485
210
8507
511
9032
15352
15061
2279
10656
10953
9696
12218
17215
6143
4396
7014
14819
10063
9242
8399
11132
13908
16673
3315
3396
4517
2923
397
4508
2938
7453
14910
15144
6090
8136
14875
10739
13085
7929
15395
16493
11671
9975
4587
7183
14573
3319
9729
16152
3018
9841
16811
10824
11460
7370
15824
5749
15782
6063
12329
1272
15934
9662
11608
13859
1436
7263
12789
1723
8769
6429
5060
509
13559
13985
2459
5487
13728
9143
3244
15170
3997
12323
12124
3179
17032
12389
2232
4689
5718
8056
17220
14526
976
13457
1221
16978
12945
7590
14572
5843
9951
10460
8034
12708
6921
9441
5517
6499
9431
16937
14766
6542
14440
17193
14468
2127
4971
1028
5938
4901
1110
1033
14480
12590
13751
653
6904
9636
4715
13706
41
11108
15085
8380
10440
16239
9752
13606
12522
1581
15649
5556
7783
13677
3152
14110
5311
7791
15873
5343
13405
10301
10283
13831
8740
14493
2484
1504
8207
13730
3975
5097
741
16082
16841
6546
6773
14527
7089
6837
16438
12825
12734
16668
11183
6517
15316
3066
13297
2819
7238
13392
8270
6261
12609
16597
4888
4646
16685
10502
10877
9795
387
2868
17041
15167
1731
14340
16920
13220
10853
5367
574
15486
6147
4805
14323
10805
799
272
12792
11706
9821
11563
5421
17176
14832
5414
2371
12374
468
10384
11883
797
7236
5765
7426
12368
17363
4008
8052
11841
1722
6392
4035
11376
14113
15878
998
13302
5707
1148
11719
4456
9777
4301
9642
9677
5445
2970
13698
15931
7862
5216
3444
7809
16753
4447
3509
8718
11777
3698
11260
16251
11753
1306
12653
6726
7275
16588
10620
16417
3369
8435
8097
11369
13317
14867
376
1765
3491
6709
12965
805
898
1259
13959
11167
16402
8169
13211
2516
14244
5590
5034
9171
16358
2425
13792
3788
16894
721
9526
11413
14294
16516
4220
941
8351
243
14128
14889
6991
10101
15709
16095
9881
5996
23
9714
10256
12060
14647
6304
5352
6387
12659
1901
3361
2427
9538
11439
10390
13448
3424
3847
10267
15281
14486
15343
6520
5453
869
9198
9497
1714
379
1303
5608
16966
5962
11181
4283
7149
149
6390
6492
11362
14965
5149
10710
6226
11364
8114
15272
11334
35
5612
10507
4951
12642
8812
11532
11643
9141
5354
62
10864
9499
6051
4742
6361
732
3923
1361
3691
470
1776
3728
7130
14309
9511
11813
5509
1771
6196
13154
4488
7034
7830
8633
13541
9955
5883
3305
7909
10431
14491
7199
9308
12072
15621
5826
290
7265
10246
10875
12048
7433
5357
9839
13432
12340
4358
9048
1185
2769
10699
6332
6219
15558
15791
16
14322
9222
7099
7156
3645
3432
17089
324
7488
4391
7594
3767
12779
5385
4446
8579
9717
12026
4325
11721
1498
4999
7447
14085
3608
12585
12566
5857
3423
5574
1652
13622
2458
8295
13418
194
416
14930
2148
11037
947
10472
4056
2686
8869
2222
14757
11760
14271
4643
5505
3303
3079
5886
5320
14368
7042
9350
6555
3320
4607
3551
14072
15462
16814
7853
10319
7061
9598
973
2003
14238
9345
14233
1438
4140
3391
5202
1296
12358
6679
12044
17051
3201
15184
5664
4538
13610
7495
15074
16958
5835
10895
9907
11898
12264
566
8076
87
1877
8750
4502
8943
17120
10406
11637
385
10544
10662
8729
10298
2547
14038
16299
5904
15501
6244
10954
16028
16395
5830
3834
6688
525
1849
12030
11073
10776
6731
9782
13192
3601
11665
11153
1150
9252
14442
13396
10994
8532
13982
709
1374
12787
10432
11849
15619
4186
17180
14336
12777
17182
12613
3939
12390
1627
6044
1879
15614
15544
10972
10802
7704
6327
436
10970
782
16581
9767
2429
7954
13989
10378
17345
11428
13901
11396
2147
14888
11624
2645
2670
5410
12169
1334
9785
16189
15236
14399
13658
9264
16175
16981
10728
15111
10493
11994
16433
5633
16197
7211
13676
2630
15021
17227
3450
2051
14660
4249
3408
2845
15734
16911
16329
5747
8854
6098
12054
13223
12672
16036
4382
11733
1906
5602
6716
14992
2998
3204
16317
14520
152
3351
3175
12692
13839
4636
9938
8166
10734
15011
8151
14045
108
4117
7456
13336
2112
16117
3372
8022
5850
871
6315
3994
3087
17340
9583
4171
4436
9667
10855
13315
10941
10966
2944
2321
10249
9172
15410
16370
5446
7135
3714
7880
7662
15065
10579
11666
16325
1325
10963
7002
17248
4648
7580
4916
13790
4603
2073
13937
17133
4963
1780
12862
6168
15320
10943
9103
13321
4128
16391
13928
1944
2740
1053
14402
16038
3697
11393
8074
8246
248
6934
13380
6670
4541
16004
11056
561
8569
13178
10077
6116
9885
1194
14339
10317
12512
16589
6374
7518
5070
7802
14667
14543
671
3207
1219
4323
14908
1016
14252
7742
16138
1295
15941
11641
14817
8261
14114
9193
6846
15032
5016
14698
4054
12525
13065
10797
3292
3493
10713
10435
5377
12371
17146
12980
10338
14831
13917
14075
8895
4974
16724
8196
24
13401
6645
11237
5025
16158
15137
13841
9130
11718
14665
16156
6302
1802
8305
12687
16227
5997
4350
14515
15354
5427
7095
15665
8977
12717
16681
16594
15390
6740
1926
10297
14318
15675
14234
16517
3648
3917
4375
5197
3375
11670
8504
8984
11978
15342
9271
1018
3813
13434
14606
13729
6739
10066
15986
1614
10934
13437
16056
2666
9160
13913
9183
14948
311
6852
9362
3721
8062
16253
14783
5800
9656
16942
3999
12820
7551
17257
10876
17155
692
8388
1633
17199
1151
10576
16005
1344
8339
11344
4547
3015
6494
3234
9588
12070
6273
6362
3459
14401
3271
132
150
10491
10882
5728
14201
10974
7233
16656
2803
16562
14957
2416
14646
6954
8360
15849
16659
7817
680
11380
6466
13552
17330
14548
11082
5296
4525
6356
7727
4504
15940
3762
5632
7875
2861
9929
6840
12888
7687
16101
10526
16560
2179
10657
16425
2089
8922
4744
15004
1002
7430
3009
13181
17355
7893
8862
1366
16065
6874
2624
563
6077
1097
10839
12909
11551
1797
4736
11353
8530
12506
13303
476
11077
10032
7879
3028
13118
3205
14137
8668
5221
12612
20
7003
3919
13344
10742
2177
2010
16288
13597
9240
5187
14304
17062
14463
11368
9611
7826
2434
5023
5714
11855
3217
12749
14974
2554
13001
6229
3215
10169
15009
3781
15942
11115
8008
8695
16448
15632
1261
12360
635
16131
10108
15607
15705
2650
10829
9786
8262
4
725
6508
13703
5993
11185
16363
12253
3096
6140
10622
5641
6212
15014
11365
8653
14587
3779
5940
9563
10137
2114
11261
1132
6386
1177
832
12106
10167
16035
8269
7397
2563
52
2757
13264
9699
6026
11865
11905
13162
11648
7513
3481
12028
13537
10927
4995
1373
12014
8124
13997
7389
13489
8962
11877
4404
4937
6692
261
17077
1534
10843
12871
10881
386
10476
13470
1979
7573
16323
12153
14534
6241
307
11679
4810
14794
10008
1491
9115
1753
457
13229
14182
13578
17137
16851
6043
5403
10468
2026
2166
15491
2643
15620
13337
2173
2906
16956
9756
16778
14334
16622
2671
7480
326
6886
10012
5444
14086
5955
10936
13077
4734
7125
5124
7712
2419
10926
12120
12949
12132
791
6316
7138
15979
11507
6527
556
3826
13421
7148
13060
2834
9355
6484
16769
11914
17175
4222
12181
9093
8042
6815
4914
6462
17362
11278
2537
13898
4437
17087
17316
3041
7360
1499
174
14519
13355
12401
2637
1743
13097
4809
5378
11289
13066
15374
11114
2396
15935
12395
14247
7593
11545
11235
8950
4304
7978
3381
8600
15777
16410
643
10487
4906
15748
2677
16469
2424
14808
11537
9533
5200
14683
6120
13719
10204
7686
753
2721
15990
6093
6560
5931
16304
7896
221
16133
8830
4157
4095
12834
16733
8001
14755
7939
6046
710
6157
499
667
3916
16166
10159
13482
12930
6255
14168
3422
16694
10733
3932
9287
4586
8107
7208
14391
13758
15489
11217
8798
13654
8603
8794
1173
11961
8233
9179
6270
8200
14416
2261
682
2275
16625
17346
12997
16077
16228
9647
15022
6445
10674
8980
2280
7154
196
7463
14358
16078
6515
5674
12482
14403
1385
6165
4628
17125
4621
14850
17289
4713
13080
2293
16374
9496
13004
6729
565
17290
6049
5366
9856
16830
8863
340
8089
11915
8822
13091
1085
1227
7570
10706
4255
12400
2992
14536
13845
10166
14624
4425
10207
13690
13022
13062
10980
325
5673
10736
16086
9657
1214
5808
11953
3409
8699
9042
11356
7707
12570
17348
12354
15597
8293
5922
846
2086
2673
15800
2398
12147
13370
2102
699
6325
16746
15425
5001
15596
8698
15135
8637
8845
5074
4961
13638
9852
3039
6393
7179
195
15816
7008
4143
16144
6434
2767
1131
5614
3263
5639
4934
342
9515
9124
10909
7525
2979
5990
15680
9234
1267
5652
7258
6458
1826
6230
15541
14574
13836
4784
12386
13161
262
5887
3310
1469
17069
6158
11949
899
165
13772
10402
6754
14508
8026
2511
15082
6328
2071
11348
14773
2936
7612
16963
684
6296
4718
8597
16293
9716
8342
1529
8783
9518
9320
3679
2556
13070
15000
6368
3150
10289
5417
6588
13691
3080
4781
36
13249
1458
12236
14896
17377
3803
9458
5268
15623
9182
2522
15921
3057
3022
5690
1305
13784
4440
14029
12255
3843
3469
11728
14298
12259
13931
11505
421
16204
7792
7703
13668
13887
7207
14386
11176
1165
16130
14542
13222
13112
7630
8155
4671
12446
12382
16337
3733
7328
1291
4580
9223
14730
3094
237
3200
15243
3740
2111
17365
17225
15439
16639
2319
1791
608
1770
16303
13246
12125
8756
13755
3314
1541
13202
5011
3054
15749
5771
5159
8093
11729
14637
15641
8821
9231
288
10922
14146
15261
2764
4399
10868
1414
597
3011
12174
14881
13034
7565
13967
17216
7022
5280
922
16248
877
11102
3669
8419
11603
1359
7024
7535
8841
9864
3538
7503
2857
15872
14063
12322
9845
16344
1424
7170
2959
15138
5824
4777
12451
8562
11223
13259
16447
10541
2422
10260
814
9934
7004
4401
13715
14101
2954
17078
5759
16546
7846
7749
2798
527
12006
17200
13925
17204
12995
5488
7818
3590
10546
2683
14790
1812
12650
2498
9654
30
14389
1352
13555
16236
5946
7834
1828
14348
5022
7799
2688
10019
1684
3021
8547
3502
1257
12385
1015
13397
142
4068
2412
522
8960
1353
2898
177
868
2329
185
12077
979
5589
9773
1445
14580
16580
12248
11086
5161
2881
2399
6686
14136
16766
1315
5888
2588
13835
11523
4112
13143
7964
6787
3507
5014
2852
2540
5291
9877
1969
10655
3238
8931
17095
10542
12134
1992
16777
4679
17098
11589
13390
925
9255
11912
11470
7912
13497
11303
4670
9433
9081
7710
7500
1695
11409
5454
9378
13084
4812
12587
8763
17037
4988
15625
567
17009
13874
2323
7043
10051
8890
16482
193
6271
12351
11390
112
13652
16938
3228
12117
15496
4882
12204
6550
6701
1108
1281
9060
5872
9794
16202
10687
11970
251
10138
16591
14221
3438
5175
10871
1431
5870
13558
1679
8957
11725
808
14081
14723
16014
3577
16885
8193
74
8274
3978
10521
17255
15260
14217
3593
4169
1886
5889
14290
5303
5420
1223
1341
17173
4038
1729
8521
8017
13745
3599
14610
2507
7655
14094
480
16437
12156
14634
7868
16834
14905
4354
4767
10306
3370
7345
14482
5700
11127
7598
3442
15910
2575
552
8907
12508
15653
1075
10929
9632
9571
8906
6696
14196
13733
13907
1594
1963
6121
16214
1692
16126
6447
2975
3769
16091
6789
10612
15141
14539
12422
7333
13069
14236
14576
2566
13141
1034
4121
2684
2331
6154
16607
12668
6525
9429
5621
7916
13688
16332
10350
13090
10907
11254
1058
5716
10823
6567
2201
17376
15780
8084
12045
3296
5890
1632
10234
3125
4518
2846
5300
1328
7242
3302
3013
6956
16513
2790
10244
16432
12193
11937
13672
11924
10394
2015
2342
15230
12632
1978
8055
15982
15699
5459
8923
9682
212
3938
2885
1680
10583
9326
6191
17016
12829
12008
4233
14785
2835
6536
14188
10340
8051
13678
13726
4193
3463
5896
3800
16436
16565
12494
13599
9299
1503
3752
6444
11445
15199
12076
10632
13670
956
1256
7914
13187
5315
12289
16960
15542
15193
16898
9933
1742
3014
2865
10223
16442
10436
4457
5874
14826
299
10315
6357
16687
7398
4134
12420
12056
2125
8186
14470
8669
10689
946
7248
5264
13995
14123
7088
854
2676
6310
954
13083
2546
3798
15767
8604
8320
12514
2121
6421
9734
310
1999
9661
2223
13031
2920
15365
7104
17003
9435
4312
5275
14341
271
935
4144
12093
7332
9630
12410
7701
1449
9064
13314
7285
8837
7160
2595
15435
2607
7651
12388
14387
569
3877
11576
5586
7735
223
12384
11436
10401
8500
9581
13647
3759
8189
10458
14383
1252
9539
10565
15418
10816
12705
2899
4940
9112
13858
10305
9964
10670
12041
11322
1675
4553
4723
10989
7861
3129
14588
11750
13827
13002
11687
10617
11850
11668
14998
5778
4303
7785
14953
10425
7445
13667
2257
13630
6205
3252
16650
17312
11618
10099
13011
6850
7145
15227
3254
602
15404
10792
3549
16261
3385
12157
34
2726
10464
8786
9251
8552
2263
13271
7858
10988
5423
12151
14414
2603
14865
9536
2077
9209
6237
9463
13221
15875
3591
10044
10888
16735
8557
9400
11896
9009
11074
12947
5572
5276
2276
144
4546
11139
4818
6910
14366
5240
7534
11612
4669
9574
10115
4469
3411
14659
53
449
9710
16015
4103
7975
4612
12232
4078
12367
8712
863
7413
15952
13132
4305
604
13479
8921
12474
5077
6599
13756
13147
8978
4524
1218
762
12442
5310
4486
3136
8078
12005
13847
16139
13413
14204
2550
14714
2408
13174
13875
8612
14510
4343
15955
95
15613
4250
2087
4265
12971
15091
4459
3004
5630
12916
6288
3663
1574
13260
14856
14343
7112
744
12334
11187
5178
4080
14255
4738
9906
13936
2141
4207
13210
15301
15779
11538
16613
1564
895
14272
5696
8309
15148
7952
1707
11457
9309
4853
6768
3628
14674
10405
8584
14842
8958
13238
7724
15504
13274
9930
10584
81
10567
13384
2999
9596
5256
4658
3815
6119
16646
1764
16925
12926
14670
17293
16651
7582
445
1114
3193
17038
915
15213
12250
10666
9403
7563
11189
11002
4412
6369
8181
1664
10285
13333
6819
12936
10197
1662
12913
11443
4898
16642
615
13212
11943
2972
8357
15987
1971
3447
5917
10052
15636
5103
15567
2016
853
10789
5460
2971
14586
507
3258
11514
707
4660
8655
11179
7190
8081
2797
13787
7382
9089
8510
9808
16649
11772
2609
907
1612
11296
4295
3900
11032
15329
7311
1525
10631
14260
10358
13224
4505
16122
6734
10596
6301
12098
15664
658
5948
1856
8085
16286
9801
3587
6431
10819
14509
6400
12049
9123
6209
9153
16550
1130
409
15645
4471
1451
16455
15416
3641
3611
13164
2131
9479
3523
4306
16726
7562
11212
5554
15685
8646
15166
15323
8157
14666
8518
14828
11021
7820
16742
13617
6153
3642
4617
188
10911
10461
11568
7947
2359
3760
13008
14170
10956
4108
15191
5577
11859
1109
11644
8973
13611
9601
2391
8311
10518
15310
3074
1243
11290
861
15018
6200
96
11281
9186
2467
2449
12011
5609
3811
15411
3350
10523
11555
126
12564
5182
5186
9997
10360
10745
16951
11386
4432
17303
11414
11
2266
1280
17297
11143
14607
5797
3313
7178
13440
4714
16928
4773
3329
5266
1955
14718
14738
9996
6958
16739
15972
6769
5087
13707
5143
7425
999
3371
9007
15053
15487
6144
1405
2708
3345
16087
10262
13496
9488
17020
6474
2889
7013
15067
14109
5846
15905
11123
5916
9557
16367
11681
512
2205
11557
9790
4659
10059
8623
10886
8367
5860
13779
5302
16691
3822
7684
12055
17099
7847
12441
3598
10123
3311
4863
2248
17191
15362
9207
15444
3862
14947
10272
13906
4634
1065
16842
5688
11770
7867
14765
17367
2947
15928
16914
15603
14547
3368
780
7374
10376
621
12304
1336
16570
129
5539
9534
8991
14697
7700
4527
6275
6473
13498
14597
12338
5964
5006
6823
15781
12480
12838
7816
2447
2194
15580
14600
7286
9099
1443
10251
10142
10073
8959
9514
15026
818
7204
7943
10885
8868
10479
689
331
2528
5422
15361
12261
5039
3555
1913
7604
234
5935
929
2672
5141
8118
14673
11450
12212
7694
4799
11824
7944
952
5430
1099
396
12170
11623
9392
9446
16731
13943
12443
12697
4199
7539
5312
13073
9036
10382
242
4099
13981
12625
15417
3373
12548
16587
16073
15214
955
1659
3636
10740
12517
309
7864
3690
125
13840
10549
5084
189
3920
4189
10304
4058
6829
14104
3242
14016
902
14102
11387
693
7467
11797
9754
2282
15914
2916
4352
17158
6490
13866
1975
14739
9591
5224
5031
7073
15063
15422
7529
10787
10793
1061
7391
3897
4119
14031
10788
2031
12435
16555
4690
2930
7436
9065
2254
14554
1843
16274
17068
10399
14267
3944
15096
5504
11249
17240
10096
15729
14579
9833
5136
13634
7331
14489
11205
15825
1838
5552
10292
2014
16670
12618
82
6675
8408
8454
16757
15128
15553
11475
7650
12991
13369
2330
6792
4109
6917
4535
11271
8135
14474
2965
1406
8909
9418
4551
488
4735
7554
524
13304
2748
9968
9432
837
15003
374
1040
3755
15303
554
15750
4544
8229
6717
13734
1278
4685
15724
6777
15533
7608
3766
14490
7544
4470
2277
2230
17321
7357
200
1831
2440
13182
12465
14124
5967
6925
14524
16414
15029
2333
13607
1578
16294
1694
14702
161
9149
11795
8412
6755
8228
6291
12176
577
7016
10649
12300
11156
16080
13663
2072
3956
364
14690
8370
15787
16112
3631
10347
16146
12712
4023
10423
14141
3602
13523
16125
10600
4675
15806
15500
12681
5914
13645
12311
13156
2006
4363
16044
14756
8833
15595
16090
5527
2996
66
9493
7326
5758
7230
9837
13785
4298
12135
4625
6507
3584
2394
15803
6108
1087
5705
1918
10149
16598
16802
13769
13732
9227
4321
11744
5638
1122
7267
10214
14083
12032
5535
7745
1509
6350
13957
8710
10949
16052
2327
9740
930
1947
13503
4751
12533
16628
2074
14167
17259
5605
1604
16476
322
9508
10049
16680
5894
2496
1369
452
9952
6609
11761
17132
4797
13837
7804
5166
1485
10962
369
5661
10591
5785
5760
12418
16224
9954
10050
4823
4435
16209
4461
10412
145
13215
15949
7628
8999
77
13018
13587
1823
17262
9899
17083
8713
16153
560
5298
8468
10454
2318
8782
16584
8456
504
12436
7036
15443
4928
2720
14569
11424
12581
8451
12325
7859
1641
11122
16968
1136
1220
14655
15405
16944
2945
10381
13043
16567
11861
5726
5063
12722
7923
467
10462
14021
2577
12096
2509
230
5041
5083
1601
9589
11752
6808
13445
2776
11034
9206
795
11014
9393
1301
4234
7957
8823
14978
4394
14070
15747
12146
5557
16451
16200
3425
14308
8066
16653
13144
13916
16632
6638
5928
8971
5547
9111
14601
17280
6705
10492
11867
1590
7823
8338
15631
3567
1677
7951
3600
736
14686
10919
3867
8037
8560
10205
15131
10581
11269
13546
12915
3145
3155
5418
1397
16016
11454
11920
2589
3553
3647
4300
6029
7019
11535
6004
4254
3036
15671
12737
15456
8234
2981
6069
3232
4785
16457
1009
9867
1079
6019
5172
115
5564
1942
3347
7041
4070
5180
8875
10174
2567
11190
1415
9859
5245
16007
13139
4573
1625
10896
11646
5290
6318
11319
318
2206
434
2312
1161
5230
2195
4462
9014
4506
2065
10825
2775
12102
11234
4521
2613
11140
8625
11939
16203
13543
9566
1702
7313
12815
9440
5511
12576
7936
6480
14675
8816
12688
2576
15168
15485
5651
3883
1207
5570
2083
7999
11628
14891
6299
12103
9715
5442
5168
11279
5479
7974
3448
8350
11158
2433
8889
1304
4104
11722
9469
17309
4339
4014
16405
8477
15700
13844
6637
3527
11259
9780
9921
15388
15016
8416
10990
11137
10593
13474
7028
2950
14005
3388
6170
5219
3534
7371
10198
3610
9761
8696
950
14487
15088
9584
16260
16434
7586
16060
9763
5140
411
6990
16201
7093
2269
5823
12924
16418
16621
5543
2738
9651
5368
3349
7065
16575
6363
13589
3668
1320
17206
13850
5485
10400
10863
7474
8850
8235
3279
5767
1157
4168
675
17325
9225
8063
1204
6198
8473
14935
5482
6976
15871
14603
5980
816
9101
1238
514
13122
12387
2340
265
244
9197
3162
3092
9293
1228
4896
8324
405
12893
1155
10763
12754
927
16053
17091
3572
11833
813
9323
7201
1777
6848
9243
11213
8702
12745
14642
7532
1569
4187
6426
15880
16319
5348
4565
14496
3723
14408
7069
12165
15730
7091
6770
1467
3802
1832
5844
15294
13952
1895
16026
14462
16206
1727
588
8577
13359
11601
6794
14995
11539
13138
420
923
11881
7815
8819
4492
6128
1540
5316
2629
11851
13343
4258
14147
12423
15926
8268
2651
9932
1391
5356
13598
16712
906
4746
5723
8972
13633
1464
738
12897
12790
9681
16955
992
6401
2703
9213
7887
8529
1368
5640
11267
3492
10334
630
13361
9663
11016
17212
17360
10291
7874
13978
17218
1668
16094
14394
7101
15163
988
2882
15245
14680
11268
11872
10610
8300
14393
11807
14555
12910
8057
16450
4224
5647
9470
13171
555
14080
2900
8724
3573
11932
12878
5190
14370
1778
3722
15284
9317
8369
11299
14717
14144
6772
13239
3570
4356
15322
10635
15833
12293
14280
8615
10408
15703
1433
9265
8487
769
6298
5827
11835
9746
15335
7150
17123
3160
10577
7086
11036
12267
12952
8610
7657
970
13681
15046
7380
7595
9878
3083
6403
158
16711
7060
1796
5743
9439
16341
5528
12251
1560
7692
4801
13529
11766
623
16255
7976
1783
8824
8264
12986
5626
6307
641
14578
9344
12009
1689
908
4411
11952
3662
4212
586
17106
7439
10261
1584
6873
15628
12010
1450
1286
11403
15382
8594
16771
6322
8490
14860
3965
3891
10849
6974
2910
5370
6320
17190
4463
5468
14966
6548
15115
2200
9616
14406
4094
17169
7502
2685
15774
13201
13861
12931
9033
1724
2032
5462
15850
12667
4676
9884
17341
3006
13673
16250
6907
10278
9024
3148
14288
16085
10847
15383
9
2812
15686
11136
2894
5809
13269
198
13237
13609
1635
4414
10284
4442
16767
1175
317
4849
3545
5408
4900
12703
9810
15919
1283
5059
9321
7646
2368
911
15537
7011
16116
11411
15599
13595
16188
3529
17053
9445
8570
9147
14230
17251
964
16321
15666
6496
14152
1483
8652
4653
2209
15134
10477
6522
7334
2934
600
3283
14545
12024
9984
11973
2521
14980
13876
10653
1003
16709
10139
3040
1672
5185
16825
4178
6998
1902
11661
1494
1152
8924
3954
13980
10116
9825
16475
17300
7805
120
11171
6503
933
1282
8898
12502
9022
12078
7305
15585
5362
3581
5009
13267
14488
2675
2732
16259
4932
12234
7969
16573
7819
5768
11264
10858
4993
13924
2353
9903
14422
6587
7622
15785
14458
1427
9874
7221
12074
10636
11030
14843
2315
2622
11792
16357
1225
15060
8738
6741
545
4873
16076
11407
12812
1930
9300
7844
3333
14620
13865
4514
2887
13655
7933
12432
2090
7228
9369
12675
17344
7005
9224
2418
8347
14561
3456
991
10027
9194
14809
16988
2495
462
11870
1592
16278
5668
2903
14155
7483
17295
232
14041
2246
15265
8939
2747
11199
6406
4683
5489
12505
8566
10753
1365
6957
388
8720
17311
6297
9001
2017
11731
14015
176
406
9895
1846
12448
287
8348
11631
16875
13659
7341
1473
10185
1422
13491
1676
16479
4856
7280
14283
16535
8462
12470
8464
1994
8844
15743
14089
17170
14174
4066
11333
14558
14824
8672
13662
3285
2332
5193
7251
9184
11111
10213
9351
4843
6281
13581
5592
2784
13568
4918
16195
10091
14275
1367
16991
10175
15829
2300
10342
14841
10318
9258
12025
4706
4123
6735
13235
14251
14099
9634
6349
13949
8941
16671
10760
16128
11893
2663
12919
8966
3898
14622
8788
12130
13272
7068
1924
43
10892
486
22
13720
15843
1269
4120
5764
3384
10500
4619
393
16511
2753
6543
3742
16426
8742
14226
8276
3291
866
3470
5787
5514
15458
12975
16527
10717
16439
15315
13766
14774
2211
14129
9550
5736
1864
943
11993
15194
13295
5380
17018
12154
15530
6080
17183
6112
3451
7301
12903
16335
16906
537
107
8054
10712
1511
173
15944
6132
10348
14691
9364
13044
13054
3158
17048
10201
4788
7898
12557
12955
4167
993
5790
962
1117
137
14716
12272
11379
13618
3974
9631
2512
6889
9641
9965
9298
12434
12704
16148
6535
10744
10935
15226
9136
8139
11948
12902
750
637
11341
8144
1553
15890
6440
9758
15360
6780
3421
2830
7448
5404
7450
6365
9530
2902
4326
8967
14549
11700
14111
1465
4132
6730
1876
15522
14134
16708
15552
13394
2946
10235
13905
16692
6033
3778
10967
7378
847
6833
1001
6902
16232
13561
9137
8141
9623
15258
6430
2570
15549
11950
17245
11429
11265
11048
10233
16743
4376
135
5536
12270
9707
16491
3901
10588
13415
6863
540
9002
5740
15271
6892
12549
10375
8671
16055
2426
12840
15197
7146
13345
8797
4019
6842
14720
6782
10259
1517
5076
3498
13644
576
6160
4791
8049
5766
11408
2352
13553
708
413
1827
12483
5734
14872
8031
16654
2828
3977
16556
5091
2949
11099
6115
7203
16710
14291
521
3267
4549
11782
2189
14250
10505
10884
9970
3354
7885
16623
11219
2190
11541
9134
5601
4789
8275
9165
967
7726
4242
17314
13299
16064
6803
7006
6455
3086
6312
17058
12501
11360
10675
15951
11736
4741
5099
417
336
14098
9055
16489
13746
97
14116
10258
5998
7890
8130
29
4390
4831
5274
3926
6798
15056
13743
6274
4813
14008
8968
7866
15983
9805
57
1318
16164
15007
6236
301
9646
2249
1029
10359
12593
11592
6092
17283
9820
9454
9270
12071
15473
3855
9659
11425
15917
6809
11774
10629
17272
14202
1657
15353
3304
9250
10957
3892
4116
17171
16728
6407
10092
9836
3910
15397
2596
13262
11109
9200
11090
16750
1927
10209
8670
4423
6549
216
4458
105
7576
1691
15742
2370
2782
1271
1011
2788
9072
9419
14180
8417
13528
14994
5650
15419
2491
2149
10202
8544
4570
7501
11927
9017
2997
2474
14243
6343
6981
13484
11003
8901
6953
8707
4728
12589
7808
11375
11776
15712
2182
10003
10910
10365
6164
7611
5587
5265
7108
226
10157
4808
4130
3484
8721
6817
7549
13623
5929
104
5086
9871
2286
3832
16421
14915
14584
13254
15475
14420
2562
10774
2160
5085
6206
11906
10232
1362
2727
2741
16740
16952
8715
6979
16257
10857
9999
15087
14105
16773
6424
15574
1544
5046
544
10608
15516
14706
12567
4267
8673
1741
4667
1337
5436
9119
3887
6360
1919
13358
2156
3726
14126
14461
1086
7279
7223
3241
14582
14082
963
10395
11228
3346
5753
2991
788
10537
1135
14469
1548
6552
8285
6089
10917
442
14614
7189
16533
2115
2808
8030
8461
2079
16971
13175
7526
978
15023
9071
11502
2500
16677
10424
10604
15252
11313
5359
4633
3886
10367
4133
5811
9016
9607
5434
2606
11328
6924
10609
5244
10540
17149
11383
17012
17260
4075
7167
8033
16593
5373
1137
14184
13055
12528
8440
8018
5934
4677
8288
16732
16844
3184
1644
10727
16269
8527
6246
12180
1654
12662
17001
143
16386
16140
3982
7663
13460
10603
155
12932
4141
6319
14744
3776
7037
8392
13539
13385
6988
9775
11204
2380
7403
916
2061
12775
15550
12540
13643
5026
7836
11860
4292
9513
1356
7214
7392
14153
9602
6477
16514
16369
12150
2725
2866
6993
7021
2749
13382
16380
15286
16845
6589
867
548
14371
16715
14019
5593
15903
5258
9122
16929
12426
4410
8814
4564
14377
2669
15725
11846
7922
12640
1064
1421
12760
13846
12946
4842
16376
11798
11908
12088
1115
1795
15045
12802
10647
4515
1037
16150
9879
13793
575
15615
98
8343
12015
7685
12987
6573
1522
16121
16309
940
9686
15147
11658
11172
3328
7522
13100
697
4021
7517
363
12597
6045
370
6284
1982
10371
10531
2469
1622
5819
14189
9764
12571
11166
9847
11120
13446
5635
15398
12119
4024
4558
7856
5510
6028
12227
1506
14629
4905
7708
1885
12720
13340
14002
15717
13172
5012
13322
10553
9151
7
13291
314
6075
13478
10748
1678
6425
12081
4787
12934
15028
11499
10180
9635
2974
14087
13459
13848
2289
12439
6018
17151
15565
5937
16931
4063
3321
6844
16564
4593
9379
11890
3890
8296
15520
1609
14664
5992
8583
13826
2062
12542
3012
5828
13493
12317
17111
14055
15094
9377
15036
2013
15646
9235
15508
14715
12707
14061
17043
1329
14103
7782
2912
11221
9457
13639
14633
14740
6056
713
16290
6217
2957
1940
5466
13207
10854
9570
16096
6534
14181
11144
16297
5578
11524
12242
8723
8032
16160
2138
15958
5048
10038
1566
13520
7302
15447
14892
9035
12818
14131
2389
3696
17061
15121
4013
4768
11468
8137
1287
6983
3486
10035
11827
4206
16512
5333
3400
5500
4088
9148
16478
6422
16888
14669
13135
16730
2807
7545
16315
1298
11473
10311
3017
7396
557
8676
1997
1737
11119
13111
8928
9700
1376
15454
1056
4941
11663
4450
5876
6094
3049
15246
10638
6871
7970
6790
8627
1045
9294
759
4084
9925
12226
5849
11692
2976
11274
14593
451
10552
7946
9386
11566
13277
9389
6439
7281
11055
4106
418
8936
624
2038
8894
11049
10076
2526
11033
9152
3973
10186
11066
15158
16058
6084
2185
16972
9199
3912
220
11942
8024
5071
12683
12674
7454
12817
69
12850
15900
5010
11050
1712
758
13562
4416
12649
5412
14312
10309
4190
8019
17022
8413
674
3099
4847
3836
10627
2851
8838
10654
3416
15978
14374
6710
6532
8555
1224
13487
8222
10164
12082
13857
5829
9665
4877
6117
8599
16471
15762
5330
332
2057
5706
9226
8371
1222
14175
16974
17203
1647
10314
1666
16268
14451
4917
2262
3259
12278
2642
15472
19
6913
16919
13653
3505
14571
1010
9561
15943
5777
11775
9713
8501
12644
4601
5277
1232
6737
10572
10976
286
1493
2772
13969
17237
11768
16135
3522
11301
13450
2743
3626
8717
13549
8842
4975
2831
12245
6353
15830
14034
3211
306
15659
4328
256
14481
3715
5117
4945
5737
7639
14879
3561
2941
12983
12171
7350
1326
5145
13631
1072
4395
8002
15124
10850
15164
3419
11206
3630
1082
9863
13554
13894
9981
3045
10329
2462
5452
13684
10613
6526
1279
8028
11015
3746
10944
1342
12404
16351
349
14858
8211
5681
10784
2084
12629
6583
7559
8540
7654
14410
15150
6660
4779
3133
2314
14880
13825
12330
14437
1268
7264
2582
14846
5150
328
6879
16305
1945
874
16542
4803
8638
7574
11124
236
4359
9331
1850
11697
10503
16820
15179
7310
2514
10433
3085
6814
16782
3652
4431
17350
15528
4513
6748
12601
14405
12811
2219
5395
4569
12369
17268
7451
12594
15600
16678
2801
8005
12832
13443
1031
2925
16408
4290
13752
5795
2527
5508
7824
15355
10750
9049
13093
13466
300
13961
3142
6940
13693
8744
16921
2524
7047
3073
7257
8851
15169
5398
9900
10777
8178
17298
4345
13095
13316
14735
13998
7556
16747
1907
8689
14737
7821
4756
1516
1859
1486
15532
497
11134
13114
4153
15452
3712
10725
9684
1977
5234
390
6785
6544
10757
2383
14845
9150
1750
2840
8935
12230
5678
2746
3101
3842
17115
15635
2272
5134
2722
7402
15181
9674
13119
1170
9894
3180
13849
2678
3643
5151
11829
1442
8768
17049
4147
14778
16456
15860
4526
2697
11996
4960
8349
7278
16821
3378
3382
5231
2417
13319
219
10971
1998
2456
11917
6283
9410
253
4654
13186
6941
16072
15719
16554
7087
9943
4868
10645
14899
2158
14688
16984
11763
2162
1139
13862
3654
15328
4581
2064
15114
11794
17159
4835
4794
644
9268
10484
775
2159
5035
1314
3335
16249
10194
6408
14791
16385
3676
12773
5544
4635
10667
17025
7552
319
8272
4876
14988
5397
13572
7609
792
2724
2937
6680
6095
2652
15765
10061
1409
11096
4879
1693
11764
3928
16342
10098
15041
12896
3896
2862
5467
14149
8083
258
880
5021
13803
5267
2099
4315
15846
4351
8110
6778
2271
3918
15716
11357
15566
13956
13379
5732
13399
8036
5406
1153
378
7803
10419
6706
1787
5472
11527
2366
14473
639
8865
9078
7100
157
6247
4977
9622
1345
16364
6476
13213
10303
3046
7927
3293
14618
10046
11645
16339
16049
8981
886
1444
5088
728
15947
12457
7755
1332
4256
3560
11310
4867
17369
1640
11802
9315
7097
11138
7558
1335
14672
11526
11060
4261
3682
7771
16922
15071
4478
15690
3418
15581
7299
7464
16696
9532
3818
13145
15869
7030
6891
12000
3774
8665
8945
6712
11405
6666
13490
2273
2736
10459
6286
281
7317
12935
6032
1134
15510
13551
7589
15975
15778
7276
6011
16365
16120
17181
4240
9687
2468
1852
16703
3116
6124
12810
5969
3404
12606
12710
3948
16041
12586
5285
12027
10826
16887
12519
1646
10664
14218
11705
4903
229
12535
14266
6523
7766
4869
13642
4051
1054
10856
7473
14553
3657
3569
1160
7076
4682
5127
10946
551
5812
2863
7770
16523
9958
16398
16976
6854
11089
8985
5868
4697
10252
3185
10682
4556
4278
10488
11351
774
1277
6009
5580
10501
12998
7015
8697
584
12179
6177
1987
2042
2761
484
333
8590
11091
15076
10090
13245
12211
664
15216
12515
1792
17140
9528
3309
8127
16684
14946
7937
3001
1603
1964
16786
7419
10426
10759
7888
3134
12716
12999
2551
12912
10045
15201
6338
12149
2034
11656
12108
7603
26
10525
8163
11248
11758
10803
5270
4955
5475
16861
7147
7354
316
8333
13889
6827
3031
1878
4275
3164
2301
5243
8255
4774
3029
17273
17208
10475
3945
13935
3479
12806
9935
9771
8341
8379
6738
6950
16170
8194
6025
4986
91
5529
7399
285
14900
5495
10331
5845
16647
16918
5075
15210
3884
14939
7542
12241
13013
16246
7716
11512
4047
11650
568
14546
16770
6980
516
7316
10216
11826
12686
1242
3533
640
16576
1855
12452
12563
6313
6987
11092
13521
1840
11404
8873
13583
835
1911
5942
10987
2608
17188
9838
2139
17060
14743
9517
9728
3885
13975
10136
11272
3169
6287
11816
573
2438
16110
3483
6290
11709
5474
7110
7763
14052
12713
4984
6838
5519
6707
7304
1853
13190
11788
1514
481
13977
3038
650
5455
13944
8535
8848
13666
14380
9706
8162
2909
6048
10069
5727
6932
10377
10184
2571
11583
13958
8620
16695
11821
16324
7614
15929
12791
15017
2471
2739
17015
16300
12089
6014
2288
9120
8361
6396
14710
1213
13452
12086
659
4632
2745
5212
4555
1302
5008
16098
9154
2078
14804
2365
3181
4079
4590
6109
14641
3068
16537
1378
13780
15200
11186
1349
1105
15242
11984
16263
8917
4027
12914
12518
7227
599
11572
1538
15165
2217
186
15273
14914
15723
7292
14379
3537
12678
16284
3316
14685
12767
14640
13802
2756
3632
2558
6504
8616
9579
16282
13290
7913
13627
8045
2523
11028
2345
12925
17285
12099
6841
14581
5173
12240
4832
15766
1407
6238
9245
12584
4997
12085
11754
1645
9442
15835
11818
1768
6204
3097
16967
13061
7918
553
1908
948
12140
749
16141
1991
15711
10837
14421
15521
3724
5875
14753
13994
7894
6600
10030
9971
8795
5815
2210
14258
2347
9726
12881
8757
8628
5306
4033
3286
68
1842
14328
13970
11130
11435
6512
2059
8654
14984
6959
5201
4346
2827
1965
4145
1533
4699
4238
14617
6257
13152
3331
2397
16331
7762
8100
14787
765
10534
16461
2552
8933
10022
3576
14207
13129
12083
7747
1310
3472
4885
13475
531
6381
13463
14789
3059
6333
7421
12104
16070
9477
9732
4952
10265
10372
7165
2379
3210
14693
11486
12911
9991
12959
15269
5984
11194
16075
2025
13477
17233
10176
7194
12816
2560
7848
4274
15270
3539
8323
5820
9363
14983
121
2116
13312
12755
897
70
4705
15203
10385
5128
7690
11006
581
7555
2227
14922
9961
10330
6576
5711
8172
10606
4920
4192
11479
12524
5958
2980
11448
6832
6994
2687
1417
5691
10607
8396
4405
4681
7051
16151
10351
12202
12320
3131
972
17072
13585
9073
16419
3157
10556
1382
15842
11292
16111
12208
11045
727
8777
14913
5898
8308
9735
1688
3851
3471
4439
11918
16023
9643
14037
14566
6100
40
3629
12254
3362
8280
7256
14725
16498
13076
12821
7082
1938
5897
6395
6885
8836
16506
7169
8506
9950
9013
2483
15474
11675
11125
4602
2479
11594
13256
7186
8418
8486
13710
5131
9054
15314
13196
11438
38
15647
14231
7452
12679
13110
2221
12215
10890
7128
1425
13189
2311
15911
10684
14782
14068
8565
16877
4271
7798
3117
8799
5794
7843
9928
14784
15113
2100
17161
10614
11879
3477
16173
16620
4745
8791
7262
13960
15107
17097
4740
15244
1462
2107
14505
13386
13430
6252
16530
2838
12691
13565
4183
2336
6699
1093
9398
7623
5884
8353
2346
10016
14307
12537
924
7482
6259
12969
1935
1520
16624
15378
15564
8378
5227
5582
3403
12901
949
15159
6633
10548
14661
901
6464
17150
5272
8428
3220
14583
3113
3260
11534
6248
1051
8182
12383
14696
12274
11609
1475
8942
5648
12235
8079
5253
1928
7072
4155
15116
6469
7266
1386
1387
147
17219
2789
13184
14940
6470
14648
1112
3030
17201
3806
3236
16010
12843
6136
1050
7649
9502
7192
3257
1195
11591
16986
7706
10555
17357
2510
12611
4087
9973
9637
8806
5522
14839
12299
9521
8102
11332
11669
1960
3105
6358
547
8316
3639
14936
14796
4280
11734
16541
6972
646
8358
6475
15733
11085
12244
7168
2549
16657
8143
14954
13057
12752
1032
16338
13241
10554
6719
17307
7967
811
4282
7911
13227
8273
16487
4085
7789
12271
2594
17174
15492
8649
6309
10333
7631
17187
14157
13556
11516
13078
5013
11088
14514
1429
16667
16333
961
5709
11730
15311
642
12370
13971
598
6715
15497
2258
17372
7709
14654
140
2824
9175
9851
11009
14096
14270
9882
10807
8975
4639
8903
7787
9354
2360
11929
4656
6901
4397
9718
13749
4221
11938
16749
3571
10
16897
4631
953
8403
14160
11971
2763
16003
3617
1189
8230
12733
2400
14513
6506
15937
13424
4750
64
10196
6010
17294
10122
7361
13602
5109
6488
12539
2101
14731
14530
6687
13544
2453
3633
10353
5926
16964
15727
1127
1178
6397
7920
8800
5963
14941
13832
9121
2450
13560
9214
4009
657
15406
3128
9080
9328
11740
9675
16638
16292
3415
15650
14937
862
2640
10437
2218
12938
14595
13265
4225
6890
9741
3904
10818
10812
12781
13150
16458
12131
7058
12057
7665
4409
2486
13103
1488
14931
15527
8688
3646
6684
9468
6702
9858
6371
8009
11622
11632
11678
9415
16995
12318
17131
12473
12142
2799
15605
14631
12970
8692
6088
2548
454
4579
17050
404
965
1187
1844
7746
10434
15617
4855
2796
10509
10867
16998
5431
1551
11892
14310
11974
14321
8430
15894
5518
11496
1141
4857
10192
2520
6021
13510
9460
14232
5262
10791
16788
5278
6106
14032
13301
10694
6654
11113
15569
1402
12648
6745
4824
2008
12646
2488
10601
3687
7059
6419
93
2557
17145
4775
16334
17258
7643
3084
14419
17142
16661
9989
15961
4218
6519
5242
1617
13195
2931
3095
12885
10386
14179
12546
4285
6489
10144
4364
1643
3341
15225
11159
12492
4125
5225
16618
14887
15215
15005
49
15172
16088
11141
6491
15697
4379
7839
12951
2869
14971
14712
14792
15721
1834
8245
14139
11862
3946
14433
16637
7438
16924
15576
14525
11554
16616
4707
13257
16240
8314
12110
783
9605
16627
16745
5851
17282
3960
8747
13737
15633
9482
11116
6113
11188
12087
11884
13983
3924
3435
4913
15971
8831
591
15280
3197
13914
15025
4003
16453
8548
5069
773
4402
16760
60
5491
5263
4102
11059
11621
11358
12664
11142
12531
9451
8377
4968
7619
15583
2144
7085
5257
10128
3109
12694
7461
16440
8661
6452
4865
9969
12654
8789
2966
8043
16939
10490
8164
1456
1631
4111
9744
3812
14844
15813
355
3306
1463
3970
746
6607
672
13108
9875
4662
6718
12575
8303
16793
10421
2443
9303
15507
9456
7934
1168
2052
3814
13540
12500
2680
16669
341
559
9680
9811
15412
5229
8888
8247
2581
1255
3405
27
4950
9314
3337
13374
10598
15431
13079
8832
12573
12444
1903
11135
8312
13278
9721
5027
5457
10578
1912
2565
4007
4491
9629
2212
350
17336
5821
15736
5181
16860
1759
7300
1837
1526
14799
3748
881
13056
6978
11652
13506
7935
1370
10514
5313
14427
12471
12353
802
9994
730
9412
1586
495
17006
606
12133
2020
16758
3247
13727
13741
764
13194
2750
15543
12950
13711
13116
6411
11295
12223
5689
7327
7530
13364
8168
2406
2082
489
11743
9357
2259
13305
4830
6156
2029
6002
15024
17238
6822
13701
8870
13483
1725
1972
11487
14049
5066
4851
752
5834
12844
2309
8687
1357
5089
11270
11651
6893
5498
685
3433
13566
12084
8657
17210
10691
16983
2825
7375
9648
17126
14173
10566
9628
1820
13226
10325
9155
6938
17223
8167
7932
3186
12605
6185
15885
15995
16244
8180
17252
13696
348
3239
1539
8859
4499
11180
13433
2983
15042
5858
5744
15221
14635
5945
16926
13349
1962
2847
12509
1766
10220
4413
519
14719
1273
13747
14538
2172
4915
9512
8651
9082
17014
4704
2635
983
3189
10236
3392
14413
9443
14475
16132
787
2155
13545
12018
9275
8088
11958
15519
16168
7930
583
14225
16722
15344
7760
5164
7577
4733
8826
14183
4542
2128
2097
15188
5254
1618
17239
15432
975
13778
7906
11306
16037
1125
13791
15720
111
15637
10182
6694
12326
16066
6813
12393
12116
16000
6348
205
118
13120
16021
7915
8150
15313
10037
6339
7653
72
12143
5407
6700
5531
15764
2646
3407
8177
7384
9110
776
3725
2402
8632
8772
3635
13619
9701
16896
11662
7401
5107
3596
10172
362
10741
14376
15407
14927
7831
14178
1154
9501
9853
1905
6448
11398
6354
12294
1670
2076
8563
5817
9650
6970
10623
6193
13208
11986
11236
15048
16381
13709
10800
3988
16429
6161
11803
16472
11595
1466
6096
14849
12776
9995
11717
7768
3644
4814
17147
726
14968
16989
12797
13206
3183
6055
8749
11100
3363
11477
14460
4638
14882
16360
13308
7330
7296
17234
8383
3927
2270
8029
13469
6345
9947
5146
11208
10545
3379
16619
11599
15661
474
4507
1300
15133
4259
15229
4559
13990
7476
8827
7838
5775
5653
7883
14976
4205
4870
17130
13007
10266
13750
10538
9215
16415
5559
15783
5769
6459
4695
8545
2109
16057
10571
3199
11421
10726
5361
4211
5238
2460
11575
13029
10904
3452
4550
7507
11616
13160
4307
10580
4227
12349
4262
16604
1266
3445
432
3604
17090
12038
11152
16540
277
7271
12315
4500
3719
9304
10307
2337
10039
14621
10906
10308
9074
7557
1749
5119
11216
12940
13292
14711
16171
330
5483
14222
2036
15449
6681
4310
11720
11738
11491
9414
9549
8551
8947
14331
12873
10925
4528
12160
5920
16377
12577
8337
10852
14305
10563
543
14869
723
1946
6884
10231
939
3437
3823
252
11941
5015
14594
11442
4583
8364
3478
8020
71
15710
12857
15013
8365
4480
6896
618
16397
11311
4022
9759
10686
8617
2621
4231
13828
7659
352
14143
11451
3565
2948
8483
12953
4239
5770
12391
9963
269
9745
3585
1595
13649
6355
11169
2533
5551
724
7387
12941
16729
1923
4164
1468
2515
1567
13534
14598
2136
7298
2644
14504
5032
2804
8983
16006
15078
17209
5789
475
9953
3548
14396
2813
15292
15130
4725
5426
357
6733
2668
11150
1597
5985
4344
2390
9464
15797
9834
6500
10673
9216
11579
9043
7283
5852
12689
8044
8142
5516
13517
1426
12866
12799
12016
15450
945
16181
6052
11025
10677
16676
1179
8374
10945
14375
11897
15642
14943
781
9425
4651
1890
12574
6070
15909
13040
4216
10253
7910
1216
13339
6303
5213
13357
1247
12013
2538
8154
5579
17094
2220
3276
15981
5481
11318
7754
15845
6101
15693
11501
10773
4372
4299
1253
9230
8119
3338
1988
8640
2
10366
16510
11769
15414
16833
16105
655
5831
9376
4360
8250
191
12700
16536
7689
9027
11617
1119
15275
9406
2281
989
529
9449
16313
3489
14565
14745
5936
6698
13140
14249
13438
8014
14284
16666
8445
9380
5861
7243
8067
16108
136
9664
3458
13687
100
2122
4355
14035
8846
2530
16366
13471
9437
7337
10958
7711
2098
3355
17343
4875
4460
12062
6530
1669
5994
12281
4158
12199
13005
11800
8191
4150
9059
6152
8734
4092
4663
8571
14495
4479
13682
13870
4719
7342
2508
619
12551
10914
5788
2193
8460
13535
5017
13886
6586
6417
54
14198
12490
12363
12568
4924
9857
7465
14426
9118
11039
1857
8813
13522
10831
13590
1709
16071
8432
15897
3485
12868
909
9804
5670
10697
15040
7288
9672
12378
9615
1074
3476
14164
1147
6137
5924
13087
338
4241
10413
7336
1020
14818
14531
8205
3065
3151
3343
3680
8704
2755
4467
13098
7600
6218
13204
7828
9092
16074
7670
740
13400
1613
614
5981
3888
13934
6895
10230
4922
2612
12046
10968
3709
3653
6125
3949
1264
10766
10349
12598
9694
13856
8149
3123
13820
1198
8077
16633
7123
3929
11381
2853
10121
9347
7098
9417
3227
10417
15171
7765
779
17352
3793
12739
1582
15837
2800
6129
13104
7903
8762
7564
10761
3535
11680
8619
13130
9349
15556
6538
9917
6366
16534
4149
2238
931
9334
10768
5837
7688
5731
11222
10300
5645
3308
16383
16054
2428
6294
9283
803
3434
5902
2744
8158
5317
6883
15276
15157
6760
8916
3413
8711
12805
12207
4539
5525
163
4012
12579
2145
14351
2505
13243
1106
9220
5114
7235
8793
1671
5169
16882
4931
11040
2742
7722
14281
7066
15297
5438
14091
16428
4752
3233
9688
9069
8979
8463
10729
6085
14814
7259
7825
2822
6501
9236
17326
10455
16267
10755
6057
3504
6232
8129
7647
10441
9826
1784
10848
9003
13942
14010
5355
441
2005
2001
10444
13331
828
7521
3106
14562
16485
8930
14970
10100
8253
4657
16084
12003
3530
9387
3288
10984
1430
6438
16839
1779
12191
6277
11157
16868
12290
13402
13468
6141
4765
15380
10908
16243
3902
2539
2986
4998
8805
12105
5478
1847
14273
16823
11453
10445
5387
2350
7195
4739
14090
11960
5855
1392
4055
6414
13801
3689
10569
6329
154
15348
10939
75
3908
5360
789
16697
7572
833
14359
13759
6630
2018
12348
16783
8937
16936
4650
14151
5473
1363
9476
12595
8425
9644
7364
16254
323
16717
15385
10775
9812
4474
3622
7778
2713
8902
10702
1958
14919
2940
344
6060
5501
4956
204
1756
5137
11018
6639
1929
9176
15002
10817
11107
17320
15695
1717
13854
17332
13882
15420
9915
14262
17211
9420
12091
15945
6579
7837
3801
13017
4293
10942
16159
1021
10536
2580
15506
513
12641
16891
14585
4484
15460
6565
11812
13918
12556
11412
8206
9100
11964
11240
2409
3376
5802
17375
156
10449
9816
4778
13041
7492
15183
6306
101
1432
15035
16959
9086
12073
885
13922
15427
2126
16446
14909
2363
9620
2446
10064
16881
10690
280
1138
5318
4584
16810
381
13368
4353
9384
2896
13375
2574
14432
8098
15985
10783
13014
3681
15206
6572
6323
4420
8784
9444
15786
8861
11331
7496
10087
8787
17116
7306
1536
5618
15152
10058
12173
11488
14763
2935
6020
12757
10335
668
6933
13974
10269
13067
8423
12718
15841
2572
13341
5093
9061
5968
16900
2535
7418
9051
4302
7081
3941
13219
1921
16822
12541
13770
11019
2844
7971
1062
12869
4696
5576
2439
6061
483
8249
14811
17313
13932
3076
14219
10983
17011
9569
14786
8885
7800
917
11548
14208
7215
473
8251
14364
7840
12122
11312
2592
16545
2175
10048
10959
1
9247
9253
10504
2053
1887
15563
5111
10466
14077
1192
11497
5569
13371
5526
4004
6834
10327
873
7166
10042
6802
4817
182
15677
15112
14400
15304
651
7428
16874
4543
6818
9276
15857
4428
2928
15589
9037
15253
8499
15391
12830
13
6067
14121
7017
11489
16577
6264
10693
11374
11047
12220
9106
10511
10181
7193
15234
16862
227
15027
7972
12266
16824
15962
8860
2420
16352
11005
12109
428
16100
5464
9246
15718
10592
15876
16045
8559
17249
15149
14668
6211
4497
9578
1575
9423
14356
15953
3277
1660
16059
356
1573
768
3986
1088
2046
13298
16720
9436
12243
3854
9747
12246
8700
13242
517
151
1867
14145
12503
12277
2641
14471
1096
15195
12786
11129
11981
16265
5384
3846
6176
117
7682
10034
4989
16529
10820
6826
7736
17347
1439
610
12333
9373
14159
6330
5112
4561
11465
10094
14972
11954
3269
10047
2466
11840
5295
16145
14628
9053
2304
4053
15888
13915
5198
703
17229
4398
3770
14663
4252
4015
6416
14652
16264
12258
1953
6073
16843
16466
5977
426
9948
8108
15059
15153
6695
171
9229
10828
11963
1089
6388
11097
3864
12771
12069
6839
4433
9640
12507
7442
1561
3163
15663
12107
5913
6537
14507
16172
10804
5383
984
754
6184
10658
1080
13458
12521
190
12826
6272
6866
12783
12889
9142
12308
8554
8881
14728
403
11630
15572
13050
15451
11231
13042
3894
11420
3144
5901
12807
3414
4313
15996
67
1624
13255
10721
7026
5171
4043
2783
12536
6661
7987
11503
13248
496
1317
141
1133
9162
9135
14732
3395
16515
15517
11394
15424
16412
5292
9371
4530
2841
2704
2504
14658
17359
11293
398
8650
13447
9548
15818
4909
2682
16999
8053
7049
16723
6380
731
3735
13753
8198
16443
12450
3592
4135
14355
2988
4268
8152
5108
61
4786
13863
15505
12372
13419
4567
6130
13807
5803
969
4069
6903
3893
6663
3272
11919
12610
15415
16444
15251
13327
119
1236
12489
8016
17166
17059
16340
11282
15965
3989
3546
15467
14326
3542
5239
14369
17263
16467
14060
16563
13176
15363
1600
4273
6948
14301
14870
10225
5486
16551
16674
3005
7982
4197
3991
17027
16205
7103
15801
10590
1372
4591
7601
2932
1000
13530
1949
3838
5153
13542
13092
12198
12814
16688
7591
14046
13414
12690
2481
4953
13912
7973
7290
16643
9359
8344
13451
3720
10097
16641
2452
16349
5939
9126
4893
6982
16863
2734
13342
16314
241
106
5918
2264
10615
4686
5057
1496
15916
4113
4557
13318
12785
15095
6383
14949
2695
4829
7541
1909
1244
13933
12511
7307
17017
1519
9944
14479
10724
656
4647
17118
13773
889
8752
2022
7718
13183
2407
9471
15643
7440
7499
2620
2679
16127
16965
16124
11314
10287
17023
1169
7924
15997
4833
2296
13159
16611
15223
6860
3731
5943
14097
7117
273
6194
4173
15109
3521
1663
3222
1116
884
2754
16392
5382
14418
10344
582
3231
7416
4318
957
4418
16486
16119
10339
11509
9297
8880
8385
17117
13735
5372
2355
3266
12155
2095
4562
12774
4188
1400
8636
3935
11610
5448
10227
3825
16311
14483
17368
11038
12861
13533
4626
11053
148
6847
17299
10921
7134
7113
8421
5326
5340
5214
1180
16382
8810
13472
13880
9653
16389
14599
14616
5755
16838
11639
995
12455
4453
2376
8864
8513
8210
10928
1580
6746
9494
1665
292
12359
5346
15471
5631
12159
13329
2030
9814
5712
3213
28
3195
5269
17241
13675
15817
6594
8915
7777
13051
455
15658
4761
3950
2049
16903
14285
10271
10396
8225
6652
16660
2349
8866
11814
10148
8069
7624
8855
9005
12973
7349
10355
7523
3332
5167
12798
16508
3172
3110
7977
5061
7487
1350
15189
7368
13976
8878
12214
7477
5206
9034
1205
14854
8807
14604
11739
7673
16193
16452
8631
11317
6911
5179
7626
11029
16784
8041
11250
15763
2058
10865
4972
14822
14248
11192
3008
3558
1813
6540
6331
5833
15034
13128
8586
1197
6114
16993
5951
5484
14852
2457
5314
17163
8254
8329
5856
1258
631
4800
9582
17165
13864
10897
3132
2298
2404
5786
4942
700
16905
5096
4182
15205
8217
4959
7309
15980
15932
5297
6498
6621
11417
3907
17168
2241
2214
13818
14313
6751
4571
6564
11584
9279
5494
9835
15967
1889
8849
7756
2392
8511
15123
9063
12445
679
16103
4771
4235
8731
11600
16794
719
670
3799
3167
9416
11936
12723
3410
9704
6208
4721
5774
2977
4716
1215
477
17102
6373
6678
1210
14590
2477
1083
16636
16799
7884
4002
6058
10851
4074
12627
11874
1023
6771
4769
2636
11607
1661
5816
12283
3821
15211
3235
4891
12141
4978
3856
3777
11437
533
13165
9564
2985
5932
9783
4330
10618
7516
11634
5400
9768
8725
4257
9159
9474
3749
17044
2610
5465
5118
14004
9316
9228
9939
2870
2055
1208
12127
13718
4482
14503
1005
9104
10913
5523
960
12827
2234
16149
10716
1163
5598
9576
11472
8496
8767
6005
14795
16296
8406
2043
4983
11602
2728
14197
15264
12706
12034
9478
13794
7404
10017
2326
10352
16744
3121
8568
5599
4796
3804
13757
3550
313
4641
7968
11597
982
12744
3383
10299
8000
16062
3078
7881
9461
9084
6213
11207
681
6487
5558
10692
10743
14485
15146
9238
2829
11023
3431
14051
12886
8064
2252
6875
3043
1719
3751
2731
12828
649
16826
7953
3841
5110
6762
9267
14638
2377
1090
14163
12051
12922
4753
382
4540
7676
16652
14926
9045
9284
4892
17109
3936
14857
9087
3959
17071
5447
17064
15611
14199
9861
5873
11068
11052
9070
10517
5560
1123
9524
12047
8297
1968
4834
6930
6944
16947
5480
4592
3541
17214
7469
4362
16878
10410
3499
16558
8839
8260
4783
14337
1381
130
4426
8284
8588
1706
883
4605
12599
78
6853
1457
10758
1508
16912
14095
3330
2883
1311
6835
11246
302
11517
3671
15103
2631
7938
1322
16114
9185
6595
501
3831
12485
13244
12412
5567
5058
3356
17177
9500
2475
13816
12249
13075
12553
15369
15326
6909
12373
17288
9381
1293
12419
401
14069
7855
6420
14186
2759
8996
110
16579
1549
9683
5549
796
2848
6123
9689
4086
13133
8082
6202
9668
6282
3397
7904
9132
233
694
10648
14772
996
15984
9020
15291
14700
13910
8298
4072
16648
16223
7605
1585
5921
8075
14000
7308
11284
2715
6945
6243
13851
11151
3618
13352
2303
7478
6317
13166
15731
14229
2385
4393
9736
7365
14821
3575
1171
17160
7226
17055
10894
11613
12963
14293
5411
990
7287
9336
2793
3931
10473
2292
11587
1030
12920
3081
13039
13346
7224
11567
4286
2140
11598
9535
8362
17178
1262
7988
3718
8472
636
6146
12578
11162
11400
12376
1239
4666
921
16216
3380
12655
3112
10809
14964
12332
15856
14903
14967
7807
12504
12764
9960
16547
8674
15476
6278
169
11536
7772
5952
14535
5773
1100
7164
17179
11201
6138
16481
11976
4371
15376
14923
8038
16225
13805
4645
14682
15445
17039
2295
6597
669
16187
5376
2033
5007
11493
11427
2701
14902
31
11831
10661
6528
2308
8424
6629
7599
14235
10780
2357
10178
12904
12736
15434
17081
9018
6254
8104
9489
9190
16798
10404
11547
6173
10947
14955
5217
8481
16371
14079
9356
942
9202
12865
4776
9140
3829
11930
3568
12413
2011
5966
11335
14392
2529
16221
12001
7355
9473
15794
6372
6351
12477
2012
14541
16617
17157
6308
2921
15057
8606
2873
7339
666
13991
6216
3104
12856
17122
1394
13115
11309
1241
10363
8591
1736
128
1974
2583
13823
7237
10709
14996
1428
6878
12161
3791
2403
13179
8904
3023
11106
12201
16306
16883
7205
11035
478
3625
16867
3985
2381
6650
15298
9273
7784
15950
13637
12616
2628
2872
17306
595
5583
8236
2820
12682
5841
7229
3727
3342
16097
9352
13800
2485
9108
13464
3685
1102
11823
7411
14292
16949
10778
10240
9527
7383
13492
10752
15739
13615
6385
2441
6394
5702
8070
14066
5052
15110
17010
6404
11490
7197
5722
13830
8304
4532
13686
757
1936
3909
184
7997
7607
3953
6402
9139
10080
13252
14726
1809
6239
14749
7352
12213
6023
14185
9507
12808
16970
5064
86
9269
5255
3562
1720
8450
5371
9396
7289
9691
2373
9261
8792
11165
11801
15689
10153
1681
10767
16795
3454
11767
14165
13532
4236
12569
6960
1956
6793
5208
6389
1046
11605
7390
14200
11843
5715
16521
8987
3061
7696
15912
16019
8013
7636
4874
3688
8525
7372
15706
14036
17029
12847
5392
13764
532
815
11805
14657
14349
14779
4487
9212
9263
9544
4010
7869
16553
4154
14746
5247
4976
13476
987
1248
12097
5142
12823
1484
11759
1751
14245
3327
268
14522
12960
9655
8691
15300
10880
13834
12335
5301
8466
14759
211
16940
7531
4637
7882
13657
2877
15557
8060
6936
10374
17317
7346
986
15854
7966
11987
8447
13717
13146
3579
15161
4209
12663
2224
1527
13871
9537
12985
8641
12529
14662
11977
11215
375
11647
5139
1713
785
1980
14172
15670
1101
3297
11533
2811
9822
6632
8876
16492
9021
12118
2994
11806
3440
17045
5784
16801
7892
6099
16499
16672
14761
4316
9818
5471
14990
11931
11471
6807
12743
17103
16689
8218
9738
3135
16431
3348
8516
13123
13923
2287
7796
14979
13505
8306
8835
16631
3196
15268
9208
1772
8330
6677
371
7324
2532
10937
11441
11214
6068
3107
11232
9840
15140
14282
8390
13570
12352
3785
4415
9066
8759
592
15086
339
13373
16050
5456
5144
13648
2786
4967
14452
729
12652
11020
9459
16539
17031
12158
1176
2088
11118
2833
2181
4419
12090
14133
15175
14776
9739
9608
12670
394
8301
1226
1860
16226
2927
15758
4616
5606
12701
16504
10975
17284
8886
13285
2501
10703
12216
15364
1983
4970
6427
2334
2354
6293
2494
2531
9491
6955
3282
7222
4512
12864
5912
6031
12336
1815
9102
15826
4684
5733
2343
9455
11426
15015
12424
15691
6728
11657
10846
6502
10633
8325
14769
10024
7096
5972
3914
2690
16346
5054
2413
2933
10585
506
6340
10560
5476
16427
3543
13580
13268
12544
9114
1447
7751
9546
13300
6604
7536
10827
8227
5104
4821
1380
848
4152
9555
11095
4772
9301
2317
16828
14801
16908
3853
8694
12685
14135
9325
4804
5353
15479
14916
16572
7039
7806
7931
5463
3677
8352
15959
7118
14679
13052
7925
9671
8004
5132
14242
12381
15925
1615
1658
10415
8278
6003
1605
13000
12059
15423
16403
17114
15891
16774
15392
7841
16256
8173
6872
6781
8116
16042
4016
8596
1746
7870
12875
8522
12190
4065
4840
15202
17156
11852
13168
2880
3251
14609
5999
7725
9312
4434
10859
9748
16985
13465
812
5667
8608
5971
10701
14734
16665
9806
12900
9302
9310
15715
17105
6947
1656
17082
1710
5237
13324
7106
14344
17057
15993
7062
13488
5542
9979
7627
1636
15186
14395
14681
2995
11995
1786
5259
2243
5724
13033
10822
11347
11461
6276
6050
6855
224
5907
13378
11979
9505
3513
10520
9803
16123
4887
7635
10551
15536
8624
16829
5957
14570
11323
15307
8818
17065
5174
16190
2617
15534
2664
1471
4858
6643
10140
14345
1343
2987
13716
6292
15755
15337
13771
1910
3140
6415
3708
380
4232
14220
8982
16046
4045
6864
16409
10806
7889
1639
15946
14214
932
12906
7446
10312
17189
14115
8690
305
12231
5351
16698
4036
12194
6305
613
15884
16586
17194
7007
10769
6625
10836
4389
6894
492
8111
1481
2063
4755
10015
14894
5524
12183
8112
7750
13276
4317
10574
10002
15612
3817
8441
225
13501
1331
2771
5541
12957
4294
3323
12735
15844
5878
855
9307
13852
8120
11247
5443
2050
13109
12301
15108
13712
12355
5863
6811
7369
267
183
14347
830
1699
9911
9610
9248
16950
8475
14033
14191
4622
16595
10722
12918
13209
10156
6321
15185
16454
826
17373
1181
8716
4131
11415
4711
12276
15525
3212
8683
4523
16827
50
14056
456
15896
2879
4933
15102
12803
12661
8015
856
3020
7376
8434
14861
12738
4568
9769
10006
8179
1708
1126
7990
4042
13953
15080
9204
11901
12841
16644
13411
9613
4947
12409
10862
15771
2599
11636
9844
9725
4122
5497
5080
720
13760
2973
9908
8068
13047
11027
6986
3951
9272
2982
2993
16241
8585
735
14357
13106
3082
10651
3695
6224
6900
6571
5492
8801
15660
6006
16089
16909
9993
10891
12139
2103
12205
9413
3816
13812
3519
10547
8021
15798
1480
11325
9161
1413
9597
11620
2302
10902
12804
5597
4763
6260
9062
15478
15
12523
8467
17271
2150
7406
5782
4229
16210
9492
7231
16270
9792
1651
3609
7020
12996
5798
3868
429
8401
11177
11683
13903
1191
5848
92
139
12058
17148
11061
900
6968
12309
8125
16849
12321
13010
1321
13217
8282
1230
1941
13945
10125
13516
1740
3318
2781
4910
5791
13650
10130
14065
11716
14556
1948
5319
9096
5915
821
13660
9085
12162
7668
9259
8614
2707
9743
3275
11304
9509
15037
11690
3389
743
1871
13293
2476
10316
3439
12197
47
15409
8354
7422
894
14024
12748
2129
4378
2265
2135
12993
7527
7294
12362
12626
6159
5078
6685
3324
13127
10457
4939
15282
17356
7811
5286
9421
11128
4210
4377
14707
17085
5138
3889
1874
1891
9372
15030
11275
5345
4980
5899
10079
14925
9676
10916
8436
15696
14315
7645
11882
13829
11886
12602
10782
1606
9626
1726
4194
13441
10749
5840
6391
7739
2963
652
2465
13310
12491
4985
13053
11916
15859
10154
17349
6795
11838
13024
6683
351
6943
3667
8919
4421
9755
15889
3412
10276
2415
16606
4006
15480
9750
13569
17185
10679
825
1113
14025
15790
13806
10021
14446
14897
14798
13425
12458
14961
11998
3027
8414
5308
5273
893
831
10127
10120
7728
8175
6744
2751
7642
1718
3516
14120
13395
1441
13423
2356
5741
6324
3322
493
3503
16222
11255
2105
1863
14986
164
6689
15509
9966
2054
4846
7648
4503
10070
10189
13680
16484
5657
7458
1403
6568
14088
6612
6635
6951
14269
12628
11982
12339
15994
12510
2659
10029
8955
9244
13124
10616
4680
3515
8726
17112
5974
14407
13199
7247
9426
6134
11397
8238
3192
5209
3717
11684
5568
45
6367
6657
16285
17366
13911
6825
5822
9567
6139
11844
9447
4449
17230
14758
7740
16945
11121
12398
5960
14912
14760
7216
14434
14577
17056
472
1870
7524
3613
11966
11682
264
11543
15745
16477
15207
14276
7583
887
3190
15989
1687
12943
13893
15162
3287
6753
7270
6646
4071
9201
17124
15421
7053
13020
2106
3702
2009
13177
570
17134
14190
10535
3621
14653
7666
13621
3739
10594
12319
5323
13307
14324
11868
13016
2578
16544
16212
16295
14701
9367
9281
7637
16552
16406
11891
1263
4248
6042
2656
6034
16583
2341
13365
5953
15590
14956
3837
491
13713
12112
706
12324
13406
15512
209
17073
6821
11350
6013
13366
683
5236
14781
399
8780
13575
8259
16872
13015
44
12316
10940
6378
8480
15924
11173
7484
4534
1798
11677
2176
9466
1501
3686
11606
16163
14279
8471
16083
13714
13059
10422
8087
4588
676
4907
6433
12035
760
2151
12867
11467
8760
15976
7546
13761
6078
2638
15866
2598
12020
8411
12275
2692
12623
11928
3879
5604
13567
15704
14829
6451
11510
15217
9239
8133
12933
3734
5043
549
11198
2525
16969
2619
16846
1607
15514
12894
10801
10084
427
73
5282
17222
5813
6759
3612
15083
5284
2814
2096
15033
8061
7680
3972
13600
5047
5092
10870
9798
8294
11302
9594
11997
12624
430
6169
8892
17235
14862
15099
16194
90
9295
13231
16462
231
9869
7779
4886
12680
7449
1816
10832
3860
4163
6017
16857
11481
14494
1957
10151
11749
14944
1882
13038
8929
4780
12454
11875
3176
13968
16873
6379
14557
3274
15459
3171
13518
4935
2472
14630
790
4385
12622
11673
14423
9125
1377
11004
10009
8458
2153
14472
3775
4938
12265
15805
11000
5433
4661
1804
12460
13550
7753
9870
6190
2070
5617
3744
4081
17162
16328
6849
4025
7092
2918
16273
15834
15044
13808
12550
13283
17334
14009
1801
13064
4223
80
10996
16281
5836
1587
15250
3745
16186
13588
15991
14883
14671
12977
3881
1996
3863
12981
7143
12665
10630
3980
16819
15490
16756
7241
10932
11955
3782
162
13032
6166
6187
10028
3387
7409
15547
17154
7764
8538
13885
3880
10965
12962
4806
10543
4610
7664
10356
16526
15648
9019
6908
16815
9262
2590
14444
4406
7678
12481
247
2760
3501
3130
11926
13799
14044
8677
16307
3497
1598
1478
12639
13180
11069
2274
16137
2328
9977
15356
16262
1307
13126
12163
2021
8115
10550
16393
6697
660
8204
14108
2541
5548
10770
16599
1041
14632
2007
6456
12175
3872
1044
12634
1312
7191
8503
7983
15948
16895
6545
15019
3937
12138
12671
4340
10676
5125
6554
7141
8949
7737
15357
7084
5804
12852
3052
6135
14237
11146
12039
13284
2171
6256
3773
11001
11811
10498
11965
11283
13163
9942
12596
665
10991
16118
11578
6493
9956
9525
2785
2519
16219
4466
5507
11558
5906
16690
16864
13117
9330
5611
15773
9163
6720
8080
12782
7801
15898
7945
13616
15309
4575
12114
11495
12031
3833
2698
11241
6557
6457
1410
7094
6693
6214
9405
7788
12296
1543
3614
14932
1835
6382
9904
2543
17113
14459
5783
9052
2278
9742
5629
15523
590
1019
13509
7129
6221
10795
16081
13404
412
11178
14067
7196
168
15609
2117
8561
6868
8122
2674
15775
1881
11710
4185
8027
7174
6867
7249
6131
17265
6647
10346
7075
103
12559
15394
13511
14259
3750
6640
3634
16154
15584
15375
14205
13954
7070
10155
11389
6882
7410
2964
5396
1492
7260
14216
15587
6071
13512
2729
13281
9296
3088
9004
1716
13966
9893
5005
2597
16803
2544
9434
9113
6556
1420
15299
6189
4594
8626
9983
9709
15448
464
312
1055
9599
1453
12874
2432
9974
14195
1758
14211
2187
8307
16686
4136
2649
3701
12780
16979
2709
3161
16578
16167
15814
4096
12619
8457
5864
11010
6467
6443
10720
8686
15899
6690
6898
11559
8542
8598
10031
6671
1308
14643
8790
1411
2626
1275
4287
7851
5903
6918
9305
4337
6975
2792
12921
7956
1818
3616
16155
5637
3619
5701
2184
14722
9679
2586
16106
4678
6775
2623
13216
2387
601
12898
14171
14890
6648
14450
8453
7814
7239
5393
4373
3124
12411
647
9366
829
3417
8741
9313
5044
3783
13695
10393
15682
5751
13833
7268
16933
11243
6081
3992
11161
56
5710
308
4061
14361
14317
15396
5865
579
7641
5299
5458
12219
9157
5627
5620
11746
8662
2762
9846
4836
12023
11007
1696
2250
11110
10982
15006
16318
16067
4604
9711
6251
4844
10539
11513
7744
7329
11051
16185
8961
16359
3757
4334
10669
2313
9685
5293
12699
1547
12669
9498
16519
6776
8705
6547
12312
4611
4083
1845
11854
2615
16934
5532
4949
6724
771
14297
8553
7429
3952
15656
6732
9572
9385
15915
3294
3475
8785
13843
431
8290
10814
16675
2000
6376
10368
13665
327
16464
15848
10093
11699
17028
7468
9541
10764
13884
13429
2028
8291
16231
7865
15233
8459
15840
14367
16465
6074
2951
12092
15922
8090
12061
12580
6449
4160
15196
2826
365
9288
12415
2470
16468
16855
9195
3605
8526
76
16630
3672
15484
172
16734
16276
10529
3100
16424
6097
5693
14907
15367
3819
10700
6409
4082
3449
1398
3857
304
12558
6614
6897
12709
2593
16310
8409
12033
5477
4923
6721
14084
16886
15571
8714
9986
4782
8580
17075
10088
13416
6346
59
9848
16765
15293
12292
3784
3514
13330
5672
10112
7878
4348
10280
2723
809
15093
8634
10391
13604
15428
10040
9292
6937
1970
12043
3224
246
8852
3968
17253
10170
13328
5742
6812
14626
1323
13323
14382
10086
13170
14118
16500
7917
5866
2448
11410
17276
8123
6577
1423
15655
13134
13081
13605
6880
4172
9164
13613
15347
16266
8932
9395
11287
88
8415
16147
1412
7102
15481
523
11046
8241
15502
15118
13527
15308
2080
2602
4642
11723
7730
6856
9318
1162
12714
18
2229
17092
14112
400
10239
15602
15440
7845
11962
7533
6965
3455
13068
13101
9652
12603
15257
7723
14981
12429
8478
1715
14319
13019
13282
704
11611
3278
1868
10357
2591
5933
6622
17207
5649
15545
16211
15287
294
5235
7171
5545
5565
12660
116
2662
6127
13819
6
15644
6486
9430
2506
8581
1937
7457
13869
3262
1324
16230
1250
11519
14302
717
14078
14933
7767
6118
3606
4329
14767
11727
11117
11902
4687
14332
10625
9985
2348
11164
11430
1596
15708
10195
1159
8431
10268
8438
14215
10288
14563
15668
12467
13920
15143
3650
14677
2795
14169
16917
13071
3765
12631
1360
9181
12927
12770
12740
14699
14467
11629
9203
14455
12237
15359
3069
4335
289
11569
9256
5956
9105
12876
5656
2955
6928
6927
16683
11196
14373
10999
16816
5746
12408
8681
10302
11174
9624
17088
977
607
9088
4407
11419
11585
9168
2874
751
17184
7071
4464
1452
11593
11899
14295
6627
14885
5825
8739
3738
10293
4357
16272
8533
6995
701
16532
9486
11093
2770
3364
13795
5122
11011
8934
8682
10430
13697
17063
564
11239
16495
14721
14741
8484
9829
9467
10705
8375
7427
1507
2085
10320
5094
1396
3925
11688
12929
4366
9949
2809
14210
6516
980
1576
13763
1094
10075
9407
2247
13767
6220
2207
11288
15823
11452
14429
16571
11787
10642
3713
8519
11790
6180
3249
2553
11712
14397
257
7520
7981
5342
6585
4073
7420
16034
2451
16856
8990
14877
14449
16258
8574
14502
5051
16682
5538
14363
11822
10134
7849
4852
15694
15470
6862
17046
8086
6931
7886
1012
14424
10190
14802
11878
1048
4494
5891
14750
15372
10241
4403
3930
9556
10409
15350
14020
14540
17217
4361
10133
11175
3119
1260
11211
15820
3468
4838
15151
17308
9094
5988
1292
3984
12012
8398
7198
206
13973
5049
1395
5440
1769
5065
755
8601
8523
7424
9156
13596
14404
8660
4181
15640
2953
7697
9978
4408
17291
6971
3430
1095
3525
9692
8940
13815
2952
9041
7177
15047
15079
7958
11500
10043
3589
6708
11226
2681
15070
7761
13288
3208
15573
14938
10057
10872
6763
1807
7780
9394
1735
10586
16207
2499
8558
16441
2559
12719
5130
14453
443
347
16061
6859
8576
11672
7652
3835
85
8918
10599
15058
8882
2699
4243
15759
15822
1744
12075
179
10494
15366
6905
2152
8658
13742
17324
9898
13679
4754
1327
1542
6030
2362
3360
6479
14316
15809
11462
6861
15325
17339
11693
12657
6723
10665
1700
9927
8956
10023
6877
14013
7702
10160
14277
11104
12280
8755
8393
13579
3240
13872
6799
2130
9475
6797
712
722
11751
1943
1653
6631
8829
7511
10211
9324
8493
13507
4889
11550
12956
9480
5203
15789
11880
415
4894
6482
14591
7813
8427
6111
12565
3386
11098
13531
13113
13003
3824
15373
3747
1981
11921
8319
13455
3016
11031
16809
7218
550
10808
16301
5910
6999
6245
15687
2437
14430
6636
14158
7698
10961
8817
1873
16356
17021
2915
10985
6082
12064
12228
10951
8035
542
12341
15426
8266
12677
358
1839
15408
15008
9787
14125
8775
15100
4429
3067
5260
11784
14560
2884
8776
16866
6053
1648
1650
1167
17236
3660
10794
7991
16509
3607
8128
10163
3700
9850
2196
1111
4595
16129
14053
11057
9006
13547
17119
10754
1025
10470
1552
7656
5123
15453
14834
293
3026
9030
9424
6806
16704
9232
12583
3265
1246
65
10735
1951
10889
15177
17080
16718
16528
2163
4052
14825
2611
4936
9873
16869
11640
10516
11266
5669
9865
9902
1084
15399
10250
9586
8402
14092
15263
3693
4237
3969
7144
4811
12837
4386
15208
13136
6749
8242
5374
3000
11959
7822
1330
9905
15092
5207
16608
2372
6203
4930
4177
16134
335
891
16645
1057
10964
16099
16449
13996
6359
15231
11660
2244
14042
8065
11418
6183
9560
11349
15592
2718
1637
11160
4649
6450
10918
8648
6655
8444
10270
11552
14615
16208
2027
2378
14500
15575
3913
16102
1898
15908
14613
10704
7133
16422
392
11757
11262
4552
7035
2904
14550
6876
7872
8267
8040
11785
2310
8171
13030
8422
13266
10165
2482
4046
1954
6468
12614
3506
7949
79
9010
16859
10203
109
13797
12233
2856
14456
8346
10639
5642
3042
11596
9339
6460
5752
1914
12620
9353
7272
15001
2780
12168
11291
11346
15173
8509
9401
13431
8618
16198
8644
14228
5721
10619
16348
9562
17370
2888
3182
3882
9765
13240
8498
10429
1026
9254
852
9781
9219
13225
7220
7908
13674
15927
5450
3154
1454
7132
6326
8159
16161
14911
5619
12366
9399
6967
14477
17096
6899
13624
3780
2382
13948
4090
9008
13838
16946
14073
7044
6174
15249
2791
15851
16277
15594
7790
8912
6644
13149
15469
15333
16899
14117
14605
2260
4057
10844
10573
17067
15892
5885
8751
10912
13449
3494
12809
9545
9832
3111
3674
2926
17371
5344
10107
4472
3786
1872
9011
8497
10067
12416
10813
7407
7989
16283
6642
5196
15838
8925
458
6465
13494
2653
8502
1568
7340
7758
10519
9982
15142
7161
7472
17202
11783
13724
7515
15073
1211
9830
6076
10263
3075
6442
16115
7497
123
4878
15387
10901
4793
5944
8176
5796
810
7114
3402
17052
6915
13388
11542
2700
14303
10383
15812
11330
32
6973
9730
3673
5232
12651
7284
5905
12984
10397
8095
7377
14212
10173
8410
15769
4691
4981
13353
6906
11992
10719
13878
16994
10450
12221
3139
8050
3246
240
5908
2113
7122
12305
918
7109
1229
14074
4694
2464
3531
10085
10790
9772
3352
8595
17281
7553
10771
10559
5160
10177
10150
433
8515
4548
12217
13232
13774
1984
11756
11724
14
138
8327
6539
5332
5965
2802
11026
10379
17246
14454
7902
7674
14823
13121
8659
3874
8257
8997
16157
3947
12872
8405
10718
14012
13919
13614
4629
7873
9766
12375
16343
11570
7494
17228
8556
605
12966
3683
11910
8226
611
170
16238
10683
11070
10245
628
16992
7027
13155
11373
7660
11804
4627
10695
15968
7077
15923
11337
5616
1233
17030
16858
13591
5708
13938
15852
7615
6984
8645
7505
16635
8146
7512
2386
10020
13704
127
7519
8667
15436
13023
14969
7277
1107
8989
7738
9028
1610
734
10369
4127
235
425
14639
3574
6446
11170
5987
747
5347
6593
7297
3098
10993
12065
8843
7466
11478
7417
17364
11925
8663
2411
10756
15403
479
10558
13086
13270
8489
15788
6691
11573
4895
15463
7217
3595
2569
16982
12225
5003
845
1757
4161
1199
3230
15577
5799
10361
5818
1145
11923
13900
11809
5575
11521
13571
9383
15182
9485
3756
6412
13705
8126
63
15819
10471
1537
6133
9411
2497
7731
585
2967
15626
6591
8995
3805
3420
9210
4881
13376
4115
5192
5750
1006
2478
16748
7941
4495
1338
16473
7381
13939
14176
11406
10815
15495
12
7353
2405
7699
7293
11653
8708
1149
8465
245
1249
1674
5982
13372
8232
1896
6015
5871
8244
12532
12148
10969
10364
7119
297
13258
11440
8857
9931
6653
8811
14265
9503
167
5805
9286
5101
5607
6192
7033
17138
6881
15861
5695
9543
3933
3284
1212
3729
2914
3820
10295
4165
6752
3102
13987
7079
12346
10033
10206
12895
7850
13993
11793
12591
5537
6091
7693
1440
5949
9338
14428
13804
7993
4448
876
13313
1667
7319
8058
4822
3665
7200
5594
14100
1814
3427
981
8549
10416
7459
716
16394
10597
3526
4381
3942
10326
16870
15513
15312
2283
10418
10275
12702
9778
3983
857
4226
937
372
3198
329
13699
14501
3580
16025
14840
662
16679
3637
4139
12164
4614
10605
1284
15437
2239
12357
1371
2435
8286
3703
4828
13167
5470
6858
16372
17305
10222
13289
15562
12880
11042
2037
4545
1558
13009
11781
2410
15256
15776
7074
402
7538
12647
1518
10915
13671
2839
8491
1389
2183
9577
14289
13197
756
7176
10979
10388
11258
7832
6432
1833
1289
8429
3730
17040
10715
12239
12447
11713
11531
2503
4166
291
8216
1995
8025
13347
15120
14747
9090
9972
12257
4124
11525
2374
4030
3290
1794
4297
15160
1446
10640
8737
1049
14950
11745
3754
10512
541
11008
3462
15864
15674
6559
15930
4926
5081
6561
12859
8766
1510
2124
4374
12247
10893
250
15154
215
14537
14140
16027
14551
5644
3153
13046
8263
7705
8336
6711
2324
7773
12285
5152
6155
99
5776
12295
2984
10279
17079
12040
11762
8400
12252
8199
5154
16831
9289
7388
14076
15588
16142
13723
9937
13946
13986
13148
16322
9397
10879
12291
914
8302
7543
16353
13362
9127
10010
12203
4533
5115
7029
9158
1630
15127
14384
9337
10328
7038
8746
2778
6104
11695
13821
4708
16378
7126
15867
17002
1512
824
3487
6774
1346
10447
10799
10480
5020
10254
9784
4597
15498
9901
4040
1563
2351
2534
14263
849
10646
8387
6267
14457
6223
6162
1683
9660
16935
5739
13253
6764
2041
490
11956
15714
7318
12758
16220
12493
7366
15827
5394
11494
17243
8856
17287
9322
12747
8774
1620
10938
14898
8271
207
15274
391
10920
1682
7244
8003
2237
14142
17197
10995
16880
5413
4578
12080
7897
16559
16902
6914
7347
16791
7373
5684
6845
840
2855
3127
14148
12923
16738
12604
7493
4737
2843
14003
11229
4311
13708
11556
3010
17076
1063
11345
498
7940
17270
4757
5325
3298
1285
15529
5512
15535
798
4129
844
609
16423
8437
8883
3597
14054
6580
1545
3250
654
14022
2665
6674
10923
15441
2694
13499
15317
8804
12449
13860
5336
13548
12635
763
9705
12538
13408
1822
11476
3850
9178
5591
7253
15139
2710
4762
1711
2167
10641
14788
5561
14942
9040
2876
13287
13941
12433
737
15145
3480
12019
1193
3694
11203
7895
17135
1077
3651
8318
9329
9382
5665
11466
11372
4529
4179
7581
9340
7090
7012
3640
10772
3165
8914
1043
16725
632
12793
9551
10495
15874
890
11297
12036
12555
13921
6181
13311
13481
16853
16957
9922
8328
5581
4563
15247
5177
4672
5687
9109
4698
16459
7159
12978
7962
11911
7393
14465
2414
11079
8237
2779
8732
15858
15132
1655
15657
12693
974
4370
10899
6265
10081
6228
4962
2306
14853
5735
15212
2198
14254
114
2045
9348
1340
8871
5183
1817
4383
3170
2305
15384
7638
8954
6428
6669
8647
12121
8666
6963
16502
7460
15101
2320
10861
15224
9868
11560
6952
10237
9481
13006
4170
7986
16543
16104
4969
5072
15681
8963
13692
1824
12331
2108
12729
15090
7234
10124
9144
11504
17278
6149
7351
786
2489
3582
3229
14797
9945
16755
8140
2493
9145
11126
16400
2461
9290
16975
12724
14048
5322
4176
12115
8514
282
12282
4944
14945
2978
12870
5469
878
9167
2093
6742
12310
5415
469
13158
12853
2654
15540
7320
12630
11395
4608
1880
7405
6682
10874
6992
13094
6804
3339
14156
14026
16247
3510
13142
9554
16413
9722
8010
12017
4151
3627
5170
1408
12192
6364
5390
94
389
13461
10248
6262
10264
7031
5402
14709
9422
10557
9627
3048
16291
12854
3684
16832
13519
9365
12414
15570
9076
8174
9625
16031
2039
15582
16218
7441
3594
3256
11676
733
12554
3764
4438
16435
15285
1967
4965
2716
4973
9404
8047
14187
9788
1470
4260
4883
9916
8322
3540
11582
8160
7900
4613
8252
2490
1388
12113
4156
15548
12892
16520
8106
8345
17107
10840
8239
1593
1752
10950
580
9187
9802
16714
8534
928
3034
4162
11836
7597
6791
4037
14694
16932
13275
3957
2473
15296
8877
4137
5218
5329
7714
15863
1686
9241
12534
1144
7752
9428
13436
5379
6801
1782
13962
6370
10930
16011
10533
14878
9824
5941
5923
9565
2832
6942
9117
10672
4368
16336
13765
8381
11492
13526
3971
1557
7210
16362
17264
4606
4884
8326
2564
11947
17
10973
3875
15807
4388
6037
14807
16032
4347
6233
4213
3365
58
12545
5309
7567
12608
4866
7734
8331
3678
16626
7540
3115
3188
12497
1602
5116
6418
10145
7435
1810
12464
1401
985
9540
10796
7245
8448
7891
3566
16837
13410
11530
3223
278
6024
6619
5358
16796
16772
745
8092
14154
4032
13453
15219
12778
6201
15757
5294
113
1186
238
4624
5223
6566
14959
12988
1182
16751
14904
6584
11054
14611
2816
7432
1730
12879
10810
11975
14138
1092
11934
11112
14929
16754
15331
8528
13620
12637
16063
11391
8639
9483
6040
4609
7151
10779
2618
14039
15064
2850
6344
15081
1524
5439
4263
12676
1474
10387
7185
8355
13403
820
11058
15737
2787
11377
2325
705
10188
8332
3564
15482
12887
14752
11148
6454
966
11771
377
6038
5720
16217
16701
3878
6197
6300
16179
7184
5067
1265
4031
11638
5563
2660
17213
16977
5037
440
4201
15999
17129
11168
11154
11667
15051
4044
11244
7479
11195
2542
15796
1739
16923
8213
5195
14177
3429
14268
16721
13798
4982
16566
10341
5391
3615
1990
5056
4322
6761
9558
3544
11294
9116
5073
10626
1626
1036
1690
3191
15068
13486
4826
14810
8023
11017
12972
10014
9914
9702
8537
14533
8145
5911
11339
2655
9842
15190
16804
12145
15610
4655
4200
5271
10427
1789
15977
16109
4018
465
4992
936
5228
1989
15255
15515
15220
1589
2823
2068
1893
214
4067
15836
4020
13409
12111
12196
6000
4338
15493
9077
10680
7955
15761
14975
13738
3325
1042
17074
9450
4093
2157
11832
17329
8209
7107
12831
4159
15156
12306
12698
4455
16768
3741
4730
3174
5879
12050
9038
16235
11251
1014
5571
9920
10955
11370
13198
6541
15881
4017
14705
14333
15598
2733
648
1866
6269
5970
11626
8948
3528
2256
10229
7067
4107
12007
12766
17275
17310
3194
6923
4652
14768
3761
14122
14311
7928
6463
1290
11084
7509
11508
5643
12004
15966
7681
16368
1487
6242
12715
4640
3556
12002
3940
6786
17292
4384
10589
17172
13028
3187
11022
7757
9075
16813
4454
17019
1761
14835
8573
178
2423
9980
9913
7131
9205
11969
626
9988
4244
11696
8761
1384
1201
13348
16048
13656
5156
15702
11799
15886
1294
6065
7827
7812
3710
4296
14362
4468
7794
1721
5624
9698
4819
3203
9427
6182
7423
12520
16916
17269
7775
15652
4531
7481
5338
17070
14962
1861
12796
3226
15228
13867
9793
14687
1904
15998
5842
1008
48
13188
16664
10103
14257
842
4048
13783
14793
3366
9919
14619
6334
7232
12428
5246
4987
14071
15105
16629
3876
17335
6673
1502
15477
8736
9180
5677
17277
905
1231
1237
16483
3578
16780
6311
7695
12350
13377
10143
15629
5334
2137
15345
10255
16752
17256
7921
13200
8809
11298
13640
12456
11935
6996
2942
617
6337
16384
3237
1642
15936
9633
17121
2817
3518
16503
14800
9374
1288
9319
15673
8407
10746
8771
13306
16662
2161
17261
10294
11320
13247
13125
11230
15468
10446
13689
14106
912
2369
2917
14704
10465
3861
4560
2165
25
7120
15248
11834
4465
3659
3961
5165
2989
14209
6870
7032
7510
4510
9941
7550
16719
17266
15238
11708
8113
15464
15279
15811
15174
12516
1562
11078
3474
9083
5449
5283
3849
14729
7261
1071
4664
16316
11714
16797
9590
6888
15683
14213
15902
17224
11737
16271
10478
11366
15974
8485
5210
9173
14917
2737
2240
7321
10483
1892
6651
15604
5038
12948
10053
12379
6249
13984
3809
6623
6788
5191
15804
2067
2299
16602
6569
4674
7046
10711
14132
7010
7561
1434
2132
13725
320
15624
1156
5279
1616
2864
5441
7995
15539
7748
14431
3554
15954
11819
1188
8397
1748
15893
14411
8101
2517
4473
4841
15828
9177
8281
4101
14161
14162
346
3870
13049
14107
16494
5082
5654
4228
3638
15654
2186
2821
5655
872
12178
5241
17192
8897
6336
13021
12287
6581
15319
5717
2233
14567
7569
16178
16169
5698
10562
739
11307
6605
14656
11659
10992
4380
9666
11773
5862
16040
9192
12397
2854
11615
1379
146
6314
2905
11447
6521
12210
12186
7835
1848
2024
7356
10762
13074
14934
12478
1418
12964
16379
10451
408
919
1184
3264
13754
15176
15561
6531
9131
5628
6989
15538
14130
4114
7158
6079
2401
16192
3441
7219
3520
8887
6423
15302
15278
4289
1076
15290
15466
11944
8778
1993
2601
1347
8815
15795
12479
8094
7213
12726
634
3758
2897
10105
15117
4727
14435
1762
3482
7282
4509
1234
11887
15393
3711
3623
10323
2421
15341
7385
2492
8156
10420
14623
6949
16787
5222
12761
16592
10126
15413
2081
8131
8109
860
12656
9568
11367
10373
6027
8482
298
11147
10321
5389
8256
12327
2766
9095
9678
11326
14997
124
3995
6969
9807
16876
6012
10277
16609
7606
15938
366
4964
16612
2604
8825
8582
8642
14806
12100
4598
1254
11276
12286
2815
8476
13473
3958
14963
4943
13515
5050
14987
15735
17000
11013
12185
17331
2060
39
8470
3312
7571
9408
8926
1728
10575
2956
16716
9311
14058
15012
7348
12468
9462
13412
1121
12839
12095
4319
15038
1118
21
12615
11546
1124
12572
9000
793
11674
14443
8433
15906
11689
1313
17242
12123
4720
55
3547
16741
1577
7979
13582
9091
8944
6188
12768
2455
11702
7202
1476
199
15218
1513
11456
8969
7852
4219
11837
16807
2253
7719
6533
2384
6606
14023
9800
11839
14754
8575
3253
14993
15879
1697
8524
13193
7394
11224
13628
9453
17267
13776
8840
9306
11985
14329
2893
5550
13603
15499
12728
13105
6518
3071
8153
10637
12440
10499
12884
687
3500
12863
1479
15062
9638
15054
14592
8630
7052
16549
15554
2625
9891
11808
10482
9285
14559
5600
7335
4668
7661
4251
2002
3122
14064
16215
3656
1973
15627
11149
10564
13228
888
9708
10060
761
16792
8803
6453
1140
463
3058
7018
6410
3828
2170
14492
14977
8391
15601
3859
14448
10089
12342
3393
5854
9575
10218
12377
13045
14314
14952
9402
13048
16835
16107
10900
10723
7528
12994
2633
16029
12206
8884
8231
10474
6258
6601
16852
4764
8758
10065
10561
9957
16460
1158
3467
11444
9552
9516
9889
7679
8531
7240
13383
7050
6966
13407
673
14838
134
6511
2605
13814
7717
4576
645
12260
17007
15136
14764
447
8202
5424
8091
10152
3137
5369
12438
3865
14775
384
10018
9645
6756
15125
5546
690
2178
10883
6509
9079
5603
1583
16930
7124
14684
259
303
11574
15920
15334
7960
1760
7961
4191
10332
14346
7633
4766
6485
2929
4673
15901
3692
4217
15832
4702
17250
3753
7111
13740
5881
11991
16043
7485
12961
8117
4854
11277
6757
15578
5388
903
1599
2969
5859
5288
13992
5324
3866
11888
14223
5976
11972
678
15400
5555
8896
15713
8706
4230
8910
15370
12187
8974
502
9174
7045
11869
6649
7434
5930
7568
17164
3357
622
4623
5623
17084
4477
7618
6126
12759
15684
2285
5756
16764
5
14278
17136
6703
5763
13577
3143
6268
1531
16199
14240
15277
5121
13972
17254
10835
3436
5409
16879
5024
15768
13367
15531
5521
2215
13422
7344
5754
1274
12189
5502
2860
17374
6064
10659
892
13929
4946
5730
13964
3976
2191
12079
13632
5090
15180
10489
4422
5761
1482
8992
4908
6398
2442
11564
16488
7187
15770
8779
2585
2044
2004
15494
13563
11726
1628
12256
201
14338
3655
16522
6615
9697
3141
14264
17244
4820
1316
2307
7250
6497
5028
3624
6667
11327
4701
5405
6335
8147
12633
9909
11338
12784
16600
6087
7632
12195
14007
13930
16092
839
3007
5699
8748
6150
8913
16017
2344
9896
612
7776
1559
4430
6510
3871
12588
14354
166
7295
15155
8802
8572
11853
8389
3299
16047
9757
2133
5986
13651
9737
7677
4110
11482
11649
10785
15377
1961
7610
15973
12835
9039
10370
11577
17066
7000
8578
15442
6668
10698
3243
8310
896
4269
10977
7490
16018
1196
13205
9924
3033
12762
239
10924
16614
7415
435
15438
8071
17054
3810
13467
4839
16640
6664
13817
9720
12167
11359
3658
7774
12730
10860
3091
11202
7001
11308
1793
10082
13360
9278
14575
12989
6435
10273
10532
8828
904
4077
6672
7683
14415
11796
7188
12437
9776
10650
16280
2069
13873
13251
17232
16907
13036
4246
13536
14960
958
407
7498
14017
16961
6179
6172
15634
6186
9828
1060
1774
6810
9912
5158
1128
11571
14564
11209
270
3848
15559
4041
10497
9587
16759
4585
9495
10948
4871
424
4864
5515
12607
5335
5281
12800
2818
14820
9370
16407
13788
11210
13082
2867
6285
6035
14119
11285
17034
15526
16707
12846
7358
6102
11830
12765
858
1555
9129
3670
6062
10903
8492
4195
9107
3699
5685
865
9762
14464
13099
11685
10392
8443
4911
7116
2939
7948
9025
13058
800
5947
11399
16345
16013
14256
5991
4927
2202
3705
6352
16287
10224
8373
10078
6148
1027
11904
8096
8611
15988
6725
4342
16713
8183
7080
2361
46
2773
7998
15511
536
10595
7057
11193
16496
633
17008
13810
794
11778
17086
10161
8132
4204
10345
12347
1358
14991
17328
1933
3374
3114
1245
12406
14516
5573
1013
4732
12128
14203
5658
4100
14506
10005
16761
8541
17318
8103
13320
16915
5365
5838
16806
5364
11101
12279
12499
17047
9727
2735
5419
8730
1841
10238
1495
5042
7443
7400
16941
12600
4146
1309
5520
8394
1865
12976
3796
9940
9618
1203
11253
13796
14335
1383
4180
5660
7585
3512
14047
15031
7155
1556
3089
12313
6514
3794
5040
12666
3964
9595
51
16002
4331
1419
8643
8011
6603
13381
5045
8165
14866
4034
3221
15821
4126
2242
8138
471
11933
14436
8219
1805
13363
9452
8214
15651
3168
1528
1104
1515
10111
16561
5671
2023
4749
12617
1591
9923
3146
1066
3090
1183
5019
7491
9614
367
1931
14372
13417
12849
1477
5659
8479
16354
2794
5725
11654
11354
3488
10798
9188
11627
8073
12917
13391
15126
13775
6922
12877
3353
2199
16962
6483
494
910
1570
2358
3981
2702
14517
9797
1024
8048
8733
10781
6347
15240
11300
6919
9719
12066
12361
4862
11604
12967
1775
2388
14921
1917
8993
4365
17104
7560
12772
9409
14028
13153
5880
16505
6964
395
7620
4091
9604
6865
6266
16574
16180
7362
10001
180
16008
1825
3915
16854
2962
14876
8007
14350
16892
715
249
5534
4245
9770
12592
7671
13296
12794
7152
343
11385
3704
122
16327
625
1416
14206
11664
4860
2924
4264
2268
16655
11866
12461
11484
8905
10448
181
13594
1621
17005
562
3453
520
16582
3367
15461
4899
9609
12769
11588
11431
6613
4872
15288
8376
9669
7291
466
16603
2134
823
10354
16182
15222
14390
12288
11858
2837
5566
8315
9327
13525
9280
8735
5328
10663
4000
17033
8384
13694
6618
10443
14360
6151
5126
7729
12552
12405
4050
11820
7269
1767
12184
806
6495
359
16596
13895
12396
12459
14695
8368
7252
8952
9639
10506
8512
6736
6767
9046
6225
15751
2316
14030
9799
9465
11182
16762
10866
4118
8820
1611
15913
14006
17139
8965
6008
383
4444
6122
1733
6765
2705
17110
12137
15754
13768
14770
5807
6831
3524
14552
10243
4483
3716
7584
14736
12269
15050
12746
10158
864
14388
263
2480
14827
5615
5381
4859
15351
8215
2584
11748
5553
4848
12488
16585
1038
3301
7312
3987
882
6912
8891
11363
5401
16524
11580
16416
13191
15483
9872
9012
4566
15518
10109
7797
9217
7054
11581
15960
13480
15728
2430
2322
11257
16390
4996
7172
3903
10362
5068
4921
14127
5995
8426
4196
1634
16702
10643
10343
12484
5692
10830
3406
1698
17108
3209
4717
9815
15701
13504
3214
8602
11324
11565
16848
1934
6743
2208
3428
4731
6758
3177
15433
8277
8192
8208
13462
572
6413
4709
4247
1884
2142
5588
13564
7009
5925
627
11755
4291
16569
15933
2290
7025
1103
7715
2091
17333
4897
16330
4496
6505
8283
1629
16024
12891
9819
15616
12560
5682
11024
1375
6041
16480
14043
84
7984
817
5350
5666
5832
5634
11686
711
14650
3464
3620
2758
11715
6072
12907
7157
10873
17315
10026
10135
2245
851
3789
7617
9170
3273
8240
6059
10481
959
12042
4105
15969
16396
12063
3996
3093
13273
6016
16557
11382
14805
13661
13335
15192
11286
12144
8753
8494
360
10887
3202
11847
15546
12643
15726
10011
11087
1703
6766
11401
14864
8988
13635
15358
453
14751
3905
7781
3899
6007
11075
11083
6676
1799
7209
938
4990
6658
1829
10960
1821
8187
11633
14518
11446
5029
2579
13444
296
15379
5100
12848
16020
4703
11191
9619
14484
5867
13868
3336
1270
3289
7386
1390
15618
5429
10842
2892
9593
255
12495
12431
13393
10147
4665
6384
7121
14830
13338
12788
4850
7136
12684
9987
5636
16177
16973
4825
1523
3390
1830
11252
13979
3532
15283
460
1785
10524
1251
14227
4644
15389
2890
3077
3559
13593
8613
7616
7795
10187
4615
12547
6441
13782
7175
9876
4387
1073
8184
10104
11873
5847
6592
14644
9531
2639
15295
7669
12407
2048
16470
9057
2075
6929
8938
748
16022
3563
2627
1276
1078
12222
1732
8201
13576
9886
13664
15847
8635
16889
6195
4203
12068
4574
9813
7408
439
15305
4807
15338
13037
9959
10438
15639
9547
8382
13502
13426
12475
4049
4336
12543
2143
14748
15853
14253
4522
8872
3002
11586
13685
4270
4802
8248
4279
9603
1588
8170
7212
9138
13625
11063
14445
8039
9274
16840
11863
17093
8366
