8866
5444
2007
9218
7272
1892
13022
4642
4434
4013
6018
10584
5253
12706
10696
2711
10537
5821
4243
2647
8943
12976
4245
9639
5855
7525
2581
4510
5879
857
11361
3869
8832
9431
4069
7867
12691
2404
5663
7429
9777
1288
2106
9232
7637
3424
4614
2316
10858
12269
2676
8057
12321
8947
13585
13329
4315
6443
13527
2442
4003
12469
11416
8837
13020
7692
12916
5073
6066
5375
8420
717
8171
2226
6763
11675
2257
6654
2537
2519
3261
9982
2144
537
8443
3000
3531
11041
9649
7332
13082
8382
11682
7844
8300
12324
10168
2437
11070
2861
11620
1325
7768
6243
6113
255
2028
12630
2627
5499
2779
7694
1073
6262
2403
6271
5989
9864
13453
5417
5709
6246
5619
13485
10713
10516
3844
3105
9906
6583
5994
407
11828
11775
7883
2347
1533
5075
10018
6222
442
3856
5229
1828
12266
3780
1520
384
2598
10185
7379
9251
7986
1608
9436
6757
5913
10358
11303
12934
12896
11873
7629
2768
5717
876
6698
11047
9668
5884
7616
749
11677
10222
10937
1038
7339
6447
6430
3273
11822
8523
12294
13202
12360
5787
550
11968
12970
4258
6420
10204
7268
6148
2864
5116
12791
9473
5466
10088
6634
6815
3331
1932
3666
7162
4273
11868
10257
9421
1293
3804
1546
9365
4876
11085
13274
9102
6218
12942
3807
4181
8178
3016
11007
6859
4297
11835
3847
867
4325
3298
7662
8556
10949
4544
4793
3072
9282
5284
5441
7766
8239
4175
12653
5966
9323
9059
5290
8825
10784
4781
5503
9186
2145
7182
7860
11496
8863
4519
9889
7587
8835
589
1739
12241
8414
617
11236
6024
13467
11298
6560
10615
12262
4951
12808
7088
3144
1910
12260
447
12831
3493
1269
2025
5508
8814
8367
3917
11359
2243
7465
6370
79
8250
10462
10267
9586
2600
1406
8815
12026
9290
2065
9245
13027
11824
1505
6950
2206
7886
9728
7001
12505
10601
81
1404
9722
8886
12067
5682
1729
10935
6603
2856
7070
13125
3668
13385
12424
9271
385
351
1947
6257
2862
5514
3019
9608
9807
74
623
11838
6194
4148
7612
11624
11342
1583
7921
2027
7466
2751
3985
8891
13208
7878
970
5767
3361
4451
12293
6164
5131
8033
6070
8894
1146
5897
2937
10795
6416
12246
12355
5273
2564
12611
7482
5722
7472
2362
2450
7106
916
5358
6463
1292
4674
4244
893
6826
8181
5150
9849
1685
5157
2298
1562
9645
2080
6608
5216
9295
6840
1156
551
10433
7146
4625
10049
9042
8497
2458
9126
10441
10200
6673
941
5954
227
6723
5678
11951
4422
6705
9077
11402
7686
10434
2785
9155
4399
6238
12802
161
4468
11275
4597
13360
12953
2400
3986
2128
6536
8385
8261
2063
10288
10235
9273
6040
8075
12018
691
7140
2167
11456
9547
2359
1966
8681
6295
6665
7353
430
6933
13577
5219
4804
4211
408
1847
12489
12251
7317
10307
1090
1216
70
11890
4660
9128
11584
8522
10612
3038
6881
435
4365
401
825
4079
6189
4165
2655
12965
817
13344
4320
6142
9684
3448
1898
11964
5810
771
735
4528
8999
3260
1465
10165
10123
3389
4822
10374
11716
10357
3399
10414
10156
8034
2012
11681
1522
7311
6545
8281
2743
2621
8320
8801
7122
9946
5930
13004
1060
8029
10447
2987
4398
12149
4071
9852
8365
7916
1139
3249
7158
12902
4388
13506
11489
10079
82
5367
13590
2739
4429
1177
1852
3065
2014
2804
5831
2730
3042
6020
12259
7
10942
6868
9482
5559
5177
2378
6126
856
12279
7189
7223
11244
12822
5912
8412
9252
1029
4893
12848
4239
913
10211
1260
7414
642
6796
13508
2273
7359
6672
6549
2422
9858
8489
8471
11576
6974
3262
12572
4517
4046
13211
8221
4395
10521
12910
4246
6790
9153
11310
12041
246
5481
2977
12952
10953
2311
5181
1080
9069
12428
6450
5360
2701
12185
4161
7688
3291
9921
8364
5247
3186
11065
8468
13339
7364
9008
7030
8096
10889
11144
8867
5723
11751
2947
3911
4569
5764
3077
4357
1475
2809
13320
12964
946
5696
10859
4326
12684
6013
3011
6960
3828
10544
10928
3689
11445
370
4432
5003
3373
4576
5988
1868
8408
11373
10664
7825
7267
12329
12597
6249
5149
1933
10965
7942
13513
4499
10865
58
7312
7930
1163
7485
806
4382
10470
1463
10913
2116
13359
11125
9335
6916
12780
8540
5947
8218
2277
12699
923
10693
2835
7679
3577
12053
4812
9135
1291
4819
1555
569
1595
8350
7276
13473
1271
2982
4286
7048
12189
10678
11833
8554
9012
13166
2913
10704
643
1613
3671
3701
3720
1055
9541
9834
10539
11747
12332
6878
6577
4698
1630
1362
13465
4908
1691
4621
5202
4178
4502
6444
13440
4540
11457
11594
10992
1896
12264
11958
8026
10360
6091
4864
5977
7338
5868
9174
1804
10709
1573
8274
12857
6107
13259
2103
8617
11133
7003
11732
4760
13601
12320
9121
8074
7319
6593
5946
9092
1557
4314
7473
9791
1424
2019
4425
3733
2353
595
10069
11111
4535
11961
9305
12233
2702
8139
1986
2452
3943
7023
6526
5022
7689
959
11333
2787
2863
2245
6616
561
3014
5041
3623
12427
9502
4884
12167
6936
2264
5649
6527
4437
3191
8224
3305
1099
7899
4982
12773
13279
8132
10655
5197
4412
8927
5772
702
11553
287
4670
13130
4371
4730
7369
5142
6157
12672
12249
9624
7779
1158
12652
2939
10356
3406
2419
582
8170
9509
12860
11597
9682
11253
278
2560
2541
6039
10571
11948
5132
5049
3455
4920
2140
2569
545
11218
2620
1374
10074
4227
476
10231
7843
12062
3582
1482
4487
695
6369
13233
5031
8370
7777
2684
10047
12479
2558
5732
11850
2331
13495
13309
6869
11666
5362
240
3705
882
13214
8326
4580
10960
9626
9406
10925
3579
1616
4184
8259
7471
12737
5083
11646
4852
3923
6490
2429
12128
10111
3982
8595
11894
13305
13401
13077
11660
980
6063
5811
11051
5670
8882
12540
10726
10151
6565
11141
7270
6505
4620
10375
3956
1218
129
3409
1071
6717
2131
12142
10630
10128
6951
4806
9543
7142
12449
1959
8690
2196
11653
1147
11191
1958
7588
9103
9188
7102
3564
964
2444
7719
10920
7348
6709
8764
5736
13458
594
9779
2697
7401
8811
4663
11470
3931
7873
7773
3383
9815
8499
8548
7296
11803
7301
11591
3830
4076
12754
12127
2213
536
12168
4900
1360
13300
6824
1939
3497
6900
108
2666
4234
5082
605
10532
5305
3116
7052
1256
10765
11558
175
9418
956
3785
7998
10160
13575
11602
5604
9539
10652
10525
9870
3227
4549
1809
7488
6184
10947
4237
9515
2793
4471
8222
5180
5055
7303
1598
4934
6776
1122
10105
12
4288
8957
1915
9741
3405
7526
3706
12539
12339
3461
12721
7171
8322
13604
134
3443
2674
2282
4645
837
5680
1621
3289
7492
12377
7970
12556
9313
3516
3964
1173
3593
2924
9848
4088
11235
11222
2492
6494
2979
5871
9031
1356
9414
5218
3544
3661
13234
11857
7754
9963
12212
6920
728
3081
4688
3568
7464
211
2894
3300
11571
9730
10573
11652
7347
4355
10919
4151
2133
5910
11922
12731
12009
4248
8267
12614
625
8612
2438
797
950
10087
231
12923
9447
9146
4824
2195
6023
5015
11021
8823
10329
12602
10342
2908
1416
7956
9842
993
5752
968
8290
4387
229
2021
900
620
1508
6340
4484
9474
3991
13566
8346
12526
7083
6180
8581
7460
1911
3057
6544
12000
481
12173
5255
599
12990
4194
8625
9250
12874
1488
4706
781
459
5953
11779
1731
2010
11181
5235
2427
784
12936
12562
10169
6153
1420
5761
12180
4841
3565
766
11777
5096
6914
9999
4329
3774
11805
7687
10737
9798
10297
7549
3050
9430
849
10593
3832
3704
5528
1987
9709
4909
1703
7459
6877
6309
1885
7281
4598
1198
2093
1140
6398
10013
13036
7305
8253
10848
12580
7627
2095
6441
2423
2812
6843
8378
11991
8887
13402
5937
7450
10575
1123
6386
8442
2973
10000
11087
4859
4316
11989
1064
1228
2934
11050
11093
413
4380
2797
4038
3526
5615
3095
10254
377
2048
11763
4139
6582
6229
1141
6838
9168
10508
10439
12054
3745
2112
12273
7287
8141
6528
4360
12660
234
5420
4844
6992
8955
3784
10232
9972
12859
10130
4119
7547
2625
5264
2663
7648
7480
3339
4179
8749
5016
6438
10388
2041
5665
5636
534
57
3916
159
3589
2899
11124
6910
4696
1041
1989
10182
1711
7715
7387
7442
554
11260
3397
13239
11094
1710
3391
887
5044
4577
487
354
10241
8840
7064
8877
9439
3627
12511
10908
9758
5152
5012
391
8333
530
4899
12396
12309
7434
575
12074
1513
13419
4276
8709
5661
2005
7374
11142
11039
10042
2811
10721
7866
2802
7985
5440
10137
5854
4834
9094
12250
12361
11355
12507
9093
11680
9119
8110
7284
2096
7435
4111
7531
2517
8859
3729
7005
3427
8697
7356
8392
8853
8209
12781
130
669
65
5283
5510
5552
12745
5000
2490
11510
587
5245
1569
12368
7814
5687
11943
3697
1153
3669
7011
13404
2646
8295
10755
4354
11690
9687
6321
597
5226
4685
3357
12661
8416
3913
4235
796
9113
11217
2477
7285
5307
5820
2996
7651
5531
7159
10004
203
9710
12613
4649
11279
8906
9820
834
4785
1338
177
3645
10633
4067
503
1543
11194
9215
9055
10543
423
2113
1687
5990
11697
7597
639
12057
4137
6208
9715
4117
1308
12367
8652
9496
3812
12201
5151
1941
675
7449
8450
11740
783
8483
10354
6927
7219
7153
5043
7703
9604
13116
3380
3231
830
5169
10216
3946
7123
2201
3773
7639
9973
12980
9622
1730
8318
3015
10359
1912
11042
8780
10930
8979
2922
10218
12792
5818
11704
7328
11670
359
6520
1499
12552
9306
3474
12238
2488
9927
6811
5753
4403
10815
3390
1085
10648
12649
9450
891
2510
12487
5906
357
6469
2445
5261
6047
5995
6887
1421
8503
1587
9386
8237
2483
12354
10266
2354
9628
5504
9806
9415
36
12476
11113
10351
2919
1506
1366
3132
9500
4815
1897
5945
3834
11655
3401
9562
8826
10479
4532
3315
217
8599
2938
8805
858
12022
5257
12749
1878
11177
10844
365
6138
7659
5616
7489
4971
12065
13049
1615
1351
3374
1753
10988
921
7732
1961
9984
11918
11862
3755
10551
3600
468
3748
13431
2266
6261
8395
6968
5692
12972
1953
11705
6320
5794
584
11209
4331
5102
10934
13480
4302
4879
11161
4166
6082
8283
7198
3111
13276
12524
11867
11831
13155
8338
7759
38
11731
3021
7654
1718
8931
6748
7625
7857
2563
7877
12488
3886
9646
3013
5134
8879
5488
5045
12557
7981
1010
9428
12444
7803
10762
5206
6990
4839
3258
5834
7517
8918
6001
13383
7756
1689
9189
6624
6954
1990
6636
1545
2130
6464
11130
7002
3023
1443
13365
2619
2687
4182
200
2038
5789
2051
12045
1826
9755
437
11031
4114
5589
4530
7847
280
4203
10511
12966
2814
8983
11603
13170
9420
8550
12315
8371
974
8645
10710
11678
12535
2123
613
2181
10791
10599
9018
3216
4077
10804
859
2124
11932
5568
1903
3267
6305
6639
7293
12947
10099
10290
2942
12008
8934
8325
8713
3862
11432
1470
8608
9797
12175
11501
3525
7259
2060
12464
4837
8372
9712
10246
3207
11687
9583
8949
2965
1227
8452
4646
7397
608
6700
8733
10236
9058
12800
12463
98
8626
11077
12021
11983
170
2717
4581
7599
6857
4792
9234
6391
6985
11252
2657
3908
5066
11122
11947
5959
11324
9351
1576
12513
544
9544
9052
9911
382
12311
2836
4017
7529
7536
9969
12455
11899
9226
7950
5728
12798
7775
3481
9105
3882
525
12024
8967
2901
181
7101
6087
8476
11955
7292
9926
311
4732
4050
5089
4779
9262
12388
12341
11395
12154
4907
7787
10029
2336
13284
13562
8114
11674
8081
7568
3570
3152
922
9680
11377
1295
7816
11357
7458
1759
11713
5118
9847
2900
13227
288
9409
2120
4754
11196
7275
6915
6640
5652
8225
11321
8800
3563
10372
7990
8496
5830
11752
7457
12039
5080
12485
10044
1873
13203
6084
5322
9112
8555
13376
11015
8654
6780
8659
260
8446
6136
3259
3502
6597
5982
12258
11117
8207
2617
4523
518
12194
5878
11976
3611
12957
348
9895
473
12373
12982
45
875
6341
11208
337
13326
9802
196
953
1622
4370
13511
10528
4352
3920
3354
6596
9320
5975
1840
4828
10910
1647
7175
9217
8662
11215
3612
12723
8011
899
10660
8917
1524
1857
8672
7793
2597
4729
12906
2456
906
1927
871
13416
8895
12598
13588
11905
13355
6043
5887
9986
9800
1762
13336
9014
7012
776
4232
9182
4120
6456
3679
12761
1410
6845
5657
5664
1103
3372
10541
11859
7385
3449
9530
4940
5592
4040
11691
7538
9602
3304
5851
5804
6330
5955
7714
3092
11089
12682
1674
12567
9891
10328
12544
12741
12500
12502
4984
9090
13418
5260
8126
10206
10468
1646
2296
1154
11048
2726
5506
13000
4177
8158
6496
6930
12615
9631
7010
3614
8673
3431
2770
5914
1125
13368
4494
6823
3382
1170
6343
8149
8913
1893
10339
12033
7404
8994
276
3058
6818
12968
13215
10734
12756
3880
202
2556
6331
3484
10505
12992
9579
9193
10118
13109
119
11719
7487
13456
8546
9356
10649
8711
11801
8708
2232
238
8353
9184
7624
5339
5190
6938
5281
4152
3829
11273
4980
12943
7156
1329
9422
5242
7786
10021
12772
3906
2780
7024
11836
11145
2227
10210
2204
924
3283
4104
2706
7541
6886
4146
10055
10907
6410
12031
2147
3492
604
1024
8574
4648
13420
6874
7439
5689
7371
8480
8040
1519
291
11339
10771
10398
11441
3253
12002
6592
7210
13136
5891
9841
10483
9640
5179
7124
11016
399
11118
7462
11394
4126
6475
12200
1126
2209
6377
6036
1435
9871
4207
10390
7915
10794
7113
5231
7957
7099
1305
3068
12657
4226
8009
411
5042
8510
12115
3996
10877
5900
9177
616
11521
9601
11385
2081
676
2854
8137
8160
2756
10547
1296
3167
8980
7068
7451
197
1234
3953
7289
8790
11174
10184
1273
12466
9822
3088
3643
1975
12282
9720
3731
12775
4772
11418
12395
10717
571
5585
552
10747
10600
13264
11262
1589
10768
1515
566
406
12742
12284
12305
1104
7530
13293
5769
3665
1078
13435
11419
12014
8515
5386
5299
6283
9569
13463
7584
13581
567
5705
1822
8628
6702
6277
10879
12364
3308
2603
7909
12573
10503
10618
1984
5739
535
11787
6207
1748
4490
10689
2185
7657
185
10153
10187
11810
4170
13517
1185
5562
12882
11110
8730
1797
4474
2505
12230
2869
3881
7323
7890
11276
6892
11694
10827
272
7727
8366
1572
383
13085
7107
995
6805
11679
9237
1501
12480
5911
6827
1955
9152
2885
206
8165
5684
7138
2506
12248
11075
6598
397
274
7507
8130
8589
6237
7638
256
7443
8294
3198
296
5864
6571
332
6908
8175
13282
5051
11585
3369
12295
8655
10481
7075
10589
12918
7858
9514
4766
13446
12587
1113
6893
13459
11505
556
8363
8735
7491
5558
10978
6327
2285
9634
588
3813
1859
1144
4061
694
8406
3791
4030
12356
12153
12639
8380
6575
3264
10385
308
289
4967
13127
12528
5166
2698
12823
7231
7734
9692
7126
8027
1427
5090
4719
5921
2054
2571
9311
2549
6419
8851
12785
8307
11437
12213
2858
2046
11455
2893
10181
13308
8952
1628
12073
5310
12225
2078
4301
10334
2821
6029
7908
11892
5601
4512
4300
4173
3086
2807
4941
8215
4610
632
3657
13514
7150
5800
8428
10509
7271
2134
6746
2588
1005
12790
5768
895
103
5757
11475
2741
6466
5328
4411
43
12347
11488
13451
7708
4369
9796
3485
4634
386
10366
6120
2159
8824
13370
13552
5860
9744
7040
11371
13347
12124
3983
7155
13086
9231
11239
9988
4107
12575
13479
7770
7658
1684
8423
324
7979
9425
2851
1507
6332
7176
4594
1668
4921
9519
9975
4964
13140
10653
4593
7833
6670
2248
6279
443
9196
5122
4755
2803
13291
1552
7326
13010
1011
3505
5385
2694
840
10927
1266
7065
8389
3788
12946
2940
10394
13185
1047
9084
8136
8860
1620
12861
4330
10875
3213
7502
2465
13591
333
10715
939
2897
11365
4679
3211
10325
6137
11708
1393
11372
8678
32
11364
1510
5903
2040
1409
12826
7181
6537
4337
8244
10411
8349
4431
4847
250
13496
10619
1755
11760
4426
3456
2406
1619
13466
458
9619
432
7905
736
7377
612
6666
6682
5483
12027
933
6481
2215
1854
6937
8101
13415
10157
6069
12118
627
10974
5812
3312
9454
5246
1818
5147
10566
11492
6919
5882
4579
9497
8351
9594
4060
13107
13241
1168
11224
10409
10936
12101
10478
5642
13084
1448
10867
3530
1735
1495
4701
6197
954
1571
67
8095
8220
4571
4881
10349
558
6895
1352
12646
3281
5029
6048
13129
9993
7640
8808
10355
10608
4406
4124
9375
5775
5078
1063
7313
12263
3438
3868
4867
12171
4604
9315
2672
8422
5337
630
4339
6487
9413
5198
8457
1664
2082
4195
929
309
8195
4075
9045
2053
3724
8632
9372
7163
4421
1035
3624
10322
3942
6192
10420
12409
3871
367
3707
4585
8614
3735
4694
10217
12996
1390
5240
34
712
12415
3479
5978
8909
10108
6000
3786
136
10304
9049
2333
3925
5338
1532
2929
2489
11035
7550
13258
6770
526
509
2907
5018
1452
6579
12635
3162
1764
2576
6282
16
12973
5997
9255
11559
11671
4290
2781
9707
3128
3419
495
13319
7445
10220
5390
1637
4894
9097
4295
12753
1015
1717
5748
8199
7934
6111
9034
8205
11891
5112
3980
215
1264
10017
8291
6408
9479
4389
4281
10272
8138
457
10124
6704
3475
6699
7503
11393
1304
3770
2618
10035
5938
12040
1812
2682
4102
4845
3165
1213
8929
331
9324
1945
39
961
8965
9244
2585
7837
2660
8981
5653
7506
9567
11792
5727
8024
13343
8537
10039
12046
8996
960
1373
11367
7999
147
5001
11605
7384
2590
9568
7667
259
2122
10438
7898
6902
2376
1114
7004
5156
4405
1815
2860
10673
40
13573
778
9962
11798
5894
11261
2512
3919
3518
904
13149
7121
3229
3500
4712
6170
9240
9913
11709
10580
3107
2179
12689
13163
2217
11703
8741
11649
37
5931
13342
1883
1904
13357
3363
11879
4777
4086
6270
12393
4558
4236
11134
3035
1233
5644
5282
7681
931
8520
5330
5496
12514
1279
6789
8605
9910
12919
86
4379
12123
7969
975
2705
5265
3588
11783
4709
7233
7929
1190
513
2773
2866
10995
10645
404
1490
1906
12245
10514
4904
11818
725
3463
6663
3317
3394
1935
13449
2776
1723
8271
10259
10667
7870
12334
10818
8038
9704
3851
2912
9490
1196
5816
1220
3974
3286
8760
12889
9671
7864
4476
1916
1875
802
4778
5155
8231
6525
4257
10672
6584
7422
9274
8467
4057
6414
3079
2827
9851
12546
7180
11522
1262
11669
1195
2073
976
11358
12589
7381
6530
83
1917
11561
7565
12954
8521
2562
3224
13432
6946
8411
7188
3251
3787
9713
12795
4084
7120
13070
11283
9691
7331
10502
8900
7192
11817
13301
2692
7265
966
6510
12714
1172
4740
5623
3714
5625
2750
13388
4991
10093
4488
2105
5495
420
10299
11770
13023
7395
4423
12165
8729
13487
10500
13567
12277
6252
747
13553
8005
6318
9670
1422
293
5853
7951
1388
711
11920
6834
2036
7709
9520
2983
6800
5067
8387
3473
11710
8529
267
7861
13065
5918
8793
10455
3728
2976
8486
9209
10869
3954
7076
138
5825
2671
7178
4586
4846
6625
4520
13414
4150
4622
3529
3821
2870
5335
2624
10485
8578
7705
2941
5581
89
11762
9584
9283
11240
2229
4481
2550
9285
7958
12432
11198
4883
1396
3802
6559
1925
244
10993
11914
951
11225
10564
9332
1037
4641
8500
6399
2978
6754
1750
3001
2370
12853
7821
2151
7080
6872
8908
102
8232
1652
4500
11714
9643
7224
11129
650
10361
11536
10437
3833
4317
8356
1299
3188
117
7413
12801
6551
3630
444
5765
10769
10312
9317
2653
1132
10127
3972
3280
8936
7490
12527
11266
4247
4482
3690
2890
5576
6739
3469
5640
3244
10138
11939
6209
3085
11863
13537
10872
758
6643
6323
10237
162
10077
10331
2583
6600
12478
4363
5539
741
24
1683
5321
12913
2749
8203
8079
2039
2680
10465
1050
6701
8059
9809
10876
13115
8045
6631
8770
4821
7316
10871
421
11311
697
4901
9404
9147
8164
1768
10450
4312
10036
8845
6132
2348
1148
7576
12221
11493
13158
1624
962
10285
6638
7467
682
9402
8482
5515
12763
9571
192
5252
9994
1993
398
10252
1267
7187
4292
2139
6534
7362
5529
12459
7433
12304
8940
5540
12322
11313
11545
4895
9124
5747
4774
4796
2482
6182
10554
2545
1145
10364
2649
5293
10006
9035
8384
11839
10496
5836
6433
8481
11780
3338
4342
5355
2911
1946
6921
3628
6922
13265
6775
7168
9629
116
2165
10040
1358
12340
50
5725
7910
11396
1221
6122
11767
10686
11927
438
5308
5470
9900
8701
4410
3210
8246
665
5126
13199
11834
12525
8997
10310
13317
507
10909
13122
2459
1600
2414
13345
9206
8507
8846
12236
1504
5037
13209
5534
8969
3073
7722
4659
11305
7977
8975
13519
5114
8438
1447
8460
11448
303
10918
9816
12061
9762
8191
1121
1081
4738
10810
7322
13248
6876
4090
6995
9460
9143
9211
13549
11212
13112
6348
12191
12898
9669
3583
2930
2407
12719
5111
11711
3028
12371
5258
9856
8647
121
1540
9088
6978
5484
10045
1477
12289
5518
353
10114
4291
1560
5213
5341
1973
9607
6289
4514
2157
3347
466
6224
2294
13417
12430
3922
11126
559
2328
8588
1458
150
10968
7217
1333
3817
12958
12390
684
10083
901
8586
9230
11061
3112
12253
2037
10240
2346
12541
10663
389
10853
9662
12297
11512
1108
1654
10796
1924
3418
1437
2335
5638
10912
5345
645
7964
9023
11778
6772
2344
10781
7778
8636
10789
3824
4335
8954
8629
6729
2639
8594
3978
8506
3404
9902
1379
13605
3990
7928
12658
6499
11452
10141
8344
2844
10282
1641
10809
5063
1098
7028
4264
1303
10845
7345
2652
9869
5369
7902
11264
2833
9517
5222
3205
3909
12693
3067
3655
11972
13288
9592
395
9191
6267
11147
7856
8779
10148
9260
11606
11900
12091
7446
2553
5671
6240
5065
6546
12203
7983
4747
7555
7509
1008
5814
6482
2042
1494
10059
706
5646
13422
3762
10922
8665
5176
8017
3888
4591
7400
9469
6514
9524
3846
3344
9971
10067
12920
4661
7800
9597
846
186
12303
4092
10125
6411
21
8174
5734
1972
8773
12794
2023
12892
5500
12736
3521
5591
1079
13378
4999
4414
8429
10019
925
6007
10632
7704
9122
2754
10263
11383
12779
1392
3790
6017
3533
8402
5287
3907
8705
10132
7373
12747
4869
11112
1882
4198
9914
7299
10466
3178
3435
9453
13182
5306
3571
11465
6614
12163
1202
10643
10802
564
8664
11794
7776
958
4784
5326
6004
12807
4924
4956
9882
1169
9523
4219
12732
5220
13584
5526
10320
751
1771
12843
4669
412
3725
3414
5312
10890
9525
6839
7623
10271
791
12735
11528
4631
5491
3818
1036
3849
1773
10196
4006
3433
1162
7137
12117
8693
2304
6395
8198
6907
3453
12204
10306
2205
1879
7479
5194
2098
4843
4142
12983
4626
325
9753
4748
1386
12237
11789
3732
2314
1302
2242
3388
8100
11451
2339
10954
9343
496
2008
6781
9127
7918
3761
111
4397
374
9024
12675
1342
11234
6077
4009
4765
3810
602
12019
7209
10548
90
13593
13062
10095
7749
9551
5207
283
11619
8888
9660
700
10560
5189
4019
4145
11289
6917
3396
10604
169
11729
5302
9943
11842
678
12063
10294
13063
6671
6258
10298
5755
5160
433
7532
11097
1483
8120
5411
8562
6255
10665
11378
4537
2966
2999
7132
2126
1423
4436
8505
9861
1690
9880
13561
12529
12949
4268
7696
8666
3513
13582
5502
2394
8559
8451
10888
8106
7663
11267
10881
2688
2822
10757
8463
2168
9792
810
11949
1995
5137
10555
1383
9605
12499
2261
6160
4250
12555
5164
2839
1149
11524
11614
9050
101
3359
4599
8122
298
7556
2567
13478
8750
7477
10971
7039
4496
11919
5609
11692
2774
4567
2498
4446
10587
4798
7806
4997
10594
9838
4994
5468
165
5877
4915
25
4249
2064
7653
4662
12363
4704
823
13505
11163
4933
1745
8676
6595
3667
10008
4327
9176
4936
4135
2584
7783
9549
8716
3490
1155
10101
9903
4385
2570
8047
726
4882
46
9636
13427
13602
8985
12110
8123
2615
5292
7992
2933
11398
5892
13608
9872
11998
6484
3368
13564
11155
3708
12135
10682
12533
4538
1322
5023
6452
7245
12288
3554
12584
12744
7670
6116
8516
1793
4613
6155
6130
6454
4186
2015
12543
12482
9478
8361
1395
5857
6678
9280
8767
11978
1929
6344
10687
11986
8077
3747
13249
6692
11869
12666
774
2720
3722
1561
9314
3330
1566
1012
800
3775
12162
5596
9046
13197
11167
5424
2237
12961
686
5849
12835
10634
12586
12876
6822
10363
10227
11812
1317
6139
6053
13135
11431
7205
6480
13423
2263
9925
4328
3857
11813
8424
4736
7291
2045
2441
6098
6086
8269
7697
9241
8849
12066
9844
2772
5845
11993
3835
9248
9298
12137
5376
1382
11638
11249
7511
3555
6458
2651
5239
4464
11226
4906
12768
718
1219
477
10051
9590
10515
5890
11011
4636
10110
8543
8146
1716
7922
9130
12751
13586
12325
9144
8897
100
8534
9685
3063
5655
2343
11701
10154
5519
4189
6691
10170
7053
8630
9086
957
3670
9726
4362
4144
2613
5119
48
10491
5475
11542
12256
4525
7752
4817
10854
2575
6442
11738
4862
12125
13041
3811
1954
12017
8784
3005
12460
4687
8037
12421
755
2945
2487
6127
3269
1866
6661
1065
10688
8355
5129
8176
3949
3504
3268
12819
4854
13287
13490
6117
4689
2775
12141
2451
10938
2992
4826
942
5309
12234
1944
9309
10811
11197
5570
12025
393
2568
13053
10832
10671
13060
4052
8421
5204
8623
12608
8041
1928
13102
8737
1909
3801
11138
7774
787
5303
2530
9924
5693
9770
11185
7674
5749
11178
693
7666
11183
8619
10582
4953
7834
6235
9408
10486
5802
110
7128
1255
5436
894
8758
4241
11938
8530
9380
5608
3471
4298
10458
4033
11304
11933
596
10896
8359
8264
11341
1758
299
565
7827
2198
7677
12687
6958
1825
1006
2582
5790
13303
12986
4667
2300
9769
1278
10933
2369
5002
4209
13138
11871
7641
3858
3692
6947
5635
6061
3096
5047
13088
6890
4477
6428
1728
9091
5701
3924
11121
4289
13079
2527
62
4112
8766
10700
3123
1658
9944
2888
3202
12271
5702
3143
13530
10699
963
9535
10172
7524
1653
8960
11046
10
4400
13267
2957
5996
8089
7306
8707
2150
1821
13018
3782
8712
1669
10694
11422
4252
2361
10191
9718
10697
6795
1138
5779
8527
664
5472
7632
9577
13150
13235
1457
6304
6394
1484
13255
4016
10821
8535
11108
6662
263
4503
5567
5823
4096
729
5550
3695
1004
9187
3977
7474
3223
10305
8872
11132
4814
13044
9472
1813
5262
13124
2249
7191
5146
1176
10788
6313
2915
6812
11665
6351
7336
1466
3632
10880
6424
3376
4761
2253
10238
2149
3059
9617
1534
803
320
6531
5368
4836
5163
8053
5127
6847
8472
11544
60
2557
557
2455
7583
9405
651
10115
13558
12186
6964
2088
2985
4727
118
305
2605
9355
4582
5660
11883
11715
7409
6230
4640
3984
2573
6124
3998
12616
10207
2079
7863
5465
10997
3948
5104
5414
2903
8396
2640
11450
7533
11099
9745
10576
1837
9955
2586
6802
9270
13243
4285
5669
7087
8177
11563
2878
7893
11578
2351
1655
6337
5227
7931
10659
3597
12878
9423
7419
8425
8196
12302
7084
8469
7092
9151
3937
6306
9468
9395
9865
3595
9256
11078
12506
3169
10248
10864
4322
10426
8315
3993
8042
13087
2188
512
2794
4865
5543
11855
9754
6685
10245
11064
6926
9561
3642
6477
634
3552
8560
6518
5344
955
3680
7564
5487
5950
8838
9618
3585
8873
4989
9441
5744
7396
592
606
8280
219
2472
11410
11326
11139
10898
8991
12350
3069
11621
9727
9068
13559
6008
6591
655
11435
6363
8745
9381
10202
11356
11156
13224
8210
12387
3633
12997
6737
9229
1002
4260
388
9974
13272
10445
9638
710
9125
610
440
6492
10522
6025
8919
9995
2435
3769
11421
4996
8971
8950
3313
11162
10219
4306
11288
1516
11626
5473
12468
5546
6134
8816
2707
5167
11607
8703
1855
13510
4809
2448
9591
13226
10899
4563
8514
4274
9236
11508
7239
5683
8577
8828
2883
6242
9007
13545
11369
12837
11420
4391
12620
8211
2473
12821
7912
6058
553
10025
5469
8076
485
6819
10703
8117
9556
8819
4651
3878
6382
11188
6844
4627
5117
7370
6474
3335
13157
7118
3842
10628
8763
3604
11963
3350
9205
2049
2089
12138
7226
1951
2143
8948
2719
9734
13110
1556
7043
3682
12969
2946
10371
4215
13188
3508
4657
9348
10296
10146
2197
6945
12765
5443
2948
10579
9118
6808
13075
13128
8072
3476
7405
3265
2284
10268
11723
4113
842
12897
13046
6089
5477
5285
1028
4961
3318
9269
11340
8806
1686
1977
11408
6941
7383
3084
9201
11485
4271
4497
13325
11103
13230
9534
3743
10023
6500
3915
9165
5447
1648
1736
3145
1894
5123
5304
772
10326
984
4682
9328
4825
1760
7095
6491
13119
9694
12426
3551
3108
3197
6513
7318
7136
120
4600
10857
1597
11233
1676
6071
1853
10295
12638
3384
2183
5214
12036
9377
705
6690
5039
11816
5883
7501
12139
3219
2495
11515
12796
5715
12261
4800
7874
13134
12483
2142
3840
11265
11028
6646
7386
122
8030
9157
10302
4905
1719
7497
9493
8639
1606
2239
10668
2748
12981
8272
10743
5215
1250
2546
13156
2031
6354
5485
7980
2358
5108
13316
6909
12004
836
1357
3809
1270
13014
5620
9901
11896
3126
9780
3296
12397
13599
12177
2718
4684
660
7601
7865
9748
3727
11417
3688
4880
1309
10078
12627
9553
2326
13306
2461
1512
10894
6965
8744
12678
5527
3353
982
10681
4296
10952
13068
10553
3228
10406
8903
1224
13021
13026
11351
6381
6626
13256
8190
2889
11020
12081
4035
5862
3351
3850
4656
6588
8854
6731
54
9060
2501
1086
5486
3839
11497
5630
8189
10311
10031
8373
3018
1249
1627
7357
5876
10730
4935
9877
12872
903
205
1461
666
2402
13461
10009
12007
8431
12771
3017
3277
3904
9805
10477
10380
5511
6635
1776
1051
9916
11140
4714
1599
6307
12877
12453
13217
2345
593
5763
3187
3121
6715
2695
11852
4313
11695
9679
9578
4344
5563
11459
9390
6982
11256
9267
8226
13123
11651
2009
12318
8922
4266
5523
7403
1918
6973
1431
1831
3204
13488
8945
13225
9774
11379
3822
12220
11096
5425
3295
1564
940
2577
11316
2623
454
12005
1714
4917
4857
12244
5243
12158
5808
7440
4911
2228
12585
11519
1950
2119
10230
5760
11737
11930
8884
3417
8434
1287
3831
2762
11981
462
6284
12750
1171
6799
635
7266
5437
12617
12940
5397
9772
12559
12412
7077
11179
4897
5780
11623
1414
5505
3496
874
6037
6002
7007
11461
9951
8797
2650
11060
11241
11706
10610
1971
8477
12092
1702
7580
5746
6159
5674
965
10489
4167
11829
2108
4962
3192
1511
5981
3771
2753
7562
1102
5297
5844
4381
8736
5270
2408
5948
8656
10650
4200
5140
10190
10814
6970
2645
10598
7603
2847
7622
2805
1040
10089
139
4417
6102
12140
7952
10884
1817
1075
3759
13369
145
11309
8691
4655
2909
10874
517
11970
9171
9510
12673
2056
5919
2918
10488
11104
7652
870
5798
7543
8624
4458
11415
7682
12069
273
2166
9909
12183
6457
1789
10735
2083
4002
1919
6999
9015
1
8440
7801
8761
10800
12155
1785
9845
8143
465
6617
2470
1635
7966
8788
10870
8393
4507
10309
1459
5569
456
11648
6986
10690
10698
7091
8959
1413
8504
10308
6146
8080
11370
8944
4695
8698
1829
9905
13231
3556
6725
1084
7160
13333
9782
4424
2520
9742
12935
4053
2174
13310
2107
2233
10117
13356
4919
157
2729
5797
7537
361
3806
12530
1263
13607
6336
7081
5513
6901
10976
2529
12538
10275
2815
12558
8984
9485
8330
7945
12886
1066
326
11287
10150
11656
226
5980
6726
4068
12829
8098
8740
5926
5318
3510
252
3860
10863
4044
7438
10471
6882
4851
3032
1550
8774
9729
4197
1705
3975
8631
13137
9330
13373
4668
13323
3052
13477
10472
3206
7432
10028
9888
13452
5923
12205
10212
1921
1077
2252
4637
9883
7699
6346
7152
4521
8904
8155
2703
11291
7327
5076
10798
5478
6453
5928
7868
12856
6291
7504
543
2704
1586
2961
2136
6128
13372
8977
3246
12959
7274
4950
7782
4324
6835
7968
5905
1761
6273
10524
5832
4938
6696
4467
9518
6599
9937
12386
9738
7508
6294
9242
8087
10155
387
850
10129
13598
11153
2871
7437
9294
8775
10569
7298
4820
366
11019
5929
8720
7246
7423
2341
4299
13032
346
6695
9940
6889
10428
2393
6733
637
3180
6516
10318
927
195
3185
9650
11877
11548
10499
12880
8105
1310
8987
12080
11243
1751
12832
6154
94
11443
1827
11575
11482
6508
6710
11317
9559
1316
2849
12851
4452
8094
13266
12475
11911
12089
3859
6741
4887
12088
9967
10719
9612
1381
13334
8454
7887
7760
4192
11411
1657
8233
4829
7596
6866
11049
3940
1701
9979
470
9080
9829
2379
1577
7838
1248
11292
1638
8772
11347
4346
11296
3237
7214
3730
2905
1709
8119
1509
12097
9070
13275
11158
1394
1869
6260
8777
11629
727
2608
10377
376
7671
6760
6275
4095
9216
7707
3271
3157
11381
546
2664
13207
5889
6185
5796
4606
4230
7939
9595
13429
4240
5143
10467
1111
11025
5336
4168
3864
1261
1161
1692
6434
3375
11887
8719
2589
6187
3659
2434
3100
9391
11685
5372
11109
8282
4284
3550
7260
13395
10134
2734
10395
8571
10931
7598
12637
3887
12290
4534
2968
12420
4428
4498
12182
11004
8699
9435
8433
8208
10476
12078
6312
2593
10451
8751
9281
1579
538
8862
1016
1604
4164
11854
6248
3285
9000
2388
11596
4789
10581
12376
4848
7606
2916
8812
8097
987
6167
2270
12071
11059
9032
126
2256
3040
9760
10705
11811
3658
10724
11325
12576
13121
8400
4028
3225
12600
6005
285
314
3327
1721
5064
4554
680
2479
977
1960
5932
6009
7392
1525
2723
8858
9532
3883
7082
4154
1681
11826
3691
1891
11207
4958
7935
10113
779
2425
4912
9106
7391
8162
6905
7426
11667
5422
4942
10482
8536
2634
7940
11538
4551
2478
5364
9836
11336
7185
9444
1548
607
13454
716
5822
364
7617
1247
11599
9083
9501
5881
4546
300
5446
2004
2067
3196
3558
9531
12865
7096
9465
11707
4034
4515
7202
6637
12717
7841
1089
883
12146
8474
13295
1794
3694
6558
2742
5924
4556
4272
9990
9560
6875
1109
2538
8078
4396
11211
1503
9017
6688
5438
4816
7378
2440
2491
6228
12411
6980
2554
9884
7811
10175
13160
3310
978
5352
1554
5730
2735
8217
13462
661
1232
10911
9195
4557
3941
1784
7170
2192
11753
5144
11814
1570
13364
2162
7829
7552
4341
2500
8044
1009
11802
9370
10586
1727
4463
3938
6943
730
3872
8493
6486
9935
2887
11923
10817
6651
2068
11583
5401
1347
12224
8153
9746
7742
5494
1938
7591
12454
12680
6462
8649
11632
6519
9361
11119
8479
10670
2721
4032
5058
4402
4794
1418
4717
3282
10347
6203
11795
6114
8753
194
6767
9933
10223
3201
2514
3553
11804
12435
392
422
7510
1095
2309
9389
251
8791
10332
1614
12160
5512
9173
4607
3245
10642
2643
3171
12020
3046
4130
9725
1330
1251
2043
4448
2828
4267
5553
880
3134
12629
5593
6096
2334
11543
3301
4589
6856
5795
12407
698
279
1211
10084
6547
13551
5139
1331
5448
11176
1027
5013
11137
12179
4945
12788
9288
9550
3421
9043
8228
12083
4708
2405
8970
2076
4229
9384
2956
10843
12331
7093
13047
5944
10529
3926
237
4049
12944
7494
4650
13596
5086
8374
13502
10007
10706
1574
852
12208
3578
201
7593
1101
13212
5211
13078
2349
3527
11083
8726
2057
3650
3814
745
13548
12640
8830
8248
11189
2796
9072
5647
10020
2338
3458
141
6969
1313
6265
6686
10037
9812
2146
347
10901
11471
7200
4193
8910
8249
13410
12227
2303
709
12342
7831
6813
12006
12276
13006
11495
4093
5191
3247
11423
1377
2127
2325
2710
5675
1770
5735
13426
6476
6133
5462
9499
8050
6740
6099
7684
3447
1725
12760
9123
8288
13322
12126
6074
2998
1473
10629
7540
10365
3287
5613
13338
8453
13042
9855
1913
1651
7609
2176
8836
4190
9064
1610
9296
12669
12493
10799
3626
8783
6650
9326
2959
6633
166
2724
6993
2700
188
3608
13381
6435
11391
11523
11800
704
33
7819
7822
2708
6193
11175
10443
5103
3076
6325
8799
9481
2732
12866
4762
6503
6852
10545
1922
2852
2363
5556
13040
4741
4531
4699
11390
11
2319
10011
1682
4072
11844
576
5201
13190
12767
7388
1215
8388
1235
5334
4495
6097
769
11909
1835
3465
7148
5987
5799
6809
2921
3543
11382
4995
3074
8883
7376
11546
12105
3819
3140
11776
9506
9907
1230
10056
10126
5451
1498
9637
5359
2927
2867
4770
4435
10533
4351
7920
10903
5430
4948
4575
4555
4023
1743
949
6971
1889
12296
6042
9565
2689
1502
6984
11823
10986
9417
5212
3039
11294
1403
11331
9464
5998
12349
3349
11462
4638
9981
13363
6708
2141
5971
9696
13164
2528
3756
6501
8048
8168
8001
12868
1135
844
2914
125
12193
3066
2800
6169
5829
4888
3442
13228
9587
10685
8127
9013
1802
12632
3153
12804
3127
5092
10638
2845
11344
3364
2017
7117
12228
6366
12439
2115
12516
1127
13597
4932
3
10208
6049
11593
4802
11184
3875
3683
13277
9261
7767
12473
6022
352
179
11724
2531
12759
7546
10265
12900
2595
2865
2289
1860
10640
9137
5429
5025
12375
2497
1992
8028
5806
2421
12448
10787
1401
362
801
4947
3987
2801
11173
12521
2415
3248
8641
5819
3284
1675
4733
137
6712
5343
1998
9959
5467
3522
1592
8234
8316
11630
11985
2069
5196
7548
12285
7390
7900
6785
2254
13292
2272
5009
5874
214
9150
7600
11554
4652
9491
8484
865
12064
12050
2350
12134
3945
6292
7110
7996
10552
6220
5658
7436
3402
2340
821
3952
3514
5387
9768
1179
13223
3746
5125
13039
10449
1949
8173
824
7455
1476
3789
13563
910
4850
11286
8695
68
12755
3599
5435
5244
2902
2175
10613
2731
799
1344
8236
9087
8575
6572
4985
4318
1014
12113
7109
3467
10641
492
12231
713
10751
5960
10321
7154
3656
3721
6280
11902
10064
5259
2097
10958
12766
1134
4511
9392
3914
12827
8167
3104
6574
4277
1858
748
529
7505
8003
11702
2993
989
12642
12161
10733
11384
11290
502
8435
10801
6609
1603
3078
9627
8684
1746
10159
11959
9545
3935
2034
5594
1660
672
11434
3048
1428
884
7702
12643
9432
8039
4453
6367
3230
10171
8172
1045
8620
9325
10736
2032
646
482
539
3091
6026
6205
12265
4856
11477
9548
1907
11282
7427
1528
12508
7212
9197
10229
2532
1152
8558
4896
8732
11913
12495
12726
9480
3218
11302
3024
4153
12619
10152
7683
8792
10498
5712
12226
11349
3509
3616
6940
10280
547
13367
667
12462
13425
10463
5183
5614
9533
1899
10122
12663
7025
10588
8268
5783
5521
8986
1056
8145
4368
5600
4677
9931
9683
8988
3944
11642
5961
9327
5174
7634
5522
9149
13375
10258
4553
7701
13080
8381
318
9132
12989
5863
2783
5904
2677
191
5173
679
6948
3477
11636
12109
6339
3703
6744
3766
1845
5676
210
8254
8104
6251
87
4728
2587
580
3603
936
12834
1671
12298
10429
4100
4462
9572
10883
9051
8032
3080
5005
2544
268
4965
10188
5178
6300
4222
3135
5547
8129
11223
11520
7242
12668
5850
1408
10473
3861
9398
12867
13177
13216
2534
486
10243
4536
2842
12242
6129
506
8163
13455
2755
11023
11300
794
12011
13447
1738
12963
4083
9368
13340
6855
12590
10324
13064
3470
13507
13148
11531
12932
1636
13400
11095
3905
12381
13438
8925
11100
7892
10792
7135
6011
7495
2389
2736
10120
13254
12727
10396
1301
808
3411
1231
12676
5774
2868
1991
8834
703
9160
3961
10520
12094
6568
1246
9716
13033
2714
9445
12344
4082
10622
9292
5053
233
11503
1277
12904
8914
11539
9333
3293
9625
3757
5233
8618
452
5184
11308
8584
4383
10695
10376
10623
349
7872
5704
1666
6720
5896
403
11345
9756
10823
5130
11912
5210
560
11532
1584
8305
6788
8109
5182
2594
9286
1766
2886
11159
6675
4966
3969
1886
9843
9299
7726
1974
8951
2767
2413
1355
1042
9427
12199
12998
3189
5036
9956
12383
12102
11071
416
13471
11889
9609
10256
6253
11227
8724
5838
12901
5
4012
1819
13574
4560
3209
8260
7991
11975
2515
6143
5324
2611
12032
10596
11295
3581
297
1039
1497
5238
3274
9929
1862
996
8718
11424
9804
10606
13384
9818
7691
8417
524
11841
11837
2936
3142
9840
8046
11996
12369
757
1412
11468
7417
1665
1324
414
5597
12070
1097
13482
3741
9038
6566
6316
739
12491
9357
66
548
304
2312
8670
12043
13090
10822
11598
8456
611
13244
2967
9440
11635
9379
1662
1072
1387
5008
997
12830
5301
6668
9098
5551
3803
5340
985
13195
410
3636
5733
11684
3778
7933
2637
13318
11965
12100
7314
55
334
11429
6431
13146
11884
4048
6380
12903
11941
8465
5048
11056
12270
10250
11460
1791
12805
1558
13491
10944
10849
2540
9407
2169
9695
7258
2231
9771
5300
3147
12683
12059
13232
12551
10546
212
2194
7222
1384
11509
4238
756
839
13377
8509
12599
12437
6817
11529
1345
10831
1013
8410
10278
2935
12928
8856
10112
4751
11018
2327
3053
11487
9873
10143
7851
11644
3715
5939
1881
10091
7647
10421
445
13012
6759
1399
11793
9180
242
5524
10943
12692
7853
6749
12824
13413
5549
10456
8341
3190
3607
4455
11001
10727
11449
6630
4278
451
6718
1625
11092
501
12077
7669
13391
11830
9763
6206
11115
3663
7914
10679
7346
2315
8572
7879
7636
11012
12917
9364
6436
3686
7805
12628
11908
4524
2991
1700
7876
7204
7014
4304
4678
13205
8831
2837
3662
11589
446
1298
5738
11058
7750
2667
6495
8692
2840
11661
10003
7611
5128
6080
6195
7254
4757
11091
4903
6400
4206
5673
453
3242
6335
8976
5266
13191
6610
5028
3676
9488
2246
3239
4981
12131
1020
8892
4977
7147
5084
8723
2187
13260
6586
6956
795
1334
9690
11733
3865
4078
13201
1962
4098
3336
11263
6140
1807
5758
7602
3560
8551
1017
5993
6736
508
12883
3712
10837
8398
3900
6083
5520
13450
13152
12701
7169
5648
1877
6706
10277
8015
3385
7372
5347
3459
7755
8278
6241
6540
11406
10133
750
8746
8154
1245
11131
12058
8937
8470
8060
10915
1364
3750
788
10701
2075
12564
8430
2352
8352
13389
322
12222
5766
10770
9688
12286
8833
2375
2155
7046
7017
11966
2831
12782
4261
11765
9879
1999
5357
2855
12806
11977
4376
1026
4653
3511
12202
2156
3480
1800
7590
3538
12664
8256
10999
5577
11562
3823
3816
3451
262
7079
7516
12730
13371
4875
6152
4353
3590
5027
1238
5107
1642
3343
9463
5482
3893
9705
11530
9021
10979
10729
12034
3486
1453
6681
7854
11759
1697
861
13186
10492
1905
9026
3398
9941
11458
13521
7721
9950
2555
3898
6303
8324
4548
6396
13493
1549
8754
8755
9185
13200
8148
11627
2880
12098
5833
12400
9354
11853
7706
12272
13250
5135
8962
7923
934
1783
1426
1734
4937
344
417
1043
3037
13213
10382
7925
9675
7273
323
3896
2268
2220
10338
6149
3777
7441
719
11193
11897
9983
6783
8052
7769
10452
11847
3876
9040
777
5275
6432
13569
1385
2636
6605
450
5631
4158
4786
10062
2565
4073
2696
3420
13113
12574
2746
8102
3234
4853
12330
10785
3377
11971
2117
8696
5533
13074
13529
4444
9337
5361
1833
1942
5509
9651
909
8156
701
2426
133
6830
3341
10967
270
4739
6326
10068
6641
1839
8107
1019
2610
7098
12631
7630
9938
7349
7412
12252
5708
6144
12776
11368
1931
13061
5136
5170
4866
9347
9934
2292
6555
2193
6360
6894
10973
1265
5154
1456
5976
7320
819
7344
10106
8436
12035
434
12049
6217
10199
9371
5847
9739
657
6201
8669
4807
13184
6319
2685
8687
9932
845
1272
11741
6804
7050
11297
9163
907
563
11467
2879
12319
19
5880
123
13610
9265
6106
5366
2392
4874
6293
5471
6033
2212
4063
6368
4202
1236
2699
6996
7398
3174
3488
4125
1673
12623
275
3619
7094
2632
11888
9225
11499
329
9793
12133
3371
11796
6276
4205
7534
3044
5965
11157
4892
3696
13263
9263
570
9919
7967
1865
9434
683
7720
2190
9923
13351
4169
7542
3408
10966
13606
8876
8752
9336
8627
9564
1596
2765
13251
12746
7646
3238
11700
6977
2601
13172
5525
9136
11219
11201
8292
1467
4986
3772
9448
6355
981
8092
7115
7060
12498
4489
2969
9446
1240
9164
3026
3215
13509
2420
3012
6352
4359
2882
7478
7745
3988
6925
1742
6860
8397
1375
12633
5943
12743
10215
1142
4159
2216
13162
8573
8928
11954
11861
7228
3334
2980
5899
6580
10192
5537
6012
11580
5106
12825
3194
13067
5327
1650
3109
10833
9633
5392
6446
6347
1007
8710
10424
11268
12316
471
3125
6204
1107
1796
10015
8899
10293
4099
6333
1061
9576
12010
190
6891
8056
7408
5455
7269
12120
1370
11658
9965
11030
8686
8302
3738
789
12471
3220
8204
13096
9751
2928
1914
10961
11045
5141
5952
9477
8974
8229
6072
4066
7810
10707
5234
5099
2457
1021
9028
11322
11312
1284
4058
5035
3767
8296
7835
3392
10626
12130
7294
1268
4615
4612
4724
926
5267
8855
6742
5991
9867
8850
4143
5901
11386
6062
7673
10940
5333
13133
11547
7724
12971
8870
7808
9081
9765
12335
8357
9711
7812
10530
9075
10228
230
9737
10026
9890
9732
13448
3483
3507
11166
7948
1926
9066
13518
1850
13595
885
13297
12268
5254
3233
12593
4026
7757
5992
7824
6064
13120
7454
5606
3276
579
4115
10189
11662
5109
4617
770
1765
13005
7308
10742
494
1083
418
2548
12443
12013
13238
11944
11657
9724
4697
12938
6468
2318
11622
1724
2138
5634
7262
480
4705
6301
2950
11717
11639
1044
9212
6618
6758
6322
6385
7057
13204
8961
6374
5584
1419
3753
5100
5061
7604
5209
626
6281
12328
638
5017
6837
11643
26
10813
11464
11600
4983
9310
5449
11957
8270
8585
1634
10893
3587
4647
1563
4305
13271
12569
9416
10292
11055
12068
6967
12484
8245
7321
11973
3422
8073
2949
7894
5762
1335
10497
2738
10454
8386
11698
1788
11781
8785
8553
6523
5316
10098
9249
7815
2274
13179
2513
7557
5070
8963
3677
13
11904
3208
8312
4157
2084
9019
3168
2382
10353
10718
7567
7250
4587
7789
13240
10010
622
1680
2654
4323
2635
3172
1970
10417
6801
9321
11979
898
10519
11120
4051
4539
358
5389
3723
2332
9566
187
9598
3955
11750
2006
11387
8383
9085
1874
8140
2763
7936
6465
3137
10846
8448
4624
1062
6390
1832
7733
5859
5133
8663
4998
12641
759
3090
3415
9985
13097
3641
12348
4486
5460
5718
4987
6417
1631
652
6816
11327
11154
11427
11343
13174
151
9821
3808
5885
11403
6880
919
6406
2579
3003
9233
5824
12190
3992
2850
6590
10407
9976
9222
6697
3794
5888
3022
10556
2236
8902
3999
12809
10829
1129
5433
3566
6829
10032
12112
7352
9204
841
12814
6413
9966
4513
9419
3163
1441
4870
13579
3866
3450
8508
7499
2997
879
6345
3678
7018
12596
330
8978
5974
4128
10558
11498
11895
2417
1438
1981
6314
4759
10149
9202
6365
9686
5237
7216
1848
13532
10435
3768
2925
7256
12570
7340
8082
2846
11984
2788
8547
5236
9623
12708
2758
12863
11757
8133
4542
4868
12398
7044
5629
9331
6998
3440
4527
9813
10590
6721
7747
8941
7290
378
8275
13165
5622
4224
2523
6278
7315
7974
12178
6287
4307
522
5641
11745
7367
2295
12197
7739
8303
8880
13294
5803
4726
9048
3321
9486
469
3146
13594
3936
9596
6425
11736
13571
7832
7151
12210
10327
4210
6015
9546
8545
8299
9489
4460
8
7300
7421
12423
872
2673
4065
2752
1849
11439
8243
11034
4045
628
3240
3713
6935
10620
5421
13403
2029
6056
6123
12568
5097
9429
4332
10378
11876
10662
2235
8247
6259
340
4628
3826
12924
3534
13568
8674
4835
475
9302
7571
671
11878
5517
11315
8379
9527
8715
5573
7116
1128
2471
8008
5898
2099
6315
12778
7512
1204
615
7129
236
13103
11284
10825
3523
11285
8314
11389
12690
6751
1444
9885
8660
4390
5745
7855
7143
6118
12257
6707
8610
4914
4185
9142
11565
12659
9101
2265
7164
7452
3041
9778
7211
5532
12685
8058
1137
2823
12789
10493
4630
5667
8915
12301
13013
13142
2374
1417
11214
7944
9257
4018
12433
13117
12209
12967
8083
8685
12223
6730
4367
1542
216
1602
8822
3622
12378
6021
10658
12987
4749
3693
12626
1842
6512
10033
4309
11728
64
2066
10281
10014
912
4926
6623
5288
12624
97
5415
3464
13396
460
7144
9139
3183
8459
11066
2873
2971
1521
8871
12911
9009
6913
10946
9875
8227
6378
5399
11044
9483
8193
7626
1752
2761
673
11615
7619
140
7563
3263
4976
7161
12317
1787
11746
9200
7660
3609
7780
3307
11595
13261
13132
12846
9312
6529
9387
6613
11699
7649
5426
1861
5026
4027
7141
12762
6987
5618
2659
12991
1241
2218
8071
13535
5817
7869
4492
13609
12813
6683
3594
8022
10523
1535
10054
8251
4022
290
4629
990
5474
2360
10786
2665
2287
4746
10289
1559
3379
2970
4583
6669
1772
2290
1678
4441
9505
6556
1581
9044
7310
10996
8284
3381
10348
1450
8219
7220
13173
7104
10563
5296
6412
2390
4552
13114
7484
1774
2469
10635
12116
11454
7037
9397
11052
9304
11269
12550
5621
6587
3698
3751
9228
10838
3055
8622
8111
3243
13386
2543
10142
5298
10510
10038
5457
9207
3939
1757
3316
12152
5835
5224
10276
8512
11008
2342
577
4769
7021
6931
9272
11490
8399
9939
6296
9593
11910
6553
6522
6928
6426
983
9784
5771
785
2572
6858
500
3652
7765
1994
363
6213
6397
1361
292
6679
9747
10963
93
4147
1712
11352
7561
4375
12618
10107
7582
7420
13346
9555
3934
9053
10945
938
2135
12999
10065
10139
5759
7247
224
7103
1523
3275
436
12647
3309
9235
11062
5557
4973
6607
5434
6266
7072
5949
768
7959
6175
2596
5319
7114
12447
9528
6934
2104
3043
302
13167
6131
464
7020
568
10607
1526
2988
1964
2279
6467
7685
11213
2101
1143
9227
11815
11820
4121
1823
8494
13534
12890
7889
10368
2447
5861
773
12391
1087
5639
10209
5153
11017
5250
6166
9658
11693
5916
3540
9721
4886
8331
7664
338
4356
11413
12445
2616
253
13099
3892
10408
10303
10807
4007
6714
5801
8901
9757
764
13101
10384
733
9145
6765
2474
8464
8653
3512
2881
8778
5464
4805
1985
12496
11330
1283
1193
3853
6957
7973
13312
2208
6090
9557
8682
7056
3574
6088
12610
4447
2234
3075
9410
10085
11549
8591
9067
1189
1100
341
13352
2024
3060
3805
12817
3113
8613
5497
10163
13025
6885
7307
9293
4361
2535
9960
13038
829
3973
2972
4768
11511
10262
7997
3754
1130
7577
3646
11259
1451
1105
5068
8590
838
8989
10816
5062
4172
7589
5554
9526
8257
1747
4214
12654
9350
4122
3051
8717
3193
11744
9866
10198
10401
11601
6552
5317
8524
6667
13178
3101
598
9833
4014
3154
11000
5555
10617
1415
4572
228
7172
4722
498
4103
6073
902
6109
7475
13390
6384
9957
2365
10828
5020
1237
892
9411
9141
13444
78
12132
4347
8150
4217
13089
11568
10131
9104
12337
6511
9681
1281
6778
2307
2118
5007
4931
13183
6254
3584
6766
9433
8085
158
1708
8070
5032
5208
6756
9442
5643
9300
11994
5050
3155
8475
12894
6849
1978
10116
1792
7938
754
2094
3779
11160
9785
2475
2480
11481
2644
5668
11676
1670
9917
11590
6147
967
13169
10205
13092
8242
5770
7972
12512
2552
4654
11772
2022
1208
1151
9
1707
12752
4127
13501
5962
6092
10905
3444
11186
13520
6219
5907
1672
12504
13468
7716
3635
427
7522
10861
2536
12740
8738
11929
4358
4350
2533
6657
3960
171
5272
1539
10739
9674
13081
11246
1900
8885
12700
4902
10577
6211
10393
11271
7971
4877
13298
10834
541
13499
6658
2678
10109
13421
2728
9074
3288
9342
12733
9363
7051
1446
6732
2838
7518
7288
9521
9061
13382
75
6779
826
11874
9723
10774
6761
3783
2387
2462
13106
10776
12571
945
10780
5852
7112
12844
12739
2872
1115
4218
5688
7425
225
8458
6899
10048
11277
13515
6773
7173
9037
572
12084
10161
3179
3232
3672
154
8668
3710
4087
6225
3087
3951
5786
4374
11182
13328
13570
9279
4681
4478
9291
11526
647
13525
10448
9110
207
12384
12705
3739
7535
12048
4393
5586
4623
7828
11082
10887
12697
10179
10651
11886
6470
6227
6653
3416
1836
7469
2453
3029
167
6104
9664
47
6297
12310
11073
9699
11573
2612
10432
9810
5365
2221
9178
13268
1434
6628
12547
2286
5200
1782
4898
2050
3958
1350
7737
12783
3921
11537
1737
12592
6944
5612
9661
10914
10287
1468
11143
11080
8756
12359
855
8501
1780
4378
11128
3306
8739
10891
12518
3976
720
2931
540
8657
11231
11500
9239
10315
7016
8014
8252
5695
4849
3536
8088
6622
327
6539
8807
8727
13380
10839
908
581
10535
9455
172
11169
7836
3457
9116
5379
5269
3495
5737
11038
12670
10683
1430
9952
5445
1000
1643
4174
8796
1239
11513
8607
49
2810
1164
1779
738
9004
8062
11875
8787
1811
812
13280
3118
5263
10595
13437
5161
6606
13321
5011
11350
2013
11165
10851
8966
4401
11136
439
8905
4550
8415
7253
3549
11504
1082
2727
5784
6389
8926
6310
9678
3256
12679
8368
3378
13470
10708
3255
10507
5706
9835
7618
5315
5700
8549
4475
8722
4731
9647
11550
1093
13043
7521
7402
5081
11980
8188
6621
11026
6904
10239
2337
4081
5498
10767
11672
13016
3503
5384
5069
7514
3131
10691
4711
13181
10050
6660
13131
6364
13436
5391
2424
3620
10373
9558
8606
3586
6867
12015
8376
6615
3557
10251
4827
8700
8348
8019
7029
9589
1781
10495
11755
6703
10752
12694
4639
9887
4319
3685
1609
1402
2818
1872
8633
6232
180
11204
2173
7978
2778
3884
8279
5418
7279
6178
8000
11797
8731
7695
3446
3569
5071
4062
11086
6652
3279
10405
12581
41
9451
5205
12281
13460
3664
7335
8043
4972
2383
1391
7127
4149
7730
12881
8579
5432
1863
1327
11654
5351
12196
497
1801
10147
8972
12864
6100
7987
7551
8939
8956
12450
4155
11079
5599
12403
5957
765
6578
5021
6716
13285
9462
12709
13221
3699
11809
1274
11668
8343
1032
2508
1442
11486
8538
3468
10370
2630
9862
11782
8898
4992
3434
12457
1400
6983
3159
4686
2240
488
5598
4183
521
12939
10680
11306
10783
4595
12926
10923
9393
6231
9467
8776
13093
9701
3466
2224
6831
11995
11541
9334
10526
8202
7041
9850
5087
2964
7628
1181
6392
6981
5941
10291
4665
4633
12292
12470
7283
3573
3366
4070
2276
7817
9600
13218
13286
1667
3387
12720
9839
6797
4672
11412
8115
7197
7881
12492
688
7581
3355
13024
3673
12497
5934
5741
1677
9341
4005
10826
11582
1493
11272
6210
1323
11151
9082
8360
9020
7244
10279
917
10939
13492
4608
6871
3541
3539
7394
8018
10301
3889
707
10897
583
5575
2633
4004
11106
12636
12888
390
12855
10591
11507
5662
12389
13030
5279
12503
11688
10446
10895
10513
7038
7904
9828
5685
4091
7365
6245
1607
5286
8004
5407
9761
10352
3093
1808
6488
6787
499
3684
7411
4213
1411
816
5412
3445
6655
4605
4242
12452
13154
8821
5632
13331
9388
10725
11743
5826
4858
204
6918
3120
3089
7984
6101
8565
5548
2747
6448
1754
5311
1481
8990
4570
8006
6311
10862
5999
979
3528
549
7263
13580
12037
12722
1425
2906
3319
8768
8064
6903
9644
7195
1320
4541
11245
12465
4723
4443
8533
6168
12406
4743
1871
11567
8495
8099
6173
6404
7071
4680
11479
3045
4392
7594
8567
241
12688
5958
1479
12235
11318
786
9789
8362
6632
3266
677
896
9319
1376
6030
4573
1617
1895
2129
13512
2792
8827
4716
11433
5754
6198
11618
621
4773
670
13587
7230
11960
6379
3214
681
10504
4031
12416
4259
9831
6046
12757
1645
12028
4831
4632
11029
1585
13051
12419
8084
1349
7221
866
12494
2799
13445
13407
915
1767
4294
6561
13600
5703
6191
14
8265
7975
7772
6517
7410
5893
11135
7206
7693
5602
10749
835
12405
1744
4263
9385
9412
11474
1194
10775
1698
11790
2476
11010
8128
12003
6851
6286
4466
8677
8323
12278
4616
2454
2281
1943
2816
947
7215
6949
6079
1489
10052
11014
1096
10316
11334
10977
11940
2824
8702
10053
8638
1359
5203
8725
11375
3252
6298
6264
2668
13394
13180
6317
12075
7809
12379
9383
4710
3855
9922
3602
5535
5098
8449
13066
9652
11845
8131
1688
4776
12531
160
13072
8016
2679
1551
6421
12895
11903
6125
8112
2225
2153
13358
4459
10793
10273
7453
6455
6429
614
4187
5740
3837
12601
3970
6060
12232
10193
10745
12055
7062
4690
9853
6497
13481
8334
8135
258
1496
7963
9794
6376
6471
8841
2323
9162
7186
7820
3007
7225
7661
11990
10692
1363
5564
3056
6041
5077
4366
1640
2269
1696
8675
2449
10103
8601
5915
8598
1805
10005
7358
4929
6190
4408
7282
463
1223
12211
7672
7343
5187
4787
3997
4199
4377
9823
4788
8875
12418
7953
11320
1118
12307
10772
5088
12082
6791
6081
3340
6176
199
5348
2121
4419
5909
10542
6768
10602
9767
4775
5010
10720
8557
5162
6437
2071
6769
3226
3031
10741
6263
9580
6841
6521
9773
6929
2062
886
2609
8230
2952
10748
7139
13498
3278
4910
2686
13034
6162
1057
4889
11533
12549
5828
9289
3752
12198
1471
1257
3879
8644
11773
6226
828
13489
11827
13187
722
10225
7559
7717
10383
9787
6972
5964
4860
12327
12441
4430
4750
9632
350
5545
2259
7799
2026
13469
3352
10631
13083
1445
11444
5249
7738
11114
13583
4564
5413
1611
429
3950
5651
5225
7723
1210
9108
4262
11463
6550
10805
2494
9192
5274
56
3020
208
2111
5403
1440
425
8061
8889
9457
1623
4833
7675
1593
2301
4588
5057
5956
12845
7131
12060
9170
13052
9011
5922
7643
13069
11945
9659
12291
8287
8813
9025
5463
7818
1778
336
2642
7261
9275
7496
2607
6961
4024
11579
8582
737
113
1068
937
2299
13056
7791
6979
257
2238
1339
9344
12787
992
1846
10750
5105
10164
3403
6524
132
10654
4131
441
4160
10221
9860
5865
5378
7680
10367
4734
5381
5320
11551
13104
7585
5314
9790
2725
13366
11907
4863
10764
12594
1294
8327
11527
1659
9936
9470
11720
7055
3430
3546
12532
8321
10892
27
6308
491
7947
9426
13198
8335
4043
11791
2125
8651
10583
10201
2466
11799
5843
6050
4457
9996
8394
5030
7621
339
4201
8125
3651
9156
124
6644
3025
2386
1965
11164
2960
7257
9401
8839
969
4308
9949
11612
1588
935
9642
6563
523
1353
6393
3138
1188
8021
7712
6745
8706
12724
877
3294
10214
8144
11491
8258
9673
8437
4832
5942
3429
6879
7845
6299
10951
10136
4756
12950
6897
11726
4384
3542
5872
11683
782
2163
5719
8418
760
514
1605
4279
7013
2891
3930
2152
9100
193
742
11270
8804
11068
1870
2211
7807
3638
8593
5038
9041
6196
3200
9920
8566
12030
11127
6019
9199
13314
12119
409
578
692
9803
10926
6274
11399
4927
8847
5925
13528
11872
1157
7481
12474
3133
590
11098
1575
4574
3129
12655
6250
6752
2396
12150
3124
5040
10852
10063
743
1948
182
3547
4338
2716
5490
1053
11332
653
148
708
369
23
1285
1957
8025
2260
5628
1199
4508
8661
2283
1192
8298
9676
12338
8542
7932
5605
9452
8240
7762
4808
9635
2693
4251
11771
2798
12417
2511
11577
1908
7830
8068
1706
1464
3800
3033
2771
6418
13335
9056
13151
10317
30
2306
7302
1226
2329
3413
12357
173
10868
13037
3241
4955
6068
3742
5920
11376
8066
13457
807
1469
3902
12366
11540
7227
493
6747
1001
2317
11860
13007
10549
972
5404
2380
7804
6585
5791
4707
6861
13408
7913
11003
8576
4110
6738
1663
7334
3345
9893
198
1058
640
11202
7309
11005
9538
319
9378
7431
2662
12696
9308
9908
10661
12174
1920
11335
1952
371
585
2830
7729
13210
13387
76
6334
6862
5093
2368
8817
7644
6145
9599
10097
4735
375
80
7650
8031
2170
13406
2786
10985
7389
2898
7574
6786
5480
189
5611
13337
2892
13500
11921
3170
2059
4449
7177
948
10440
9575
5724
13035
8194
13313
6234
12710
8007
3106
5566
7545
2110
8432
1517
7430
8868
3702
12267
5979
12978
873
9574
1205
10646
7015
809
9219
5115
1816
7201
8938
12698
4795
11022
3965
11247
5579
8820
10565
12461
3070
10559
7238
12096
6719
9484
12523
11006
3150
5713
2826
3852
2614
12995
6963
3617
9824
9846
5456
8332
7605
9781
6581
2496
7329
6533
7375
4037
13526
4916
1076
13350
1069
12711
1136
999
2715
11885
11392
7190
6676
13028
8216
10341
261
3910
11232
3297
6649
10614
1695
8200
9258
10094
6507
1713
3061
400
8795
3250
10186
9731
11494
5277
5627
4134
6388
864
1824
6489
11916
5530
2433
8182
12713
4303
3328
11293
3362
10760
5165
11722
890
11009
5750
8890
7558
8485
4055
4990
10916
2297
5079
4041
1112
631
7009
8404
4054
1838
9801
5970
7100
5383
7086
10568
8390
12927
6357
5370
3781
6762
13504
5538
7665
3182
4619
6373
12606
1934
3535
7795
8762
8166
3141
5895
2631
295
13222
11363
2876
11518
12143
11893
4348
6076
11502
7393
9396
12151
8759
2446
11192
7595
2439
7982
7035
11856
656
2085
2509
6403
7924
11969
12442
9837
6199
12793
8942
9353
4001
5983
2074
277
4254
13126
7235
9338
294
6848
9169
6302
9953
12108
11210
6735
9360
3517
10506
6989
3324
3545
10873
6939
1369
9096
4609
4163
10777
12486
12215
1314
4085
1726
2357
3395
11040
7741
7406
5886
9511
6051
12169
12440
6269
12838
11925
1397
1244
7620
833
149
3647
5268
10540
184
9079
920
1487
2926
5610
5968
3634
10676
12621
8864
10100
10300
5742
2035
5777
10423
264
3299
5419
2504
4692
9603
7566
13143
3030
4505
8401
13176
6792
2250
2395
1378
1500
2291
12836
9276
9459
9301
11739
10941
7074
3454
7761
11843
11074
3437
11514
3966
7203
9001
11362
11220
11067
3254
7428
11221
13442
13073
51
6449
7792
13246
7633
7926
12287
6870
11346
1969
2713
7848
5578
9554
1514
10344
7631
12729
8304
3333
168
2322
4671
424
12703
2602
3494
4256
9437
1354
3758
7237
9349
3537
7907
3156
3326
4000
13554
9307
10675
853
8192
12985
7179
2258
53
6923
12891
2177
6290
6642
12931
3995
4715
3700
5091
10744
12392
5697
2841
7798
1212
11337
7764
12095
12784
3848
3994
13242
12240
3591
10998
10957
8049
6924
515
8263
2709
356
6962
12977
8118
10902
5501
8721
3320
59
9140
5439
11962
281
13105
3348
1629
2782
12933
5148
12565
8643
3575
7325
10924
12748
11552
1276
9475
4047
10758
1530
6991
805
13236
1529
10746
6854
12104
8241
5666
2691
5654
3054
8993
10677
1367
5406
8616
2464
0
12734
4568
6044
5072
10226
9461
176
1022
11953
8704
1286
7063
9654
2409
5908
3008
5951
6543
2384
8958
1348
10674
5416
9246
4275
6674
10647
6440
532
12777
12828
12905
380
10058
12925
3346
7133
2681
10195
930
2626
2526
13546
13603
8611
11906
9672
1059
10162
4176
7090
73
5972
3173
2604
7236
11072
1252
4394
11974
10086
10790
1864
9653
4603
9373
8680
9316
9449
9733
8580
12634
11257
12725
10403
1290
10702
2995
4957
13290
6648
455
6427
815
7614
9278
2920
2638
12422
5672
3130
13443
8036
9471
4700
9621
2777
2222
8544
7097
7544
8159
5280
3719
12651
11581
7523
5751
3873
10274
1203
1405
1699
9897
11105
7823
6163
4718
13015
4878
5927
9466
10399
163
2047
9677
6966
6342
11472
3360
11880
12012
5294
8600
4118
5866
3412
5101
641
12086
6750
1343
4480
888
9749
9277
3927
531
11200
6031
8002
7483
7249
7875
10639
1795
6784
12517
6028
10959
9863
2109
9340
5681
3166
266
3763
811
11928
360
1460
11613
952
2160
1799
7468
9766
8124
7000
9759
3337
13147
5427
10034
10400
11171
11628
7711
8932
8946
9570
6564
9172
2100
8478
6724
11725
11280
9346
5175
9703
12582
4231
11453
12170
2191
8403
3164
8466
12446
88
10990
2324
8490
8012
11866
13341
3776
315
12858
10343
7758
11480
3117
4618
2020
2002
2974
1275
7277
10605
528
6188
4404
9697
3598
5230
3681
1318
6743
11572
7085
5778
3034
6383
10572
4811
12674
10808
1166
4725
11663
12490
12871
13269
12686
6236
11063
1222
12563
6604
4943
4255
6883
1982
12681
4020
8563
3482
7066
10323
11610
11616
1538
13392
2744
1553
7341
2817
12501
7960
8810
2381
5186
4526
3524
2629
7447
4123
12873
2766
12087
1656
4818
7896
9161
7743
1843
6842
11216
3151
13281
3386
12849
5046
9403
4025
9620
13071
426
4094
5574
1923
6223
11587
13589
7054
8596
8683
11228
11686
6177
6898
9016
2542
11865
8185
10982
9183
3515
12728
7031
13405
5807
4969
9980
7019
6387
10379
10337
6156
12712
6548
11438
7241
7363
7476
1841
5400
1209
9166
474
3311
8407
8848
4596
3235
7656
10711
9775
12764
9322
11230
7448
10255
5060
4407
131
5410
11758
1341
2184
12607
8786
11807
6728
9002
7946
247
12414
29
1119
11555
5827
7570
7407
7573
4842
10984
6171
5973
12603
10166
13412
4666
633
8238
8152
12879
4745
12622
868
9512
9641
4923
7165
9735
7613
6119
4129
3559
2503
3567
4693
11250
860
7785
4105
10330
7218
10176
4885
2310
2759
10723
6975
848
1243
4713
5325
6502
11237
6179
1180
3460
6493
2371
2
7174
10381
9947
4011
5572
6959
1048
9610
5034
4491
13229
9054
3863
11353
4810
2551
13536
2431
3797
8184
310
1618
1092
1940
6664
3825
5875
1229
6820
4855
1474
1733
2628
11942
11255
2622
9585
7797
6459
4562
4349
12993
2834
10597
3009
12314
762
7444
5110
3890
6810
12758
12811
9158
3314
3441
8874
6832
4959
10738
991
914
12404
12929
8377
9114
3654
12362
11748
13302
6864
9811
10022
7418
2484
3148
740
31
971
5839
10756
3962
5560
1116
5805
156
7607
2467
12052
831
5454
9027
2825
8694
13145
6460
6694
9181
12129
9115
7368
2044
1980
8441
12103
2683
1346
2077
12583
6687
3653
355
744
7193
13556
9036
723
1976
2955
4340
2214
5394
13289
11840
3870
5842
11484
11254
1258
11180
8277
746
5276
1867
9507
6186
12090
9154
265
13283
2428
12308
11278
3139
10261
12394
7698
4533
9992
10427
11735
3062
10404
13424
12458
213
10177
9563
10314
7826
12099
13330
5223
10249
11764
3947
2058
8086
6451
3711
2904
4922
3838
7382
8306
3136
284
95
1880
10856
12147
11634
12545
9259
10841
7027
7850
7859
2280
5536
2521
3613
9476
12214
7333
13059
2003
5346
10345
11956
10431
3932
12591
12343
4578
8235
12148
5917
4416
10994
11281
6353
3217
10494
13008
4333
10001
1003
12051
10585
6853
9268
12718
12047
11604
10714
6601
5295
8492
11090
2507
9134
1184
10562
1259
10247
2522
7199
12656
11348
4559
4101
9033
10060
8518
2436
12704
11400
13098
9656
4988
11323
10253
7297
4790
4483
10763
3103
7194
11525
603
4418
5963
9057
10082
4042
13029
12948
5561
6659
3367
1280
7728
9022
3149
3799
10096
12595
6216
6401
6358
10242
9494
328
1704
2493
13542
12217
7073
8671
3629
9367
13003
11149
4010
13253
8309
6067
11054
9071
9221
8658
6361
2199
8010
6589
3083
6065
5452
1901
10167
8968
4664
1786
12870
12695
13543
5188
5353
6094
84
9857
3487
2789
7355
10335
10391
511
13497
6532
11401
731
10412
4782
4861
10975
10194
10929
11858
13031
4470
9825
12875
2757
2859
9376
13100
3122
3184
2055
6814
4334
12275
127
4450
164
13245
9702
7461
6415
3199
5986
1319
5587
7642
10732
472
1997
18
12144
11148
10234
5158
2137
1025
8289
12884
5935
3114
7744
6110
11027
3161
5940
13206
7888
449
8742
13486
4372
6362
3744
178
4529
11846
1340
13411
3548
11712
1591
13219
9708
7553
8933
1769
3596
483
3967
11002
10213
6994
13539
10102
2485
780
4644
6997
7229
6059
77
6689
7047
10081
13057
7748
8865
2203
8650
11057
6085
6006
752
8313
3637
699
11116
8142
13557
6942
7184
1492
13524
10140
6328
2086
3365
8223
7207
2154
10950
69
1449
3175
11819
3877
3959
13257
3221
11338
1531
4501
10624
12553
11766
11374
7678
10104
7208
504
6953
8531
3580
7089
13161
6329
798
4840
5074
9786
13434
3795
61
1775
5698
11037
13523
2460
5507
13247
12429
6535
1567
12481
4742
4456
2848
9881
12345
2986
10611
4454
7213
12537
1568
12157
12839
6212
7486
10531
10286
5019
10233
4373
10392
10464
381
6288
12056
2412
3912
9582
5120
928
12106
10144
4162
11107
12862
6172
10534
7794
12401
245
1439
9214
7937
11425
7846
8603
10453
9254
4212
8461
5121
4343
3561
8857
13522
8924
12380
13533
114
12181
2302
10669
11442
8310
10173
2180
8354
8455
5409
12534
775
4871
12840
7360
12955
4676
12665
8843
11915
12922
9362
7286
3760
11203
13544
6677
7006
3874
9238
1368
9089
9120
8206
10740
9159
8055
1106
3425
4336
3968
1254
2648
2923
4780
12456
13547
1639
1133
11926
3519
6515
7725
10070
271
9665
5349
1547
4310
1018
4440
9030
5711
10387
10027
4891
7891
8604
9904
4438
10987
10413
8569
1491
8930
11569
3615
13048
52
12306
5405
10461
5094
3094
1389
11380
7884
3478
11625
4191
5595
10501
3222
10782
1632
12467
11366
5694
11168
7731
12472
467
13296
9095
13262
71
11409
13094
10090
5052
12187
1207
10269
1590
11036
5159
5624
10397
11172
658
7901
8255
10030
12192
6538
5172
3036
8646
5479
6478
402
5085
5541
1472
8869
3356
9808
9443
1983
11617
4918
5059
3843
1033
174
9131
3102
12979
10779
7713
8526
9065
2853
1486
6151
4293
8488
7560
13095
10459
13315
5626
3845
5841
12410
11952
8570
3110
10962
3918
4138
10402
2172
2599
10244
8013
9107
5967
13555
13311
12899
5867
10527
3820
9148
1887
8336
3717
12219
1182
13592
5004
4602
12644
9615
13578
10592
11084
11788
1722
9859
2884
2994
4763
9078
4056
5380
11024
8525
8345
5516
6645
5936
7880
721
373
8186
8023
6734
312
10041
8116
9814
42
7033
10885
7045
7196
12810
8609
13050
4753
11404
2791
8896
732
6594
944
5256
11806
9998
9210
8187
5565
9099
1693
10983
12560
519
814
818
11641
4830
9714
9830
13503
11749
13196
7058
9892
11718
5217
3734
6272
6010
11238
6833
10075
7790
2592
379
11967
12195
2251
4439
2148
3726
10336
2566
6038
1803
13399
7145
3621
6108
12159
1594
7061
12520
4890
9898
7610
8907
11982
10012
10754
2559
4208
5095
7528
1582
2547
8511
7078
4321
5138
6884
11556
6541
1763
6684
6472
2843
4944
12909
11428
10333
8405
13058
4433
11689
8995
8121
6356
5278
7280
4132
105
12650
4946
11997
2806
6509
13144
9657
6825
2953
8757
7519
11754
4345
10716
7802
9666
3236
2829
2502
317
1200
7919
2278
7463
8844
8262
7988
2658
1174
1088
8734
8020
8602
4064
13472
7295
10578
2091
4635
601
5428
7753
11205
12984
2219
10657
5858
9029
11517
624
9819
8998
4978
5580
3115
8829
8615
4823
7111
1996
8090
4472
12812
13494
2486
8342
11301
1580
6045
5870
8818
7125
3002
4601
11988
11673
143
4813
10766
6727
12854
12206
10072
5251
3452
3605
7871
11534
4420
2171
4975
5171
10972
4720
2832
1527
7424
10422
8809
9516
6078
690
2288
3302
5785
9542
6602
10921
5782
5788
4561
1187
1191
8337
6350
3572
6976
12612
11934
9954
11992
12994
13002
1834
13474
9303
10319
13189
7399
12975
5726
10469
11987
2499
6035
10016
10980
4196
12578
3827
10684
878
1455
8583
12374
10475
10906
5371
7955
11150
8667
1694
9487
2092
6932
11242
9329
10264
5331
7788
832
7337
591
12850
5716
11784
5731
109
7498
12510
1052
1311
668
8445
7456
5168
5588
10882
12833
13237
843
12351
4509
11566
11586
9076
4547
5354
12188
4752
10071
5677
5582
1485
5423
10609
2737
2267
12365
11560
6165
2808
869
2468
7493
12085
8642
13307
5656
1979
696
1741
3718
9003
7796
11476
2189
5006
5617
5145
8147
505
13441
3303
8597
7897
3640
6461
183
7264
3082
1876
5813
609
10866
2033
3981
6629
6422
1968
6774
20
10410
7183
10416
8519
3270
2518
10066
5984
7862
12554
9948
2178
13153
4979
3410
13476
489
7740
8798
3212
10656
9930
152
889
13540
6423
11274
269
96
7676
12016
6713
13252
3885
9991
13159
9764
7710
12820
1067
7500
5195
2760
6221
6407
715
4059
13560
4565
12852
1798
461
5373
2944
9987
10061
9537
4791
5271
5848
5024
7470
1214
1372
243
4039
7961
7255
10991
1679
12042
7586
9504
648
11430
10835
4409
155
3428
11645
9495
1150
3047
1046
9832
1306
10119
7906
11631
12313
2244
11328
15
11730
13171
2669
9552
1844
3098
1612
8689
11032
7108
12803
1337
11825
1478
9287
542
12921
4074
431
6771
8920
12604
2561
9529
3606
2877
4415
1031
6121
6285
1110
1888
11742
9719
753
3049
8151
10820
562
6542
8093
4764
3562
8444
2516
2962
12645
5374
5396
9394
3462
10989
7751
4225
144
5056
2895
7813
10955
905
5192
12172
235
13349
