1528
12888
8405
489
9471
6904
8221
7996
1841
12199
4975
10488
8552
8811
2702
1630
4980
11055
2626
9742
7360
2569
8589
11629
4344
7578
10853
145
4217
2141
12675
909
9355
8389
4095
9634
6597
5392
7874
8654
2917
6097
10918
6156
5052
5968
3711
10409
10093
8462
10848
3144
10837
12534
10752
1996
9665
5981
13036
3786
213
12594
9961
5613
2525
10158
11846
2532
9930
3904
13361
12864
10486
7302
6021
2095
9538
4886
701
2592
5883
10766
6266
8496
9078
8077
5021
3423
879
12901
4710
13259
12354
8394
2201
357
13366
9890
12083
377
527
10791
736
12248
1906
10468
8061
4941
2909
10624
6083
9036
5609
12259
10180
5300
9641
13243
3188
9957
5743
7242
891
2964
10841
9329
9649
12518
10285
10355
1177
6595
4268
8026
4738
12713
2133
11299
12756
11750
7667
5714
7103
8527
4271
12152
130
10464
457
3807
10243
6148
13387
3749
2313
11319
2493
10625
8060
962
499
12341
7552
12204
12953
12184
3400
368
12498
5944
11754
787
11980
11322
10505
12330
12922
1205
9926
4362
3134
12364
5170
6068
658
12603
12381
2249
4528
6513
7702
11130
6808
5671
2000
5646
6821
3723
4316
6807
8969
3897
6168
9731
9875
8622
2367
418
3194
10231
6635
10816
4924
9991
8942
9699
8054
5030
12355
6040
1873
2491
1542
10404
6593
10380
12145
10696
10617
5605
2766
13074
1011
10466
3491
10891
8325
622
4377
3616
5777
3017
4037
12579
12359
7924
7550
7223
1551
9220
6866
10412
39
4678
7407
3397
1062
11564
4676
13227
11027
754
1887
1152
9091
7045
3455
2259
1558
11312
8571
4177
413
6034
7734
8130
8102
2490
12899
9500
2330
12242
10648
10432
2418
45
1850
4156
11330
11032
10988
3686
4686
6078
11014
4398
6971
9005
4695
9777
10789
7069
3118
3832
6009
12068
1100
10341
10307
7634
9060
8164
11668
9853
167
5679
10306
4062
8993
3960
5235
8088
2215
4030
3047
4699
5274
1763
1300
2929
9017
11050
11010
5266
4835
8084
8260
11502
8832
7660
9320
5860
12993
9640
8577
11819
8254
1901
1202
3741
3572
11964
855
3927
5516
5384
8867
10680
1237
744
4887
8506
689
8147
6804
2192
2741
11469
12862
3760
5876
10794
8029
2989
851
354
4679
5035
4513
1088
2925
6827
5301
10179
3949
6405
2753
86
5667
6408
3424
12574
2125
460
4817
1496
8674
8836
6944
7546
12102
9334
6570
3978
12829
4923
8010
1260
1034
10343
400
1988
13511
7233
12615
2851
2147
8294
51
12980
3479
7054
6470
8991
10288
276
12222
11659
6868
3961
5787
7003
11439
6370
10298
6402
4704
1211
4225
3465
8429
7283
3574
2080
7483
6202
7991
10218
12541
12597
3022
12207
12129
4423
12077
11342
2710
12592
11515
7723
12130
848
23
10016
11067
8168
3584
6166
7892
935
10526
12436
5463
4556
5001
2546
9439
12376
9453
2015
6449
771
2645
6064
7270
3858
9618
12088
5186
9449
6399
5701
4033
1501
3991
8480
8748
7751
2175
945
9748
1910
7997
12084
2959
1866
3578
2376
4125
6779
3165
7411
3777
231
9672
6226
7454
12934
59
4066
683
7537
13215
12304
6704
10147
1629
10689
2602
11810
9232
2943
2834
3986
6702
3937
11974
12273
12741
13229
13267
4760
10850
10987
12881
11288
11197
9249
5715
6235
7770
3252
227
10417
12927
10246
558
5472
12691
10396
6130
5620
10166
7534
1358
13552
1550
12878
7625
10013
6396
7767
2052
5833
81
7132
13323
168
11203
8357
10753
2688
7811
1565
3303
8975
5352
6806
7231
6992
2289
3026
5269
7787
11208
11906
120
3108
7990
7378
3571
7584
9021
7513
11944
2664
13325
4226
4111
2036
1278
13464
12047
102
9345
3791
6308
12416
8018
9281
946
7869
13200
7592
1404
13202
13386
5418
1554
6772
9223
12042
3271
230
10272
8127
4326
5108
6063
6880
3855
8522
9529
12786
828
10128
9807
6524
742
5592
12762
7259
7260
3514
2339
11731
7444
166
3591
12126
5943
10561
6005
10914
6505
4623
8146
4761
9118
5889
7972
1657
8978
4405
72
9861
4213
8779
233
13593
12236
8786
8536
2166
6665
2065
11200
2513
6267
6644
9952
5149
1154
10814
11499
10377
7102
1898
328
13107
1552
12765
5702
8488
13047
7503
7405
2651
12187
7376
6651
11196
13328
7062
1737
3971
3456
9150
8222
2436
775
10407
1493
5013
10961
3294
8533
1638
2477
8767
9467
7006
11089
9055
7076
12442
4634
4713
9462
3914
12601
9472
2786
982
12310
4445
8716
7782
5868
13191
12755
4771
5523
224
12537
4413
3408
3770
10366
11507
7638
2277
9066
4897
1033
10730
6065
3938
9490
5019
1919
5852
1962
7408
281
8927
13194
363
9747
4546
5784
8112
3084
12654
3025
2373
9594
11193
4006
1783
13071
2757
1406
6895
7264
6074
8287
8363
12164
282
11860
9828
12516
5775
9081
8938
6303
10927
8064
12146
2476
79
10667
2003
12329
3240
11532
3804
42
6476
753
3449
7613
8660
9799
7797
5811
9124
12895
12522
9095
12343
7025
799
4948
8787
12335
10935
5842
6397
801
8591
5804
9205
480
2878
4204
11366
2176
7886
3820
852
2987
9240
2838
8687
2591
7418
8583
3728
11355
3976
9470
2483
10879
8930
6223
5637
10757
4512
782
13461
3560
4767
12996
7476
8138
1752
5448
2162
10202
1411
7082
1864
13573
7831
5461
12039
13289
12308
12385
13601
4998
13058
1117
2063
2321
9970
8513
1181
7429
7207
7274
1702
12868
12006
10919
5036
198
2108
7558
13475
3378
6383
6830
1987
12223
7700
8954
8364
5042
5238
5045
10026
2447
4096
1309
10342
2512
48
2152
2304
6605
4564
3298
2343
6434
7341
3179
4575
6529
12073
9645
6379
2270
238
3577
6813
2538
4507
11472
11535
12775
13420
5460
1471
5947
5150
8765
8833
5672
5090
1792
10194
8918
13089
5026
6721
2072
11730
1570
4854
743
4136
12703
5359
2112
12846
11877
12816
5077
10365
11950
8011
1545
3445
13490
2262
11267
2206
369
3678
9326
7666
10197
10800
9048
4228
2927
6126
10836
3244
7188
10677
9843
9963
11072
4257
7269
6252
7999
5294
10883
10420
8784
11774
1381
1345
12581
1778
4920
13180
7528
7665
937
2195
6261
2496
4321
13526
8110
7948
8532
8587
1255
3646
11034
1999
191
3821
13127
2383
7465
7427
3718
4510
6530
13354
11790
2832
312
13238
2229
4329
12113
7284
764
4064
626
9615
8735
5687
11266
10118
12823
10669
4652
11016
546
7114
11029
12571
1085
3506
518
6380
1455
423
13060
10238
9631
7654
8755
827
8252
11872
1052
9174
6237
1071
11468
6879
5966
11149
9923
4468
3701
3363
785
2039
10964
4877
10382
11583
5841
10880
3260
3126
8850
6666
8413
6444
11782
1215
10192
12593
708
1666
4152
4972
1196
6298
12326
10
2995
6876
11753
9852
9016
4866
2715
11156
11087
9299
10747
7545
1461
8017
11309
12067
3714
5824
4384
13486
8621
4241
2296
10529
9955
8742
6302
2896
6551
11758
21
6025
2618
6464
1812
12064
5753
2611
5992
4720
1813
525
861
1244
6073
3838
9148
8469
9162
10903
4966
5099
3692
4181
7502
8830
11356
1495
3583
7862
709
663
4982
6897
7350
3039
11727
7670
1123
9990
7839
7866
1336
8280
6056
7145
11531
4540
9408
1736
4755
9076
3676
2132
9313
13253
2928
6940
8104
10963
7967
9636
6158
464
4784
7832
6742
7522
10266
7974
8913
991
2641
1849
9407
4552
9537
12318
6568
88
7196
8079
686
8081
11620
9482
13109
10261
11479
10897
5945
7039
2217
8521
9528
1525
3575
13153
1457
5765
6373
6810
2254
12147
9107
7956
7944
10525
9741
13482
3973
3504
8285
6640
9378
7311
9262
10497
3236
10176
9583
8217
4360
3953
4288
12337
3198
3249
2218
5719
359
9964
6759
13037
6239
1448
7574
5571
11626
8529
8349
3099
8269
1065
8015
10865
12950
2416
1135
12833
2726
11637
6024
1103
4757
5362
10994
11785
2589
7718
188
4013
5159
4351
8630
6701
5377
10347
8246
13133
3098
3335
3521
5331
2960
10944
11463
6286
11511
1242
866
3890
772
12884
12789
1324
3852
6507
1707
8465
8518
7936
6700
466
2295
2200
3392
4466
11562
2238
11005
11688
7352
3372
12916
5037
11829
7986
10838
8449
6983
6956
5941
8655
7677
1080
13177
2751
13011
12456
5791
3131
10937
2463
13471
5834
5278
10510
8493
4673
12200
318
12697
12250
10973
10108
1383
5736
7371
5686
3909
3707
9817
5770
2139
11915
6950
11946
2683
4158
12824
529
2047
7213
5584
11936
10777
9592
6900
1583
2712
8562
617
109
1815
11302
899
11828
5684
7646
6274
7229
10630
12693
1504
5229
3154
1395
8227
9775
2361
6036
862
1016
9486
3229
9586
9976
7261
6461
12227
7185
6327
2069
6592
11870
1460
4511
6699
5304
4071
11457
7379
2531
13416
9403
9446
12657
646
9695
7609
5361
152
6394
8317
1563
5990
8322
3325
4547
12346
5002
4730
2610
5623
13204
10379
11732
2448
11578
9304
11174
1837
8295
8201
12588
7822
7335
6901
8284
1331
2604
8548
5481
11560
12788
727
11184
4020
10286
13048
10317
180
2071
3253
1282
2299
2191
7248
1069
12503
5388
12314
1526
9188
13429
10768
5243
3782
8137
5422
8814
1807
4708
13265
12014
9410
8962
631
791
972
12480
4374
4736
5565
9247
8300
12684
12836
1956
4145
5606
1628
214
1374
1298
4680
4086
9385
3948
7180
1182
7518
13172
6787
822
12613
2912
9667
1128
1325
11836
13150
3190
12106
4955
8
3090
8611
1672
8741
12986
11679
8725
2951
12907
6404
13247
10290
10984
8638
781
3414
8926
4
7998
5242
11813
11760
6294
10711
6729
1479
6723
5560
1816
13339
13073
3053
391
11364
13561
10704
6052
6652
640
2590
9570
5217
13079
2323
427
8502
8526
5214
10708
2397
13031
2499
11008
6863
6977
12497
3759
9380
6486
6431
9120
13101
1484
383
5897
6193
5689
13269
10849
3258
6842
650
10885
2435
11956
3187
802
4055
2264
7351
9981
5651
8167
5628
7496
4983
11118
10244
6256
2916
7593
9165
3842
10631
11673
5179
13503
9780
11698
5015
10607
7576
7949
4289
2913
205
5591
6871
13290
6757
2220
7011
9947
11662
1948
4668
10716
12841
6931
1718
4291
1911
9496
6288
1171
4715
12423
1678
6633
13260
11222
1912
12792
5476
502
7256
4610
6811
981
577
6098
1064
239
7316
8169
259
7724
1818
9673
5118
6280
10253
333
7653
10962
2942
1252
2755
7032
11737
5493
7860
10981
10135
10902
4407
4781
16
2005
1346
9155
659
1185
1276
11742
8370
8216
8964
740
12426
3371
3199
98
13603
9962
13463
6870
7563
10240
4918
895
10545
13148
1669
7382
4648
11484
10241
7043
5405
5728
584
5402
11218
8665
2547
2693
7878
6867
12455
4693
11140
424
2484
12772
5979
11060
3875
3088
13498
2877
5081
6839
5946
8774
2848
559
1339
9310
2150
11181
8155
11693
10701
8646
976
11777
12213
8808
2349
8338
6206
11787
4395
9755
7979
10733
10742
3079
2776
8195
12514
11377
13481
3522
90
12468
5965
3313
10236
10111
8523
9928
6012
7289
13590
472
9571
951
13375
3385
12928
2037
5307
8852
11968
6756
10330
5400
5527
3566
8143
4242
12631
6820
3951
2607
7225
7577
5783
11517
12528
2859
2570
3638
1037
7433
1608
2303
5859
4494
7896
6433
9282
3685
7691
13055
7060
12573
3640
12781
9226
101
2890
6688
2843
1344
9600
11416
13425
11747
959
8301
7951
4275
7499
6029
7255
11752
1805
8368
11924
6254
4962
10292
7086
2869
3246
3292
6416
5559
9113
11847
12747
7212
11470
6560
10921
12015
12080
5078
4148
6683
1734
4230
641
1040
12464
1764
4057
9061
3248
10027
12247
11818
8144
4628
246
723
1297
7747
10645
5581
1382
7741
11791
2163
2517
12543
10141
9147
5193
9397
11282
13496
506
11864
2944
7764
7056
5239
3333
7305
2404
5027
1201
6978
9020
7508
8505
13070
11746
10622
12808
6076
9049
7290
10097
2130
5612
11329
3672
280
11045
8163
1881
11260
11567
9024
11569
4845
6972
11360
7891
394
5547
6246
7111
1599
4727
6676
11001
7980
1226
6120
700
6788
54
11069
2389
2074
6883
6437
2861
5892
4986
6291
110
1469
12669
9988
7217
11650
1879
10859
3850
11997
8623
11353
9317
12976
12001
6508
10476
1578
8321
8534
9643
12686
10234
9145
9266
9789
13112
6626
12689
4706
3498
3636
6440
12022
9652
12149
12051
12489
6436
5832
7115
3628
10434
2319
10201
7051
5248
5748
6713
11561
4663
594
7926
11241
761
10895
7425
10229
6236
8855
5813
7837
3181
3276
5191
11040
4622
12096
9365
3733
8297
1189
10731
8793
6581
7300
2689
1354
13116
3813
8568
4604
7208
9494
1915
12255
1604
10326
7773
6019
2273
7104
6708
2177
610
9974
9062
7889
8647
13304
13566
6173
5861
2623
4894
8490
712
12175
9087
8790
8984
2846
8847
11368
1422
8888
307
7401
7312
8917
11627
10138
7898
1451
3600
13455
13588
2329
3516
6395
13224
3843
5625
12074
2375
7309
13146
9833
6629
9301
6062
642
10183
4106
4522
12490
3754
13012
11669
10173
13121
8378
933
6374
5263
1231
8004
1606
10946
3201
11447
7083
586
10549
11269
1508
9270
4826
2066
5733
10892
11839
11146
6511
1890
9117
12600
3399
5537
2822
8166
4142
12676
810
5482
7695
7194
9567
2750
7236
8045
12161
8214
7450
1855
5185
8691
10929
7529
11438
360
2265
422
6562
11370
12305
9331
3812
9436
10623
5567
7706
13275
11398
2024
10801
790
11683
5931
1023
2915
9520
4937
4786
8608
310
3694
6814
278
2988
10559
9898
12572
7490
12852
5087
12508
11983
5922
6424
6696
1008
1562
12470
4426
12967
6614
13311
9440
3436
873
221
13333
4190
11141
11358
3375
4458
8680
12567
6698
8083
8801
2997
10635
2969
10439
4838
305
5277
12972
4220
904
3069
12943
1462
13134
7459
5932
3146
9596
2553
10267
7629
2672
1882
5583
1711
13550
1668
12832
9573
13357
7572
9811
9007
7663
8715
290
7768
1007
5564
2597
1840
9195
6835
6789
3570
11494
3036
11220
1830
6483
13537
513
6377
8839
9535
12388
2572
3695
11574
4454
3300
159
10018
12286
12539
1616
12920
3351
3103
9708
1407
10990
3500
10227
5
9989
11070
12368
7200
8210
12935
9001
254
12058
10705
9315
3481
573
2552
12317
6077
7803
11783
6653
690
2411
10190
9922
5554
1990
2348
13230
3513
9545
7169
13096
2958
3267
12488
1817
12360
5654
6711
6324
11258
7748
3604
10556
12637
6783
7292
4340
7911
3509
4514
10220
3454
4368
11728
2521
12465
1104
5426
821
7714
4545
4672
1884
1195
1438
9815
11667
6391
4871
2055
4335
2
7628
8271
7391
7125
304
348
9178
4646
5023
11748
6368
12651
2091
7029
1810
6137
8509
13283
3095
2117
6423
2504
1594
9587
623
144
2014
11291
10692
7299
12937
5615
5127
5843
6630
2992
3944
8879
10655
7744
8601
11982
13022
13076
12575
7369
13205
5541
7318
10686
172
3625
10846
7334
7697
2887
12013
12769
6100
8681
1380
10381
11617
5698
34
7719
9591
5404
6668
7267
10294
10199
1068
13285
5080
12504
11940
11213
4802
10251
3950
2193
6988
5907
11065
7390
7070
3531
6489
4952
4409
3217
11797
6514
13090
7325
3981
3107
3124
6160
5198
8744
8396
7845
57
275
6600
4728
11199
5408
7852
8856
2787
2395
11645
13399
13468
2025
10552
2131
1142
8115
2998
4930
11400
6443
1275
12994
12835
5731
6323
10587
11524
12773
6834
8789
1322
20
9603
7927
10621
919
11954
4601
12873
11558
11466
1038
10955
4281
10258
8876
5381
8783
12409
8731
12530
4814
3011
5710
9784
12495
2427
3125
9400
11
5253
9929
6403
849
6343
5887
10819
11292
10162
2167
1082
9032
2006
3175
10691
114
12971
6558
2961
10735
4008
10112
5840
7798
8862
6632
11686
10811
9224
11073
441
7061
6459
3735
3002
9704
13167
2280
9907
6621
5329
8992
2431
12095
1246
7220
7868
7218
11778
6642
6364
4129
9263
6732
1801
6207
5477
5622
12925
2725
13161
9166
2085
3205
4981
2138
1546
5064
8204
4650
3892
3792
5062
13548
3492
12711
13067
5311
2797
7579
13583
958
8656
3905
2400
1591
13123
5555
10771
9995
5314
1109
6864
6498
6401
11191
13240
12512
5499
3091
3327
11352
6022
4579
6982
10044
4690
2824
6163
10469
3601
9105
3844
5580
875
1379
6092
3823
6139
8276
8606
1712
13212
9632
4565
1497
1396
8125
6745
5189
5440
13345
9876
7624
9452
4667
12699
279
2452
2647
4323
5865
261
12649
4741
3344
9079
5031
6248
12244
3546
10055
8012
668
143
1042
4138
8121
11062
11704
5980
6981
11661
7606
8308
158
8751
1511
9787
8759
2481
3659
2654
4380
6802
678
1266
5641
11476
1333
6224
2417
10941
9763
5600
1145
12137
9140
11811
7603
10127
13594
1568
2952
10854
11433
10124
5447
4465
12418
1432
826
183
3704
2860
10842
11154
3930
961
4751
6153
13009
4996
6354
13364
2279
4551
5969
11168
9422
11026
11235
12391
482
10337
3550
1695
3952
3537
4265
10425
1935
10513
570
1058
4280
8408
13493
1304
10391
554
6976
2922
4419
8442
4662
10775
3902
10834
9191
12284
7923
13306
12194
9585
8835
1688
405
8433
4437
476
12321
3185
9561
7128
67
13025
6620
10555
5312
11599
3675
3114
4915
6685
13050
8555
2391
6268
8625
9865
10744
840
13186
10942
7016
3721
10153
9856
1002
1799
6768
2450
11437
8854
339
1036
2342
1667
7127
8318
373
6724
10614
11988
793
2975
3304
786
5121
8643
1683
11387
9473
1888
4185
8145
10456
11105
5881
271
12582
5656
2573
13398
8021
2630
7447
62
8754
148
6628
8319
3487
3899
8023
13254
13488
9850
5192
6316
7969
9978
2503
9420
763
3421
10087
590
8645
8971
545
12643
9556
10799
367
9536
2083
9721
207
5683
5258
2854
5749
8762
10571
838
6777
100
8519
4016
3251
4885
10743
2801
7235
9290
3352
13193
9637
1980
6344
7038
13581
1351
9601
10642
10446
515
3339
8136
13405
13473
9027
12450
8661
4490
9525
6634
7821
1843
1512
1536
980
8813
1412
5474
9285
10807
13103
5134
3989
9246
11602
7693
5518
5927
6784
13219
684
5252
4747
4369
1314
585
3862
30
13292
11240
10531
4104
9846
11473
22
1927
2535
12043
8972
140
4336
4531
13300
10572
501
3272
9114
6259
8063
6888
3323
11690
681
8979
9337
5323
2018
4716
8768
11717
3594
2356
3795
5061
11942
3150
7088
1140
1540
6720
13284
9498
10188
7153
10338
11582
3279
12257
12954
5129
5224
1700
11402
5412
11552
877
1160
4764
13435
5617
4653
7487
13599
12061
10989
9260
3286
10142
10098
4133
2377
1221
5372
4599
12509
7455
4593
5789
7796
8706
5378
2114
9198
11703
1371
8895
10784
4633
1368
900
4334
3113
3
9774
2687
745
6755
9713
12361
11047
9303
12018
10821
9809
1602
3094
13371
5280
76
6942
8385
5293
6856
6257
3778
13197
4691
13467
9863
7941
1846
4903
10830
3440
13527
9348
4279
9464
8881
5726
273
894
13218
12893
7810
13396
4615
7789
6747
7672
10350
8515
9648
11109
4614
6420
12810
10595
11518
9058
7643
2187
11585
2690
911
12667
12099
3602
12119
12311
6011
3690
8380
10548
2713
12279
12618
9130
12109
13129
6924
3542
7917
13030
10608
8499
12367
13536
7021
11013
9152
592
7492
9101
4811
9388
9509
12803
12874
10844
10369
3349
7688
1296
1648
4745
4459
1776
12738
7055
11165
12665
2719
3475
9883
9698
2380
7523
2073
4567
6116
12535
9289
4116
6625
7621
2972
8099
9176
2184
7281
5640
12985
889
6812
12619
12872
8684
11841
13438
831
1072
1613
3374
2089
10070
7098
11500
6877
4638
9951
656
1944
2655
1619
1560
1399
3667
613
8575
11363
8985
6564
10604
11735
5420
3245
6145
3224
4151
10405
6526
5896
11422
4582
2791
11925
9233
8805
8073
4215
8551
4530
3772
6488
665
1006
9414
8455
4641
7327
4518
9134
4278
12544
2076
8036
5863
774
1655
10511
3794
987
9766
2874
1727
2663
7226
11351
8615
10237
8738
7286
3924
5508
11229
4032
5442
9255
8069
7725
1920
7694
13084
5399
9881
1715
2830
3193
8607
4607
12911
2674
11874
4681
8048
1787
3067
955
8044
10441
11920
6918
12668
11720
11362
9626
375
12777
9456
7322
13474
7512
9517
12660
9887
8732
6329
11606
7049
9522
12892
6115
11134
3656
8043
3370
4643
7320
10145
3343
7073
13225
11318
6542
2358
11110
5204
7504
5152
11708
11528
12492
3681
5575
4906
13571
3773
294
12365
7580
10406
12969
4266
2643
8305
3379
3191
7669
3215
7106
12734
9274
11987
12520
10047
10346
9857
798
11279
6048
10709
563
9085
2293
6687
8776
10975
3367
5773
1857
2298
11985
5685
1682
1410
3133
10767
3954
9478
8537
123
1281
8585
10090
9800
1789
9812
5273
10755
8809
2051
12266
2914
2250
2963
4233
13181
11493
2729
4503
2510
181
9216
11804
6362
13185
4153
4721
12871
1494
924
9351
8299
6797
5582
8865
12059
13341
8194
204
8842
202
11088
3880
1209
2346
9352
9709
713
885
1129
7239
10748
680
6591
3614
7594
2453
8642
9106
7166
3523
5160
7618
6973
2541
10352
8695
1347
10312
13207
5720
5655
2136
9041
11504
5756
6438
7947
13408
6392
8612
1170
10938
6588
11913
10007
210
6509
9374
6925
5157
3872
3540
2560
993
10877
3767
8050
392
1834
6300
11929
2171
1896
87
3831
3318
9006
606
11613
2980
9938
12428
7604
3907
12041
11621
11899
8283
12154
13415
2244
696
5017
8889
4870
10528
11529
8806
9431
12752
8734
8579
1993
6991
4306
12585
7913
4498
256
11371
13592
7540
9552
2899
9054
1319
11522
857
8667
6165
12955
5890
10203
6450
1402
11508
182
7077
1950
7148
1253
4302
12507
5746
13113
7072
5199
10437
461
10079
8273
10039
8614
5356
7834
12320
2105
13270
6020
10996
9153
11336
7916
12180
5141
12028
3394
9170
7339
5158
4999
864
12333
6238
4900
7620
6146
1218
2728
10164
7945
521
1957
8511
4942
10650
10484
6014
12306
11144
3919
3857
12563
6575
6903
2129
1575
5005
8554
6125
3789
11286
8256
1797
4620
8207
4657
9613
12374
5700
11434
2327
10694
4971
12238
6617
6141
8267
7397
5805
9918
7899
68
4568
9584
3764
8871
9151
5368
1306
3040
6655
435
2382
9606
2258
10314
11835
13411
4379
567
4077
1130
7817
7906
3061
361
2948
5845
7314
5048
1133
13136
12327
2709
676
11038
6227
10703
3476
728
287
3072
5986
1958
2120
1806
9793
3747
2127
7158
6822
13004
396
11412
10675
1685
12400
7992
3357
4587
762
12347
11454
6469
4731
8225
4068
5376
11927
3223
4444
4481
8476
5918
8240
7192
6654
9773
1748
5374
5281
4677
2919
11878
7392
13428
9194
6133
7527
5706
9638
7535
1272
12372
10868
8893
3442
5200
11597
571
9149
6041
682
9398
11395
8566
1704
12475
8916
7623
5324
6583
12062
5647
1930
7739
11657
3709
1022
2333
13128
8604
2399
10215
1419
5155
6448
7215
7847
9740
503
7400
3650
837
8165
1475
2559
4239
10400
5693
11294
6031
1020
3621
3141
5691
13356
2847
13585
12814
2434
9411
11989
10712
6613
1144
3555
9503
8618
5797
842
7201
2614
4036
6285
13322
7586
12768
4132
2311
129
3588
13567
11768
8944
374
6230
3042
12784
1107
7777
13431
4588
1521
5333
4539
10997
12736
7374
9428
9949
9350
5988
3966
8229
5967
13179
11536
2562
7939
11289
5165
4619
6855
10781
1760
2408
13020
11725
11361
1566
661
12150
6282
3845
4723
11409
823
6604
10363
3005
4519
13495
8904
8025
12392
11037
5660
12202
12915
13098
285
1348
4297
12008
4048
8220
11905
4748
12431
4121
10763
8825
13111
12799
4029
4079
7509
5952
10264
897
9946
10523
7909
6763
1365
1684
1758
4382
6869
9830
8932
5681
530
4072
4617
13532
124
12298
5938
2027
7294
6695
4353
117
12190
5124
1804
5251
2312
10328
10230
7205
1193
1741
11179
11894
7460
9127
3720
2649
175
3470
340
6941
5902
1485
6793
5246
2245
10210
10662
2460
4311
7519
4739
13327
5745
13241
4100
2113
11428
295
6407
12578
8270
13137
7615
3533
3427
13568
11700
12188
9074
8022
1942
2058
6761
8013
2101
10798
8652
8804
13250
3593
12448
524
9622
1705
5244
7241
12923
537
4837
13056
169
3663
6412
8277
1445
6290
8570
12024
12757
844
9002
8062
4480
322
7458
10909
2904
10693
12921
2393
9030
677
8549
7805
10634
10550
5763
9094
11625
5270
7968
3527
19
4555
10372
6171
7010
7707
8189
7851
6142
13294
4759
11865
8410
13131
9394
288
4236
3536
4418
5998
11519
4484
694
12000
13039
7089
10912
13570
4432
7359
7973
3946
3515
4868
8439
4169
12664
698
615
12887
11840
5729
977
13476
8190
3462
6222
8501
10886
5548
10010
3376
846
4749
4392
3796
7970
6576
12780
13517
2432
3311
8255
6400
12606
1214
1556
9167
7985
12336
13152
3180
8103
13582
6054
10518
2921
4929
7463
2661
4904
8639
3935
7555
1507
784
916
6908
4957
9917
8334
9349
5313
1845
12621
10329
1691
10040
12844
1969
11432
4080
5915
5132
3817
8997
12880
7449
7794
7825
10749
13297
7786
12710
8116
8729
893
10296
8120
1698
12536
9983
5211
5815
6067
7722
265
3416
13519
3925
10605
8973
9764
4743
10387
8377
1929
10953
185
500
3592
12724
11028
6735
8339
3153
1832
1116
11881
9135
11612
8766
3988
11701
179
10028
5913
18
9236
3705
7265
4675
4430
2967
7873
7027
12763
8780
2739
9514
2568
8613
4714
11119
12462
12830
10041
4402
6823
4600
5601
4611
5065
6338
1019
2068
6953
12032
5227
621
2440
12117
5130
13497
6233
1693
12192
9786
5014
1650
6445
9264
7556
1814
4198
4180
2555
8733
562
384
12394
11392
425
5386
3878
10279
2763
10626
1709
2428
519
7333
1674
10792
8313
1997
5322
3336
12389
5451
6817
3755
5722
7809
2596
8372
2945
12220
9254
9375
12628
8859
3746
12414
10471
12107
733
13242
7807
5914
2444
4987
7461
9070
4143
8775
8093
4939
4172
9034
8090
2730
5358
6930
9798
12913
12979
5146
7955
12479
12282
12157
258
1155
9971
9662
6512
10578
2318
11652
10045
7282
2767
9837
4934
5844
6764
4892
1610
6693
995
2805
4993
1394
8650
10109
10943
6801
7712
12243
11304
2090
10300
11391
2274
1041
2940
12678
3387
4453
3140
473
2529
587
4973
9442
4173
1959
8459
9761
8440
186
4859
13156
4165
6717
9694
13499
907
9211
10534
5778
12172
2077
11178
5205
297
4502
2920
8957
8203
1482
9842
11776
6590
8514
12546
6426
11458
2962
13466
4170
13518
5901
4910
12876
5335
8244
436
814
10951
4305
3097
5110
2971
11540
1867
8086
11429
948
8936
6418
12290
6948
8664
6691
2537
125
11821
1577
4538
12842
1153
7183
4373
3407
13217
5634
819
6884
2902
1767
12110
10384
807
874
3926
1125
8057
12550
4229
8595
4798
1836
2809
4112
11935
11897
5750
5552
2425
1831
4500
2628
11023
8312
5086
13016
10888
11893
11498
4473
171
13019
776
11061
4621
4196
13374
6798
6232
3200
1519
11825
9099
7410
10647
829
7865
6220
6858
942
10736
4005
13149
3443
9316
9495
7168
1794
11868
6682
8988
7402
13369
7849
11792
3595
4596
6672
3689
3750
13533
13403
1066
12169
1420
7765
2004
3196
4595
9986
8818
12251
13174
8324
892
1001
8567
7517
7442
2507
95
9386
3883
9905
3738
5151
8986
11215
12610
5169
7232
7240
11907
11618
5286
4431
3157
1623
4618
10376
2020
6909
5695
364
5930
6996
8007
13010
11903
1586
1146
5850
13015
4403
908
4001
1976
2941
11933
7363
13222
6270
6348
3655
679
13049
11481
8671
10590
40
1710
12166
5196
13235
10950
6716
7315
8315
3992
7167
824
2813
957
9013
12990
10948
9729
7888
7079
15
2935
1328
3547
12607
9915
9391
2703
6059
1192
5083
12930
5271
10915
6457
6727
199
7321
8504
13214
5512
4023
5839
10302
220
3798
13426
2748
11420
12038
12254
4012
10275
6485
3082
4000
4509
380
10313
3227
3409
10228
3929
9644
4201
9069
141
10826
1788
3784
3148
1762
13168
9097
13365
11369
2070
12363
13355
336
5213
1190
2012
6213
2056
13201
9627
6515
1670
4047
3347
9305
2769
10078
11334
10697
12995
2966
8414
2764
10077
4262
3234
4664
11194
7750
10818
10392
11999
4574
430
4627
1963
1287
12155
3212
3783
6624
12569
6183
3001
1561
705
9181
12973
9871
5653
10717
10674
2495
4298
10867
12272
10103
12774
11691
12406
12004
6848
9218
5154
13309
7952
10976
1671
2209
3330
7177
839
1600
7037
7313
10178
10163
3748
2638
8817
1091
8935
9834
1137
3019
12869
3613
6026
157
11607
6923
2213
3649
4433
4795
497
4527
1010
3564
5494
11382
2780
7097
4916
1284
8384
1061
6
12350
5138
12646
5318
9108
3836
8685
13231
11711
1636
10822
913
10460
5857
5522
4414
12115
12089
10119
6778
3388
11301
13075
1340
6795
10310
3268
13220
33
6495
11101
2247
4159
11190
7297
12524
7600
8199
11009
161
2855
7412
5298
5521
9083
8773
8265
7329
10928
5596
569
11692
1659
6546
1723
731
5479
10410
8933
9077
10516
11697
2613
7013
1571
1972
6648
9860
3046
3729
6369
11259
5711
9321
5665
11595
6618
8445
4572
13108
13226
7820
1101
11271
12201
4722
10260
9010
4197
4367
2266
6273
11064
9718
2350
12960
13330
12425
10069
7135
3697
4744
6278
4990
4464
3045
10563
12316
8824
5053
4961
2652
8507
10829
8475
1277
5732
3887
11751
11068
6090
10177
8640
6234
5491
10591
13034
719
6990
1964
3687
11100
11440
968
10856
3338
2782
11716
11113
3441
13540
10706
494
1312
4848
2261
4141
437
8597
5047
7484
6462
11496
12635
6378
6664
229
12357
8858
12793
3366
5933
10835
2577
4742
1982
1894
327
6112
153
315
385
8545
2549
940
7875
3319
11885
5589
4471
11809
1294
1267
4028
4853
8432
8391
12239
7521
13315
8350
8588
3149
347
12399
5604
1236
6004
3070
13061
7337
7092
7162
3751
13321
12587
11984
3373
6174
8388
10046
5153
1921
1416
9356
777
13154
3192
8358
13046
654
3607
3015
8371
2137
8423
6689
5195
5049
8869
7058
71
4548
688
4949
8275
3639
9037
13095
11031
1183
2362
3724
9829
9284
9485
4661
13564
6152
8840
3626
10894
9075
5814
2203
7975
11280
3734
4376
3007
10530
5054
12176
10193
10787
2576
7474
2449
10519
6269
2210
564
12826
5723
6598
317
6932
10388
13013
9914
12608
5953
10383
1338
4640
6351
2898
9123
9335
7130
12818
8598
1998
9931
1149
9751
765
6281
1838
9142
8407
2520
11993
2100
2124
11653
1450
8899
7883
2287
7681
9450
9419
6674
4140
1640
883
517
2924
9994
9646
7668
8739
149
5163
6646
1292
13199
2144
5465
4045
11896
2211
2309
3380
5975
83
4232
7619
28
6805
8921
269
10957
8183
8070
3132
2558
4559
9505
10268
7116
7921
10971
5741
11889
9678
4364
8911
6109
9797
3003
10543
4117
6673
10335
13159
4247
3281
7469
1059
2046
5148
8467
11209
3486
9771
10021
1772
954
6414
4195
11736
5768
3623
4462
9512
2283
1527
44
13401
13316
6003
3917
10855
1663
5864
4719
7151
8796
6748
8794
9772
3016
12791
13086
4895
3964
5812
9939
9413
6427
788
8355
4424
8489
11958
8075
11074
7191
10795
6491
11020
9620
12379
10000
3230
1232
6694
4487
3284
6390
4590
13523
12040
7964
1781
10602
7813
151
2639
5985
7919
11136
10443
9595
9744
11970
9018
10866
9728
7413
4209
2857
12577
8940
6376
156
4428
444
12299
12828
3576
1853
6872
2042
10022
9288
2937
7441
9102
3183
9682
3524
212
1607
7137
10445
12819
11236
8113
10817
7278
41
6086
11234
4791
311
6937
13069
9451
9323
8572
5256
13077
13301
998
4943
8560
964
3290
1465
8444
3494
8390
3186
8329
7234
4182
12998
2756
12690
1847
8538
3980
1017
1875
9214
2923
8066
11198
4776
5878
593
12078
5657
922
2372
1947
12942
8232
60
10554
11335
820
4250
4777
4825
3860
7981
1467
8418
5050
7754
6001
2563
11981
12168
8690
10861
1056
2387
8853
6184
10820
8431
5871
12527
219
10151
1543
8288
1089
1756
531
12526
13082
13535
10778
5041
6933
872
201
12246
8563
4750
8482
12798
2429
12804
5439
10053
5236
4660
13246
3955
4366
8528
7819
9217
5543
4154
1229
10710
8335
12160
12583
6645
446
335
1880
5856
12274
9460
13510
11077
2320
10068
5347
10063
3921
5051
11861
2359
8547
2026
2430
2324
13124
4022
12721
6520
7605
4443
8816
2235
11712
8828
1532
10325
12438
58
5100
3490
2666
4639
555
11076
10011
5755
7763
6367
5721
13122
5210
8875
11707
11622
1903
11547
12173
12065
9944
11102
118
11904
112
12114
5113
3299
9901
9752
9381
3610
10444
8945
10255
3104
944
458
4612
5043
241
9457
711
9653
3173
7202
9664
12771
12673
4449
4027
7801
8337
1646
9312
2064
2151
5958
346
1833
7870
9651
9782
10126
1766
4352
8637
9363
10985
10029
4287
9445
12195
5268
9686
747
8672
9940
5437
5626
1735
1968
7000
11226
13208
803
12949
10577
11333
7675
3101
3677
8677
3342
6170
3222
12370
2106
11248
13211
11063
6939
2646
7173
6042
12634
3308
920
2467
12924
6128
10698
12093
8003
9238
7377
6577
13373
8076
11664
2635
11407
468
13189
6574
7338
887
1547
10884
9767
6198
5022
3000
4654
8131
4251
538
11675
1167
10333
10906
13406
12262
12407
6008
2360
5387
8157
6907
13512
3972
8464
6585
2478
11415
3896
3159
12139
13342
12970
248
4888
4295
2509
6943
1499
6623
11124
4358
10806
4363
8892
6875
10544
3314
244
10171
13350
8609
13072
4304
1539
2045
203
4286
1803
3884
1263
4110
10242
3029
7903
2976
6176
7067
10276
4495
12302
6087
11265
6986
10579
1970
5226
13390
994
6061
7477
10479
2310
12141
2365
6360
4685
7366
11853
4493
11444
7480
1250
6671
13358
2839
9158
9242
5717
365
13597
7709
1852
2933
6319
1649
5456
9888
2907
10687
10889
8880
13494
11276
11372
4577
11848
2473
13434
2401
1908
5290
9906
1151
2433
10273
1580
4632
9848
5336
13014
5475
11283
5880
5588
8886
8998
6478
7783
1728
9209
9619
2455
645
2060
9862
4964
11116
7781
6277
599
8616
7150
3665
5413
2947
6454
1261
9894
1224
738
1775
8272
3112
7704
12642
13340
12334
11057
6994
12837
6421
13359
8247
7680
13576
137
9726
5373
3395
66
12435
9992
12445
691
9510
4562
759
3830
6082
1730
11012
3044
1139
1839
13332
1249
5485
2799
11465
1442
720
12066
9712
1744
8769
6796
3220
9371
4534
12821
8934
11557
2675
8956
13489
11726
11523
1208
9893
1120
5786
3241
997
10207
9877
2116
1632
11186
9679
1421
2031
11866
5529
1247
2601
8686
989
7769
11450
11957
2800
8478
9527
9072
11965
2475
1334
5221
11763
11922
10440
10750
8559
669
12988
4009
3321
2412
3901
9479
10570
12351
12858
10707
5029
7365
5415
5464
11548
9429
4131
4754
4773
12855
13439
6044
13541
10847
3710
1361
3635
5737
4219
5486
9669
7133
5799
11490
3071
2536
4350
758
1067
12158
5610
4031
2199
4349
6283
2240
9639
13610
2082
8708
988
4725
237
6725
6275
5977
1605
2889
12731
8628
4571
5370
12309
12395
716
809
6510
6878
3448
8558
602
13609
1401
115
9598
13452
9415
6815
8960
11588
12729
3171
3362
2827
353
1754
6926
830
11394
11918
5175
1387
7023
7123
929
9121
7053
2154
462
7423
2098
8486
779
8471
11381
7538
2658
11869
6313
576
7160
5296
2793
1928
10143
6467
9750
5483
12313
3204
710
3615
7673
7610
4123
12483
11845
953
9765
10939
7224
1992
5209
11857
6556
6938
12639
4089
9360
619
12098
10353
4300
10603
4202
3912
5203
5380
5576
8481
11816
4417
5040
6643
3551
8042
5514
1466
9884
7591
10419
10574
6770
4025
2621
9256
7323
6537
13524
4907
10064
12983
1299
10628
3105
6563
535
2182
8304
11740
13472
4625
5302
9925
5636
12300
7147
10430
4864
9790
7219
4813
11755
11505
13413
6499
11541
13410
2704
9941
6108
12863
9768
4191
4211
9739
13529
9319
13418
2011
12049
12291
11436
12045
1854
10438
12444
11843
9869
7263
6754
4834
3030
12557
3906
8714
3285
2864
4905
10485
2388
2278
7756
2034
7884
7364
456
12959
6217
11411
10282
4401
9133
10959
13251
6477
9156
11873
10597
8108
8453
1087
9934
5867
5572
7110
12070
7424
386
3083
12228
9823
10088
89
1452
6769
13372
3713
1620
4320
4168
13522
1203
10481
2931
6819
8376
7093
10643
1966
10584
13258
6279
2161
963
6320
2419
11126
8897
12932
2186
2392
1176
13337
1537
11305
769
12487
9722
10933
8713
9222
10025
3691
3058
5888
11090
10463
8580
10925
6260
1913
7446
3482
5417
5846
1447
5727
2328
6928
7566
10651
4863
6475
7138
9271
11513
7108
3085
6603
12599
7790
2231
10869
5663
11610
12295
9935
13353
1350
4004
2168
4313
3478
7222
9754
13162
7002
11410
5423
1664
3997
5649
10508
12288
11566
834
11188
3480
11098
4166
6547
2894
6660
12054
4609
1740
13120
12003
10351
1603
10148
341
11593
2619
9370
7210
3503
7005
6094
2758
11035
952
10076
131
6828
13209
12622
5111
5394
8412
9965
11171
7141
12737
1844
11185
7445
8530
12796
4372
7655
3793
5705
12725
5854
4015
5364
11189
7044
4491
8683
508
11375
1330
1274
9824
6968
880
11059
4963
9671
10320
6844
6175
9395
5338
1021
5950
8919
9956
11338
10782
12167
4200
5137
12191
1257
6121
8610
11128
13347
11127
5872
12554
3833
192
12989
1053
6211
7755
2040
12886
8126
10318
2530
936
4338
11430
514
12225
11274
3213
6150
11867
12410
6540
4779
11579
10475
12926
11892
10954
10023
12267
411
4237
10872
8438
9427
142
432
4063
13598
119
7568
11715
6372
337
9999
7279
2740
9911
84
4537
8027
7573
1675
7713
9769
7387
4958
4041
6675
9341
9597
10361
491
371
2777
11807
9973
9943
9858
4935
3865
3977
2226
3761
934
778
6534
7272
7900
3472
9444
4922
7549
7569
7639
6314
5018
8302
8498
13545
344
1637
2246
12348
12812
9826
10374
10035
257
5452
9476
12144
4354
11677
1557
5161
12189
10532
9390
5218
9376
5639
5532
1439
7557
4308
448
10071
1436
11079
2284
3548
12633
7489
12121
9657
6874
3488
5371
2670
236
8520
1627
12264
10773
3757
8987
13607
12653
12012
1829
1515
2297
12617
4194
4208
9185
121
8219
6731
6649
1892
1187
10049
8441
902
12856
1317
5025
11995
9822
13584
13543
8968
6809
2842
12952
2743
3753
10759
10793
10998
6245
10638
8089
3214
1437
8347
1933
12285
12548
2867
6365
4035
8424
12648
10278
2179
6409
12540
9379
598
5919
5882
12706
13097
6212
853
6422
7251
13595
6350
13427
11831
3519
11615
6271
7954
5097
10221
4164
107
12849
6151
1689
9330
13378
4820
9903
12215
8720
4801
12124
13245
9026
541
1048
4828
10344
11803
12702
5207
7648
10448
7965
12981
3023
4517
6214
451
7293
64
12463
10636
3210
5873
9336
7268
12229
6179
1842
6785
11559
389
13216
6251
9927
8692
11672
12086
1015
6681
5449
1706
6221
9215
4456
13078
4296
1241
2845
9697
928
2041
5445
9896
11202
2314
4105
11480
8948
7631
13
3775
1043
2698
540
6578
2223
5984
1835
4018
6726
133
8704
1722
7107
3337
11696
8340
5515
1352
5056
11764
11789
11206
8320
9681
2879
10073
8309
4560
4448
9891
6584
10092
334
10863
9455
5178
2699
9128
12174
7815
5550
399
12551
5098
4843
1302
7599
292
7510
11842
3882
4878
2081
4252
10132
2627
11025
10606
9346
3908
6049
3410
888
5510
10004
3805
8753
10373
3346
5230
4139
5232
1593
6567
7287
10958
4991
7249
10308
9702
9441
10224
376
10323
670
8279
8541
8409
4059
7361
12142
5742
11882
647
5283
11379
8314
5020
11442
7250
3365
13470
12496
13457
2300
5674
8399
4046
9841
11221
6516
9039
12682
10664
1343
11252
10751
11914
9287
9234
3717
9972
12542
9364
3859
10968
5970
8995
9483
13000
4244
7799
2471
53
11205
8873
7698
5619
2143
7075
11414
4557
5962
6106
3262
1489
12779
10718
5556
9314
11939
12726
4529
4753
4038
12945
6719
8434
9832
3629
5712
10301
12885
13313
9038
11960
470
8188
11376
13329
10737
11082
1498
10385
8866
3716
8224
3885
5084
2406
1590
2341
1326
3315
2692
4908
7795
5972
9670
8841
289
2219
3888
11390
1535
13008
6690
4803
1470
1111
2946
13287
9544
6733
9372
750
1681
1544
4598
9827
165
3998
12611
11966
7850
2457
596
5344
12761
3530
9469
4331
11030
7204
8599
5546
1694
8150
7612
4061
2871
10580
9003
10839
12948
12929
13539
7164
13261
6970
4787
12007
5503
11530
113
7041
1757
1931
7642
9308
9933
1468
12977
11592
768
10086
6818
12390
10857
11718
3012
4674
397
11808
1392
2957
8263
9493
12094
7726
8941
10277
4830
11024
9250
7959
13370
12962
11054
4516
11648
2497
13244
3189
10056
6838
3382
12753
13379
11327
10564
12103
9033
11131
6619
9513
12558
11616
8891
6752
10810
3544
1398
8386
11863
4970
12208
7731
35
4175
13538
4852
8778
9084
6538
3364
2146
3993
10983
12939
8702
13436
2335
160
3814
9936
921
938
3766
13169
9791
3974
2153
9342
9359
498
10873
352
6089
10658
6382
4833
268
12687
9409
4314
2002
9082
2742
3725
10714
5677
3603
4470
8483
4584
12440
9103
12402
7170
6532
10761
4792
2784
12764
5734
2866
12212
250
2097
886
960
11601
12627
9759
2696
12481
620
6997
4649
12659
9065
10060
2926
3092
13432
1614
1393
1572
10017
7347
11039
9423
11162
2667
1900
2285
2986
12827
4312
2599
6934
10681
2811
4899
3100
12696
7864
3679
9658
13080
8726
9661
1615
3451
10131
12917
4893
10455
10702
1653
2783
6228
1811
11850
12100
4058
11533
11544
1795
8097
5538
132
13228
12171
421
215
1746
4768
2759
2355
6987
1110
9659
5067
4844
1732
3864
8184
10582
7743
11705
815
549
1426
13314
7124
9889
6028
2707
8072
11310
12417
523
9588
12373
11243
13003
2188
3473
12848
8822
5819
8943
12111
3846
10065
12632
3235
5091
1303
12767
12650
6589
4081
5489
5999
11326
6149
4478
11641
3209
2451
11086
9996
11658
1009
881
8689
5504
6321
11367
13281
8697
467
12430
7019
4274
1063
4134
122
3979
11427
5425
8915
4450
10012
7929
4337
11623
8795
13465
11233
4174
1308
8634
11224
12556
9506
931
459
5801
4789
3081
12082
2718
3580
3412
4011
3596
3826
1622
1150
6093
5188
6263
7228
4319
6292
8114
4258
1162
3620
11155
6425
11722
11357
11180
13608
10972
4375
12766
8452
8970
1777
2183
8218
11250
6606
6985
8401
2396
12857
218
12787
11788
5101
1427
7776
4386
6384
4162
12596
3688
99
10870
9283
7514
8909
1677
10402
10910
4187
2637
1378
13233
6636
5790
13001
7071
8740
3485
4762
13349
5072
8516
9328
7308
11979
2593
4410
9461
3309
7488
11614
4293
3239
1643
11538
8382
4017
3453
6528
5459
627
11278
6079
1073
557
2724
7096
2714
11497
10324
8561
6255
12936
10454
2470
7636
1533
12586
3726
11254
896
5869
9433
4926
8757
9732
6455
13249
6832
7617
11898
13187
1377
714
13479
12143
12843
10732
4069
6775
10612
2771
1918
12352
5920
9430
4014
12692
7462
1364
5976
1092
4435
3737
597
6058
9353
7994
10537
12170
8341
8261
11723
560
7761
6631
1658
8053
7464
11201
3477
5939
11384
4039
4446
1165
978
7414
9581
7091
1974
10540
5363
7415
8912
13409
3261
2194
9607
11287
5156
11537
4002
5379
6463
8392
12036
10316
8699
4524
8542
3877
434
1731
10169
11349
7252
445
10772
4436
2528
4997
5802
10249
9783
12328
10154
13125
1332
1592
10491
9557
12358
6196
7626
6922
3383
3428
11104
2486
2524
12931
6113
8068
2711
10917
10223
38
4294
9366
13115
270
11000
8712
5310
5391
10263
8925
11880
4024
1676
13155
11745
4074
12210
5057
5455
917
2378
7616
13142
1665
8241
4322
11406
5658
1251
12974
8226
10247
6565
1430
6118
9434
808
4839
6180
5495
3197
303
313
5094
8436
8535
4884
7720
3528
11249
8109
2269
8470
13102
5752
4051
12258
8311
1268
10175
13336
11019
11451
7156
7963
13038
3765
10327
5085
7456
1119
9804
1369
4042
4726
3931
11192
8323
8019
1859
4339
1541
8206
1634
3611
11761
6215
2225
3381
4666
5535
8626
1902
10676
5284
2779
3708
4794
12017
7895
7035
4911
11456
8472
1977
13553
2983
1828
5855
8437
5830
9497
8728
11598
4550
11011
11417
4914
7983
3055
4114
12604
195
2007
1524
2584
10293
2734
3049
5265
6780
3730
6569
8458
11862
8293
13035
8332
3031
2212
3771
10553
10149
9813
5240
8743
10911
5603
10080
11741
13176
4390
11006
11488
2216
9404
6066
9280
5793
8649
10364
13400
1885
8658
4021
10195
7564
10146
3762
12211
6873
7485
4415
8531
6209
12951
1878
10184
7717
8268
5112
1916
12271
8694
12501
10947
12296
6961
2178
4397
7439
13266
12377
9757
2347
13554
9459
12529
9008
3612
575
12353
6678
1680
3348
4043
12815
1269
5678
10416
7632
6387
3163
6185
804
6127
2548
1459
10214
7922
10191
6471
603
2804
10009
1954
4780
12076
9688
12072
11565
1597
1026
10362
2421
2316
6659
8031
770
11649
13141
6686
1004
914
11253
9417
6332
10005
13504
634
3151
2821
7887
4659
3851
2657
12303
11231
1025
6979
4299
11482
12457
11779
2990
10295
7977
4010
7310
1320
6487
13480
2326
7142
13368
10020
1413
7581
5222
9689
13462
697
3120
13586
2500
11230
9696
9953
10502
4412
7635
3437
10367
2381
10547
6886
5183
11771
9993
13232
789
11216
11919
7932
9052
3870
12203
6743
974
1626
3460
3975
2107
7692
7026
5401
9796
4189
5911
11844
4218
10520
5632
9635
8182
5961
10401
10601
13274
7940
13052
2009
3219
13053
11354
452
8633
6975
614
13192
12709
9210
10270
2733
8620
4647
7001
2173
4474
12940
10978
6967
1179
8831
1949
1127
10222
7871
5982
12275
9816
3317
362
8447
206
10375
343
7647
7468
1077
9112
12085
9736
9572
326
12020
6352
1376
5346
2236
11756
11955
13520
12629
13437
2774
332
11264
370
6385
6096
1491
2883
6927
8508
1235
2001
3873
10786
5016
7937
7367
2650
4533
1868
12183
6816
674
7993
8937
11051
2415
2439
9835
8868
882
12984
7355
3136
13558
5285
10181
9870
5107
12193
3987
11516
11495
2263
417
7844
2977
8659
11643
4898
5332
10899
1661
3893
12834
7422
5140
10922
475
6322
10008
11246
1595
939
1952
12491
3994
4865
11570
8213
9144
12356
1310
11550
13447
7416
8582
2978
11389
12140
11448
1158
7214
5114
11822
4967
13182
1720
3911
6250
8052
1423
10081
11638
2953
11489
12845
8594
11631
6494
11341
12778
6037
11806
11876
12382
3143
12241
2644
3597
4602
5403
9116
6504
3874
4073
11033
6539
2414
5676
4921
5957
4796
4327
2482
2021
7
6441
9126
9719
11666
4508
1826
12782
3122
5792
10232
13381
3984
9703
3355
805
4317
12707
746
8080
9805
9196
522
2221
7348
12060
3075
8679
9717
8149
9298
5545
4267
197
3799
9306
9399
7244
556
7495
8369
12740
11487
6047
7356
7007
732
4120
11075
1611
1564
4841
2480
7085
10299
1134
111
3879
2023
528
9044
836
9292
3403
10813
1609
9975
263
8717
10283
13196
5735
8974
12292
12614
7345
4806
13362
1708
4566
5810
3963
13188
11655
12182
3195
10100
13312
755
12580
5024
5471
8730
5519
3077
8134
7590
393
4098
13286
4912
2629
11611
10802
12505
1200
3839
8668
8791
3275
4947
9418
2180
9760
12553
10167
8387
3051
12851
3525
8500
8543
1581
12805
6974
4192
6846
11996
10900
5870
7134
12947
7897
4880
1386
9184
9387
6301
12342
4388
3167
12466
8923
6523
13002
11207
12987
3769
4670
8624
2700
11734
4746
6951
6650
9276
8810
9059
12035
1264
11161
5936
605
9912
12533
6325
11332
3507
8172
3358
11129
2049
9730
660
5145
10256
7856
644
2315
5668
10182
10311
11359
8197
2165
9998
1510
13317
1079
3435
382
7494
4144
1454
6131
93
2288
12237
1098
2761
1893
4408
13282
9693
5174
7830
4831
12531
12688
3080
11573
481
10196
1355
9650
12698
1601
4400
12838
4586
4460
3696
2508
10398
9228
2905
4709
7136
9864
12196
1502
8117
7064
8707
6954
8922
949
4325
286
10125
63
2550
5353
7524
12433
11512
5670
3433
8999
5119
1478
11934
2252
4573
956
9531
2043
8963
13391
11739
12609
12057
8736
10875
8823
11724
2253
8884
11682
13394
4735
264
9566
7018
4261
13171
12419
8722
13160
8223
9040
7930
1424
2668
7853
8848
11571
5066
11285
5566
11909
1534
13454
3331
13443
7910
9269
13346
2816
9984
1914
8100
7525
1821
10205
8193
2202
9294
4451
4669
4356
1248
12620
12513
11694
6963
3573
12120
1305
832
12727
11324
12547
8947
7420
11142
4488
75
9248
6057
5340
10165
9137
5909
8331
7206
4223
4393
2331
11401
7915
1747
10104
11426
2164
11769
1809
11022
13028
3004
6767
3703
9958
5089
4065
10809
7548
7275
6010
13268
1262
4576
9122
13234
12549
12087
10356
6898
9895
4569
4461
1951
8344
1417
9579
1327
5713
6435
724
350
4861
4729
10862
6750
12163
9575
12658
4756
10504
3474
12429
6561
3446
9612
4829
9090
11145
7172
11331
1851
1995
984
6388
8676
2636
449
8426
4515
7841
4520
2498
10032
11849
13083
8663
2565
12312
11021
2653
85
11056
1790
2825
8885
2374
10250
2084
1102
2835
3282
11459
5923
9357
1965
5008
9560
13385
10395
12677
3841
10969
5960
8281
82
4810
4497
3425
1084
4157
5003
6601
11941
1518
10670
12545
10745
9093
9539
11462
9753
10211
3467
108
9551
3918
12630
12865
10668
6554
9554
12813
6826
8719
11963
3109
6289
9384
10470
2789
13485
7506
581
4954
13175
4102
13135
655
12770
9190
11969
4523
5478
11879
5808
9859
5912
5602
11663
13024
12185
6670
6453
2410
12561
10462
6684
3182
10908
10139
8153
1925
2096
5007
43
6091
1094
11506
10411
5500
2544
8662
1548
9589
4396
4107
3682
11237
173
3605
6123
9045
10956
12131
11772
10536
2110
3763
9056
2897
12458
12235
8342
692
11781
13280
13334
12339
4003
3501
8669
46
138
6287
1612
11586
13006
643
2248
9291
9714
611
8351
926
3824
10878
9745
6851
8106
7925
13255
5351
1745
985
10001
11678
52
4283
3673
4851
8151
6762
1477
4616
6969
12097
2190
155
7430
488
8375
13600
8951
9788
10629
2441
7800
3166
7742
6136
4365
7958
9000
8576
10527
8721
4176
493
1725
10851
12883
6428
5895
5039
2053
4243
1370
11153
3916
5303
1955
11150
5201
8466
11534
5389
6144
3969
9187
13450
8908
835
5220
3499
13393
7880
5228
9488
2533
13456
3898
13319
8024
8474
11424
7730
3489
2540
9854
1635
6749
9868
6346
1028
12461
9325
12153
4118
2479
4207
455
8352
1733
36
4332
1701
12825
10695
10815
5697
7421
7211
9655
9204
11114
9711
3027
293
272
3779
7298
9347
4504
4167
6525
4245
2981
13515
8236
2149
1342
8282
11891
5393
3712
4113
443
13164
4689
2160
11890
13449
3815
6728
10541
8590
7175
2749
2290
4269
6456
8051
10723
4701
8929
2282
7024
8894
9516
1206
1739
10931
2010
8924
7877
12081
13560
11460
4862
10390
7689
7409
323
8539
429
11143
1891
2823
11007
9043
1726
3208
6114
10095
11386
2121
2332
8696
2257
13441
3510
4809
4597
11812
12641
7197
12218
969
9878
5450
7823
10797
4457
9132
13389
11767
8078
6794
7848
8688
1136
1039
9206
12179
8593
5926
7266
2551
9063
12446
13491
6447
10671
5257
9019
578
12589
6055
1642
5345
6366
12661
226
5166
5959
6885
6705
4108
7105
8724
4171
12034
6555
3739
401
7541
11223
5292
9300
471
12875
2511
2616
9684
8900
4869
6340
2615
11296
7157
7068
5267
9820
6468
11902
13376
6135
3356
1166
2384
4636
3312
7193
4210
3032
7152
2458
5182
4946
2516
10452
5255
2522
5928
9447
8510
8544
6452
3059
5795
12386
1505
26
9089
7894
6242
10110
9997
10542
9687
11388
12046
13151
11092
1773
10094
9969
6015
10600
12817
11170
12338
12898
5139
7084
8359
3552
3434
7237
12820
5197
10038
7658
11580
4254
9111
4276
8657
8404
3288
9677
9275
9838
8710
8278
6824
5279
1848
3063
2810
9968
8564
1081
3561
7928
7735
10881
7818
11446
1798
7893
4563
1335
5406
8819
7381
12108
1143
8763
11959
12052
6497
3074
164
7291
607
6559
3138
8152
6736
260
13130
13563
2527
930
10461
635
7121
2676
9980
10386
12133
1313
13263
5974
7384
10062
3768
12482
13293
4763
11706
9937
4832
3306
783
8627
1923
4785
1078
2489
8727
1397
6503
580
5327
547
3377
3706
6331
664
12905
7015
2157
2205
1118
550
3257
2364
12128
10688
6984
12538
6341
2228
7389
12624
13509
13514
7380
9251
8678
10586
10569
1869
5458
11295
1194
12982
2099
2873
3559
12393
5109
4608
536
9182
1820
11461
4019
10640
12240
7705
1362
9480
9979
12743
12655
13203
3008
5779
3228
2403
12439
5558
1506
1487
5466
431
2900
12371
6609
5905
11510
5319
10715
6582
13138
8460
4253
11212
11851
11167
4976
11721
717
12127
2949
2336
5664
8290
5633
1157
2807
1431
11823
2155
2732
5135
12383
5858
2817
8782
3115
10812
6965
11738
11347
9465
11004
2267
9633
3283
533
3715
8159
8142
5261
8709
6415
5692
10728
11972
11464
4285
12181
12914
2581
845
11121
11555
8596
854
3270
3853
6071
2103
8230
7190
3940
11689
5929
11306
1530
6662
13295
3496
4857
734
5991
7542
9189
9920
5730
7699
4416
12293
150
11097
13099
9100
12301
11337
10157
4193
2111
10729
12894
6703
12626
1207
5659
4411
8215
5971
10067
1647
9867
7840
11385
1641
7030
11455
8161
2438
9814
871
511
4542
4858
321
7701
1771
624
11975
11421
12404
9487
3647
1960
10627
1060
8406
2308
996
5862
6161
474
10114
12758
8065
5010
8479
8760
7087
5325
3632
3811
10592
5432
3900
4758
5337
12287
1991
4890
3736
6072
267
8745
2446
12159
1076
2363
11685
1938
3218
10808
10309
5531
10426
5409
12730
5906
13278
2982
11568
9463
3178
10257
10966
3033
5299
9501
10833
13158
7262
8976
6442
6847
7633
11926
10936
2706
12733
2307
8982
8821
4541
5142
5349
7181
4644
4264
2487
10172
2424
10722
9608
2752
7020
5181
7017
5365
2954
12598
9201
3242
10287
12831
5168
9199
4808
7065
4438
7752
10770
11647
2208
12294
6140
12623
4472
8055
7189
7022
3958
13363
7342
5757
2232
9458
10122
1791
2901
13081
7570
6027
5068
1184
7179
11827
8353
10319
9491
9230
11418
11887
13530
2849
13433
3250
8525
2094
10336
516
5608
2609
13500
12679
6178
4882
4052
2605
11795
5410
13140
910
1124
10168
9213
3932
2781
7640
139
1904
12750
3062
532
10043
11177
11604
3693
11273
9
6138
10140
2785
2723
7863
8524
10673
6490
9412
3170
8463
2291
12625
7601
2680
3867
6929
7435
3386
11962
11928
10558
4651
12742
8035
4501
10890
2863
2087
1464
2717
8718
3891
6612
12331
5433
65
1288
1825
4876
4816
856
8749
1405
6200
5937
8058
1005
12434
8186
8427
13459
4630
5780
12656
9212
8703
5785
1721
1886
12197
11046
5894
3856
9340
3790
2515
11228
8040
1743
12021
496
637
9523
3581
9840
9373
3129
10015
13422
1769
5851
10066
12591
510
12991
2061
7319
5328
8648
1808
7678
1388
756
9257
11380
1265
12521
1819
8883
12037
12454
3633
8693
6264
6980
11619
7987
7539
12748
5117
13377
12840
13145
9700
8402
12499
6177
6479
8928
7466
1994
3393
8574
12605
2841
10724
4812
4163
10788
3622
8129
903
7661
2974
9526
5438
572
3532
2691
5126
3156
11945
10225
8411
13165
5764
10860
12453
2659
1106
11015
10074
1624
13248
6099
13195
7081
9136
10560
3511
507
7498
5725
13546
2697
11147
7938
10538
5457
3534
6317
3910
1114
7775
8800
4505
1862
5652
12276
8420
11365
13299
2035
6572
12050
2632
8419
2271
4909
1584
12704
5006
7307
4979
9192
5761
1093
4656
4959
2088
2426
12681
5853
12735
9910
13383
10738
8770
1687
1633
12944
9602
1083
6204
12424
8959
302
13252
69
10117
9221
923
12801
2745
329
5540
8178
1922
7349
5507
13139
8348
1323
2608
12671
6045
12754
5585
3429
3666
7357
7753
3644
406
7324
3808
3405
1782
10006
6890
12997
629
349
3484
6253
6328
243
4328
9448
7012
6639
12165
6912
4797
9839
13262
7828
10573
3169
1639
7585
3162
5071
1780
2939
8553
8020
6496
5997
13256
10639
5254
7571
9604
5816
12162
12870
12138
3009
2227
8306
4836
8902
3038
6859
2934
3970
1307
11553
1768
5568
7122
7745
8132
6611
5908
5645
6545
10492
4429
5383
225
13324
5260
6782
1651
898
8550
6417
9616
9057
5562
6186
10657
11632
8156
12910
4076
1174
12745
1435
5551
8119
6622
8546
915
4807
13026
5367
11796
12746
12026
699
10489
10235
3422
12005
5123
4919
9203
5511
5682
5396
7507
13501
2721
3565
12079
12701
6472
12071
2656
2159
5102
8454
6519
13093
4626
5082
12443
189
12525
11483
8955
766
1822
1941
11413
10085
1729
7493
9484
3172
358
4087
3641
7531
2340
4425
12063
12253
5624
12136
2230
9578
13094
13448
2156
10490
4782
5357
12523
2884
11148
5501
4788
2795
726
13305
11991
5549
4146
6337
11225
12802
673
12890
752
3137
1027
8133
12728
3018
8994
387
5369
3598
12705
7962
8844
5989
566
9344
601
9208
2334
11542
10507
13064
9143
6345
13166
126
12459
9159
320
6154
6013
9795
8857
2856
3933
5453
9630
9524
6353
10762
11514
7331
12559
2829
2048
10930
6707
10058
8950
14
3280
8415
813
796
6033
2242
3645
4040
13392
6790
6740
6945
7902
6218
2237
12421
12877
5955
5978
5414
9916
11824
13528
11609
9836
13551
8200
11303
4406
1883
5133
3549
2357
11383
10924
12387
7607
3426
10977
990
6188
11374
13308
12056
7544
8198
11211
104
3295
3274
4307
176
2044
5916
5434
12485
10482
8296
13404
13170
11261
2543
2792
404
2770
4684
2625
8094
6358
6172
1488
10965
7370
9611
3102
12206
2368
2029
2695
4290
11992
10741
9227
3116
9945
13556
10042
12484
9880
2911
12476
8257
7727
8491
3368
7774
11344
232
1095
4383
8233
2198
13505
4932
6243
2474
9707
4734
9924
2833
6102
5762
4333
10566
9778
9629
10435
5847
3529
6432
3464
3745
11699
1384
7497
8251
7984
11594
9959
3669
1403
12807
3660
7885
13572
13367
1132
8573
833
751
1329
13157
13444
3142
12252
7470
8807
12882
3835
9580
5820
9104
8289
5964
4696
8258
12933
6647
11343
2875
11066
9919
5276
4452
9675
11994
12151
5563
12992
11449
4697
7452
10233
7501
4951
4440
9656
3139
6882
12714
3508
11159
308
6030
5825
7144
730
11551
10719
7559
8961
6359
4989
5073
4913
2022
7520
5355
4387
12277
3013
9921
11163
7802
4637
5342
12398
7905
216
6493
4482
2738
633
8365
3396
4950
8581
7657
7100
12217
2134
6465
8592
4301
4849
5038
10666
9219
3471
11187
1697
7989
2892
356
5520
11951
9504
11137
3493
1050
3096
2788
11624
3545
2294
200
1204
1486
10589
11232
8028
7598
7608
13575
6311
9623
10394
6557
1865
7317
10970
2251
9803
10840
2502
372
806
12718
4318
10920
5754
13407
600
6460
9866
3854
12902
6894
3439
9808
11636
12112
4581
5004
12850
3354
1003
6596
12261
11766
13272
8180
12502
8586
695
11408
1872
12956
11210
3361
7057
7715
9599
7258
4212
3995
11251
11053
13516
13338
4891
13087
8910
3661
3582
3152
5942
3359
1973
1984
11572
9904
6258
1692
5428
3028
11219
9383
11348
7143
8228
7737
7140
7833
12375
5798
10952
8557
284
4583
13388
7095
13221
1981
12555
10495
568
345
12002
12403
10357
9614
6663
6085
2016
6758
5184
9109
7486
13507
3618
12340
3568
2260
11651
4936
10512
3643
2469
12965
7257
2506
5579
3797
4635
4790
1514
7063
12515
6205
1823
4875
9377
2736
12744
2222
2468
1567
8366
5949
12322
7383
10660
7630
10187
9724
10679
8059
408
9831
12909
4873
10699
4130
542
9756
5093
7437
10496
8128
10610
80
1909
410
5690
4592
7784
4824
5747
13419
7165
5259
10685
6936
8002
12025
10212
11173
9873
9454
7472
12517
3698
3543
5104
13521
10152
6419
1046
12806
2594
7551
3683
3962
8473
8262
1359
1654
3389
10949
9154
7330
6182
10575
8092
1517
9847
12749
10780
3353
7780
10129
2932
7453
9197
11671
3939
4881
11399
6347
7174
6862
3732
843
8047
1786
12452
6194
6386
10649
6712
9902
217
1555
12023
6006
47
13606
12472
6737
11297
1366
7933
9540
4655
3816
11938
8250
10130
4463
5326
6375
3556
7957
7595
7008
146
7526
4543
4179
3731
8435
12031
10483
6914
9268
9157
8517
8373
794
10823
4671
2938
3968
1131
8711
12946
3526
11695
4399
9297
11634
8177
8977
2135
211
4137
1356
666
12889
7567
12961
6831
3263
1481
10245
10665
2067
6714
6608
10551
10002
7428
7995
11744
2701
8328
116
10059
10700
12219
8812
13118
9183
10048
6492
6947
11217
13236
10726
9715
8903
12325
10644
4525
1476
378
8914
4613
11112
6189
419
3756
10217
6610
583
7946
7757
10684
12847
7457
10136
11049
2737
4479
8949
9177
4984
10992
6117
9743
9845
306
8673
6305
2837
3468
8101
11315
5586
7788
11091
4544
9235
651
11425
9004
12289
10156
1529
3868
1074
3147
3801
12897
608
5421
11151
10280
6095
4249
8231
2798
1779
1943
12449
4827
12344
9818
8185
11830
3983
1770
2865
6531
5162
8701
3418
10616
2462
13424
10414
11503
10565
13502
3802
12055
6599
8354
9762
5573
715
3211
414
9628
6935
2993
7976
10354
7982
3127
1827
4589
9333
8981
9568
12092
7109
6946
13045
12460
11545
890
8361
6892
7785
2545
12809
9508
3934
11762
9548
8041
5316
11043
11307
10764
7826
8124
3087
6865
3827
10765
2518
9624
2385
8758
12105
11443
3221
11263
8896
2673
12451
2302
7471
10305
8140
4933
12226
12867
10216
4879
10874
283
591
5348
7611
4561
1273
3861
3110
5295
3402
12853
12283
1474
12090
7602
7112
12616
7047
5136
1141
3840
4521
3483
1714
632
10082
13360
9426
11759
13017
552
13298
3727
13296
4083
7641
12751
12214
1876
11854
3653
9810
6998
11405
5122
11539
13351
4698
9821
2620
6000
3093
10226
5431
3064
492
9609
2744
11175
5587
6579
2050
9402
4580
5334
5366
11642
154
7203
4687
2390
7482
7171
300
2172
9243
13119
10790
12904
13380
2459
1573
1596
7036
5954
7685
12645
2885
13525
4733
2580
3562
4439
465
8039
7473
5599
4855
8243
4931
6229
11084
11083
9175
1186
11238
7159
2557
9332
2617
12811
163
5738
3752
4103
3965
7942
483
7652
8705
5544
7679
247
2678
235
7288
653
9141
5956
2586
1870
5570
5164
12978
3266
7385
12278
4804
6549
8362
5354
11003
7861
1108
9438
11111
3458
2582
9734
3269
7119
1784
9080
685
7296
2454
9324
7760
11125
5194
2189
9948
1090
13288
6299
12760
7184
2720
6962
12011
2979
12230
10423
8802
5994
11120
3161
7372
2092
2366
6307
6304
9406
2409
1075
13442
8286
8989
4705
5375
9241
6602
4965
2716
5416
8700
331
447
13544
5070
4874
1044
3922
6060
2292
7772
8845
4442
4222
2895
3512
1018
5821
5069
7182
9435
9550
1520
2598
6518
6244
8675
7031
6544
3788
3671
262
6458
8122
2868
2519
7388
943
450
5630
9547
10116
1311
11770
7582
1858
4489
3554
850
12186
675
9015
7846
11115
7656
1443
134
11646
9362
440
7710
479
12695
8752
11103
7186
6718
2820
6119
1212
11345
10422
841
1569
2671
5826
7440
6132
7353
12672
245
7467
10535
6155
662
7728
1014
3702
7676
8477
3264
10598
1989
4330
10934
10433
11800
4712
5144
1055
453
11396
6657
12900
8181
1940
2681
7686
1213
6993
8781
6857
9733
950
7554
1582
11884
3915
6451
9502
5467
11042
2790
3637
8014
8882
6852
10052
6122
1717
7914
1899
12477
11041
5831
543
11943
3255
3787
4499
10436
3130
5631
12256
10121
1523
11805
10907
1390
7273
2606
4956
11373
5597
1895
11138
1753
8259
11990
7046
4558
3563
11093
5341
7149
8425
7746
10428
12378
4532
4259
5190
7362
5903
3247
9738
10754
8967
9660
252
2534
2379
792
5009
3459
8939
8870
12125
6709
4070
859
4535
8771
4766
7736
2850
2306
2505
2772
8307
11242
9295
10033
74
9489
5462
10091
4642
12101
12612
2465
8238
309
9474
9716
7139
11967
11590
10340
11452
407
3810
5435
6051
5480
4901
12941
2893
4270
12473
6336
330
2169
1967
1429
8503
11321
6032
9954
8105
7547
6915
13549
17
7406
12205
9720
4155
5707
4486
5287
9286
2566
10661
3617
9051
12
2445
12216
10611
388
6295
11733
7855
5033
5662
1372
5827
9129
6105
1240
10259
13066
8619
13307
9499
9565
9569
8600
9172
1441
11546
4183
5744
512
10349
4775
5696
1724
3648
11277
6101
10637
4127
10083
2148
932
3232
2844
439
1774
3742
6881
2122
7478
7596
965
177
1856
4774
7882
4917
4088
6356
10281
6104
11520
2819
6466
12576
2814
7074
5074
8494
10061
7403
10331
7187
3254
1621
7395
7059
12469
13063
10447
4594
1391
8826
10150
3837
2145
6164
9229
11549
13382
5611
187
1983
9073
4389
2891
4224
12422
10478
12411
5699
12231
5838
1096
10904
4094
2501
12265
4977
13276
5115
10037
7659
12270
4273
1917
8395
5751
3384
1126
5225
11952
4385
6191
4255
7664
906
5995
5817
5028
11435
11257
8067
2115
12570
11713
10189
3106
12053
11837
1414
4724
800
10213
6429
8898
10206
3744
9231
11838
5249
11577
8443
5079
9737
11911
5788
10843
7129
7295
905
6081
1897
6669
5289
7014
11895
544
10105
8698
13384
3881
9425
1907
6143
9844
10297
5320
8864
6905
6521
3037
9874
7515
6887
5593
1860
10893
7354
5921
10896
867
8540
847
8158
5187
13577
6276
8330
325
12854
7326
8245
6240
6381
4889
7227
8191
4348
12866
2686
10567
1433
10339
10568
10585
7346
6739
1538
6734
999
5513
314
1163
13534
4823
3332
11639
13117
10832
11172
5669
1579
13043
7221
11078
6023
8374
2422
6999
6306
12369
6722
12708
7195
941
10613
11833
6474
10727
11036
2276
3417
7876
8785
469
13417
7543
2369
10588
11931
11660
10465
2955
13257
8356
9676
4346
13423
5180
6921
6957
10160
4124
4737
6896
3293
5704
12918
9252
10619
2762
6129
2174
10418
3419
10123
1824
6849
11855
13344
3329
4475
4631
1761
1574
4447
3495
6169
7560
5264
7028
9307
9163
12447
8016
11262
6167
3662
12717
1227
4186
5055
3206
7161
2571
8192
1645
3497
8874
2281
381
13005
8095
9683
5468
12233
5011
704
4188
618
12566
1644
6741
1509
5517
223
13065
8764
11784
77
2322
1024
8631
9278
6318
2684
3505
342
5128
8666
11815
2345
10785
10783
13213
3886
2642
10050
11052
490
7978
3680
2275
8565
2442
6016
8877
8141
817
8446
12700
1
13477
1874
1245
2456
6501
1222
6773
6845
11923
8487
8901
2059
11270
5963
5429
6075
6587
11687
10521
2994
10756
8009
5934
2970
10858
2196
6541
8670
13446
10134
9543
8381
7824
11786
9705
9564
1295
2485
8747
13331
9302
1188
3719
5216
3627
4793
1217
12019
9179
4422
10239
7511
7276
5275
9899
5650
667
7872
4969
10615
56
11886
9245
10720
3034
5598
3420
4093
703
10960
3557
7505
6615
7530
8208
5530
4216
6219
8326
4097
6906
8629
8162
11826
13397
8037
3942
3758
8636
6297
6124
10758
11431
2747
5441
2256
7419
6522
1191
3606
1086
8617
3982
1113
274
1341
1180
5561
11858
2523
5794
11256
3624
9727
12009
5103
13469
10887
12027
6861
5250
13587
5339
3895
12670
870
5233
767
1953
8174
3943
10429
9396
12467
10389
1121
5874
11094
1961
1793
11665
3776
863
2722
4441
9466
9511
11900
8242
7443
12662
8006
6406
12408
13091
1316
8266
10159
6363
6411
5488
1216
4092
9035
2338
10932
6841
9477
10186
478
3461
8046
6860
4665
12362
5306
574
1456
7682
5899
3668
6917
5131
5885
12268
10557
5059
8846
5116
7393
3806
9171
3740
1233
7426
10501
4007
11910
2561
11576
8632
6765
7328
983
6800
10072
11640
8397
10986
3360
2104
11948
1408
13430
6157
7399
8723
3722
5898
979
5430
589
10477
10096
7404
9642
1173
7749
8797
9977
8367
11977
7178
5309
1480
11674
412
9582
9533
13557
10269
3743
6296
3630
6536
13445
11563
78
11099
12380
12636
12016
8456
4394
1598
10514
12552
10493
3956
13104
1178
10262
11978
8160
13105
2386
7759
5526
7253
10467
9532
3452
7729
3237
2640
12412
5644
8202
438
9558
971
10652
9674
8861
11106
5288
11085
4221
2305
13513
13310
1926
1337
3587
7304
6107
3076
12486
628
409
13291
5836
5759
1198
10828
7637
11859
2679
9393
5395
5330
4109
6627
760
11298
8139
5940
11802
4752
4078
7285
5063
13106
7918
6746
13335
5758
9792
10403
5231
11608
9785
1458
4578
12906
10370
3111
10473
693
5088
6216
6658
12903
5635
9770
10252
2017
2984
2351
10805
5629
6837
12122
11908
11255
8096
6002
6484
9562
6964
12441
5424
13402
6955
8234
9432
1418
878
1483
11971
10663
12647
55
9071
1318
2633
4122
1238
1513
8327
10450
2828
5473
9723
8033
6199
6607
5096
7829
10054
3928
11423
12148
4492
9690
4149
6389
11313
11133
178
7344
10980
4603
11834
11404
8492
5648
11467
9855
9779
9193
11453
12366
3590
4822
228
818
9180
29
9849
561
11656
13412
8417
4101
12281
12732
11635
4128
3010
7890
8860
11135
3006
5454
5502
12432
3539
5492
8343
1802
12510
12963
702
7597
2317
1444
2950
3517
9046
10024
7209
2881
11486
8008
13033
5621
12401
6192
2337
8398
5497
9339
7117
5917
11328
5506
3297
3238
6776
6919
4985
13578
4995
4928
9437
4084
12044
10923
6195
11525
2665
10174
6829
869
9851
3233
4769
6893
3050
13044
2677
5470
11589
5772
3078
12177
1138
7920
2694
7835
12427
4585
7740
5767
6309
927
4310
6039
13059
3369
7562
10371
12602
10378
10831
11605
416
5125
2086
4054
12178
6197
2754
136
4842
9666
1122
12323
25
657
12134
5498
8641
3432
3296
11316
9593
11474
1258
6446
4847
1270
13559
1449
6517
9244
11017
2437
3990
12532
6247
8468
10633
2158
588
10399
970
6891
13421
6043
13042
3184
7881
2708
4240
3334
1759
2181
6781
11949
5419
4263
2272
3825
9119
7004
3226
3068
13565
24
4902
2587
8635
5875
4246
7721
9050
10334
8946
10457
9239
780
9092
11227
4960
10144
2760
1197
8292
1049
9819
3411
2831
3800
2443
1271
1750
10940
8958
4846
5058
1889
11852
3060
8360
73
10845
13580
2985
10075
4044
10358
7950
5234
10760
992
5595
6398
3216
1905
3086
9576
6527
11633
7246
1738
13184
8038
1503
2564
1631
11916
2102
266
9225
2631
6910
3586
2585
10036
11095
6203
7671
13173
2214
8336
4427
7857
3959
4343
4469
4476
10739
8512
6335
4732
6760
1587
7303
5427
9776
6710
11765
3699
10474
4526
9202
3913
3024
3996
8383
12975
1175
7859
12723
4992
1690
6038
1280
3350
5282
10424
687
5661
638
8761
3654
9125
9361
1360
7386
4629
3287
11654
10014
6413
10982
196
4591
5032
11281
3785
5075
10620
2075
5397
12683
8034
7396
8030
9897
147
797
9942
8815
2286
4067
2028
5105
5614
13198
5718
13183
1473
722
9553
106
12638
5643
12938
4485
11244
1472
9309
8746
7843
299
170
3326
3803
7050
3674
9468
10546
3619
415
6594
4860
12716
12474
11245
3923
10031
2956
10509
11107
630
5046
162
8605
9265
10209
9068
9009
13110
2255
7118
7971
10926
9064
4341
11875
8421
7432
9098
7536
10248
9088
5321
5849
6225
3871
10345
8983
7778
6333
10102
7500
9519
10500
2876
8890
7451
6586
11275
11272
13178
6738
9909
2579
9086
3020
3541
5247
13506
5542
12345
1979
6018
1057
11501
11710
10522
3658
7078
6506
7771
92
1234
6481
1013
5796
3863
7836
9139
9985
190
7791
7935
1531
2682
6050
2812
3894
11780
4819
3176
10303
4772
105
3413
10993
10155
13190
2301
6566
8966
9424
858
5524
13277
11346
12785
13542
3430
6231
4160
7438
5910
12562
725
1679
6692
5245
10393
12135
1363
8602
9022
8056
7988
3781
912
6661
10284
7793
390
6284
5469
4818
7301
4357
4994
7247
2243
8091
3123
3121
3957
718
11644
10632
3256
6502
11300
7163
11603
5607
3048
13223
420
2197
12297
12069
12104
3117
1937
9311
4115
534
548
5680
298
7120
11554
7583
7481
11921
2170
7375
7516
1385
3207
3135
12091
6853
13451
6913
5771
5487
4184
11350
5739
7176
97
10291
4605
10451
4799
10161
2794
9237
7738
9131
5525
5904
6007
4896
8799
6766
2526
7758
2539
8123
1070
296
49
8416
9966
1243
11471
10113
9042
6791
1225
4658
7243
11044
4700
11509
442
2472
5694
5120
10779
2815
11108
6833
8379
12694
7155
13460
10991
3903
4075
8653
12958
6799
11323
6053
8906
5446
12712
7645
6187
8827
4085
4624
7904
7131
10458
12232
12234
1765
10539
13206
2903
5594
8148
8082
609
485
5574
9277
10321
5800
4420
7553
3538
11320
8211
7254
13126
6902
1673
5436
11048
7306
9982
5708
7048
5618
13088
5675
96
3155
2494
4570
5884
366
5993
9913
3657
10101
4856
918
9617
10999
12680
11757
12794
12722
6792
11182
3391
13596
12420
11314
3310
1588
3664
10690
31
6265
11475
1375
7622
9518
3780
5208
9541
7491
255
4988
3642
8170
11814
4147
13163
5034
6916
13414
5315
2727
6949
3700
8316
6548
2778
11071
5167
2773
10827
6751
433
4770
11527
1099
2514
11798
6637
2575
7336
