1389
7990
8260
5238
1773
10524
13187
8373
11712
4264
2495
6722
11284
5859
6737
13144
8942
4369
1863
704
1965
12070
2582
13148
2599
906
12579
1280
6619
8715
1685
13053
2916
2831
12706
6754
2605
3400
7659
4347
7109
780
4215
5426
921
739
11564
4626
3746
13029
3610
10086
11727
12671
6085
8304
10911
7567
6931
13104
5525
4586
2786
3792
12398
2468
6040
3647
13132
6499
10544
13088
2441
5705
11220
4747
10456
2140
5137
621
2750
11455
11507
3580
247
5232
5964
1414
6016
5706
7527
11579
6509
10028
5421
4285
9155
4312
10453
11199
8604
8099
2792
1593
3950
2822
4160
11667
9081
8365
6124
13094
3652
13334
4633
6856
91
36
752
4233
12837
2742
12790
1905
10363
2766
3921
13043
10482
10957
1365
10260
8451
1813
12719
10565
3439
10535
11721
900
11633
7383
7277
6505
2856
5679
7358
9937
275
896
10367
10065
94
13491
12037
2338
6182
6123
6413
1944
3699
8537
7415
11216
8592
7980
7451
4469
2631
12951
7529
7635
11405
4049
856
10746
4070
5786
9051
10572
5128
1209
12584
1289
838
3427
8196
5205
1136
11858
1487
5858
7099
3432
8123
5557
10854
5518
3446
4930
9361
5534
12318
4283
13414
2455
10401
11908
8893
7025
1196
631
3197
11569
2242
4182
8977
5724
4670
12412
6960
1530
5382
7127
6117
8929
4679
2389
6152
8840
67
10862
10024
9778
13165
2978
12139
4409
3885
2294
3346
2333
2905
6641
7445
1023
7468
13091
12840
451
971
7412
4822
13411
12801
2568
11885
358
3660
9229
8896
10560
4315
12209
2801
4634
1778
4361
6727
10114
2827
12506
12544
4863
2995
4570
1169
10839
2496
5996
5973
5497
5296
9217
6383
3275
3760
2974
389
601
7516
3145
1723
6981
4535
11696
8151
863
8455
10322
6462
7782
12605
4510
8331
13610
6008
5359
6006
10968
4385
13181
2554
11979
2575
12458
8107
7286
12987
321
4309
2950
9892
1179
9729
1755
12813
7811
3916
4652
7441
6916
8510
7052
6478
1113
5
1844
11537
11337
3846
6157
6561
7649
6516
915
5353
9450
63
10512
1398
1727
4920
6770
13278
2449
8524
4026
444
5812
10704
7087
4830
13532
9907
6999
10198
6765
2047
13224
6164
3604
11450
2028
13545
1783
10414
7103
10204
9994
5708
11426
3852
5355
210
5521
4350
2431
6273
10104
9558
12741
5769
12154
13262
3732
7126
12473
8154
2372
9680
5501
11605
10596
479
8676
6715
11240
1231
2254
7435
3162
2313
6275
5878
5532
4499
6917
4790
8590
8533
1140
3174
8901
2127
3393
7677
11939
7419
1375
1137
6564
13261
3862
9591
1192
3192
12973
13585
8773
7563
1822
5188
7835
11283
7278
11253
11490
6805
8844
4272
7837
9052
11841
475
6026
1100
5330
5276
9263
9241
3037
9963
2736
7826
7828
1429
10667
12701
10601
11906
9837
11791
738
13174
420
8700
9153
8221
12461
8327
5135
12513
6220
10332
7407
1518
7999
8263
3738
11746
7751
8955
5444
4517
109
4471
10053
10245
3722
697
12785
6816
378
4755
12894
6945
11853
2535
4001
10036
4048
8134
10754
4655
3691
9132
7784
8074
11513
9223
4008
12503
3640
2557
13557
3257
1923
13031
12443
3324
9371
10835
5804
6460
5757
12612
12831
9704
13239
9131
5142
12576
3243
1235
6459
5117
5683
1295
2700
11560
8309
7308
10308
6870
6451
1395
11862
4474
7586
9733
5564
10986
7621
8413
4483
7426
5898
4298
629
1246
13355
8473
11621
7852
12069
9953
3759
2756
3310
10798
2668
577
1303
4869
9941
1966
11314
13096
9926
10593
8797
6405
8687
4988
12733
5331
5229
6224
9177
11670
10955
3879
10141
8124
7681
12409
11499
12276
8052
9267
8218
2888
8075
7874
1717
2021
10824
6968
12395
2735
1506
10846
6926
4243
3762
1175
8870
9036
4425
7526
5220
11933
9659
8638
13000
4281
6678
2721
3976
8554
11593
10609
8979
2198
5280
6084
12274
6593
8518
2551
3679
2228
3062
8645
6522
6050
5258
939
10906
3548
10656
11439
7448
13296
12013
786
2526
8006
12555
3222
6663
8456
3399
13460
12525
10073
11928
11409
5710
6581
11362
81
1195
9543
3159
10768
4636
7598
11807
4937
5852
10973
12747
9515
7731
7521
3667
28
10992
11840
7518
6155
1622
10879
2317
6682
12715
9253
11065
11123
12283
3678
9975
804
5247
10041
8363
2977
3952
1808
1596
12922
2400
833
8171
10801
4195
12754
11086
13268
882
7370
8003
12531
9824
5930
1508
5306
11
11749
8472
6617
886
2595
11978
12244
11695
4734
5158
9604
10216
2613
1875
3363
10868
13403
6407
1733
7331
9093
8528
7992
13228
2572
5825
10282
1324
7029
10509
5153
6671
5937
8820
3503
652
10489
11149
1883
5779
3151
2532
6517
7121
12710
10500
991
486
12882
714
13007
1706
3278
163
6971
1096
6649
5095
4206
13167
513
6674
5453
10702
10538
8523
1583
9438
3649
4143
13052
3960
3654
11580
12452
2745
6030
4603
12685
3844
2247
1806
12856
2471
85
11382
4039
4764
560
12768
12312
344
10010
4362
12285
6941
10176
2902
12686
8690
5760
121
5531
6324
12863
11323
13547
8246
12382
10393
5340
13131
10757
2246
6580
9865
5723
8055
11541
116
8161
4165
2192
12968
1681
7487
2859
8292
10155
4016
9939
9446
8898
11140
7333
11011
6494
10841
13002
10602
9894
9455
2277
7460
11802
10980
788
2467
12014
11403
6795
12300
8199
13582
11611
5423
5890
403
2011
8032
1900
9724
4896
101
11256
9579
11986
5062
12083
1915
3838
4467
6078
1470
5732
13473
9989
1924
5242
324
4803
9192
3616
12976
6075
11003
5620
2785
2352
11656
3797
10525
12194
7972
9573
7201
8402
8357
5373
627
5492
3022
2922
7627
4560
2057
3414
8641
7382
7745
10354
610
6922
4458
12590
4853
4842
6314
994
11104
13259
8712
10294
3120
7245
11372
12547
12677
5668
6571
2894
12803
5272
13556
3179
2708
11057
13528
12453
4431
658
4290
5661
3920
1842
1276
12827
10599
7821
4373
377
852
6582
2315
12550
11684
9883
1969
3559
11971
11371
8703
3033
4436
1083
13288
6513
12204
8954
2941
1107
857
2694
9314
8717
3828
1873
345
8900
11970
10936
10639
11935
7876
1281
656
6295
12653
12545
12306
2909
270
5912
875
1901
1477
7318
6191
12024
13030
965
12252
379
10997
2267
12134
5320
11515
13609
8949
3877
8369
4783
11341
6806
3648
2173
5302
10337
1547
7252
7234
572
4460
9749
10809
1801
943
4980
4677
2124
761
8532
5171
1529
9069
12309
1323
9850
4759
4352
339
9265
7312
519
10925
11486
3210
6746
8277
5775
1897
11379
2519
2588
700
9942
6987
10219
8860
3545
9477
2310
4445
11689
12275
4864
814
11481
3965
52
13175
3870
10054
11847
8180
1559
11890
4551
998
4582
8037
11251
2043
1985
1163
3357
6537
2715
11823
97
4250
892
1122
11614
3321
12484
4947
10315
2933
5641
3084
1763
11645
3860
5018
1115
13331
9066
8341
8580
2539
1837
8810
616
5069
11977
11425
4437
12614
9469
13507
4637
8937
10388
5721
12684
8319
12286
11023
9156
10578
4963
4277
1845
10183
942
608
8665
13100
4414
6650
10967
7287
3521
10403
10120
517
8483
5275
9295
11384
802
2711
9900
56
2768
12955
7221
3685
8713
1476
9553
7588
287
4595
3923
13190
2362
11342
8198
5199
6103
10528
5436
2953
8169
8561
8330
6751
9609
7771
3644
6690
3230
3809
868
6339
11226
11739
3775
1684
10580
2478
13475
1642
5079
7351
11930
7730
4886
6578
9142
12249
6623
5464
13354
7542
1935
4488
3750
4038
10600
12994
2326
2804
12881
12487
2536
7683
12417
7939
5971
7716
9058
5502
975
6202
10020
6807
12495
6065
13415
6633
9723
4696
2714
12857
11299
2702
2610
2981
11117
3576
5944
7868
4462
9112
8692
12085
1334
1618
7869
7300
10636
229
1354
9148
9735
9620
3431
8546
11901
3475
6828
5897
2271
1578
3997
9571
6756
6495
4470
4073
7549
11279
8993
521
12691
715
12343
10310
1589
3329
7568
7641
11153
5742
5653
3705
6432
9172
1444
9569
1031
1017
1831
12596
3892
11302
7725
9793
10276
11573
4095
5953
3071
8278
1207
9978
4899
3195
12496
1404
12413
4745
1872
11268
11033
12886
10119
1483
7097
5111
9002
5494
8416
9178
3918
3297
3001
5550
524
9193
5926
1920
4912
9027
5853
314
2182
7226
2153
8393
6419
6000
3383
1039
2604
9224
13179
920
1730
11790
2938
3538
5680
5756
208
2587
11080
5006
8754
5739
75
13505
2531
2397
1769
10380
2864
5667
1768
10018
10207
7359
6800
10620
1308
8890
8220
8345
5787
6935
333
5967
12011
9375
1903
12990
4266
4613
7241
9091
6070
13200
1402
11294
12174
1392
432
8470
12610
7154
4596
3866
11101
4543
42
4923
11394
11699
11875
7327
8589
705
8175
3663
13168
10917
1213
13230
5770
9829
5080
2976
112
133
8132
2457
1358
5206
8633
5636
7051
491
7213
8880
8017
11866
7123
11960
5634
12573
9986
4494
6621
3659
6116
5399
6321
9468
4086
2991
6112
10745
2104
8287
7646
13492
10689
7883
2156
8097
4934
3409
5608
5884
3959
6823
154
12394
183
3845
6543
10491
11380
8851
9191
5580
8622
7064
12304
13321
5669
7473
9030
1028
8073
3384
12284
11322
1696
4649
96
2346
10814
8372
2288
10320
934
4965
1085
7873
9235
12200
1628
3028
11714
4733
10927
9164
5904
1810
716
1284
644
6135
6119
11730
1436
11529
11248
11894
11406
8990
8550
2677
6137
8611
140
6824
4328
2540
5216
5223
4007
6426
7307
8438
5279
1263
3419
7909
8779
4567
2805
7290
11547
6597
10904
9496
1636
12220
8403
5479
13494
3313
189
8934
2919
12713
5626
1568
12611
7408
13135
11747
554
11700
13310
8450
2662
7623
9643
3676
6589
13596
4512
10462
10439
7372
8655
6533
10265
10350
2993
13372
4991
1561
6208
8340
7554
2661
2162
11303
7094
5839
6238
5398
11950
10965
9527
8442
5936
12904
6378
5374
500
6023
7430
3059
6644
2168
10113
1929
9285
2130
6177
3739
7115
3682
7855
1219
10295
11203
11679
7564
1925
12626
13118
9611
6175
13208
4036
3455
4397
3302
606
12572
4702
10232
6596
2193
13284
6352
6153
7933
213
231
11993
13287
4643
4161
9127
3272
1494
9547
12211
2784
13248
10699
8209
325
4752
9385
2834
7711
221
7418
4769
4664
5563
9789
4098
8114
10400
7266
1199
3471
6473
3557
4228
2790
1121
11083
12639
2350
10797
5227
1102
11010
2128
4515
6772
11808
6021
9159
9020
3293
11142
4083
5559
8850
8148
8957
10674
13452
7682
12687
797
5136
13315
12064
4486
3437
1279
1018
2753
1190
7559
1722
11059
24
12190
4614
6095
13177
3487
2110
7012
1012
3966
7633
9521
242
1329
4927
8083
8376
5538
12746
4094
2483
5257
6479
13188
11976
8058
10479
8082
5536
5182
3547
8656
903
11897
8445
2084
911
8316
5873
4916
13222
3060
11678
11642
13221
10537
2368
9432
2121
1384
11127
7872
13319
3271
5212
12981
10504
4532
8354
2094
4807
4093
12294
8210
11075
970
5876
4130
13294
8734
7011
6011
6420
6698
3698
6679
2161
7026
10289
3448
12778
11265
8991
1421
6045
11017
1498
8271
8379
723
3817
5029
5289
12772
11758
4268
2989
8539
12872
8231
1320
2290
12103
9280
2280
8674
11229
12007
3506
1667
3572
5051
1657
2003
10849
11399
10889
7493
6434
10131
1172
7177
5766
27
1311
10799
10497
5414
9552
6306
945
8458
13128
8350
8671
12736
2975
13279
10637
1128
6034
6489
9631
1787
7861
4834
7348
11639
2405
12259
3079
2709
12089
5547
7133
5031
5970
1606
3553
8311
12991
5210
6918
10300
12794
4032
9379
2733
7323
11419
5529
6961
13244
8935
458
4542
4559
8689
1158
7652
8856
2408
12118
11158
3277
6811
4521
7385
11181
12372
9955
4323
6148
4247
9780
576
11358
8905
9425
232
6897
12238
661
533
11125
9936
779
11274
9836
7138
540
9428
9378
660
4224
8564
1719
12322
13006
6912
3320
1582
8100
10919
12205
3283
8599
12030
2463
12890
11349
4475
8084
10863
11188
1391
1141
11447
12436
12978
10441
7692
5654
13367
3907
12647
3709
4154
9408
5552
2504
7309
9838
8939
5682
10235
10795
3339
8875
7467
8077
5931
5298
5138
3783
6228
3747
2794
12033
305
8768
5177
3995
7713
2755
2261
12700
7926
515
3586
1238
8720
6099
3917
8843
7113
11466
602
1464
13490
4053
11519
8081
3979
4265
5978
2059
8035
5660
11365
13089
7838
11566
10541
9804
10180
5450
6716
5089
9540
1154
11239
12918
8371
754
9931
7918
12575
4175
10796
3996
13247
6357
10344
1268
6367
5033
8613
11485
9037
6340
244
3045
7173
2652
8469
99
13508
10386
12221
691
2328
7222
912
6994
1677
2930
9912
1193
3570
1646
12414
4949
8608
680
773
6590
5345
13340
2779
4408
948
11556
2751
13260
1064
1854
1680
9512
6111
6482
10330
8931
10739
5333
1285
4836
2018
7055
1999
6049
7392
2443
4009
3816
3433
7247
10756
8352
4828
5463
12786
6857
13311
9284
3131
8098
8325
8044
11039
13056
6826
6658
3990
748
4786
5519
11152
2395
13275
711
6859
2265
6706
5887
7613
374
2402
3940
2302
34
10415
10190
13253
9111
3636
11805
6028
1118
1841
5305
7688
4417
3368
3883
10715
2203
11649
2926
5116
7535
10299
7198
9714
713
10759
2143
12854
4236
3378
11465
2945
2882
7384
11191
6849
2656
2570
11338
9685
6486
2273
11917
12245
10836
1878
8621
11412
6445
3639
1041
3925
60
5814
11238
13437
9165
10988
6109
2679
5433
8122
830
12415
7031
4592
2031
9564
5255
5569
5826
10710
13252
11627
9080
2754
10940
11211
11431
7894
4667
3164
4332
1090
7454
7070
9146
13512
6214
10971
12655
10800
6039
12403
9339
11150
2456
6930
1275
13469
12846
2771
2836
11946
7947
9508
845
10924
9145
1858
1297
7602
12876
8279
199
6442
10351
10582
412
9655
11230
0
3791
902
5163
4814
3415
6957
79
11046
12625
6601
7347
8249
6801
12449
3361
10008
5259
4031
6781
9056
8056
1450
9638
1587
3318
2693
5588
10227
10303
3322
13558
1301
11316
7802
4104
13489
11108
6962
6954
3185
507
181
5191
2906
1802
2403
11161
4546
7935
5189
11464
9947
8388
7653
7728
3300
10899
5675
8721
2816
1144
794
12568
13085
7981
3830
7994
641
701
2842
7363
7232
5960
10469
11278
527
7715
1853
6161
3483
12166
7749
11421
4804
8723
8255
1995
6003
2688
12638
11881
2219
4728
6840
1640
10457
8646
6685
9354
7851
2476
8031
1419
2038
6558
2474
3408
737
10409
8864
3711
6899
7929
11000
1521
10684
6172
13258
8541
3492
4191
9594
1218
12316
8096
3085
3780
6887
2644
5105
5933
2080
4583
9904
5478
12975
9875
11651
7174
12325
9849
9444
7111
1216
7809
11054
6529
3389
2584
8205
2547
7530
3700
12363
1609
4736
3727
5796
5771
8009
6802
11657
11233
4466
10060
8765
2461
9077
6612
3351
5358
4348
3176
12542
10900
6992
2066
990
6136
8142
639
5093
9352
7008
6311
9390
9329
6018
9266
11276
13047
12406
6060
8409
11873
13529
11574
6734
9031
2108
7696
7259
5998
3848
11555
7208
4575
10385
1699
6498
3508
1407
1385
12344
8266
4301
6089
3774
4237
11456
8631
9689
12147
12454
9001
8923
12419
298
2703
5065
3038
10306
13511
4024
3543
13598
1928
12485
4686
12250
8281
12624
3350
1909
4905
2460
3853
9322
13236
227
4974
8384
10678
9350
12123
10122
10567
7507
721
12750
3101
2394
1423
10983
13530
4549
12502
3405
1814
10666
12389
6729
7355
8643
4456
2371
399
1725
5677
9589
8
5776
5522
11710
8952
10278
7974
12366
2095
346
5728
11004
2658
10153
11673
1312
556
13399
9811
2985
8763
10266
357
6114
1686
8251
2725
2979
7662
11164
2141
8238
7427
11995
13513
3435
8855
8742
9916
2142
4904
343
10944
10878
12646
3430
10174
8691
11366
6836
6757
3116
1434
7840
11532
8581
12010
10850
6360
8487
6036
5924
6989
8332
476
10861
4729
7264
5375
3338
4772
5622
8908
9410
246
4862
4002
5313
5894
493
11500
6793
7481
11991
13366
4933
10803
7141
8733
9737
8862
11969
1665
7453
9651
3787
11179
8767
9993
457
488
7129
9505
12511
6532
13406
1656
396
3436
1682
7734
3642
10951
2493
12098
6237
9868
7080
10143
2186
3708
4371
2928
4430
11103
3047
3353
11526
3456
7149
1111
3977
11540
5445
8192
8807
12058
3657
7636
4047
12129
11955
8272
12073
5427
4134
5122
1777
11148
10213
9215
80
4708
976
4096
13299
8792
1157
13381
10960
5030
7614
3498
12635
11254
12604
2316
11943
1335
12689
23
13382
6424
8976
2992
1638
259
3073
3087
1435
3567
12367
7777
4821
2968
7647
8922
1225
8913
11810
8157
10438
4598
9956
10549
12148
9661
13364
12420
5245
12128
8624
4091
12738
12086
670
2970
4640
7291
6292
3168
8185
6373
276
6759
940
10677
8321
12038
11981
12561
807
3334
372
1374
10157
4917
6361
1580
4374
3813
1167
5832
10025
1661
10876
11032
11963
1293
11584
5434
7386
11324
831
10708
8612
3460
9580
4006
6094
4926
2986
2868
5992
185
4573
1876
974
4516
10686
9476
4477
11612
10460
5468
7246
3123
1797
1314
4722
796
9013
5487
8405
2939
8973
4174
13235
12580
11992
4581
6728
3109
5438
12096
11209
3527
10579
5486
2053
6061
13189
3377
9436
2466
6996
8364
9184
2821
5709
9635
12530
1899
2967
11061
7053
5655
5403
3291
4580
10099
8491
5027
710
3152
13057
7193
1500
13474
3865
2429
4232
8224
3166
11562
2417
2614
4818
2174
10209
9640
6380
531
8233
4063
6609
1754
12430
3620
13349
3111
8432
5412
11134
2720
8918
6591
3741
8495
3607
6377
2956
8252
2904
7340
5880
12581
3118
6151
2820
698
11770
7329
4656
11945
10597
2169
12780
4746
289
2231
2383
8980
1045
13343
10982
3015
514
2590
10787
12792
9761
4701
9226
9513
6514
255
12797
6841
6607
9530
1055
5176
7030
5689
8576
11534
1390
10683
12722
8910
4310
13336
2516
8694
6670
9073
3031
11980
1260
678
5638
12257
3658
5352
6626
8030
3265
8286
3328
6446
6731
4522
1812
5782
6342
13097
10370
1258
7262
3202
4217
1363
2359
2335
9826
2549
9286
12422
13309
2510
12254
2773
8489
10189
9582
9596
3702
11034
212
4
11356
12135
7967
4555
9755
9454
10493
3177
386
485
9927
12777
147
11129
8200
10631
7394
1569
9621
12999
13265
54
9169
2729
5422
3790
9061
13140
6139
13471
3963
2862
12020
6959
5768
12079
4400
654
11368
222
6884
9364
4200
5854
9549
4434
4213
5098
6100
1860
12172
384
10132
11258
5542
7269
422
9200
3023
10859
7066
4875
13356
5792
3242
12952
6911
5685
11050
3325
5546
10171
2563
8150
10897
2217
6707
6185
10111
12375
7534
5429
7954
12508
12444
13392
3596
5595
8270
898
8465
9312
5767
587
8788
8966
3481
12392
6195
12836
7110
3360
11182
9173
11711
8112
7592
4341
11682
6854
9113
4058
522
10938
4338
11665
3674
3139
9502
8785
4005
4720
8770
6792
3286
1119
3075
7034
3841
3725
3479
11708
215
5869
6895
2528
4951
3352
4511
5821
1874
2323
6502
1670
11794
6176
3799
6134
8511
9497
5495
7349
12269
10989
8080
2713
6724
2030
7168
7102
492
12847
667
5523
7756
8259
2659
7101
2731
4972
6069
3025
9536
10817
11653
10682
1057
6556
6877
10298
5893
283
12755
13583
10821
39
11658
12470
6248
5416
1142
152
10792
6632
884
9183
12175
10853
12482
6813
6780
3880
9524
6363
4159
1460
11910
4317
582
13211
4870
4306
11565
4885
9367
10687
10527
7676
7071
8866
2923
7067
11195
6450
4715
1943
10318
8029
968
495
9137
7948
6718
205
9981
9756
9891
1634
11259
12137
4913
9214
2424
1757
10244
4245
6890
8749
5927
2134
10934
11606
5054
1355
6130
2428
5976
10254
5174
5001
12648
4015
10993
5357
7443
8349
47
10977
1762
7783
179
9599
1496
10603
11201
9381
12261
6527
944
8606
3315
9972
6466
4866
3752
6138
12155
4258
10349
3922
2983
3998
1333
7280
13481
11570
9126
7159
6818
6967
6709
12441
5356
12241
8928
12388
3626
7794
3785
11192
10758
8479
727
2012
8308
11828
7580
2423
10847
7805
12264
6269
12548
3742
3710
392
4444
1388
2776
11677
6199
3467
1485
11744
12798
10091
4072
1772
9712
437
452
6231
10109
10082
6013
3251
3080
4711
9274
7904
7664
5989
10390
12965
6851
9205
8508
695
7077
10701
9562
2281
2734
10172
2830
5045
380
9890
4849
1094
9271
8033
1871
13569
5173
4291
6250
1501
11345
9794
30
4010
13013
7951
10502
2988
7958
9262
1855
7743
9461
551
7648
7601
11008
12351
5384
5044
3061
5424
484
10233
1095
7146
4503
4953
1417
6192
10791
9601
3019
6409
9639
1846
187
12964
7796
6979
10026
2878
12834
2093
6714
1397
3681
13256
4097
12663
12289
4496
53
9976
10642
10737
3606
4106
11944
3244
1847
3768
9915
12583
9861
563
2959
10523
2386
11784
7668
8025
1056
3981
11567
10670
4572
12160
10488
7299
7119
1177
245
620
3904
13554
10473
9511
11629
4364
4325
5618
7915
7362
3284
3132
681
10355
11386
11666
10158
3687
3992
3945
2567
3027
8172
6740
7744
10231
8012
421
1720
3171
11219
5541
11834
11081
3126
8731
2054
130
6327
11999
9116
3212
5363
4987
6940
8068
4588
2746
8972
854
1946
13035
941
801
2473
13127
10279
6980
2348
2732
12551
11640
10654
2920
5321
11151
4996
10257
956
12040
12921
2896
5844
6093
5221
905
3201
7463
7061
10224
813
217
461
9498
4459
2743
13398
9244
118
5883
2421
11685
10999
11772
4906
401
11697
11965
899
1299
13008
8501
8588
7239
9335
13446
10218
10323
646
3234
11879
6262
6020
6942
3449
13098
8743
6875
12101
8183
8801
9574
9088
2327
4171
11400
9038
1989
876
4051
13240
1373
10485
6493
3317
6595
4765
8722
10094
9275
12145
6768
1362
1910
5146
8206
348
5640
8240
4724
11767
5291
6212
9951
8702
8699
7298
12498
6588
9538
12042
8138
10125
5362
6613
8684
8947
10181
873
12053
1287
10794
13042
102
6664
12819
5476
11376
1591
2360
13147
2675
12266
4279
8832
1228
11441
1126
2284
4061
951
7841
8160
1387
11491
1554
1130
5548
5293
2498
1885
12434
8861
6463
11327
674
4146
9566
10261
13548
387
7350
2520
4214
12884
11397
1473
8920
3457
702
2726
11773
5150
8359
460
3530
9373
7482
5308
2667
7179
10411
6395
9120
10705
8130
8597
10159
12887
4410
11267
3090
10675
13249
11762
789
5943
8744
10815
6950
11487
12116
4665
5778
12926
13417
7272
10269
6014
3529
1081
3582
8685
2286
6837
4197
9766
1440
6038
2282
12265
7046
12880
4316
12122
5335
6092
1572
2596
2226
5928
12435
4524
11647
1911
7085
12459
12270
2571
9731
9198
683
2365
3183
3814
4314
9690
9
161
5868
10274
4550
1206
6855
7506
7808
924
8104
770
11550
13339
2296
13263
8499
12821
7069
4282
12157
3983
7163
11501
10009
10055
12091
9878
10075
11333
10890
13420
1306
3782
11200
13506
7024
11600
2892
12963
3428
13500
3829
1482
13459
7830
1224
3299
3106
7806
684
10033
2189
4177
8211
8334
12564
1269
3566
9084
9803
1124
9014
1789
5430
1433
3250
4793
5250
3564
7294
11414
6497
2936
13064
10566
10508
391
6519
5056
5397
9747
5015
5266
12818
8569
8001
8295
1968
13186
12745
7884
506
2125
5419
10543
8355
9585
415
20
9321
1086
11208
2678
7941
8740
3881
12000
12594
11347
6017
7206
1611
6239
13363
9075
13169
5865
3930
9546
5287
4021
10808
4231
9151
3612
7650
10399
13059
8322
13233
10644
9701
11196
4253
3549
6689
13551
8515
9923
364
9118
729
8216
7295
12799
4463
11093
5810
5217
3311
10368
1344
6349
12961
541
13226
3656
7942
10089
1683
381
10267
8521
11478
511
13254
3143
4895
4877
4774
5632
13553
8728
5057
12916
7581
11383
901
9380
9481
5332
459
4850
5902
5872
11527
9679
10857
1511
7513
6375
2562
13584
1463
9921
6787
1241
134
4597
10976
8707
2345
9315
11520
2354
2434
12708
1739
12751
266
13004
5301
2533
9940
11292
13202
1538
12121
5793
766
12004
10961
12228
12563
728
1170
7156
12810
8651
12026
8400
11028
4504
6845
9402
8897
11304
2295
5617
9323
3903
5718
4840
2838
10366
10080
1376
1601
192
10700
9707
2374
5344
13552
5758
70
1710
12095
1830
1034
3002
3534
7432
433
7612
6140
11668
5311
13272
10575
8831
6694
5920
13005
2292
11733
11290
5068
6530
3605
2448
673
6304
4473
758
750
13099
13341
9023
12873
3673
8586
10959
5609
9443
2689
9768
4523
11428
3613
11116
7131
6982
10818
10467
8683
803
5144
8159
450
6062
10187
13373
612
12607
12637
8817
546
9180
240
12979
936
11957
4074
5949
4479
2039
7279
8188
8329
13408
12839
13499
5440
6396
445
1790
4121
1737
10334
671
6289
4203
7759
1891
5240
4948
4541
8076
1997
6771
10690
7750
7065
7836
446
9833
11073
4990
11350
2948
9300
2264
11591
477
9841
12672
529
4762
7944
3381
8437
7778
5621
4893
1265
12401
665
4339
7303
8050
11661
7195
5314
12908
4856
8256
13
8693
11968
4147
10359
11110
13571
6842
11610
10175
1708
3438
7171
1906
2775
12789
6508
3753
3017
9817
13345
8133
3030
3326
3719
8776
2655
8530
7924
7337
12099
3562
9400
5316
5100
13292
6455
12517
7618
6551
4706
6456
5789
11385
2927
7888
8094
4529
6862
12066
12917
4647
12133
8847
13078
11595
7543
8313
340
13537
4023
1099
9957
10230
312
3748
3757
4452
7305
51
9121
10626
785
11583
6421
38
3991
6268
5499
5932
10724
12114
284
996
12732
5788
2132
7106
2657
10095
5218
13072
5603
4641
9452
3236
11918
8267
2399
7569
8989
6735
2687
4773
11335
326
8449
6919
7550
1817
9316
7540
2897
4903
13307
916
11107
3788
7388
8468
9257
6902
10822
10571
1166
5907
12595
12878
2778
4879
4642
4690
13077
7187
13245
5161
11471
3223
6271
8615
6833
13563
8755
1188
6638
7866
11480
3953
1515
757
6901
6033
1707
5916
1338
6196
8708
8522
7718
8176
10958
4527
12591
13166
3478
9656
9632
7114
1054
11420
11310
8136
9698
3044
7039
10910
7469
13103
6150
11432
2233
8759
12184
10896
3863
177
5840
6565
5379
9234
4797
5402
5871
8789
6500
6368
5197
180
12622
2014
11113
13141
6615
8872
2465
12031
2782
12699
9791
1011
12825
5099
12723
8584
2680
10208
4657
5544
5693
4826
4178
12728
1132
8876
8729
8026
8863
3362
8163
4935
10076
9871
11202
11090
13572
6168
6985
5224
83
12287
2154
1991
2109
1892
3834
1994
5691
3261
3777
9421
11060
5572
2748
9783
11393
5451
11066
2079
2392
7793
7620
11363
131
4185
4941
1546
3173
7442
1364
6713
5132
9887
9535
2223
741
11430
7455
8358
10614
9988
12290
2270
12130
5530
8093
11504
981
10719
6984
13348
5918
40
9539
13527
3515
648
11891
6925
8617
6661
456
9746
12877
2684
2917
2325
9759
8926
440
6131
98
3359
8594
3734
13079
8429
9636
4303
9688
5985
1441
2416
8339
889
743
9166
11055
3480
3016
5553
3484
5577
12048
3053
11964
8614
9004
12505
7824
9999
3114
5204
4248
7203
7752
4498
6662
11601
11132
5997
5185
9140
6639
6921
13440
9096
1654
3504
5203
8714
351
7857
6808
12995
10711
5370
7626
8772
13158
4654
10694
13472
2901
1749
7733
4003
3129
4490
9961
6876
13470
10164
7928
5549
2000
12493
10340
2955
13028
407
1040
82
10649
13516
10891
95
12418
9011
12092
4230
9551
10573
3594
8121
9932
11217
4164
584
9473
6567
687
11232
12771
596
8383
8587
9095
6680
1659
2004
6574
13318
8047
13027
2503
12214
7319
1602
950
1766
409
9859
11535
4837
6676
2201
9583
895
6376
3769
13487
9728
10236
4342
2250
12110
3611
949
249
2069
7000
7444
12698
12838
6881
4884
2628
7533
7519
7050
12885
5432
6778
139
11907
3632
3600
5934
7501
4240
9040
10160
1617
2379
4816
5704
7100
5966
7185
13450
4932
12293
9720
7158
1127
10258
3218
12730
6247
6334
5304
7093
9922
8245
5034
3267
3470
9568
4004
2481
4295
7864
2695
5417
1474
9813
13378
5560
5129
7268
5055
10507
2113
6088
3465
7365
6225
9971
11078
2645
10522
11698
1877
11586
6525
7437
11576
4293
10281
1963
3224
4202
11328
8710
2873
4714
6825
3912
7800
12641
13024
4994
10212
6538
4251
1000
405
61
5270
5170
2963
3763
2717
11625
1930
3706
9555
3249
9243
8795
840
10867
2235
10912
3871
6320
3294
11617
3911
1078
3258
6012
1072
9924
9752
4057
9055
5377
4985
6001
3571
4796
8105
5566
5857
2289
1620
1945
8143
12512
9884
2118
6791
7229
6187
9101
3993
7366
10004
9948
5347
6169
5863
12005
4059
13032
8644
12230
1882
510
9277
5087
8301
1257
3546
13400
10154
13483
13037
8275
7693
2866
4975
3715
4945
983
3066
3524
8938
9171
11448
6546
1202
5870
1478
580
1264
11545
10662
7263
9654
12478
3443
1396
5120
2648
2101
10072
9906
11454
3144
2494
1342
9068
12341
8254
1272
8579
9703
2810
8736
9269
6427
10105
10445
8512
9128
11434
13484
1491
12492
8399
10348
6643
5752
12850
8265
12132
7655
9389
930
5409
12008
3913
989
12954
4115
836
12379
7957
8386
4782
164
1919
9732
1913
5903
5505
10382
4406
12925
8987
8395
138
490
2885
8005
6923
1386
12390
1021
2078
13404
6096
9839
9608
7834
26
300
3851
1704
4376
10947
359
1957
8704
11353
508
5075
2215
12100
791
10240
2522
9344
9819
2850
12938
1513
6905
10436
6086
1869
13016
2908
11826
8335
6132
11215
12866
10023
10645
1274
12664
7965
11255
11168
9880
993
4120
2924
13329
7190
6648
5647
6512
4808
6232
8919
145
5081
2537
9781
578
6252
10329
5602
5777
12271
127
9256
2811
6782
6392
10943
12970
8072
503
3560
7244
12399
195
2849
10225
3067
2306
2637
11193
4392
11417
3369
2869
3601
4151
893
8640
3387
3603
12353
9324
281
3815
9340
12932
110
11114
8063
1715
4378
4055
7905
3835
11717
8007
5121
2865
8567
6745
9576
12278
3170
10461
3214
4355
10200
4571
4738
13431
10203
9788
10043
8243
5202
4278
3150
12567
2061
184
4075
7722
5736
13574
12396
9298
12462
9881
5822
7617
3186
4648
8293
1895
8609
10263
13164
4872
9149
1881
904
2376
3092
3587
10430
12327
8462
12151
3406
5318
11145
4601
10206
10358
8439
5274
1579
453
1221
5372
8543
3476
5827
2511
1171
2722
10786
1533
2224
4351
1524
1185
4967
2305
12758
13172
5524
6850
2025
9032
4891
1426
5592
7736
2442
16
12915
6763
10866
12439
2858
13069
2314
8924
431
5059
7523
7856
2887
1610
10658
7107
4956
4426
11165
7422
1026
6328
985
1981
1032
11641
311
2578
12021
7512
11521
6210
8125
4324
10197
3281
3773
3624
8299
7072
12538
12816
6652
13568
11244
1938
6998
7118
11940
6627
11120
4068
8392
11801
2681
3063
2670
8467
1514
626
7480
1060
4064
8064
3854
1403
7438
7169
12191
4619
9272
2413
865
13555
8184
4045
9913
5271
9860
8045
1106
594
11194
10990
4227
599
12883
11726
12795
10785
2331
13550
7831
2351
1146
11492
2651
11373
1796
2287
10733
10932
9775
7475
7816
294
11223
2191
11982
13333
13425
12867
13496
11330
12540
5267
10214
4087
12408
5591
10466
7409
10096
2910
4979
13150
10929
10726
9207
6752
2592
186
11162
317
6046
11442
1437
2249
9896
5889
6725
2718
12676
1555
12601
11391
4211
2075
11477
10127
9355
9283
7367
3345
3
8777
12009
5915
2432
11598
10480
7544
11313
12082
8158
5980
1002
632
2921
7401
8043
2013
10819
3227
1447
9745
9225
9268
8448
11871
13601
8774
2002
1332
12936
8264
1350
1953
7669
12143
4568
1430
6534
7833
3190
2744
3988
7191
6106
12566
3621
5743
4313
6198
12681
6669
11672
3595
2064
3671
650
2488
12905
6341
8965
1581
11183
9823
9938
3781
9845
6393
2898
4455
8978
1960
1027
13444
9414
2204
9834
419
7396
4276
4184
10284
7371
7010
11987
7273
977
4882
8559
370
8960
11701
3569
6797
1182
11851
7045
7376
8823
5646
6281
8927
9115
5367
12705
9613
1070
7755
7404
7369
13101
2769
206
502
4852
7028
6147
9526
6338
4627
2086
12571
555
6125
7466
13361
12296
3890
5465
6408
1536
12623
13525
987
13418
5058
7961
6418
1975
6160
5282
625
543
12226
3717
11829
11720
7775
1564
12467
5637
12169
5211
11138
5215
9715
2269
1868
10608
712
3070
11914
10137
2788
10192
3273
3434
9231
1603
4365
3944
3533
10097
9470
12652
11832
6924
8648
3861
172
5619
10732
4961
10333
13573
1139
1751
2558
611
1759
1549
1208
8090
5235
12342
1237
6611
3040
13105
3468
9089
3641
10398
9677
3200
4660
3756
10749
9734
12529
6465
10676
439
7608
6864
664
1424
11067
9517
3689
13312
1114
3609
11752
6412
1005
473
11311
9351
11317
4802
8705
7022
7049
11613
12909
3802
7689
5891
984
6775
4520
8318
13342
13130
5284
946
8718
4578
13277
3536
9130
1457
5823
251
9397
332
12703
5441
4127
5833
59
9671
3581
4321
1507
12146
1651
10312
7639
12606
2690
2195
2663
5159
6712
2698
3707
8959
8424
4536
11511
11724
7183
3181
9977
9985
5589
10923
7645
9420
3617
13197
11865
7215
350
12272
12524
4201
7484
2358
9085
9296
442
7117
6267
9945
7091
8396
4666
9946
10384
5676
13457
5922
653
2612
1222
6242
4687
12528
8435
11869
9288
4811
12992
5147
5951
4778
2029
10361
12338
10832
12519
2633
10291
5225
2464
5157
3083
10017
8250
6929
9119
769
5143
2685
9179
10133
9968
7302
11631
7827
5673
11924
8566
7898
3086
3496
5366
3986
3165
8946
3935
8236
4027
9403
2747
4761
5214
1714
6592
3458
8647
747
11297
3906
6576
2969
6296
4684
10049
11842
11814
4239
13323
8525
5264
2177
8824
5899
12149
1838
7258
9572
11703
12903
3692
10774
11451
5019
5083
6025
11176
10751
12371
9163
13520
4118
1117
393
1641
8018
2446
4668
8118
7462
12036
10816
3554
10352
1262
13129
12386
470
5583
10226
11774
12317
8049
6908
2155
7943
1310
8883
2772
11636
8841
2728
6344
5072
6723
13409
8507
6218
11575
12680
13020
7537
3323
11688
9475
5467
10883
5011
4698
3910
5086
1701
12734
1535
8828
8110
5201
11632
1189
12456
740
129
6335
3354
4867
1409
3094
2724
12476
9557
45
3766
2040
8616
9090
2067
11100
2867
8178
11718
5470
8782
6986
5477
6975
12656
11956
5941
3157
11899
4936
3422
8842
4955
9293
2196
1849
10273
4910
336
5551
1282
4411
12015
10931
10056
6080
13424
4029
6910
6972
2561
1051
11461
10903
4881
7804
12731
188
9973
6618
4841
13380
13538
2638
5527
4756
9990
735
3098
10558
11381
12282
10484
9070
5886
2158
8229
2616
12914
5584
860
9790
11437
8351
10006
8244
6007
7494
11974
10071
4242
2340
10767
3858
423
427
3256
13212
13003
203
10826
4712
2765
4124
4468
9852
13082
4789
12361
826
3631
6544
318
9045
4100
3473
1215
751
7690
1734
9306
634
12074
9170
271
7328
12743
1557
1352
11474
3115
1042
5874
10321
9979
11643
1955
2036
12779
9294
12012
10519
9368
11077
2438
3688
2006
5070
6809
1811
7764
1647
1976
12027
8558
3337
6309
4725
9124
12919
11835
7184
12791
3442
3355
7134
11533
7760
13185
4817
6852
1775
11505
4267
7074
3398
5009
11926
4835
5615
10356
4825
10345
5017
5064
9174
4562
6141
933
8162
9034
7672
6057
2010
9786
4537
11198
13303
7702
5190
11072
1614
2525
8836
426
11961
11975
1703
3634
13352
10498
13086
2163
3290
1326
11838
5694
8419
11972
463
7079
2311
10520
4548
12427
7002
10539
9741
9465
12127
10546
5456
4129
2676
7375
3238
9252
2712
3335
13464
8868
5919
12766
2972
5404
9934
9393
8562
9356
4375
5490
2120
10935
6515
9666
398
1984
8816
8428
7421
2962
9417
10606
135
5348
9278
10118
230
2741
10616
10422
12669
6892
9657
4334
744
8181
1918
8164
13462
1947
12208
7714
5194
8570
2015
2855
13123
13255
5396
964
9958
827
6938
5101
6457
10501
9453
1940
12428
157
10872
2854
6241
228
6348
11031
7589
961
6606
11503
9063
1240
3424
8404
3511
979
12368
11732
4824
11654
6710
3805
3112
4710
5861
11811
2344
841
9313
5571
4964
9082
1466
12720
8602
2190
8062
4101
953
5295
8067
7583
12696
504
4887
12051
8869
10928
10864
13438
6939
6799
7798
5526
13546
3014
12442
2060
2965
13036
4297
10107
6458
9449
13040
8603
6560
4114
5845
2636
9087
12023
3522
2381
9531
13066
9874
12108
12608
6379
4337
6312
327
2266
7891
7326
9307
9015
4779
12432
12645
9301
5585
689
369
2175
8783
10022
11530
6449
78
6584
13482
12236
9016
2832
5454
4327
2550
8547
2227
8054
12737
1804
7697
1305
9287
3009
6286
10763
9653
11690
8962
3082
5816
10283
4454
10179
7425
2419
1341
8011
9614
7570
7983
383
9691
13594
5885
6264
9784
13375
12497
3801
11074
4244
8666
1048
2593
5294
6444
1576
11042
9337
12198
5851
10625
10898
6719
8353
6764
3946
10357
5990
5895
6059
10998
3929
4329
5461
7799
2780
4662
196
12552
742
13009
12029
6900
10372
9962
13416
6019
12675
955
4799
6548
11212
7472
6350
3454
11186
6472
10647
7885
10510
2942
465
9899
4540
592
9318
8344
10362
11315
1067
907
5361
7477
1870
1678
11704
2629
760
10651
6337
978
3314
9518
7717
7553
3113
6703
1949
8748
3052
5650
12644
1795
4168
12102
8940
9125
313
167
6848
3417
1082
12326
12
4845
12900
8627
13413
7895
363
3712
483
6194
5797
5829
4078
12468
8101
6566
4518
8827
371
9336
2643
136
8459
3733
4628
12225
6838
1792
12956
10747
8984
2099
8886
5794
4302
1076
13579
4740
12980
2255
8891
10812
7439
9255
9042
12521
2783
11247
11006
525
1937
1954
2083
5407
9969
3859
1990
7632
7795
8306
8128
6642
6430
2278
7666
12862
12262
9349
10353
19
467
12180
5003
3745
1718
6326
1036
2378
9995
1234
8131
12323
8485
13592
4439
13044
2147
12910
12425
7979
2852
947
11958
2164
5261
3447
10150
8385
10842
5000
12044
11923
1492
11506
2585
1134
12295
13351
12986
3622
1523
9642
7532
5119
1625
13591
6742
3194
8471
3532
5722
1336
9233
777
9554
9997
1668
10339
11115
11177
5610
1432
2425
9362
5651
13502
11468
13593
11637
3356
5714
9478
1058
1724
635
2984
11757
5687
512
13376
6988
2686
5283
7157
11444
13533
11516
10472
12724
2436
6947
12475
7228
12670
960
6417
10922
4384
9427
4669
607
5657
1431
12307
10003
11236
2426
11135
5848
4219
4207
4194
5576
9202
3401
6526
6374
6356
9867
9260
4558
12714
7172
7188
7700
891
8790
11644
8179
3901
2126
12616
5193
193
1604
11966
2234
115
5126
9560
2042
7754
5540
4017
12911
12853
334
9209
11496
11178
651
2388
2123
2194
9675
3593
6469
10545
7820
6067
8662
6927
3228
1852
5285
1401
8526
10513
2844
3491
4749
5048
9753
8634
6359
800
7256
2001
9107
12446
10316
6261
4978
3635
7936
9227
10945
927
1309
4476
1351
1345
12630
9305
11097
2501
6691
9434
10628
12692
13476
11880
4119
7267
5644
10418
12168
2574
9802
4407
9221
5516
13478
12153
4033
9787
8996
2925
4944
2889
1227
12939
13183
4054
6496
4646
5389
9041
11716
4066
6129
7130
436
2452
11098
8120
360
4192
11045
9772
2697
13286
5568
9722
1422
48
9634
1288
10548
4220
4205
8953
6540
4299
11036
11735
7486
4415
9248
7395
416
10391
693
2458
1425
10465
8858
6667
7738
5114
9012
11525
10326
4968
7900
12017
2138
722
3008
3292
7853
11257
7301
4112
2763
7622
8859
603
12242
1459
3856
12615
3148
9612
1471
11402
7719
11874
6563
7249
12041
5917
6579
13402
11122
4398
3135
12339
2553
1577
9102
13599
11916
5178
12593
11020
9360
3972
3776
9682
11934
104
10613
182
10714
1690
1328
4688
8016
8466
9730
880
8813
6640
4180
5234
3042
3032
9627
3051
2152
12297
6037
9905
731
11877
1632
11822
13578
11509
7630
12202
11475
1605
5754
2479
4465
4386
10987
9702
6997
1104
12516
9490
11187
13410
13426
2297
5449
10915
1700
8857
7027
7678
9795
12161
4922
11210
2087
9893
4506
1537
4610
1731
3464
7186
676
8333
9206
3219
4952
4300
3823
7989
6431
13026
2966
4650
1747
13071
6189
11022
6594
1712
2076
9067
6436
1527
8497
1283
12072
3024
8951
1921
12527
5866
3939
5726
6487
6693
7361
2757
9157
2825
6535
12231
9719
2607
1369
8111
8013
11260
5149
2853
13242
9374
1528
4482
7919
9104
3217
5579
6163
12569
2045
10304
6701
7391
8426
11388
13054
6602
342
5535
4957
12385
1633
390
4223
4726
609
1453
5690
6953
5798
5110
12678
1038
6879
12080
12574
1449
6235
2937
6282
11470
1771
8915
10969
10255
11224
2534
404
7901
8830
11962
9259
11009
1621
5979
11184
8618
7940
12717
9779
12321
5819
9898
7162
10221
5300
2635
12711
132
361
8380
328
6977
11804
1380
13456
11128
8079
9739
2343
1958
4169
8786
12253
11352
4457
9401
5763
12742
8756
8303
7984
2505
10396
9249
6657
9043
7817
13210
5817
9758
6559
13304
755
315
12851
2650
11855
214
11846
2136
532
3938
4754
4663
8520
7496
7112
11016
5474
10410
4432
1509
11242
746
7254
1886
6077
13039
2422
77
10433
4412
10533
11079
10039
2222
3637
3666
5811
6290
11112
8300
9160
2050
3404
8963
73
5021
825
7976
4416
2727
5908
4081
5921
649
6598
8108
12983
1212
9544
5780
9919
12940
5038
7912
4528
9405
4044
9832
7845
4757
5049
25
9987
11318
8427
8750
7674
6934
4838
7081
7558
8670
3276
3872
3390
6991
3058
7330
2366
12765
6889
6288
657
12632
9983
12849
12543
13314
12227
10659
13368
4928
8997
6113
7399
13313
12577
7551
9797
11423
10624
5262
909
9384
13084
10972
1978
932
1974
7001
12113
12197
5014
4700
4280
2934
9282
225
9238
1030
1071
8637
2556
2470
9533
8730
10066
4924
8799
5028
5745
10913
12106
13117
8370
13283
11058
5010
8673
5703
3561
2492
10241
1116
1125
243
9853
3839
10098
12356
8822
10102
2958
7848
6583
3349
9649
12679
11091
8297
4363
7959
282
3985
202
4402
6173
7104
9870
10518
6258
13125
633
12948
7019
7548
7577
7464
10128
11084
10834
10341
7237
1194
4193
13055
4553
6353
12178
7819
5418
12982
11445
11044
1490
11741
8837
3796
1077
368
2518
8103
10440
4658
10933
12781
823
699
13076
1503
9317
1379
6907
3026
3425
10145
9079
13374
8420
9489
7670
3490
12457
2472
11005
10427
2259
7015
252
12062
11590
8544
8881
9328
3737
8879
1598
8492
12967
13443
3365
5023
10064
2796
3416
8024
2946
6675
10880
5606
7952
57
12466
8482
8563
8802
5077
2063
11440
8815
5498
4116
2370
13526
2276
10778
9483
7847
6886
6234
11494
12928
4113
12258
3184
11553
41
8958
11861
5755
1729
6414
4683
9633
8500
3758
10416
8477
9196
9567
1764
4809
10437
3537
8387
5969
2016
11204
5186
93
6750
1644
6766
12586
12901
7200
1133
3411
772
7406
9383
11768
6347
12864
2622
8787
1987
6521
3153
397
6053
2943
8688
2236
13120
6207
11222
12383
1765
4812
3216
4622
2220
11921
1689
4787
10170
10738
9548
2749
3138
9310
8596
9409
12532
8494
2513
13602
2462
9742
10843
12337
1836
12359
6387
12559
3048
7986
160
8088
8796
1626
6868
9736
9154
4545
3091
7914
5813
10908
3556
11185
4322
11523
640
3371
3886
2606
6115
1153
3585
5303
6769
3421
10001
3198
9933
11047
1181
7150
4831
5233
11277
8066
9586
3989
3818
12629
636
2384
6263
279
13335
6491
11291
7020
7132
2797
1820
7225
1143
5950
5133
1294
2552
9230
6708
11190
6058
7381
913
12510
10061
2840
11998
120
2435
1586
4133
4513
111
13346
3655
5991
3226
7137
1244
7230
2581
13241
1253
3619
7148
12215
9897
13388
10916
13588
12358
4289
5125
1726
4442
7953
8227
3836
3444
4727
7209
1721
11904
4099
12770
9876
2129
848
11603
1394
6622
5643
11725
679
5154
10974
6585
3811
12959
6178
10007
3899
11588
12739
448
207
13377
6700
9718
5672
4750
7908
2980
11343
11544
6869
12718
5195
7595
13495
9054
7858
4067
1266
2848
8849
10542
6946
7377
12557
2019
9232
7292
7667
8761
5473
10909
6653
7773
1585
13201
11334
3987
1052
4533
8390
11722
3049
10552
11973
11121
6022
5696
1746
337
1008
8992
7147
2074
6257
3928
9474
3065
4993
10930
3507
4894
9187
8887
7877
2791
2621
13465
11845
3615
6481
1962
13173
3857
11990
7739
9009
7726
8814
4060
12865
4608
9186
3942
5181
11622
6843
8909
7892
1455
7005
5012
12474
7342
3978
2987
12858
2026
11753
6904
1600
12744
12315
3341
6672
4433
9598
9821
798
5616
5230
4108
12941
12234
10858
3629
3672
1412
10975
6381
12727
7047
6284
1674
11715
5066
10622
5393
3551
7910
2211
2167
10779
12898
13607
10029
4320
13225
10249
4865
1562
5485
10511
9394
3462
2497
7058
1558
11557
8505
11218
6216
13139
9494
9150
1226
11443
11221
2608
10784
126
3519
11476
1959
12081
3020
1709
13519
2418
285
9194
1438
7629
5686
12762
10736
171
8739
6711
4602
5604
10476
12429
3514
11867
6599
250
7170
2089
4144
3970
10092
12541
6184
5731
8804
8235
2114
2200
2157
4768
881
10827
7695
10499
11377
6180
13207
7182
11085
10377
10375
1337
3771
12621
959
200
5341
11764
1807
567
12255
9501
2710
5558
8536
13485
8764
9644
10444
9647
12222
6562
6083
12562
9098
7218
7285
373
8620
7197
6329
7161
12971
7675
9046
1788
10286
966
1445
9345
8053
7882
1381
3232
12203
13065
8709
9542
9681
8421
8726
8552
13217
7698
2077
7373
4639
9387
2642
9581
5145
1254
4356
6
6536
1850
2857
9622
12460
9448
11997
6943
280
9950
1129
9039
2823
9857
10665
1702
1774
8678
9199
3743
3375
7812
569
87
10655
6958
6666
4450
1825
4138
13112
6035
12229
5795
8089
12599
1016
12752
7539
12944
13544
264
13565
5957
12216
4359
1105
10247
5039
3237
10530
7603
3573
8829
11171
7541
4984
3664
13566
9033
6739
6936
2179
12823
1908
3618
10895
11225
11295
1469
1767
5387
8117
11596
565
7311
7250
7231
5765
5773
7289
9738
8310
1062
1050
11756
8106
254
11896
13300
1851
2931
4262
2530
1629
3154
12602
8873
708
5165
10421
2502
9796
1399
12217
5073
480
1481
8956
3931
10305
8109
1502
12039
10037
5239
7737
7561
2469
2665
9065
356
301
2205
4461
5555
10087
1815
13124
6240
589
12683
8610
12712
9888
8591
638
12514
7969
1261
13021
4676
2632
13073
5509
2944
887
9687
113
4357
267
1499
1313
3423
10140
9504
5843
6796
11146
9392
2566
12933
3445
792
3235
2565
617
13559
6098
9882
3806
1695
6506
6400
9485
8078
2055
4770
12469
11905
3187
1627
1331
6204
4492
7545
278
1255
11049
10412
9607
3555
13126
8853
11019
2398
13564
6753
1271
5807
8269
9816
1256
1046
4919
3319
3784
9578
4781
6330
9463
8738
6779
3558
6736
6110
6831
7514
8431
767
1174
12071
10648
10169
9251
262
1019
5047
7637
3874
9204
7284
736
9270
4082
13432
7556
3868
3006
4680
12993
4557
5299
4763
10978
4716
10117
1505
7815
7296
10893
10856
3240
11139
11782
4235
6629
414
487
5630
7766
11452
7624
2299
11742
7768
9319
2508
156
13539
11888
7862
2577
669
1022
4645
12187
2320
1652
883
33
7787
4103
9760
668
10246
10139
5972
7703
219
6547
6490
11418
3054
12077
9800
1493
5567
5599
11731
7950
1736
1879
598
10371
6303
3305
1887
12054
12817
8981
11889
2880
12376
8486
2957
1322
11056
2774
10740
2487
9523
13194
9471
1145
11197
10735
13401
8194
9885
5060
8845
7446
11734
6475
10568
3463
10692
8936
3407
2589
7032
4629
9645
8825
11319
11854
590
12377
9078
3690
6333
7315
11630
4591
362
2027
8741
5246
828
7181
643
7176
12924
3592
9208
8854
2082
8262
12246
5180
8135
11498
2626
10085
7192
7402
2409
13451
2221
8268
6385
13184
5024
5896
6042
5102
13467
5984
8639
11760
6539
3412
11920
8201
10292
2453
8144
12820
5574
5533
1956
13281
11578
13257
12977
12929
2730
2903
4126
3477
8476
820
13067
3876
9998
11558
8716
11307
9083
10173
11321
7949
6406
498
7400
2546
6501
10550
8571
7144
2580
5196
7503
12658
190
10995
6483
11542
8212
3597
6630
3888
2046
12303
11429
11351
11738
4271
8381
150
22
8425
7902
4538
4753
2355
10496
1382
7478
2798
8010
11984
6743
12440
550
10364
2319
5035
2817
11111
241
10825
13025
12665
2103
5623
2414
2829
4857
8660
864
6484
4084
8695
3441
5674
3804
8961
9076
5656
2005
11909
2440
1286
226
5388
7075
8902
1866
8290
7625
4986
7511
8085
7314
1982
11951
4353
4892
7429
7374
9442
4673
1465
6087
4766
2761
11064
4367
2022
9388
11361
5658
7582
7825
3451
9203
12592
11549
1236
7818
5799
1671
12899
10428
11130
4296
12362
10142
734
462
2739
9398
10144
13428
3064
8791
9519
3544
400
11893
1776
9431
8706
5140
2541
12726
7988
2544
3041
4631
9006
7995
11895
2206
2752
11856
12240
703
829
6285
11882
1035
10717
8411
13229
5360
9776
12350
12381
9261
3643
6468
821
4623
5605
5510
516
10067
6278
7767
2048
5838
8282
10837
12291
600
12065
3255
2839
12267
12260
10365
8899
3036
4950
8679
4966
11088
6325
8784
1608
12721
1098
12826
8549
4848
10587
11737
7332
3130
253
4111
1961
4132
435
8781
3122
10166
6697
9889
2382
8204
3803
6355
12666
12501
3262
9869
3579
1220
7780
9716
1495
4615
4107
2527
3969
7945
4383
12256
5483
6297
9840
7779
3169
4801
10949
1980
5175
7474
2117
2639
5020
3714
1688
7417
5115
6656
5652
9094
9326
12212
1108
4973
7143
7591
10012
5491
10939
5627
768
13370
12874
8809
10950
13541
795
4911
3837
12126
3875
10884
3840
10277
1325
13170
11413
12923
1087
4077
8051
4534
10068
9429
9059
7016
2304
12832
13196
10727
8408
11395
6156
1539
908
847
7120
8653
9005
8186
1522
9246
5986
2218
13337
4139
6474
4832
776
3926
10242
4785
3598
10577
9725
4287
11306
6183
3343
5554
7657
1942
1732
12649
2165
4585
13542
11821
819
7476
10324
12451
12181
8222
1468
4013
7082
10205
13107
3208
5945
9418
12387
2682
11669
7978
862
8642
11797
6978
2913
9311
5877
4420
12845
13273
12507
12796
10108
4552
7048
1353
2337
430
8042
11030
10765
13010
2062
5977
8601
7364
10877
6976
13214
6186
8328
7789
3677
2740
7631
9974
3720
8686
4897
11769
9991
2900
8724
8190
10723
9024
10641
9872
3891
8531
6747
4635
8002
7436
12370
11463
8226
12450
11427
11035
6695
7096
4999
1635
4358
1916
7220
11789
7517
10090
12094
10134
9980
7803
6265
2837
3680
497
1859
5103
170
6255
9189
3683
10672
6873
234
3523
7354
2081
11037
9309
4046
6969
198
6159
9507
4012
3668
5790
5940
547
10619
3204
564
11325
6858
6970
11457
5343
11705
6872
8034
6755
237
9242
4800
6812
13320
5428
3395
10871
12448
3847
7597
7982
7497
8490
9308
10617
9630
5707
4336
13134
5254
9509
455
6435
9664
105
1893
4823
7599
11719
822
10503
5711
7576
9197
4292
9007
2653
11309
10770
9602
6121
6336
2072
6860
8818
8137
6370
9556
6552
8215
12704
13509
12087
4526
8912
2843
10652
5774
11339
6411
13517
2877
5401
4167
3909
7807
1210
6243
178
12355
619
12962
9726
2623
2560
11859
11594
11785
4189
310
10220
4238
12076
8982
9992
1932
3035
5702
12136
12570
6604
12947
8806
8232
5981
13014
7644
7931
4813
11833
12984
11359
13445
7449
7600
8719
3489
6149
3295
5753
2318
6043
2691
4448
6846
10753
12494
4620
3971
12627
910
8145
4599
558
124
9662
5649
5380
10643
9966
9404
1183
224
11748
11938
1951
428
13466
1371
4780
9019
3309
10228
12150
3744
12416
5337
9863
5556
5493
1277
745
4693
141
12176
2248
454
4868
8698
5016
8632
11898
12057
11512
1827
7634
8302
9161
2996
12183
12445
9176
12140
1745
5801
9774
2447
5938
6965
10343
11246
11663
376
13152
8397
6307
5472
9459
10563
2178
8189
6032
3701
13155
418
8475
7922
3550
871
2145
10793
354
11002
10215
9332
5692
10147
5565
9935
5697
4186
11495
4554
12333
9830
8970
12052
3735
375
3630
7042
12996
10937
1168
12281
1902
630
4604
12969
2594
7938
176
7615
3897
9406
10177
7413
13251
3786
3933
1550
12431
8317
3366
1599
9694
5748
13017
7867
3205
2509
11818
2439
4530
11286
1416
5260
10475
1415
4331
4396
8557
5925
13206
11092
6608
11416
4958
11415
13327
13033
5236
872
935
6454
10468
2263
1933
10584
9696
13454
928
6009
4377
12515
12707
10775
9770
4435
13422
897
3956
11870
724
3018
8994
10110
5252
568
8398
3099
4547
12465
8261
12391
992
3373
2166
6973
5315
10712
4030
9050
8657
8036
6133
7985
8488
13350
9550
13534
13449
13330
10211
11876
4675
7356
9000
3902
613
2090
719
9447
9479
7452
10106
6416
6397
12346
2183
5118
7447
6761
12558
8762
8338
7920
4035
12668
10892
2802
13068
3895
9028
7165
5475
545
3209
6829
11493
429
12960
1979
11407
2216
268
13106
17
6717
9343
4874
8444
4739
1504
3469
12761
7424
6366
10581
3535
2160
8276
5607
13159
1552
76
8191
10589
12695
12167
3957
11436
3499
1079
7274
3914
4943
8974
12808
12702
12124
11270
3513
4117
11815
8147
6767
7325
11751
13289
9099
12634
3824
7921
4330
2197
3967
13515
6422
10663
3279
11913
6170
8874
7880
11954
10328
13119
10813
9827
10253
4153
4085
1472
11994
1203
1454
12534
11659
7410
6882
7605
5664
4561
3602
5104
9008
9771
1304
13344
5391
8538
5328
1643
9025
5134
6236
13441
1164
7224
1292
4638
9683
10494
12213
11662
10781
3050
11156
4661
263
5420
8573
8805
8407
11467
5198
6074
2835
3426
3386
9304
3403
9499
10874
1693
5713
8046
13504
6283
3055
32
5901
114
11374
6384
12192
8778
1347
3789
9290
5459
8585
11401
9330
12843
1413
2445
5947
8086
7320
11609
9901
9175
12860
8360
5717
8745
12589
11332
3307
1408
11936
6635
9445
749
11266
3128
2787
10623
11389
5879
666
10885
9605
1135
528
12764
12163
4443
10252
8677
3591
7411
6244
11827
12643
861
2781
4199
8775
12336
13359
1548
6298
1597
7142
1467
13209
3288
7389
5573
7116
7565
10802
1525
1123
12869
7705
8418
6476
9220
3669
13291
8747
2137
8071
12421
1340
3686
2879
6441
12002
707
12481
13142
489
3728
291
13145
3832
9363
1655
5506
11453
4422
11378
8668
12251
1840
2512
2065
103
11163
13176
523
8258
9365
11868
1939
2666
9588
8943
11919
4584
4065
12835
5112
2106
11563
11280
13203
6351
6415
10195
6346
8894
5820
10
10728
10392
2097
5074
10464
774
11175
759
5032
6316
9842
6171
12314
12263
7088
8682
9382
9281
7423
1479
7970
10126
8140
5394
10264
6839
5662
71
11839
6704
6126
10044
11664
824
8578
5815
347
2807
6865
11792
8165
468
9610
8223
4632
341
10844
9491
6091
10419
1619
5082
2490
11264
2660
13461
1927
10894
8911
2833
5179
10750
6861
3180
11007
1653
8941
688
11922
2861
11096
7850
3096
9750
9273
12935
10045
6878
13606
382
8945
9482
12868
9856
13394
10381
1531
11271
338
6817
2347
11531
1251
10084
3670
8760
7740
3453
11536
8628
9751
9110
655
7457
8746
4876
11206
10234
6628
4388
7594
9667
8794
8803
2357
4204
7335
4326
9925
12520
3650
8343
7546
5961
2073
782
4493
166
7849
7073
11765
12426
6105
5892
2489
5738
142
5336
10178
12891
2499
12486
6557
6319
4333
9181
1758
10561
9213
12360
866
12806
5415
4387
1697
4395
6313
8519
7762
11548
5678
8995
3108
5322
13305
6983
11518
11262
11551
6203
8593
5983
1346
7552
7708
2391
1267
4901
1443
12640
8377
11174
5847
2085
11820
8288
13219
2119
12433
7023
1
1752
8661
9071
4672
9851
3825
9668
260
4025
1223
10040
1377
7306
9413
9597
11830
535
13608
7991
6518
2212
6277
7887
11709
9135
4502
8433
1926
2603
526
7966
1159
11745
13468
2960
2252
2088
6227
4525
6162
10517
12061
11137
6903
9763
9670
4349
7317
320
6144
12812
5042
1084
10991
7428
1191
3827
8812
10290
4846
7089
12950
2803
1864
7160
6054
10487
10151
8769
13264
9587
11173
6279
1805
12618
4366
8362
2041
4440
1233
5911
12410
5169
7387
12815
3819
11857
11740
9467
12084
13195
2949
8461
1890
677
3097
10953
1296
7628
4391
5166
4149
2239
3900
9831
8008
3342
6102
8493
365
10941
4198
6888
12613
2795
6827
3694
9049
4405
3005
11312
11357
3254
544
5447
10556
4485
4946
10062
5956
6260
6358
13386
5141
1894
9376
3004
1898
832
6323
8882
12324
8126
1512
6362
7770
13453
12775
3882
1075
13383
2202
7997
6453
2111
10417
7889
7062
2602
10138
7378
8944
7211
1361
2009
1835
8555
2764
9327
6915
3807
6523
1679
3589
2356
8663
9814
6616
12201
4810
12248
2068
4389
879
6909
12896
4959
8950
3121
10594
7095
10251
4478
10769
10103
6741
11118
1020
1073
5849
58
9441
10486
8478
5334
10590
6789
7557
1068
10721
12725
9669
9705
4451
3068
5164
6291
12620
12906
4612
8484
3289
1799
12173
7878
12364
2500
7242
13369
914
8019
4288
3795
3721
11159
7560
6274
6055
11147
10873
5614
10697
9495
1173
9624
9291
8598
10100
12740
13306
1405
8242
8361
2813
309
5508
4090
8967
5670
367
570
7611
9785
10455
13246
1541
13269
8366
4644
5365
13503
10707
6127
5041
8146
12491
72
4829
10698
5090
4858
7863
6233
4269
6952
12879
3736
12179
6948
10703
7054
7283
7271
1780
6447
9967
1534
3105
3765
4960
3330
11048
11687
7772
4394
5995
3962
4256
1784
7205
1029
8711
10638
7210
5319
1914
238
7555
9801
12112
395
4190
5881
1983
1936
3364
12268
2618
1033
13524
604
11559
10996
9623
12480
12859
4902
4208
10557
1321
6167
2576
12588
6914
5273
10833
6688
11902
3754
5666
10243
12824
10875
3380
4318
12500
11949
7090
3932
1742
11850
11771
7456
10069
12535
12822
11959
10115
10952
2841
12657
12018
4209
11883
8219
10250
7275
3568
7896
6492
2176
4621
2521
9799
9903
13163
9415
2444
7604
11723
3312
9708
5791
7035
9818
9456
1964
877
12651
13365
5735
4109
481
12852
8464
7313
6520
10744
13015
6647
2918
4041
10506
13266
4995
9133
13111
13215
8480
7397
12292
11331
1809
6317
9357
204
12802
3509
1162
6774
10921
9792
86
5965
11572
2207
3046
7747
4717
5909
12207
11786
8556
3980
11263
12186
9484
3975
7679
8545
12277
999
3172
9228
12455
11018
10994
5184
10886
9528
995
8412
2401
13034
12141
1044
3821
8441
2007
5288
10078
11763
4659
11817
3466
10730
7214
11863
4481
7492
11878
4618
591
12035
10394
2225
10451
518
7870
5684
4691
3104
11288
4062
6603
5982
1650
6056
13191
9466
1816
4851
6898
2634
1327
4735
1053
43
7
8672
7906
5590
471
10429
2322
8091
7643
8846
12895
4404
464
4563
1691
8889
2230
7579
13536
10887
8257
1348
10607
2480
5528
2149
2096
6188
5091
6467
13223
11479
7233
11068
6205
10239
11582
4225
4136
849
1821
417
3718
10555
11860
10477
11937
10741
4173
1922
12185
13090
5489
10762
3761
9711
2102
13580
13110
4155
2232
12844
9673
8574
13080
6301
4931
29
10059
8513
1823
6920
3697
11410
3684
3344
5968
7993
11781
8771
12331
9129
12003
6511
3280
6389
2947
3167
8289
7004
2412
6308
10621
2245
7584
4606
10268
447
5772
5993
6964
14
4393
11546
9407
5663
5504
3794
11273
6226
8170
12998
2342
286
3843
4218
2312
11051
8971
5750
7270
13153
4019
2052
11607
10516
6660
5004
4446
12814
165
11552
8852
6391
11300
1339
7043
1138
10810
6302
7753
12189
10408
2188
3973
5228
299
13326
6541
1615
5327
12131
5659
9325
3081
3142
10129
6066
9240
1427
5243
5624
4148
846
8443
3034
9219
12875
8998
9744
31
8907
10576
11803
811
12352
1484
3459
11543
9236
5855
2144
12930
10681
6452
3191
11694
8766
7810
330
12870
3510
13180
5611
9053
6874
1198
5207
4423
3951
1088
12235
2515
8195
3724
13405
4040
7923
2459
549
12537
5581
2300
4360
3095
9663
9426
9346
9593
11539
8092
918
5160
10540
9815
12090
2601
3633
10013
8659
5097
9684
4630
12931
13324
4170
10406
1888
12046
5805
4861
11320
10679
6120
11824
8213
1204
6524
2673
5625
10595
7357
9506
10553
6631
9239
3247
13023
4390
6073
11608
810
6785
10671
13535
1368
10860
1520
13149
1205
7238
2332
4034
3849
4226
9147
859
2033
1315
10591
8498
7122
4719
7638
4784
55
1366
7293
11235
3924
7504
12142
2506
7199
5875
7458
8654
1573
4888
308
10313
6507
579
1705
7276
6651
5107
11844
2994
7178
5130
5900
10229
696
6477
6955
6332
9144
10287
9062
13133
11241
13430
10848
11604
9168
7063
5803
957
5914
7006
5269
9532
6071
10014
10521
10121
11355
353
4827
9637
4798
10918
13048
6758
12804
11392
11778
7281
9577
3246
501
12662
9440
10296
10425
13121
1007
7152
13595
11776
2171
5383
4464
11408
13060
11589
1318
4589
4429
1475
8871
6932
5317
8038
13423
8572
12347
5831
4163
10074
8669
8095
1613
10574
5268
11062
10551
425
7746
11942
10447
9525
8391
12328
10130
143
3820
7724
4345
11571
8496
9646
4788
7661
9103
13433
10788
4681
5369
2309
2112
834
593
7732
9480
9847
5008
2131
765
12526
146
394
7701
8600
3808
8237
7721
3494
2184
3336
2159
6732
10149
7485
5712
10376
12330
3410
12206
3497
2071
1367
11287
2364
7709
13379
9122
3512
6364
11167
3501
4574
3141
6041
1247
10773
8798
74
5860
10888
7334
9514
2396
8305
986
8347
4843
5959
8414
5598
5761
7699
10184
12546
4131
8834
1761
4263
4212
4043
11648
530
10782
13070
5124
3954
7814
10713
5063
11243
9522
11329
5720
223
13301
7907
13231
11396
1779
1025
6568
3778
8273
11900
10222
9984
2716
6206
11809
6993
10865
3482
4653
11693
10755
3402
9886
6253
10148
5725
6794
3869
5741
5800
1378
7398
1551
3136
8503
1631
4260
10259
9618
10194
4453
6504
3810
5466
12111
10529
5923
10632
128
1009
10005
1290
5342
10963
201
3695
7440
13397
5517
5913
954
10610
4020
9021
2361
8149
4689
9162
8394
8021
982
3696
6142
11510
6076
2380
2486
6470
3206
5958
11289
12949
3089
6166
1187
6425
6438
4447
7499
3919
1595
4092
8234
13497
6245
3347
12943
5168
1273
10374
574
10112
144
9048
6272
8061
6143
10000
2620
4914
5994
10038
13116
4971
2770
10650
4889
7322
7505
988
12809
9625
4480
7977
8903
10564
3850
6222
6684
3565
6503
9210
3887
3296
11155
4403
3461
4909
4137
8697
7956
11915
9873
8028
10161
4794
725
6063
2051
5783
4311
2146
10514
2696
2482
1370
1566
11788
7416
13549
1516
6844
5862
3627
10378
3308
3731
1037
2437
2999
1510
411
12159
10807
7774
9493
3259
5392
1317
11508
7571
8969
12308
3069
6645
4671
7987
4854
10559
10668
4890
8217
3392
9600
5222
7673
9331
505
1560
7538
6610
7616
6404
11947
1120
13274
4682
8793
4707
7282
6569
3941
2737
5631
10805
8540
4981
13493
13510
4878
13113
12239
8821
2517
7189
2548
12019
6553
408
3391
8356
2291
2336
7822
6068
10618
9279
5818
5281
3770
7235
5963
5850
7470
5061
11106
2860
2363
4624
7321
6064
4123
9348
274
9264
7998
10379
6276
7813
8867
12807
6398
3382
6733
12603
3704
585
837
4806
4399
2615
5346
7243
11157
9629
1553
816
9435
302
2619
13154
8141
10870
2485
566
11354
1063
9064
2819
11348
952
159
923
10962
7018
12861
13429
7899
10167
1839
11927
10586
9289
11795
2056
8681
3713
4925
385
11680
2283
1824
5484
4419
1588
2871
3348
9762
9943
5400
9423
4089
5888
13322
13567
3160
963
352
10030
12195
6586
8193
12025
11800
8975
12243
10588
12223
68
8595
8116
11626
7194
1161
218
4273
11620
10331
1200
6072
2915
10492
1756
3486
6702
9769
2719
2241
6024
10966
9699
5593
3749
12504
10685
13435
538
1330
2303
10691
1612
1488
10210
1744
12769
13193
13447
1393
9700
9386
12642
5405
3645
5962
3800
12549
10123
2812
10731
2669
12369
11911
7844
5213
3248
6863
11014
573
7748
8888
5507
1556
12828
7265
2598
5167
4157
2187
4022
8453
10237
8474
258
2664
12407
3233
8917
9828
7014
12273
5248
5442
8247
3614
9603
12582
2214
5457
2935
888
2954
1687
1819
3703
1972
8113
8187
8906
5152
10478
13160
9648
7871
12301
11040
4713
8315
12554
12097
12650
980
7832
5503
7261
7223
8367
581
12193
9808
13407
5290
2876
7135
12483
11435
5975
1861
5446
3575
11798
13227
11166
4505
4771
297
925
1590
10307
7765
7490
1307
7037
4767
1672
9391
2229
12871
13501
293
6345
10882
4222
2579
7575
6343
8314
692
686
817
216
7934
11517
3889
322
11205
6104
478
5378
5700
1889
5762
12811
11390
812
7433
4346
9035
6221
3056
2375
4069
2032
967
11189
12729
972
10088
6331
2704
6299
9347
9678
7860
3374
12329
12384
12694
5601
2951
9537
9167
9451
8701
122
13012
7216
12889
9902
2100
869
12902
9222
11655
6790
1998
3590
1156
3156
4428
5688
6480
1575
13136
8253
472
4997
11646
9057
3583
2932
5425
11806
8751
3388
2180
4743
12787
7125
11473
12354
9820
5488
10630
1149
1160
8000
256
10790
793
4873
9297
6197
3855
11599
557
10042
10280
2899
3220
261
3740
6762
8819
7227
10081
11234
4305
10270
11777
4304
5244
9798
9212
8800
9595
11446
6822
10288
209
3798
3539
153
9782
10634
1147
11619
1967
11398
8153
2433
9825
11484
597
3137
6027
9848
4776
12585
11489
1565
6246
7403
6448
9710
12464
7304
8417
12805
10709
2243
10585
9952
1360
3304
2324
11750
8040
1480
1833
3661
7694
10201
11849
5123
4187
7471
7654
12049
8885
5241
12937
5834
10804
1186
9561
1907
4088
2477
8208
10706
13046
10397
6847
11787
1486
1676
2353
8848
1571
9929
5515
12047
4495
11038
11172
618
6223
6880
2847
13157
867
2507
4982
10302
4695
8039
4418
7003
8649
10325
7706
790
7785
7450
12539
11799
3822
10452
7515
7829
13001
2808
5050
3518
8925
13586
3958
7344
2133
5052
13531
10136
2279
659
2430
3751
10720
12920
2591
6315
642
168
9709
1800
3394
1917
272
10660
13328
13213
9258
494
6788
1912
3646
8230
306
11932
4102
11344
11021
781
5286
534
583
12335
11988
1300
7060
7495
8241
11053
316
10389
6510
2564
12907
13297
1794
6677
13238
12523
8463
548
1692
3525
3012
1630
2390
12068
4694
9086
10191
10314
12349
9439
7704
4487
1259
8022
809
6388
1049
10070
11071
7390
107
6249
8865
6786
13391
4605
12600
5455
1532
4962
10047
211
3147
5156
10448
10297
11460
2150
6995
1973
4685
8182
7607
9693
12374
8838
11825
771
7502
8895
11779
1249
7890
7253
10664
12841
6573
10052
6819
709
2672
4514
1461
9676
2545
7741
7217
8422
1356
3011
851
1004
10188
1834
7903
12165
13285
7742
1316
3327
1623
9672
3833
5744
1278
11272
10015
9245
4145
8667
10474
11903
3146
5642
8527
7139
2617
3662
88
874
8735
3000
2760
13581
1880
106
926
6365
319
878
6773
3994
4921
11438
5386
3078
11953
4730
13049
4234
4259
9810
3726
13393
9237
1750
7691
5151
3878
5864
5600
12109
1043
3010
5155
6777
11482
7786
4590
4751
10256
2964
8833
137
9072
10168
9773
1097
12673
13137
6549
9584
10275
9458
6471
6461
12423
5265
10766
2135
9695
5458
5078
3367
3729
148
303
5113
10116
5148
1270
10829
1904
2210
4294
3842
3574
9960
2875
10432
5040
2298
8675
8155
5278
5435
9472
5127
11872
8983
6528
6894
1201
12104
10554
13560
11261
3429
1865
13371
5575
10783
7057
10902
5716
9721
4998
2809
8877
9743
4255
12063
7528
8752
10442
2890
3500
10881
12400
13421
3379
3193
1446
1952
7124
9114
1624
8502
6949
1319
3531
1663
815
12953
10458
9665
9965
4775
13063
1093
4176
1950
3884
12927
13146
2800
1239
329
3102
8434
2542
4737
4792
10449
6646
2818
12016
753
4531
1563
1934
7207
13316
3493
11214
7712
10840
1856
4697
3563
10156
1013
9619
6108
11514
5482
9487
466
4028
174
4880
277
1069
9740
9216
5561
6866
5036
11026
6803
9658
12957
5545
5002
1713
7640
11616
2611
7393
388
10262
12162
8020
3495
11013
4976
9616
3542
11985
7288
11766
7310
50
10079
6587
11887
4229
482
11585
2251
4162
13338
10505
11041
5092
3103
12319
12059
10657
2929
6776
4969
12298
64
13243
7573
8968
12365
4587
10926
6402
10772
6209
4616
11675
3332
10536
7587
2815
3964
7606
5381
5939
12218
8916
3241
10531
2793
5733
2524
1735
7960
3124
4940
7975
273
11136
13290
7021
12997
6555
5578
5496
1452
10907
12437
2692
2767
8410
239
1131
13250
7893
3264
10431
5349
5764
1383
3074
4860
1357
4871
2630
11024
624
839
4723
7663
323
12088
1867
5256
2826
5172
7083
3927
8629
119
13171
12946
2377
5910
7509
10031
9218
3301
7524
4172
11293
9092
7879
12659
9396
13051
13575
5037
6721
4050
6963
552
406
6213
3134
9805
11126
3298
11025
7479
2349
5842
11301
7665
9930
236
5781
6082
6079
7897
3163
499
4918
3625
3127
8986
3358
11483
12164
9182
12855
7078
10627
11568
8582
4839
10592
1217
235
331
4576
3188
7776
44
7925
13182
4216
11628
3072
11326
7911
12237
5022
6659
1594
8415
4709
2891
1245
7769
1540
11729
12340
4625
10725
13523
818
11650
155
7510
6744
8635
248
12119
4014
7609
10828
5226
12830
8174
8985
8119
9917
3189
2649
628
1230
2339
7707
10035
6830
7368
9812
1451
11094
12842
1828
9018
1639
3864
7937
11105
11983
11131
3420
12188
3767
8727
5906
10855
8346
11433
5596
3149
11144
9503
8514
5806
4110
11522
12177
1798
8274
10752
10135
1988
11728
1574
11169
2723
11597
2058
9954
9686
10272
9366
4509
10820
4261
9592
6251
614
3093
3450
1014
11249
1716
3905
7500
10373
3418
4651
3100
6464
13385
1211
13357
8826
9247
10532
8988
7086
5187
4270
2814
12533
1080
9846
1607
8336
4241
90
7846
7930
682
12598
8041
11623
8285
9026
6052
13308
6005
5131
1400
12171
10483
9692
7255
2262
9660
12120
3245
9190
853
12067
9334
7843
2274
7040
7562
4497
7572
1103
84
10402
5952
4210
6814
13143
5681
3440
1567
7033
5597
1660
9748
12913
3764
3584
10077
11336
10058
6951
12912
2874
12522
11780
11459
2884
11082
3007
1826
12115
5929
2640
9717
9754
5701
8535
10734
11577
6437
10604
6322
2707
6158
7854
9302
11634
2213
1359
2107
4805
5974
6820
9570
2828
424
292
1065
7017
10569
5734
5108
10319
9909
7196
937
3779
12156
12182
13122
6893
8446
13353
9674
9136
13498
6280
11375
3266
7346
7723
4819
11099
969
496
13093
10021
10369
5835
8529
13018
4704
1148
10435
5809
13577
5005
3968
2151
10202
7761
2491
13480
10002
10186
4815
11124
2824
5665
11089
7038
2275
8626
8167
5395
6270
12693
11015
13109
3755
7917
10696
7204
3211
12833
4308
4992
3540
11462
1941
10083
13204
3599
5385
13102
9457
4438
2597
1410
1214
9158
9422
6439
4791
7596
6217
605
8296
645
5500
12782
3088
9211
8283
5208
2870
9100
5570
5837
10342
8430
3140
9134
9462
938
5520
3229
11743
1862
1669
8197
4343
3943
3013
18
7574
10162
10901
10424
6577
9003
9492
5431
12332
8452
9996
1570
12472
10646
1743
7009
9822
9908
520
3937
11674
1658
3472
2475
3948
3934
11837
7153
763
4703
12518
7236
8027
4427
7658
7729
1091
3608
1101
7379
12749
958
559
6990
6834
1519
8839
6128
2484
6634
366
12093
6193
7531
1948
12357
9764
808
11424
12138
8203
10217
5013
7685
6783
8368
13282
10680
12078
2569
3520
11952
3282
1664
10383
13603
3370
6966
8115
6572
10852
7927
4252
6683
3578
10238
5946
6605
2624
11602
6399
6101
9377
1006
11761
11929
12848
13198
2049
4011
269
1993
265
9106
10470
10423
8048
290
2912
13161
10285
6542
12763
9844
4141
4257
11231
6871
10869
288
7757
3107
8069
13561
6044
575
850
7483
12075
13199
5350
9914
6229
13220
3949
9292
7801
9399
1843
1848
10716
3947
1694
4181
12757
6369
12152
233
11524
2647
12233
1711
8374
13276
5096
5737
5452
1462
49
13488
6673
5354
12774
6004
7790
8298
443
10146
7656
4742
7180
726
2238
7932
2330
4125
169
1001
3252
2148
197
12783
6122
3793
647
11227
4140
11925
2758
8565
12966
8758
11912
11087
12748
3485
1155
4135
973
3287
7151
11819
3638
5882
5594
6600
10027
2308
10032
13115
6031
2044
12597
4372
4732
12942
4718
5955
844
4489
7913
10347
349
6668
784
8239
11843
5751
12690
4018
13395
13442
1439
6097
5085
10057
6885
7865
5406
11387
8225
787
7684
5139
4577
5339
8059
2627
6625
931
2404
9877
1248
4855
92
13463
5511
5437
2851
10985
6423
764
6748
11180
5469
6047
10640
9920
257
13232
7240
9411
7651
9353
8964
5582
8504
12578
12224
4859
2997
12471
1176
3896
9541
11967
11308
3516
7955
10490
11063
13387
7680
7084
8583
6015
1456
1092
6118
3239
13192
10970
12654
4441
11848
2583
7566
11449
1372
919
4307
5699
10742
537
9412
12463
