6998
6438
5148
11588
8648
12588
10766
7266
6646
8877
9913
5448
5389
11406
4380
12081
3414
6307
9885
3325
12693
12642
6782
2885
1119
13125
11698
8561
7846
11557
12483
13402
2930
2315
9200
7401
11982
1437
9820
10575
9442
1623
6443
12158
10616
7829
6665
11481
10122
4072
2423
4073
2452
9444
10151
10839
6846
11524
10134
696
3148
10904
3443
731
8105
2366
11820
12532
8399
11613
13496
9490
3837
3243
8630
7271
12676
577
13409
7194
9061
8011
5400
12503
7694
8633
11559
4733
1191
236
1372
6886
2881
4558
10015
7809
6098
8607
656
7934
2343
10035
951
13265
10853
3714
12738
3731
1827
411
11190
6988
12938
1102
4430
1640
11151
5771
6345
6586
4417
9775
5013
10596
6116
9381
10951
9908
10490
4865
11106
4009
4493
868
12215
10820
13004
13204
4928
6932
282
1511
1043
4549
10123
10703
9684
8977
5427
8582
7289
5178
8469
6170
3652
12333
7180
1886
4420
13379
8246
12972
9414
9366
12751
1208
12519
10339
4435
10632
13303
4970
51
11081
11553
3271
7113
11159
349
2899
6193
11934
11504
8336
9565
12107
10446
7921
1066
6620
1223
4212
9586
5306
4628
12123
6929
7777
11482
8182
608
10816
2519
3312
615
4573
13486
7470
11965
4566
5527
4895
1029
11165
1441
8333
8610
532
5142
5714
4313
7186
8450
5040
13334
12712
11832
10297
6512
8454
8972
6251
9328
4530
7239
4958
9212
13254
7923
10600
40
4553
6725
5079
3539
1487
5913
11725
7065
7722
6018
9378
4806
12880
4952
4037
3323
8240
619
1715
2005
7755
4334
346
3991
6648
12772
3580
6309
959
3760
7838
8061
5661
11419
4397
12581
602
9811
6083
10426
12255
12339
2807
10721
752
399
3029
13422
8670
8673
9294
7686
2782
5848
8381
6743
4873
5906
5633
3042
2691
42
12134
2693
5055
11781
3269
1976
5231
7175
3593
603
1813
1496
9743
8714
1713
4175
922
7719
6701
6471
10674
8841
8912
12985
6396
10657
3389
6445
2838
11333
5531
12368
2186
957
6674
10899
4253
6685
1985
6460
6338
4027
1869
3249
7167
8256
5363
2706
810
9884
9620
23
1937
13201
4657
12277
6675
13013
8300
1749
4267
4390
12128
12813
11263
1127
6944
11512
7433
5166
7445
2828
4777
8172
8148
6952
4899
4810
5041
3048
8568
4154
11324
13504
5856
11094
2440
2642
11466
156
13567
11945
9614
11093
11716
8737
7902
11677
4922
9368
7268
1096
6046
10755
5474
7918
10748
1267
3077
10792
3003
8634
4226
11569
9350
12994
12521
2997
10115
12284
12484
2430
11614
11436
4060
4067
134
8826
553
12196
9518
8462
12227
528
9364
6026
4259
4704
11836
12195
4737
5308
12395
264
1478
6922
11696
3110
4750
12232
7501
6257
13369
10246
2114
11923
6633
10801
6189
5398
5495
11142
1268
1121
5442
4143
6260
3622
6221
7718
10466
8778
10024
3936
7125
10688
12891
5803
11102
6943
7161
5095
9579
6551
4708
6287
3281
12401
4605
5409
1292
12848
3038
8763
5360
3562
3355
10256
4613
6631
7166
2609
11639
1908
4215
13559
5530
1595
401
2651
8715
4245
8356
1408
1791
327
11469
9441
13314
10670
7079
11392
6530
8493
10497
13153
3366
6550
7707
1313
5990
3200
6693
5062
6972
10723
284
12259
6520
3357
10349
6571
138
10870
7674
4276
3929
9190
1454
1009
5790
10465
6066
2647
1877
1000
2525
11110
12436
6314
2056
9375
4520
12560
9612
7587
6142
396
5773
12989
13226
1161
5652
6793
10108
11498
2954
8908
13405
9561
4170
10921
1306
8252
9420
1073
7395
10689
2019
2547
6431
10727
3390
8572
11592
12663
8795
8807
11000
3854
2136
955
8445
11513
3609
601
4187
12031
8818
660
2362
12801
8001
2588
94
9696
5453
4992
276
3933
7400
9253
1647
234
13451
9531
530
12750
6331
9130
3924
1290
1988
7306
743
12625
13457
3707
7803
4409
10859
10843
3747
12545
10995
11191
6767
8724
1585
10795
8757
13144
8983
790
709
1938
1040
8350
7523
681
9507
7959
11145
5635
4122
12356
919
12604
13518
10250
6688
3869
1433
4499
7334
12437
1546
10505
2684
11561
7295
10740
3169
407
4697
10169
2255
6227
318
82
1838
7818
12731
2453
1287
4292
1443
4090
8340
5852
12475
2936
8645
1350
4666
5188
5641
4416
12822
7703
1056
4051
6213
994
9185
7020
6111
2939
8191
8987
1389
11865
190
12197
11095
8595
2801
4437
7270
4287
6525
13602
5927
1658
8606
4971
6814
9987
10389
13361
4692
10430
12912
3064
6426
1745
10965
12968
3863
961
8999
7429
385
8271
9039
6949
10771
6376
2057
4690
7155
7798
3680
5469
7177
10981
12366
9938
1801
5043
8946
2940
10633
6324
3594
1667
1499
842
12909
12586
1940
4223
387
1312
13289
6614
450
11327
3013
5557
8695
2934
5356
12566
3554
3907
9522
11060
11361
5764
6955
7883
12457
1796
12993
3808
8967
4953
8869
7021
2712
7428
4481
2119
10012
7729
8702
12113
2050
573
6477
3412
8655
9356
9548
10195
10767
2410
10957
1112
11038
6500
1296
2373
313
8147
4519
650
12443
5085
11575
12283
4078
10780
1830
10475
7144
5027
1404
5154
11251
5141
1723
5804
7592
12699
12528
2731
10752
12048
5081
1841
4997
1911
280
7949
12186
5850
4655
10325
1897
6207
6508
8936
12722
11304
1820
8554
472
8985
3851
4854
11321
12297
413
3004
9571
2425
1239
12087
4107
6851
5361
8530
12075
5924
11657
1257
11777
13290
5877
3141
8446
1513
9369
12898
285
4793
11589
9894
8873
12549
11088
10380
8614
9338
13470
9194
3804
1551
563
13015
4070
13366
6194
2113
7684
5307
5237
2752
5580
2793
2400
2328
5672
13148
12494
12180
1493
11148
2526
12385
9343
11347
286
12364
5723
388
5072
8094
3394
3678
2984
13474
7600
7614
2529
7370
7738
7360
9580
12162
10383
13012
960
5364
3891
2565
9756
2106
690
12411
10483
11797
5335
12843
1803
3828
13603
8422
5207
3951
1730
1968
6359
13384
4839
4923
6134
9195
8238
2862
4457
1904
8927
229
9167
11549
8617
4413
4407
978
5480
12961
5225
11213
1345
12814
11723
10719
9738
11533
12759
5214
13342
13325
12788
13272
5579
1559
4695
2189
7760
423
203
4571
12559
8612
8212
2888
1446
6839
10661
6097
11259
8736
853
5871
4931
7033
395
13121
7297
1167
11501
12100
8044
1175
8156
2575
9761
7392
7172
10268
5630
11120
11660
1705
10804
1582
443
10133
8082
279
9388
9804
1961
10429
11242
3777
3294
7767
5683
101
2204
7669
10736
8680
4273
10228
13478
492
11587
2680
3109
5295
4545
11247
2775
1340
3737
4043
9468
5332
10556
442
13113
7209
13085
10398
12041
6880
721
6294
7796
1180
6892
4308
2590
10479
13594
9053
13372
5853
11864
8054
9374
3309
685
8108
12221
334
5229
2710
7940
10918
2149
8708
8649
11719
11277
1068
11680
3599
1144
11180
1006
3960
9554
4034
7486
8236
2457
757
5904
8062
9732
6184
7849
6866
7100
2964
11052
2426
663
2496
9850
2787
12290
12955
789
2834
2489
12971
11954
2597
3871
1993
5917
4885
6073
8081
13191
4586
73
8768
6989
11153
4731
7121
1036
8371
195
1157
4186
9594
8500
9160
6054
3524
8014
6011
7929
1486
3801
2195
7757
228
1186
676
9754
11114
2994
11254
6410
5315
8194
2729
13609
6002
11452
3454
7534
12388
10192
12720
9881
4683
5842
8020
8947
4599
400
10443
9682
6923
10747
9583
10357
7847
8781
7580
12634
13132
9256
2085
8026
1383
6481
9330
7866
6872
1532
2617
12295
8343
3393
4248
3806
3386
5711
11609
4871
10553
3857
1368
13517
10844
11539
10569
10749
13484
3946
5963
5076
3408
13245
2435
10811
12305
1864
4943
12352
11733
1995
4789
13098
11803
12617
10127
12900
11204
5161
9654
12594
6353
8448
4565
6176
10680
2702
4662
11837
8306
5847
1972
10178
12307
11298
2576
499
9740
9611
10018
8264
10163
419
8457
9581
2781
7103
3805
11962
9261
516
10624
8799
10963
7925
8851
5838
5830
5501
12982
659
2879
11457
2907
4611
8089
8857
3279
5768
3943
11683
10673
10908
12823
10879
10301
10791
11646
2679
1142
5413
11922
1041
3288
1805
10710
6560
4654
3585
8075
6756
2637
12997
12505
3227
1143
3977
13468
11305
12768
10559
4321
7274
1891
1498
8949
4088
4741
10470
5895
8902
6150
561
9041
2803
3032
4652
11932
11362
3455
2495
3365
7541
1011
11073
10212
9705
12469
11611
3302
12553
7590
6165
8870
3624
4084
12269
13434
2082
6202
12495
4509
1564
8691
11212
9513
10735
9101
1421
5345
7221
2215
13575
10677
11833
2264
394
5510
1895
626
11528
509
3670
9006
11465
1397
6797
363
3127
5093
6475
13123
11990
12547
6813
1608
6532
13370
1376
2911
10639
4162
3926
9906
9480
10763
12776
5529
2404
2558
11867
1439
6494
3918
5621
13294
2246
5349
1816
2042
6440
2473
11779
218
9652
11484
8945
4345
9401
3625
11541
5654
10184
7117
11581
2988
12471
4189
12903
11423
5622
10067
7136
9943
822
2967
12209
11597
4584
6222
11944
3546
8157
7712
13064
10213
4840
1022
9132
8820
8652
10489
887
8997
8889
3886
8003
5286
12327
5985
9922
4249
177
8339
8140
4365
11354
2991
9145
10105
3473
5168
13308
6155
510
10032
9237
4443
8324
1703
2130
6028
6604
9451
12572
7699
13601
5109
881
12468
12615
7978
3631
10549
1325
12462
5947
10925
8706
9227
948
9299
489
4712
7176
1107
5756
5834
12637
6859
873
1244
1222
6107
8345
9919
11787
31
5517
168
9683
309
3770
12077
7004
2450
11134
12932
169
4703
7564
4442
11497
12748
859
11435
7062
7903
6482
10789
3838
2298
7690
7553
9928
9264
3165
5092
8487
7754
2209
9703
1301
11740
9545
3712
11096
7102
11316
2282
8401
3814
11641
1629
7885
537
11645
12454
11503
4560
13045
9541
7061
1444
10952
6799
8234
4497
12883
7806
2574
11170
1134
669
6667
10733
6521
3223
4693
1570
7565
9416
344
7739
10544
12557
9955
6781
2681
2593
11357
5430
6904
4335
9284
9171
13063
3794
7543
10367
5733
908
11306
1422
940
6749
9177
3051
7057
12003
6712
2241
1386
7737
3400
1148
2537
2992
5614
7994
11348
5465
1154
507
10343
3282
8921
1719
8640
6738
3258
6166
2635
10604
5321
3547
11099
7595
13175
5165
8386
5728
1875
1210
6990
5932
5103
11970
13130
8583
10255
7315
7060
5664
5233
1504
7380
1481
2232
2152
7047
11948
11605
3897
11668
9610
7223
13026
12173
5561
12302
4675
11123
2329
9771
6238
13142
13162
4382
10101
5682
1990
7368
580
9288
7248
5449
10208
3008
4876
13600
3093
8924
5279
2648
11576
7888
2043
2167
10069
9301
3115
6640
10885
9647
3464
12082
12387
5869
13509
13227
5351
8817
1065
5015
8227
9086
10590
3377
5656
8756
1798
4752
2421
9573
6325
13414
4722
3682
4535
150
9742
6391
11418
12304
2474
13278
1039
4201
11078
6215
9234
1973
8133
10223
1660
6239
1930
306
3697
824
8032
5054
4680
10061
1771
1010
3840
1225
7149
11823
2059
308
9032
10750
1083
6967
6592
142
11917
1343
8905
1166
11002
13452
12404
11261
3164
10882
3501
11941
13360
11187
4195
13315
11761
6660
902
9882
296
28
5543
1099
13305
8623
3768
1333
7372
5224
8211
1778
3916
12212
5655
7559
6186
4630
11938
6120
12109
13083
12727
3791
9575
8179
7740
850
8224
11568
10782
11279
7555
909
9285
5215
3513
1072
13003
1451
7702
9508
1332
10041
4138
3892
8222
7544
5540
3510
6085
3493
1419
2289
6212
929
12857
9183
13053
8122
7287
3809
6557
3322
9170
4521
0
9138
4517
11444
6418
746
1702
11710
571
1752
9506
12331
6144
1431
8076
12038
2649
5227
12871
1953
5131
10990
5606
1224
4529
3347
13176
10050
10543
9668
7010
1449
5726
12754
3835
3604
3047
11407
5223
7842
3755
6983
11160
11606
6777
12272
6694
12515
4634
1793
11056
2501
9425
131
1464
11211
478
1952
9584
12465
6361
12448
1779
11339
2347
10414
7347
13224
8976
3254
12859
13060
12252
5571
812
3496
8920
3306
7473
5897
4897
3488
1203
2929
2686
1688
11285
5112
10926
3303
7388
11536
9362
2157
2921
6273
12795
10878
13563
9525
7039
12367
10650
6638
9689
3586
11821
10110
8080
10685
5158
3143
3206
11869
6285
5446
1447
4134
7478
10666
7901
10854
5746
4086
13522
1246
1044
5912
9842
6210
4362
1555
9964
3283
6822
6938
3228
12941
10452
9242
8043
720
2783
9736
10664
1773
5892
1878
4522
3988
5873
494
12251
295
1759
12717
3031
2174
4053
4466
12446
9169
11185
9720
1326
6869
56
9866
12169
3708
7336
5755
3397
3086
11815
7111
7477
12954
7843
3022
13035
594
250
10886
359
11315
350
5868
10944
13173
7607
3877
11221
1399
10774
5134
6873
13288
9399
10822
4089
11775
3658
728
12760
4907
11678
6700
3261
7618
11281
13543
3870
7751
9799
2745
1185
4164
7156
7390
64
5721
12904
10645
9317
8440
9126
11633
1466
9307
8004
1260
2767
6722
13111
11402
372
612
12142
8961
2245
3285
2975
5194
75
4540
1868
6775
4939
8237
6718
1949
11544
7303
4610
8827
5885
4894
9029
2095
10150
4015
5976
1823
8
1426
6038
3291
6732
8059
6668
3359
11986
8072
3846
4307
1440
3954
10739
4537
5177
11353
13317
2639
8303
3607
10581
10910
8131
8213
10173
11981
11137
10130
11010
69
13231
2900
1168
9102
9890
5598
7780
6790
11664
548
935
1288
4779
4386
6013
2395
653
6012
8321
1303
11319
2088
4757
10244
12435
5779
7700
5981
10851
9247
12877
339
10855
4980
11143
7041
10224
12314
735
10338
1394
8739
7763
11460
4869
1458
3284
9648
6364
9042
6653
3627
5515
855
10222
11943
10318
9158
13163
3573
702
918
10765
390
8749
165
739
12147
7665
3504
5731
9552
11374
3245
213
10312
2210
6292
2890
3499
6379
5798
6909
8112
10269
4596
9063
6463
815
8784
12094
7059
958
3354
3736
7466
12851
1550
5569
7225
2854
9863
12965
2402
6291
13328
966
6299
11754
1430
5677
6706
2434
12344
8482
10375
13494
12692
10144
1650
8050
3257
12415
3560
2705
10510
4941
6552
6883
8665
10102
365
11622
13219
8853
13241
6145
5581
10384
7037
3174
12390
7052
2779
62
8461
688
10045
4105
3881
4326
12775
10607
174
8564
9983
10117
9173
11450
2953
2780
10187
2303
4209
2244
214
8367
10799
6643
9153
3373
13242
5592
7667
9222
13364
8521
2848
355
10595
437
9649
7615
12257
4456
10914
5074
5352
5858
104
8938
3945
13105
4049
9532
9901
6704
3643
6492
2327
11619
6421
12476
21
551
1696
8717
10848
13304
7764
10602
315
3287
1308
2820
323
9176
12974
8379
11618
7631
2941
10778
2367
11108
7964
8299
9515
5841
10020
148
2055
5278
11370
10166
153
4788
61
7294
11133
9054
10502
333
10390
11426
7944
8312
6308
6076
11372
10388
7188
9459
8563
6082
3407
5080
3785
3251
9393
5090
6264
5157
9974
13339
5326
12224
9027
8058
3531
12942
9040
4240
6335
9025
12114
10897
718
12296
3416
9028
8656
6758
8751
9251
12329
5213
3583
6568
199
5252
446
7201
2908
8501
10444
7898
338
3802
5325
3650
4282
4735
7586
13439
10280
12916
5337
7759
13261
6634
1824
1024
7406
11608
12917
12575
13564
7242
2683
3844
12670
1363
8019
2582
8142
13501
9024
12546
2278
9886
1933
106
3097
13209
10745
10076
2465
9794
1789
4360
3823
5780
12420
11818
13182
6237
1517
4929
9623
7489
12229
2812
6086
4976
11687
3070
2331
3783
5368
13065
10880
2187
5801
299
6355
10457
6266
9349
1047
6741
7003
2150
8481
10382
4824
12623
3106
3100
9702
9691
1128
7362
10005
1123
4921
6502
4623
3908
4632
7053
5865
2884
13427
8190
2192
2835
1469
3055
11003
13392
8369
5564
10137
12708
6332
8005
10491
13310
11817
4707
9016
11004
3062
97
12095
2048
1460
6579
5839
12337
8086
6452
10329
9995
11013
1996
4171
4725
10901
378
6914
1
10889
11107
9899
4131
12781
10377
6326
2013
7104
8119
4768
6322
11635
12585
7073
3790
6208
8823
2340
7930
585
2866
3938
1109
8809
11860
11062
1266
11738
1844
10194
2408
1909
3431
4025
8209
6913
5302
6673
10263
11378
12131
6286
10051
6876
10832
430
5767
10404
1353
12765
7311
4341
8932
4842
7515
7302
10091
70
10335
13141
3092
5159
4179
9120
10568
1724
2213
4972
495
376
13570
13520
9812
457
9557
3434
1642
3139
6630
4269
7314
2896
7215
3587
10761
1110
2751
5160
8609
8794
3717
1274
329
10435
4247
8566
179
7793
10232
3356
10083
1069
6042
9664
9395
8531
4804
10950
12247
12369
8867
13445
8689
6760
5572
10366
13183
11200
5393
6724
11888
11405
5617
3132
10636
12451
2959
3633
1410
11289
2673
7469
6340
570
6581
10238
11535
12357
11519
424
1728
5365
12183
7854
10387
11599
9997
13263
10572
3843
12057
4663
12407
4932
5518
11129
2054
4431
9975
12962
9454
12740
7678
4877
8866
1152
13354
10547
1456
3368
4775
7507
4402
10242
6723
220
10022
1028
336
12926
2810
6491
10344
3264
6113
4996
9276
1810
5504
2979
8430
12432
4729
5974
3362
12140
6695
3508
10125
6937
6035
288
8285
8543
4771
2612
5940
1357
11959
1613
906
11684
8123
999
12135
8771
1174
8136
8232
5781
8311
7472
9302
5249
7480
8348
8244
11506
8556
7624
6993
8725
8065
6819
13482
10637
729
12045
3304
420
839
6603
4421
13309
7717
1701
8471
7826
1621
11428
1091
4299
2658
13116
9497
11753
10577
12905
7873
10176
4036
12450
4647
6234
569
9765
6078
2008
9673
27
4426
12270
2733
9390
1030
5778
8658
4679
4830
2122
9139
8792
6960
2795
2422
10551
6672
4512
4087
10788
12970
1633
379
2277
2725
1668
13388
4496
10969
3677
3345
8800
5275
1355
219
2040
4258
4780
10241
2634
3292
7832
5948
3105
9624
484
2956
5840
3060
10378
9844
6090
1628
2700
1209
10014
12218
6047
13477
9834
6306
208
1278
3138
4672
520
8063
9258
7980
2231
4454
11412
5410
8012
3979
4018
12841
10494
6014
1646
12150
837
9118
5059
7611
1709
9363
12161
8223
10202
10441
3645
10516
12434
8754
11274
11012
11984
2229
3144
7574
6865
10141
12656
13555
5589
586
11841
11366
508
12936
7758
2151
8373
5203
4627
6017
10204
3067
5943
5944
1630
11760
7417
3259
9991
4711
898
8029
9077
12317
12837
13373
7663
3588
10059
5574
989
8414
10746
10557
9269
7324
5259
9783
4592
5650
12659
719
13250
5861
11914
11776
9663
10687
13320
9829
11952
445
4301
714
7817
1766
9693
11662
2804
3900
6337
4351
5206
10019
12393
10757
11059
950
9878
4826
13212
5180
7204
7291
8628
4014
11615
5639
2228
1518
1603
7414
1468
711
12774
391
10142
11885
12222
10631
3463
9891
4523
8986
9755
2788
303
2466
12185
3528
8214
2719
8984
4659
11076
11564
1736
12967
2556
2817
9845
944
6731
11152
1616
8085
939
5070
1160
13216
10486
7219
5774
1170
11068
12783
1674
5893
10458
5593
13199
1273
2559
2778
9666
5952
4095
6958
9774
11505
7216
12794
12583
11403
1634
10216
12664
4668
7575
9833
5288
1648
5174
825
9909
3030
8496
11585
406
7361
11125
11636
11601
6138
1108
1815
5992
5744
6871
7805
9151
3657
2446
8292
9298
5037
2995
5003
4721
10535
10675
13081
7681
11824
12849
2368
11907
11201
9306
13043
9796
7979
4835
10566
6804
9473
12414
7048
3666
11868
10827
5987
10154
10221
3505
11381
10407
3010
10937
4422
4065
13306
13150
12850
3912
254
769
2938
3428
875
6957
3447
11367
986
7257
3779
12166
7496
10257
11737
7874
1914
10565
8560
10514
12913
2918
8485
8597
777
3483
12171
10887
13466
3698
12868
10275
7358
2903
6597
8015
6965
5964
7348
3361
9776
10048
12177
6339
8669
3766
857
8571
11074
2619
9559
7516
1593
10785
11325
8168
2743
6179
2699
10643
1264
2239
9156
393
74
10266
11422
12359
11849
9989
13186
7528
1445
1767
7350
12321
8793
9602
12188
4799
2523
8811
856
12062
4054
3146
13262
281
5698
5565
7234
12096
6403
11734
6373
8567
2039
300
3211
2882
1265
11087
6169
8598
3005
2393
7399
2989
13336
7152
4327
418
6010
8510
9690
453
4094
10900
9560
11871
526
11231
7848
4026
2324
6296
12011
314
8540
6556
4061
529
8815
4893
1531
5130
1666
8833
3021
8342
3535
6363
5923
7520
2982
9481
274
7542
12875
12275
5554
1256
11729
3071
1025
9345
8832
4324
10691
12301
10299
432
12510
12430
10023
4866
6000
3552
3830
2552
3480
11546
2830
2973
13082
9461
2613
354
9739
4742
6750
13374
2139
7661
7577
12975
5244
6044
9225
11621
5387
674
1882
2251
6387
4371
6320
238
10016
6268
980
10884
2146
7535
10576
4622
4689
7251
5276
12019
2872
7853
13416
10534
11034
118
6677
8146
3784
3027
4790
4293
6390
2769
1680
12934
11337
891
771
4066
5374
1521
13330
564
4278
8899
2950
11053
1987
1600
2458
58
6255
700
13264
2766
10114
6729
8393
4314
13400
10191
3584
12311
12059
9576
10847
8118
10333
5048
470
13137
191
4388
1948
1733
10400
816
8165
3190
9734
8269
11985
4035
11186
10927
11288
6825
8636
1994
6774
5017
6447
7067
9034
7419
9646
2664
8989
2337
6649
3339
255
10831
11578
13397
3202
7910
10773
4423
2155
2052
5806
1528
12090
7424
3646
11743
3321
13244
2044
4563
4130
11516
13134
12584
5552
9730
4184
8150
9626
11838
7872
4192
7097
8155
3750
9403
9713
2955
13547
8387
10456
5035
9248
4123
11793
13510
12950
3388
7689
3348
5851
4645
7922
9008
9798
9082
5061
501
10352
9773
2355
5866
6835
1986
10155
13028
11788
11416
10371
12542
10197
1910
11600
10436
12202
8295
7014
3833
6372
4831
2023
12703
7029
13089
2892
9831
5167
1732
4966
140
4756
4705
9406
3494
1686
8719
4738
5818
5674
362
1490
12005
3512
8529
11495
11443
13114
10987
10253
4926
595
12673
4556
6119
13386
11527
10439
11192
3789
8329
3516
6697
3009
3205
9428
8419
9067
9310
11241
5551
9805
6282
12853
2302
10835
12362
2666
5805
7547
5373
5933
13230
11895
3803
3734
4129
5292
4394
10360
9970
11850
5679
6759
13531
3341
5519
4825
3702
1874
9931
3346
10227
8504
3140
5936
9823
11092
12122
2790
2916
7875
12008
11526
1890
6936
2860
10829
10330
1358
12852
6196
10692
3875
806
11930
2675
2116
5748
10369
3128
13161
3360
7735
2032
2321
1417
953
8672
4124
5428
8906
7
13536
7038
3723
45
2553
2638
11037
11290
8296
13523
11650
1956
9737
7191
8883
7119
10286
7396
7454
5324
3239
4459
11839
12928
6201
2927
1533
10447
5192
5662
2969
12260
8141
310
2711
3449
9870
3855
7160
7299
11220
2154
4811
11626
1395
11880
13171
12846
265
12666
4755
1834
3942
12803
2295
441
10493
1772
12643
3409
3026
8747
11925
4900
6315
10751
12338
8265
8442
2633
12925
12084
5467
3939
6117
698
1847
2376
5312
8668
5216
3028
3772
4228
10285
6293
11006
2439
12124
6878
9921
10588
2170
13419
6870
3556
684
4649
3102
13597
11912
2326
2889
1811
4807
9529
5862
613
11500
6580
3741
9062
5760
6115
6129
8822
13454
13505
1450
2604
12051
733
12286
3080
3620
11258
4951
6569
11509
11758
9009
2548
5710
3603
677
11901
763
4097
3514
8743
12870
6996
12013
6063
12418
4505
7634
3215
7009
13322
13047
8960
11284
2191
10290
9218
3764
9044
7058
8558
10010
1858
11768
10140
3142
800
9963
9046
13168
524
4213
671
12164
12023
6183
12419
7537
5490
6657
412
9926
11147
11870
13211
6062
13217
10267
428
3522
3410
8762
9093
8963
1298
3699
6049
7443
9206
12864
9143
14
13069
2432
7426
7527
7310
3577
5694
6434
11474
4400
5140
4723
6439
9994
7387
3415
13159
4303
3925
10064
2580
6071
2443
6915
8601
13157
8876
600
2247
5378
11706
8042
8701
12978
8125
4434
6680
9304
1282
11411
11174
9941
3688
631
1936
840
3725
2598
8187
3551
12906
2123
3598
7416
10875
12441
4056
869
7680
7552
5523
6912
11919
8534
3324
7621
8981
26
8618
13193
7747
7150
4718
566
6710
6139
3608
6935
3572
3685
3642
1867
13562
11
5629
2158
12078
6593
9887
6242
11651
4983
9550
1176
2022
7288
10262
12266
4696
8036
9958
2467
8931
3515
10320
3108
1679
13481
11184
7879
975
11921
8198
2129
7028
5234
9467
7952
675
1098
8738
1981
12472
13540
462
3183
5067
3157
11309
12488
1597
13174
496
12568
809
6984
9336
3170
13178
1474
4591
6147
11014
4501
8611
4525
5253
4590
110
55
2259
5383
755
9376
3675
1563
8405
10563
5651
10996
1053
1125
2491
8309
9321
10358
6817
1050
1740
10337
4440
11427
7365
7605
13515
164
7056
4740
10734
7006
8139
4891
2570
10311
8048
5634
261
8578
11005
5595
5106
1654
10008
13160
7514
5150
38
352
3534
4838
5789
6644
3153
10283
3326
4618
328
10737
12736
5699
6812
6081
519
2628
10095
12427
1698
5640
9563
4227
6470
10379
1275
8263
1548
10356
2512
9137
10017
4231
8770
12924
2455
4016
6860
9846
2225
5811
7588
7512
2653
6351
3974
9450
6162
12805
6757
2199
618
7823
784
9201
2753
10861
11745
849
5071
3876
900
10052
5988
11598
9246
13326
5939
879
712
12520
9793
1888
4322
1761
13411
7720
4564
2599
11103
13590
7992
8950
6388
7213
1476
1871
3430
2871
4594
3910
1405
12313
2382
1184
9335
13232
12951
3226
6549
8151
11840
1156
6582
13404
4044
7529
8293
13057
1920
4080
5911
4887
10284
8772
13051
2104
6261
4660
7332
7746
6256
5126
7007
9023
1131
210
4040
11488
13055
2330
6466
10992
429
4147
6156
1147
6449
1848
4841
11256
1939
3317
10603
4770
1556
7385
11674
8318
3529
5958
8760
5421
2250
841
6947
560
2906
10708
384
2520
12110
1734
878
12602
10722
13127
5946
12777
10135
4820
13034
4665
4336
5117
4562
801
5098
5829
3679
4536
5582
762
1718
5248
7897
10552
5951
11105
5765
13280
5299
6079
6826
2703
3811
4230
3151
5339
4495
263
12770
4031
9057
10112
10533
1420
13350
11238
13532
12079
9318
4202
12206
6995
6021
7436
1276
11940
6091
4444
4616
8900
11178
1812
1020
13252
13408
6980
12514
12718
12654
767
7281
590
1291
9564
1453
4083
9
2944
10807
12253
3465
6831
8692
758
6198
1080
5370
8971
9680
2317
11829
12998
2015
12733
860
7582
6180
5929
223
2433
4294
10713
792
8783
1866
1324
9889
3220
6118
6185
9768
10934
12831
6405
3957
4515
8176
13225
6566
13062
2851
249
11525
6075
245
7411
579
7683
8497
11502
6666
8557
704
3721
12628
11318
5219
12126
5588
10292
5111
4029
6538
1314
1033
5886
12600
10143
8453
6986
2562
3771
6845
3896
534
11451
12108
7677
207
10252
7858
8842
3484
9782
8901
2401
2678
5738
710
6589
2815
3161
3530
13078
1204
705
9279
2701
7954
7122
8910
6574
9504
9241
11656
3922
13036
1238
9069
983
13151
2375
1576
4375
10983
9463
6031
1606
9262
8512
5609
11977
4547
2020
30
1349
1318
5878
13469
13401
6829
10644
10527
9411
2656
11446
699
7497
5909
5264
6635
8626
8761
4277
13595
2724
2527
3748
1075
2099
9728
2182
11043
7277
7701
8097
9779
4369
6498
1856
3459
4646
3435
799
8944
823
9729
4745
5132
9108
5583
4880
11154
13367
5855
1747
9239
1334
4803
8360
7622
1545
4242
2416
7105
11101
8696
3882
1007
9357
10492
5815
1673
6473
6629
10495
11663
13296
11924
7133
6930
12228
1638
2236
72
9373
4884
3023
13365
7697
11230
356
4919
8592
3436
161
1659
143
9189
12102
8819
5301
7820
10009
1317
8688
583
5262
11313
8850
12493
2846
2540
11827
7016
8443
9410
10295
6016
10482
12537
8193
11993
2445
11594
3602
3638
1821
13129
11216
1562
9791
1959
10679
4554
1243
9628
13086
6639
3913
2697
7000
7567
10866
6368
11891
7109
6298
7335
5477
12796
5254
9868
1396
10716
2166
12154
11162
10235
9184
6671
10986
9292
9432
9631
5957
7422
3405
10303
9688
2650
9599
1471
3849
5919
10769
5028
11659
4465
2283
4717
5353
6705
5703
4266
10772
4719
3107
3769
9397
4368
1484
6734
12713
5900
2694
3865
7210
8161
11228
2381
11853
67
3173
3349
7189
9482
5660
11441
2551
7448
9875
7340
267
11121
3364
7511
480
12743
8801
1412
9912
831
6399
8395
1262
4452
773
7941
512
273
3156
7892
6699
9980
10488
5537
326
4994
574
1429
5280
13572
13463
12439
4183
12103
13569
10393
13249
130
5759
8159
12479
5489
6217
3196
4917
2478
6310
7732
1049
3568
9254
8204
11371
47
11842
12980
11138
10743
12569
3213
12793
4160
316
7708
5149
11461
3799
7911
10522
1227
12715
11420
640
12028
1516
1553
1833
9223
12234
39
8909
4581
4
11520
10712
11764
10513
8008
2891
5692
10162
4629
6034
11511
9686
547
5121
8409
2275
2755
11785
13017
6690
12346
10126
11697
8199
13215
2222
2668
1034
1031
10467
1472
13222
7510
3581
4882
10718
10614
2624
4473
6127
4853
7628
1005
9479
13344
3277
5984
5243
3511
8143
1677
8829
8700
9500
11771
4450
2585
4071
4050
8113
12818
2219
9813
13321
2602
1116
8434
11722
689
3398
11727
9601
1809
6854
11746
10656
6058
6459
6358
9966
9933
10348
5385
7171
4844
4367
11955
3978
13276
7493
10136
12969
5282
10036
7019
13348
60
5766
13234
12258
4597
3507
666
2897
10058
4901
5783
2374
3425
10931
7822
818
1983
2749
2935
9075
3815
12675
1015
1943
456
3158
10342
10305
7217
4961
2325
805
9315
2786
10415
3533
7196
7933
11036
11852
8002
4946
5935
7072
431
2620
5754
5576
3120
12429
2554
5724
2985
8417
9483
6451
3136
4849
6033
7211
10781
2471
12646
12176
9535
11323
2669
693
1645
11900
11126
11445
3422
8183
13432
4902
12506
4801
12340
10306
2942
6895
5125
1280
7810
1081
4744
12091
10276
3262
5977
8337
12106
7237
4312
8025
12235
10753
12688
6389
10118
13608
13368
7601
11735
7364
3129
12530
12704
2735
10894
3056
9939
9417
6105
12271
6529
6867
3181
2972
6136
7451
6191
10310
10027
6916
6942
10903
1655
8106
10728
8707
6007
8635
2428
10922
1008
12093
6008
3575
12423
3902
3212
8553
1228
1145
4330
2176
13282
12949
8782
4214
79
6613
11704
10251
4174
13021
2390
7907
10056
3043
8074
5362
13561
11752
5147
9530
8102
10062
3081
10463
3327
5549
10459
866
11282
7819
11237
12921
576
3567
8383
10798
7095
9112
283
1899
4474
13464
11989
2768
10147
3773
10808
6778
9950
8145
12902
5626
3342
7766
4938
2012
12343
7253
6772
91
7500
1323
5406
9240
6991
2511
2926
12979
416
8786
11302
3656
6486
2543
7825
3852
7276
1021
4600
2121
7974
8776
6698
9436
4585
6190
342
4914
2792
12130
7531
9141
10982
2883
12044
6450
727
3490
2837
11156
9609
10582
3469
7730
4633
12873
12004
11748
1512
984
3681
8473
4802
987
2646
2261
2856
7312
7184
126
13579
8674
4892
10260
8915
3293
9562
5820
6861
151
2084
877
7231
8009
7896
10096
3733
12571
4331
3684
12116
11890
5604
4984
11140
9347
12145
11352
2589
13190
5555
3411
514
622
1764
13070
12882
11273
1045
9475
12425
9226
12753
12665
12380
1964
7990
5863
6940
971
5436
3187
3836
3162
389
13571
6931
12174
12536
4833
1230
6522
8959
12052
6240
1315
2243
6800
3541
5827
10630
10676
8219
5612
4974
12353
13228
5116
4986
6624
6587
12408
6446
12866
11491
96
440
10188
11554
13359
10346
10898
13556
11177
10700
4910
9216
13166
11778
6503
668
2098
4816
7165
13200
13516
9855
3058
194
9076
2528
5201
11757
3333
10316
5164
11307
9384
8243
1717
9750
9925
572
6504
6230
1384
4191
467
5450
11226
4973
2083
655
7279
13355
4794
11602
7168
786
11695
12836
5412
1774
7005
7064
5384
7908
11819
1690
9670
8718
9290
381
10089
11119
13358
12144
11966
6346
11382
9172
4769
5618
12433
1497
11219
2026
5372
1398
9892
11780
3879
11856
7530
8862
11330
13428
10840
5772
10783
652
8586
369
13323
3134
938
11552
11791
8389
12033
6924
8527
6123
7263
8629
6106
6027
6347
5463
12756
11046
7031
6402
7800
13487
12789
8359
5369
2003
12478
1902
9346
10418
11786
11090
1423
481
7570
8202
5049
4393
6386
4786
10412
2217
5809
3231
2091
10324
730
5012
11168
5570
2078
5979
9835
7464
7562
2079
13119
9877
8646
661
6567
6493
9465
3822
4602
5819
2073
7653
10744
8438
3481
9929
6921
13606
10912
6219
8170
7140
12002
12399
8854
11021
798
2198
4567
4653
12060
12133
13260
5752
4787
9523
3073
6422
2833
10519
5119
8282
12593
9905
7795
1984
2354
9660
5628
11625
10425
1012
3145
3592
2494
1704
5440
2291
886
10702
9030
11459
12563
7377
5331
11831
8491
8478
1196
2912
3074
8733
8259
11741
2248
8364
541
4870
8837
7018
9549
6897
8088
12953
5705
1758
673
10066
11343
5788
8242
5608
10741
11957
10293
9220
4432
6468
239
4152
2066
12910
2859
8650
7643
5496
5730
6480
5291
11262
1951
1656
2578
8154
4232
5722
9281
9674
8288
3015
3532
943
9861
9758
13297
6375
7461
6074
9214
2977
9692
1237
10991
12438
2134
8010
12316
9597
10905
9784
4488
8411
8528
3923
11529
11166
2522
11883
4732
11707
8994
4845
13465
3992
4828
12358
9015
3186
10592
8647
4244
5982
13287
11084
12243
10672
13108
7086
7855
1590
7080
2824
12184
6070
3498
7935
10562
8258
12884
3817
7518
9494
9787
3765
1536
2714
819
1561
9661
11019
5535
10411
12204
197
4127
2351
170
5186
3204
13604
13508
2172
12374
149
2441
3663
7693
1403
5837
9488
9458
7704
8882
2461
6348
12148
985
7203
5870
883
6973
11020
10915
13050
13311
10454
12412
8584
5584
421
10094
3255
10699
3527
3883
9679
9567
9816
7596
1915
7886
13593
477
2132
8502
788
5960
1321
6754
2878
5548
9007
2698
2002
4570
9005
874
7549
9152
5775
8192
606
4148
9484
9293
12249
1046
1307
4490
5078
2655
7467
4357
1714
2193
2018
12687
4370
5585
5355
7821
10236
8803
10654
2268
9446
2579
10668
4116
2857
6133
6559
10802
10442
5994
4381
4252
7308
1671
6163
7050
13584
4012
12540
476
4419
3665
4578
5545
1201
13237
5176
4925
8328
3998
12523
5685
7657
13565
7937
4813
7932
5737
665
10809
9825
12354
6968
7609
386
7837
3713
3387
10797
8705
2717
12207
3052
11517
13607
6037
2035
8928
12596
3275
634
5526
3379
2
11736
3596
8144
7761
10684
3319
2224
95
1800
1035
8573
9221
1599
4687
8013
4342
3491
8604
556
2500
7026
6072
9049
629
7753
13444
5367
1001
1062
3154
1387
10662
7852
9447
13198
4964
892
1179
8472
3647
8365
11810
1523
5887
7563
12959
11487
1171
5575
13120
858
5414
9897
12018
13476
6752
12587
8752
5615
4872
568
7391
2131
11112
6131
13037
12410
12690
12854
7664
3232
9180
5693
12233
5114
4106
13269
6536
12647
11317
6096
11665
12960
8863
5257
11790
6855
84
3701
3477
4268
11685
12460
13443
11389
11007
1078
8077
4355
10021
12428
3782
10161
11328
8268
417
3096
11879
5642
1130
10164
13375
2577
109
13458
6126
5749
5542
2159
6517
11480
12392
9981
2309
2844
1283
724
12929
4942
3866
6982
1393
12498
2335
7985
8789
3485
10850
2415
13101
3940
8721
7869
9903
5083
5956
216
13155
11335
12280
4366
9311
5969
1653
1929
1931
6020
2723
222
1526
7969
459
5099
1632
7589
6584
9715
13027
4384
1845
6602
5881
474
4064
596
4985
9394
3742
324
4280
5706
9817
8923
12644
5285
4746
7282
12650
6485
225
2391
6607
11971
10196
466
6918
3335
10531
12205
358
4291
9035
7030
6994
851
7491
7613
12821
12067
2734
11892
3135
6412
6810
9570
3996
6369
1560
2206
12869
10167
12896
9695
2541
3672
1744
9208
12755
10440
1322
7710
12930
5411
10690
2825
8370
10634
10776
7546
9898
5492
7871
749
11224
206
10932
12499
5123
9092
3716
2737
5915
9641
5014
4328
7440
13425
6143
6050
10421
12461
9396
9193
10558
10230
4911
8835
5568
1382
1657
8477
1189
4881
7301
3318
262
4506
5687
5645
2800
13472
934
10930
11579
6330
12386
5002
11413
2323
3037
1462
11946
12236
13054
13170
13327
1769
1463
5605
5162
13511
4211
4748
6746
8627
3126
5828
10681
4408
9084
10555
10971
6735
12711
9910
10540
10434
10647
8834
9856
9370
9198
12225
12603
1854
8683
1071
12219
9100
7476
12456
6419
9474
9460
12629
3619
8892
3862
7623
3418
12683
11035
10940
4283
11747
10462
13550
11421
12895
13503
4916
6199
7808
5800
8384
5153
4507
11713
152
505
4546
3391
2654
12187
527
1263
13158
10203
5720
3696
10695
3986
9880
6769
10665
4783
5941
12509
3788
2945
4290
4494
6844
13529
11448
10039
1173
4682
4096
12614
9174
6841
7833
7327
9014
6350
7801
482
7431
2411
8838
458
11863
678
20
12640
241
1720
1402
311
956
7200
4141
3492
3002
2730
8217
4441
3497
11640
4739
6796
12220
8109
9953
9954
6719
12058
427
7797
10394
9001
593
5272
12201
11440
1893
8681
1415
8095
3451
8018
8978
4102
2480
10715
5750
2361
6436
3704
7641
2133
12888
8479
7904
9862
2845
408
10200
498
5961
2594
4193
7214
13588
3911
6621
4207
5745
9961
2880
5910
7915
11805
1197
1894
13104
691
1505
3687
10593
2137
8808
11577
13553
11027
12830
4965
11816
923
1328
11485
4220
7179
7490
3722
10237
1371
13490
1027
9827
9619
9616
11927
9636
6609
12332
10217
6885
10111
2014
11854
2047
3548
5418
10669
4350
13239
3328
4954
10026
6052
11689
1188
8040
7936
947
5313
13266
8341
13143
11026
10165
2951
1023
4726
8205
614
8887
1699
5403
737
10962
6226
4317
1626
1804
11514
9748
7524
8608
2484
6288
8066
10794
2978
6429
6662
2818
9968
5807
11714
10198
4489
8424
2156
884
2976
2242
9421
5110
10635
697
4608
8111
10431
9607
11730
4805
12396
830
1100
9320
3520
4255
531
8895
4082
7446
5659
582
2736
9592
3537
4033
5408
1452
6956
5831
4797
7110
4601
10365
2322
703
11628
6253
2607
9124
2320
8679
3611
13131
4785
10796
6531
1428
6564
4863
7379
4638
3218
5899
10503
9969
13011
748
11393
5763
2674
7128
9431
4216
11522
8470
2493
10520
10347
5032
9252
247
4848
11071
3690
10732
11131
4959
5791
11875
3885
11312
13332
4041
4264
1639
8964
6289
6051
8016
13455
7235
13560
10351
76
5437
6558
5849
5404
2799
9224
5030
604
3726
8325
10044
5366
5668
3427
2409
12714
7232
5522
5250
9945
24
9511
12728
9326
3479
6576
10671
8057
3175
1485
5880
10279
1367
9003
12194
5445
11082
7572
9113
5212
8973
8644
1898
6231
473
11920
11139
7383
9287
9979
7957
6499
8917
7212
2072
9037
5086
13577
10803
8890
3694
8456
167
13497
10759
12242
4500
7533
8659
2068
10104
9709
11349
4776
10893
523
3739
11104
12944
10481
13207
12677
5812
7583
11862
3825
4239
10070
2318
4424
9360
2923
5719
1425
8988
12724
4315
4137
8174
963
10485
11150
13578
1411
348
8775
6526
11515
7146
4410
10539
9741
4685
8861
2472
7977
11155
5986
11269
2212
2917
11401
2777
13271
12648
11950
7462
6453
10247
4149
9542
3019
11368
2661
4002
2534
11634
5184
1507
8267
1689
13195
9300
13007
4642
2676
13437
11233
10190
6678
332
11287
3749
8305
9129
3085
5247
12686
4587
9965
12512
10474
7762
3775
13112
5044
6689
11240
10506
5559
337
7772
8426
2806
1941
12899
6950
6537
5921
10084
8349
5715
7475
3715
11887
912
11873
9726
10402
3188
11691
11115
11172
11336
3994
8104
3695
5627
13048
11847
5419
7138
12769
12706
2591
8726
11703
13430
7953
9078
9590
2640
7098
10775
10526
6383
2081
2677
9275
10537
10601
4908
186
13233
10496
4815
2814
278
6836
5553
10410
5665
3272
12799
8590
3353
1922
4318
7049
8639
2173
4962
9146
9516
9678
6084
8661
7632
12548
12879
8035
10355
4484
1183
5611
7499
10704
9140
10913
2610
1881
11479
6788
8732
9339
4055
2765
2153
9088
3752
5864
9781
10720
9927
3626
4180
13426
1103
5479
3426
5483
9656
1195
11476
4878
9022
1522
680
2456
4074
10319
1818
3221
12599
1622
119
3006
12490
8955
12881
8458
3906
4265
11562
9080
12470
8686
4235
8767
2695
3167
6327
2592
370
8441
1670
10471
4285
2147
5991
4361
7249
5689
8613
12595
11911
11128
10812
12607
7077
6305
10480
10868
3597
5088
10354
7606
5525
9635
12402
6437
2257
1198
10907
321
3278
6573
7293
8276
4005
12136
12671
4606
10919
13447
644
11570
11800
5998
10077
1436
7744
12143
1693
11396
3098
10057
11593
5251
3955
3776
10172
5516
11283
13156
5265
11637
11916
4415
12101
1342
1784
8766
11857
5499
1711
7353
8425
3637
3930
10916
4338
13093
11913
6941
12590
9257
10332
9091
945
774
2348
8860
4747
1619
10413
2102
11612
12421
3256
11721
2832
2839
10259
4852
5471
12245
6577
3917
11658
11974
7141
5995
12787
2760
12139
5163
10933
1917
5872
6177
6029
4956
5472
6233
1359
9230
12858
5533
13145
2919
12739
8225
6053
1969
9229
2998
12723
8398
2962
993
3300
13068
6423
7134
7313
4715
8846
9359
5457
302
1090
8559
2128
2359
5488
2234
49
2284
11571
9977
10508
3384
3576
4340
13541
5357
3967
10768
1207
9556
6570
8261
5835
2741
12630
10501
4389
7569
10183
10353
9266
6224
9144
4998
13154
11234
3358
5762
7960
12360
1750
2406
11744
10042
7093
9217
1400
11008
11647
2515
3818
9267
12626
6755
620
12745
12098
4352
5901
511
13514
10813
3589
1944
8377
2498
10545
1293
9841
9731
4197
4702
392
9437
9763
9205
4001
1958
8503
9904
11194
181
647
11547
3761
11739
2342
5844
13106
3234
6104
12089
7550
12037
6381
3632
1918
8849
3847
3634
6411
9700
10623
1364
7069
426
7802
3314
3224
9273
8160
8284
6762
1831
4445
5073
8220
9857
4093
1124
12834
6167
5907
1251
2029
275
6277
11538
6248
11973
12213
6642
4004
4379
10006
10409
4582
7398
1077
11855
7924
9622
7036
1970
2958
11239
422
3746
13213
1329
9478
9348
3705
3743
9187
11397
7229
12129
3268
7456
3839
10007
2027
4403
4364
5096
260
1960
8759
6385
9466
10289
10453
7909
248
7790
7756
173
12453
6343
4678
8884
4896
3014
9657
10849
9588
10013
4007
4274
834
11627
12391
843
1217
2841
6583
895
6726
2109
12730
7158
10946
10860
4270
1678
6786
12886
8319
2115
13279
4979
10179
5019
5810
5854
4398
5937
13270
11809
11351
9694
2051
8580
11812
12053
9392
9165
8660
3237
11387
3082
7382
10011
9408
2203
6745
6528
3941
11169
1272
11085
12752
13253
5514
166
4108
3538
10205
946
9268
8071
6435
7652
12939
12458
8667
13530
8330
13255
6824
4238
4609
2030
12773
1448
2774
559
12156
5296
10649
6683
12237
7139
4774
2256
10867
10368
5681
6178
11987
7939
12645
1434
6894
6863
3417
243
10615
11086
5476
9699
7278
557
1799
11765
8605
5433
6040
8289
2126
13268
2931
10476
2608
5458
7236
340
6874
1117
4812
5210
13338
11483
11976
4975
8208
5454
375
9527
5034
8542
4058
6269
782
5566
8506
5052
646
2957
1836
11276
4796
9519
3040
10193
8096
6561
6847
6544
3253
7425
2785
12763
6192
9499
7145
11555
5704
5922
10065
4766
1390
258
2179
5304
5889
10640
1543
5511
5416
4772
3475
9119
10530
12012
5274
12832
1482
13240
463
9501
9687
8624
7856
9079
4221
5277
13519
5269
641
108
8281
4332
12668
1286
2748
4217
2431
7376
9721
7025
12729
11179
7148
12862
12618
7319
7243
804
12919
6442
12946
3399
8196
3193
4161
2843
11724
9982
9992
7135
2365
11582
2124
12914
12807
3094
7773
5832
1004
8291
9111
6753
8423
11376
12624
10395
13545
12167
9134
9960
1892
135
6987
605
6585
933
3654
781
11872
8314
10838
3853
10416
4272
8073
8615
9949
13485
11253
13
796
3966
10460
7290
10363
11851
8138
976
11098
1751
1991
461
10049
11055
1587
2370
2713
8979
6794
10627
10873
6489
10754
2794
12378
146
10625
9639
3787
7412
1284
4981
776
12464
10281
11478
6815
7736
6023
9711
5268
12115
4275
760
4859
6258
8375
10265
2887
1879
353
1566
5817
12616
7023
7619
2197
1218
1663
6254
7789
8413
6827
2334
1900
2581
3686
5024
2709
9806
2444
1614
3984
7813
3252
12424
12073
5006
8843
11245
6575
6933
13302
444
12370
13165
10302
871
12001
12088
9103
5020
1727
12238
5226
4681
12466
1962
9098
12032
1763
488
1459
9996
10830
12605
8918
4068
11731
742
1592
5563
330
2196
3970
3972
13528
8968
12292
7292
7182
1535
6997
7247
6408
6717
11453
11206
5232
3089
11255
11828
8509
2358
7676
3751
11182
8814
4042
9265
5311
6533
8315
13124
4730
13493
893
12840
8331
11951
10405
5075
10532
3819
4527
2685
11248
11332
7222
12447
7644
4427
2567
5497
7206
5792
1271
12485
7696
11257
5926
3315
2220
8467
10298
4358
10943
13581
6478
11763
12422
5029
13020
4987
10406
6059
5879
1963
9196
3260
716
4543
4502
155
11784
2968
807
1760
11801
3116
8830
6467
6828
10599
13257
8536
2659
8091
6896
9231
12655
1598
172
3909
1762
7771
2141
11146
6776
4920
13293
4077
753
4396
12983
12117
9893
7349
8207
5435
10215
12500
8570
7745
7521
11679
12778
8254
7205
12006
793
4344
5891
12771
1787
1542
13557
1494
13394
686
5432
2560
10323
1277
5959
6840
4182
5124
3956
6663
6736
6121
3217
12074
9012
8865
5242
5860
11311
8711
5487
6632
9802
3087
7250
6304
5175
5646
5350
2631
1220
201
12927
13059
9767
12990
10478
10586
4374
9074
8090
5182
9064
7839
1980
12578
4157
6761
9988
5676
2269
6483
8894
10455
6161
8513
2307
12627
9427
5199
4243
6406
6514
5702
2960
4889
589
8744
11988
12992
11543
2163
6598
8958
4286
3372
3719
7258
10618
8548
2708
2462
8495
10846
266
9487
9405
1190
1279
10779
5382
3442
12400
12747
8940
5261
621
102
10984
726
8351
7579
180
811
11061
3958
6461
4378
89
2447
7339
3710
599
3649
7479
12943
3453
12350
13551
3569
6627
5508
4246
12111
8078
12517
13441
7750
7859
8432
115
11893
5407
87
4761
3565
3517
5318
12981
3489
6534
13467
6853
10211
1757
2932
4999
12072
8024
2827
13117
12890
10909
83
9924
10174
6801
12063
6341
9653
3999
2034
3054
2740
6692
5708
12020
13318
2746
11223
7296
8007
12680
4128
13220
5197
3290
11802
1618
10787
7224
7997
12518
9701
5348
11709
12279
1557
7776
12767
4190
4298
1465
13378
12824
1722
695
1392
2235
9179
2622
7670
9056
9546
7331
11195
9477
9745
1706
5434
11175
3758
5209
13236
129
11886
10638
9026
3350
7178
1414
10201
8114
10793
10055
2165
1885
8742
2089
5300
7316
5170
5235
11632
13118
13499
13076
648
9382
2961
2238
10612
722
8045
10327
8813
8593
9058
2037
5505
8257
100
12159
3163
9789
6516
3905
6357
5558
7320
1297
10928
12069
7536
3240
10071
13471
11705
10420
486
6444
1514
10988
4829
13128
6852
5493
6868
11463
11264
3635
9274
9263
6279
13077
8334
5371
12725
1807
2148
3266
7022
2262
5444
12800
7526
9940
7844
3757
8206
7830
10072
6785
5108
2263
5169
9013
8460
8676
6975
7988
12482
7591
3155
3367
12784
5857
6318
1055
4764
11902
4229
4236
936
7055
3474
5481
13223
5220
7081
3820
5051
2497
9839
10399
13420
4534
5107
1617
8741
2481
4818
8221
7509
5128
7608
232
1565
8127
13591
11383
2531
7626
8278
6891
12785
7241
3948
10003
3827
10862
7995
3246
7715
7877
5018
7709
3655
11363
5155
12986
12641
13221
3331
13122
7711
9017
592
11877
7070
795
11278
2392
3210
4309
734
9341
9355
623
11149
8130
11669
9837
9578
6329
9807
7981
8631
13258
9471
10182
9675
5503
6773
2850
2996
8723
865
4607
2720
9099
1365
6740
483
9182
9984
2508
7143
9537
12288
5498
7087
7218
6094
9109
2046
3506
6317
12217
7418
10225
8587
8517
3703
3797
2943
11065
6417
12874
575
9157
9667
4439
1814
7612
12025
269
1547
9215
10472
4271
8439
2762
12138
205
4177
5697
11580
4119
4075
9640
9445
9438
7126
1591
3065
5700
7783
8484
9010
11410
2629
10548
8526
1236
1373
7337
11878
1305
8588
7894
7076
8231
6352
5240
9186
11409
8323
13319
5191
8856
3385
12442
10078
7996
7734
2071
7269
4433
1857
4470
13067
1903
9858
3195
4699
8412
5644
7743
9280
8380
3850
3689
8376
6246
6686
1612
5544
8162
2645
12000
11755
6067
3123
9407
3478
1905
4539
10806
4092
9972
8028
1832
3888
7887
6427
8290
3728
1652
12153
1708
7599
9095
1957
6206
882
6006
9462
2414
4927
374
5680
9472
4934
5228
11097
6416
2188
4224
12216
13424
1575
4533
11493
4710
6225
124
11620
53
3337
9637
9801
4218
8995
2732
12099
662
4967
10836
6884
1013
9780
4425
13295
12977
9031
1998
2379
1906
3807
8675
13030
9883
2771
3759
8523
10103
9539
7779
3159
10701
2442
6060
12009
4538
7906
11690
1338
4798
1461
2118
4508
5246
12056
1829
1873
7698
7147
6496
9096
9117
11346
6636
9572
2557
3380
4261
6768
1624
8551
12120
13146
231
183
2294
2364
2662
7043
13080
8476
13292
4023
10157
8637
10528
8845
4639
4809
4491
9840
3001
4155
8577
12709
2304
11229
8200
10248
4808
5934
7889
1289
2237
12127
1320
3045
1202
12223
5466
12577
5562
13229
4832
2873
11859
9066
3466
9162
12064
521
12816
6205
1935
3729
12309
9045
226
4300
9365
7882
7975
3084
13610
8748
11111
12486
5539
2383
2922
11808
6333
12885
9510
2819
6650
5380
9617
7341
9236
4879
11675
4858
3934
12601
4151
10300
10419
10106
5794
2842
7824
8603
2721
12689
4640
8338
9753
3889
2905
5420
3472
1216
6354
7525
6764
8251
8516
2966
1737
7458
11610
8189
11702
9020
10869
13589
9593
7955
10153
9412
5475
10287
1508
13415
464
11550
6093
8805
5245
11825
5138
4784
360
8620
2742
13462
12155
3868
3441
998
5735
7285
8903
5587
8684
9718
11227
2249
12892
8186
9627
1842
3962
1002
8166
7727
1132
6858
13507
5256
7604
2761
9277
13421
7649
8322
10487
7298
11653
736
6203
11380
5905
8735
10477
6036
8925
9135
12398
132
13094
10698
9004
6664
7724
3570
12819
12268
10261
3692
11208
8694
2583
4827
4955
6146
3194
7430
11845
5077
4503
10975
10622
7402
10857
9295
10220
34
11750
10583
876
9379
9512
2596
1192
9278
11898
10929
11100
12151
6501
9900
10386
6397
12844
3495
1381
5271
2861
12055
12452
747
9312
1438
12118
8926
1106
13246
9188
341
2360
10086
6204
11499
12534
6149
12463
244
9723
3824
4347
7457
8975
1269
10512
11225
5638
9714
6297
12293
3812
3352
7338
5667
2386
6572
7356
1788
1907
1965
8535
2449
638
8515
10790
11340
2483
503
5822
6250
4069
6112
4121
11899
11644
7413
5653
4480
1149
12335
607
5100
3437
3072
10711
7970
7660
159
116
5263
8093
12030
2813
7685
4260
3274
6535
13513
343
9914
3927
1534
5500
11671
4617
6270
8891
99
12556
7246
7999
6539
10810
3198
9725
2460
2502
11673
10608
1234
7554
9544
12021
13583
10947
12182
1455
8539
2260
5347
4076
5602
12701
6966
10960
6626
10037
2487
8929
8798
5046
5343
1802
12705
12808
7692
8555
11638
5102
13192
9822
6882
6737
7989
11049
6816
6336
2797
7157
10294
11551
11980
9600
13407
5945
5908
5060
9509
8943
4451
1095
4316
6780
12658
13566
6875
765
10074
8313
8489
3740
6005
12376
4569
2517
12610
5152
9978
8353
9853
8452
6838
13352
6833
10826
5696
366
7240
5619
2280
88
9642
13103
7598
9121
12365
11124
845
12667
2036
112
10864
4795
10449
8952
12867
13573
8218
5425
8773
11215
12241
5294
6645
8362
6899
12
6595
9867
12908
4391
9372
1135
1675
8490
8969
11672
949
3049
9638
981
6977
4636
12211
12203
4349
10177
744
8316
2273
4874
10093
759
10233
13301
7342
10815
1378
2847
1477
9521
5757
9050
7503
9344
9625
11431
6791
2041
8844
9391
1695
1418
4100
6565
6599
11015
50
8671
3971
8178
5330
7630
8941
12487
2756
10842
3591
2477
2017
9308
4304
12231
5087
7492
5890
13461
13524
3267
5127
9429
6367
7040
10997
11360
297
7254
7108
1567
3286
11029
9962
5211
1635
4673
7913
3738
13235
7765
1491
1510
12315
8858
6661
32
7962
3424
7283
2571
2952
6748
1231
8790
567
9710
10322
10498
1636
12574
8110
5424
13382
3452
1048
10422
13087
2063
3859
9534
10707
1768
10448
11267
9322
1661
2396
160
4990
7162
11928
1568
13000
11975
1335
7748
13542
12931
8180
9772
8687
12007
2816
230
4544
13436
1064
827
6236
120
5486
4081
5782
3613
5
7208
10427
8664
6061
9951
1607
8796
2300
4472
723
8465
10186
10941
8249
6295
6721
5603
1541
10994
5001
10085
3745
4412
7082
9455
6259
7900
5971
13115
202
8307
1700
13307
8051
7063
4555
4279
7455
13357
6911
7984
4930
7835
5000
11214
2184
7195
1852
8273
2550
10079
2385
706
11079
5898
4989
12351
4333
5346
13340
3700
7083
2750
8126
7597
5601
7415
1470
294
12735
672
5784
7863
5298
12047
4576
12477
11858
10207
932
10121
8392
7675
12298
8022
9826
1519
3536
12957
5255
7768
10231
5025
11804
145
787
11390
7972
5802
4924
2569
11176
1206
6684
8134
4574
13074
10340
8229
10098
9595
9540
3446
2867
3662
6834
6900
8378
301
1615
9762
52
11623
9238
5042
11342
6472
10099
7650
11400
9671
13052
12036
409
235
7968
13218
7938
4376
10579
3944
9106
6490
9107
7386
7344
345
1388
2077
7705
9048
7540
5431
3168
12726
5556
10464
7187
4059
1579
1356
6783
6430
10315
4132
10620
46
6976
5065
11384
1070
3374
8657
12287
4677
13489
4528
2312
6380
3874
6479
3671
3509
5914
2074
8394
525
9380
9002
7558
1649
962
829
6524
4319
293
3639
13403
7642
2417
13251
10858
6608
7115
9282
2168
12264
10560
9707
2627
1129
515
3034
12105
221
13387
1975
5101
9603
6709
4940
4019
6770
1118
11050
4548
1520
5824
6454
8622
3887
13274
7986
7142
3845
8480
11676
2947
13008
9424
4950
3997
2657
12379
4758
546
2606
2175
7648
7878
1665
2226
533
7662
5747
13243
3578
9681
3629
9259
1488
4205
6360
5359
12876
7011
4760
3438
8569
6625
68
8135
8816
8896
307
3563
10841
7066
2353
8537
5925
9795
2267
2490
4526
4377
5590
4559
12112
9289
9533
2904
1427
12622
10536
12014
9566
1578
2504
8653
7230
9492
5973
7716
1586
2572
6344
1979
6025
11202
7568
10361
9849
11291
2207
8363
10524
5826
8872
11377
12240
12104
7946
6979
2181
4200
2075
9011
3044
3057
8038
1385
12198
554
7625
12952
3981
11999
6497
8347
8746
3691
4114
6089
2643
4483
12573
635
5732
7078
11424
941
11437
12694
3439
4843
12935
4395
1631
12394
1178
11567
5613
12080
885
9498
2886
9800
13442
821
7226
12608
3378
2436
371
5536
5016
10663
9606
11806
3904
12543
12606
4510
7965
469
6158
12449
13599
4021
13110
7578
8488
12887
11196
7437
2287
5669
1141
12576
78
1219
3130
506
3831
11795
8698
2696
11910
12611
954
2011
9105
7639
9629
451
11494
12342
965
10686
8538
10617
5796
10278
6362
5310
4575
8965
123
8272
587
1165
3230
2053
5993
990
10648
9491
6065
12065
1742
11732
5534
4800
8335
12653
1018
2413
13281
852
2808
8919
6148
331
3121
493
287
6964
8596
3968
6727
11796
2169
2727
915
12922
13574
10538
13210
5273
3137
11141
3959
10591
11454
10080
3297
3872
357
992
538
5058
770
9547
9249
2499
4468
10629
11573
9604
2914
11814
2776
8069
13090
4373
8428
1912
8951
8352
10372
368
10819
5577
13456
10760
1780
3201
10063
12558
3561
10451
3965
2849
8280
8052
4579
6175
8731
5183
6272
5799
12467
4310
465
10273
2160
9116
10714
7914
10433
9055
5031
8802
10396
1707
8415
8881
6159
10272
7120
7851
12679
12326
10291
11430
899
13072
11926
8374
9128
2429
4583
6301
7672
3571
5202
7099
2485
8226
11275
4008
4615
11844
4329
13066
13133
7378
5297
5069
4038
8549
2062
844
3813
2875
10381
1316
8391
10370
6171
12820
16
4669
2253
10717
322
5322
5528
2080
9865
9181
13592
11217
13440
2535
2296
3296
3180
2341
11835
11700
6506
3668
633
9367
7371
732
5616
5097
3329
5462
13549
5241
5691
7366
9164
6806
12681
12737
2007
11648
6596
11199
10730
10504
22
2822
5777
2626
11425
12855
11388
2586
2403
12181
4714
8693
6003
6617
6906
1946
5883
187
7228
1052
3035
7483
9033
6484
11542
2258
9097
13337
9192
6024
11915
13502
4909
8518
3542
9749
11486
5742
7713
1240
12294
8132
9486
12940
2427
13177
9127
12300
4498
13410
5888
13580
4727
4098
410
2840
11964
13149
449
1683
2266
6300
1162
6474
10896
9662
13107
455
5785
11908
13346
8418
12334
7163
12907
6787
6744
5187
10814
5684
292
3540
9551
3683
11299
11682
8304
10509
6920
12426
8678
3340
9777
6245
11490
10170
4982
10953
7245
664
2492
12744
903
8525
13395
6401
5004
1093
2214
991
10175
4993
7137
7015
543
907
103
6045
13033
828
4913
8575
12039
4753
4933
8049
6682
1558
4103
2564
1721
549
11616
1792
176
4861
5198
1352
9538
6951
7651
2418
11949
438
10964
12516
11235
11089
117
8407
8574
13480
12809
7991
5713
4855
1569
7403
9495
11711
3928
4963
12085
11630
6128
772
10124
2380
8602
12567
93
5524
3989
3878
1150
5833
10729
11475
9821
9038
13356
10709
3203
9872
5200
2667
8893
7593
2096
1120
926
639
13453
2394
9319
610
10424
2652
7973
12911
5484
11595
8594
3867
9423
3219
12405
2352
6433
2518
2980
12845
977
764
10168
8990
2464
624
3433
9233
1058
12254
2028
6415
10437
5172
1884
9873
4173
8435
7502
9633
9704
12024
9655
6981
1042
3079
114
2306
12375
1457
3101
988
98
7998
6803
1974
3083
7410
1300
4492
2910
5843
12565
11708
5632
5381
9916
13498
2759
4343
12372
5461
2135
6862
9630
12347
6232
3894
3238
5068
9574
11979
2970
6030
9760
312
7517
9197
1741
3995
3305
8740
627
11933
12856
10364
9830
5930
3189
6647
8270
4664
71
5670
5145
4463
8400
12061
4168
8210
2178
12749
11293
2546
5045
7731
3050
10264
3975
9558
8954
1625
9896
3486
5989
11295
2076
5859
6903
6928
9589
3273
13343
7488
5560
10871
4447
7788
1391
8327
6378
9864
11751
4284
5287
10097
9810
2185
92
6970
12050
9148
7673
8885
6283
4233
2024
10764
4159
6543
6511
11292
7075
12083
5459
3421
5997
8388
11064
11359
11766
137
5464
2925
973
3848
4713
3078
12312
8137
5797
8666
5502
552
5394
9271
9449
13100
12732
7633
3103
9923
670
3821
2405
11604
12609
10
8600
3616
1840
4847
4792
11391
1596
11629
3033
3921
2092
12363
9353
6945
5323
7791
4759
10574
11953
4765
1835
10970
217
11122
11972
291
11051
8710
10146
1588
13582
2965
8562
10824
7864
11331
7870
8451
6600
1697
3834
1611
11994
7333
6218
11404
5836
11681
13479
5707
121
7920
7881
6174
8677
12455
43
8000
12698
7508
9203
13568
2265
12691
361
11492
3732
1544
7389
9716
6323
4588
7373
8262
9122
3351
10274
12285
6969
7494
1138
11583
158
3640
4477
3931
518
12802
9333
1193
12878
6619
12026
7267
215
12674
4716
319
6276
4904
7545
9717
4399
6907
6151
11792
9587
10949
13018
7118
85
2177
8939
7129
13022
5825
3375
4762
1379
1947
6004
8825
7304
11643
12597
11694
8953
4262
1424
5320
6102
12248
11574
9809
8625
5599
1475
3192
6265
780
11442
12389
107
4834
13525
6316
10296
2033
11132
10034
7916
2486
9848
12996
12239
9568
3711
3558
8632
3614
6130
3
6962
35
2868
6122
4947
2630
3574
6523
1643
2479
7584
6124
8492
12191
2305
5342
11759
1087
3858
1602
9818
7961
8286
7637
6541
2933
10993
12049
9232
12544
3247
10605
12589
2031
1580
8948
7074
6763
1003
2205
1212
1442
2171
2913
10328
13084
9792
7890
7381
364
2561
2660
10696
7397
8874
10525
11978
8913
7566
10499
1088
11236
9361
5547
12963
11931
7101
9598
7106
11314
13046
4196
2438
10277
4635
7481
1735
3893
2671
1310
6404
8235
12149
9043
7001
6654
6563
13092
13203
13351
10028
7726
10570
8514
8520
5193
8565
997
5205
8449
2869
1554
3969
5787
754
10374
2805
13398
13349
12741
13006
13284
13197
1354
2855
4969
1825
8475
12345
4146
4464
9452
9204
679
1113
3403
2350
10138
5695
10667
1525
5173
12267
9851
3985
2963
540
3615
4661
2524
3796
12409
2796
10210
12562
6934
2530
11652
5118
2877
4620
7958
13299
11069
6849
90
3088
12046
2140
13576
8641
48
9936
888
5309
8888
12125
13459
4057
5716
9210
8099
13238
513
8619
6152
8804
11379
7474
13147
3623
5053
5063
9415
683
4020
11997
2384
617
10469
3610
4010
10979
3122
2336
1235
7811
12175
5532
1851
237
1115
479
7943
6110
5751
2758
11473
7259
2270
2272
2563
5743
3401
8852
2831
9291
12289
11996
8354
1060
5329
13393
5786
1859
13587
4346
3280
11310
7359
11889
5938
4387
5021
708
6805
11203
7192
4194
3864
7884
5769
13586
4648
5379
3456
8508
7668
3244
3383
5064
4219
1672
4458
12766
12157
3781
11167
6400
9659
3075
12865
3111
6328
3371
9824
13024
1777
6001
11183
7787
12535
5663
11113
8310
4045
8098
11189
4158
3214
402
937
3890
7017
5701
8868
11666
9605
6280
3061
10852
12719
11173
1226
8546
252
8023
10945
8308
7928
2747
4883
3299
8402
12780
5734
4013
2600
5105
2108
654
11472
13399
5386
3311
9744
12323
12920
1346
12230
7741
2363
11205
6720
9942
4935
8474
2338
5966
11209
8416
9838
351
4062
1254
3895
2093
277
9089
8100
707
5050
2378
9469
2542
8068
13488
5814
9337
9085
6547
490
3076
11429
9305
3308
2388
3471
504
11394
820
11308
4918
6890
5222
12501
11271
7638
9334
7655
10968
1016
6157
10564
10362
12661
7850
10149
930
1549
5336
1061
10029
11670
11417
11414
12828
5156
13273
12889
11935
436
3949
4977
7561
6135
3920
2094
6398
4814
1503
3404
8404
12591
9797
7255
12504
1967
7107
3826
5376
4241
921
13539
3413
6197
5920
6659
36
6605
9219
7560
4305
4658
1344
8253
1765
5089
11467
12835
8541
6548
9123
7993
862
11032
6488
1492
12349
4724
37
11433
12383
8455
4720
10678
4109
10226
10484
11686
1489
1281
13534
11617
8277
11584
11603
4257
5955
836
9018
11992
10082
10876
3932
3937
13450
4625
7408
1926
5470
2644
11218
1806
2105
3618
10391
12403
6959
4886
5975
7280
7284
1014
12017
8962
12200
745
4819
832
5712
1826
7912
13205
7173
8103
4418
12716
794
9986
2789
8346
5717
12964
3476
11720
193
2615
5260
3500
6267
6946
6615
3706
8980
1327
12973
9244
335
4448
7571
5513
9019
12682
7891
1822
224
6349
7950
4203
1754
4289
9131
6843
5327
11624
9243
12318
11496
8121
4670
2349
8576
12480
5962
3059
12838
3406
10874
8828
7407
8847
4906
13277
11848
1691
9764
9400
1082
616
12861
10129
6879
7435
3460
642
5151
6229
3068
4475
3756
5217
1259
4782
9528
3295
3242
3884
6590
13533
11726
2001
2763
1229
4837
756
1295
3606
13061
12444
3919
11042
9665
4767
13431
12291
5506
7452
5422
581
3330
13491
1739
12945
6978
7438
13526
12947
904
4136
6505
2372
12322
7045
861
13102
2107
8215
12811
3744
1473
1710
5399
10999
3012
9358
7202
1954
10954
6527
6228
11545
11438
4482
6312
10626
4691
2791
10976
8727
9859
5795
9948
12958
5443
1187
910
9389
4363
6455
1729
5341
7355
7594
4988
3445
7046
7834
6342
4960
4552
1552
5267
3095
7375
9071
12121
766
536
7170
7841
7094
1913
13312
12860
10584
8056
2870
3025
8067
7318
10317
5980
3861
1609
6382
9879
7812
5319
12792
4598
11398
6714
10081
12806
803
9332
5931
439
12010
10972
3915
4461
2142
1051
1336
10628
11296
13005
6092
9115
4773
127
8519
2625
11117
6223
5509
779
2566
5709
9735
1017
4133
6716
4372
6910
12526
7185
3147
7666
5039
8753
2407
13196
10805
9323
3363
3382
5928
10621
5823
7971
5813
3343
4117
11532
7576
1483
9255
9644
2876
8320
9316
3053
5972
4104
10249
4467
2419
1684
3774
692
198
81
398
12261
817
403
9083
11607
12119
5494
7804
8195
3334
383
4404
7423
1786
7090
6802
4156
3241
11534
8840
1620
5218
550
12361
8769
7956
12373
9582
1158
2821
6658
12786
9110
996
2920
1676
5953
3369
5390
11341
13042
9915
8047
8463
1539
3117
5954
5022
9536
1637
8084
8982
10359
4153
2689
1584
7982
6303
10598
3730
11345
6679
2865
1945
10973
5902
8533
3020
3648
5597
3961
12043
7966
1819
5675
545
8163
5673
6132
13179
8092
2143
12274
11025
10694
4118
970
8505
12812
11489
11272
8410
10606
10004
12695
11188
2505
6032
5139
5567
11171
7459
11896
3462
2332
7394
12210
1992
196
7114
12999
8654
12966
9199
11157
7781
2544
3952
2010
11540
12324
870
6612
1971
7035
5303
11066
8250
9283
10341
7895
2424
7071
7845
13247
2201
8550
12580
11022
1743
11749
562
10823
10724
11518
7325
8992
6818
12016
1927
10107
1889
6739
7782
7345
12918
3069
11701
2704
867
9456
7505
10461
11558
3016
13126
5340
13512
5491
4163
12894
4688
2738
3172
3523
13492
10053
10148
10517
298
2276
11521
1153
9309
11904
7616
778
4176
10619
657
7233
1846
2739
5423
9435
4577
6711
1573
7169
9959
8021
6137
9272
5967
10881
11018
9457
6393
2482
11385
9104
6618
11477
1746
12761
6172
9073
4650
3735
4736
8230
11244
10917
6628
2555
2692
2090
1529
3225
11507
8153
471
750
12179
12976
6553
2503
7927
10958
12262
6077
9685
1133
1955
2632
7557
7816
9669
2853
8233
10589
6837
3829
11969
5882
3114
1571
12672
9270
12310
11320
9788
10043
5688
1362
4937
2770
4120
8991
8911
12525
7522
12496
1247
12956
10181
11769
8642
12459
6919
6456
1319
2061
8433
10288
7495
8682
10100
1687
12995
6019
4048
4686
7840
6275
682
625
9727
10000
12199
8836
6670
11762
9439
8031
7264
6394
8787
10229
12193
2025
4383
162
289
13206
1467
2145
8544
11692
10304
1258
1530
6056
10895
3673
8522
3545
880
5456
7867
4320
11590
3160
6140
5057
3953
8897
2397
2369
305
10116
4337
2117
5649
7369
12582
3091
9976
3644
10571
13390
11232
1084
113
7656
2974
916
4621
18
5354
1495
6457
4348
13275
7343
5447
12076
3636
7905
7647
8124
497
3800
1401
7300
9766
13391
11929
10219
12070
2346
6235
3617
12619
8750
2744
12804
3419
1942
7085
12721
12170
382
7679
1331
1079
8188
8878
5344
11144
643
2757
5718
6555
9967
12282
1880
4651
12827
11386
9618
4612
2981
3250
9448
5009
12987
500
6509
2636
7721
5137
7792
7002
8934
1304
9577
4860
9658
6495
3209
6954
1369
13500
1347
8079
8922
9060
8734
4589
2573
4302
5578
7645
10890
4436
7181
9608
2389
2568
8898
9876
3763
7770
8621
367
10872
2448
13383
10408
10834
7532
9697
8697
10218
7127
204
11181
5485
2823
1146
8511
4288
1594
13341
2357
5460
10955
8824
11548
7774
3338
2990
12015
8871
12758
7778
1416
7893
2463
9998
5950
2507
1164
13099
4850
1681
11462
10877
3207
1221
3718
6889
12481
9632
1019
4453
8745
4637
9503
8729
13019
5876
2513
4836
11565
3487
12306
645
434
13527
11083
5758
4541
6211
1253
12863
1783
12336
2772
5144
10060
7646
3899
2874
2202
3149
5978
12948
9386
1776
4405
10726
4905
9569
13345
5875
7602
1950
9752
2538
12214
1755
8115
558
9832
8599
5740
1285
13552
10214
10800
2293
6108
11586
4968
4126
485
10031
2811
12826
9065
1063
5136
8966
7252
1506
12417
6779
2603
4944
8301
7815
9354
4551
2211
5620
1589
12319
13136
8685
1817
3660
11048
1380
10770
5405
10282
6519
7671
2038
3199
4728
1299
8181
5725
10642
6425
9385
10131
9125
9000
3007
7354
4198
4743
2218
4039
10180
1480
1863
6562
7321
7323
11772
8248
12160
7861
2286
3621
10641
6101
11415
8788
7640
6811
8704
8326
2971
8589
11884
4251
10336
11967
11130
1038
3166
3263
925
7439
3470
9843
9325
3235
7931
9786
13423
8722
7084
8957
7827
13016
11712
11243
3525
9142
9303
10891
272
11774
9068
12040
11222
813
11300
11040
12697
11783
3816
3041
2285
1366
4392
200
4471
8777
11782
6830
8839
11830
12397
7504
2227
6766
10725
630
3963
12445
13605
7130
6302
13495
13435
6278
2533
11127
2100
3432
7427
8406
13331
2377
13298
7112
7465
8027
2784
2802
5761
13071
4821
12068
11843
2070
5610
11024
3914
2521
5402
7432
5115
10139
4593
11958
4460
10529
9860
3964
13460
6611
4700
66
8643
13546
11280
10450
8317
12431
3502
11956
8033
1797
2764
7352
3179
6601
12710
11742
6676
11939
7728
9819
1194
5600
4778
12377
6365
3298
972
7275
1692
6616
1182
4028
11530
2339
2618
7374
1978
7256
2311
4516
11070
3880
8332
12178
7409
5586
2510
1501
11937
5007
8297
10966
2937
13181
5038
3222
9712
1725
5010
13380
11566
10047
9340
2319
5468
7309
12638
4006
4614
12564
12991
4145
12933
11846
5181
12341
5196
9778
11075
2064
5596
8006
9759
8831
1604
5146
12539
13429
25
9621
2125
6392
1409
11375
3566
3017
8464
3659
3063
6384
905
4406
3125
12529
11135
5047
8699
1086
9090
7785
7453
5970
3444
9371
7585
10518
4353
10825
8956
1515
12561
8498
11537
3993
2110
4356
11207
3754
12190
13032
502
7207
3553
1651
10239
6963
3376
8444
11718
11265
12502
13267
10961
8431
6469
9413
1233
10308
9087
13259
10145
1211
10234
6540
13040
2112
8101
7498
854
415
6507
1337
12416
4856
2488
4428
11399
9235
13353
6707
10942
5195
11995
11998
9021
1122
13433
4455
1855
10609
268
1361
1540
4890
11270
11631
1664
3320
11057
6080
5647
13189
8728
7151
4531
8797
4414
7983
7154
10119
7116
6200
1407
7723
10597
11794
10090
12798
5666
6182
11434
380
1249
9402
2058
9902
11294
12915
7357
1140
3600
6281
9785
9985
7051
6160
6652
12988
717
5968
9430
12413
12097
11109
11118
3118
256
7786
5949
12685
9769
8774
8283
8275
5903
4112
1094
7573
11447
3119
10397
1374
1770
7027
9757
9163
658
8055
4478
5338
7238
13406
1731
2138
12022
8173
8294
10697
8053
11252
8806
5648
913
7836
11373
2532
6187
4518
8785
2086
1136
1999
588
6953
8184
5094
10693
7513
10655
4256
1169
3150
12762
5377
2144
8117
5305
1339
6893
9719
11028
7636
6370
6594
11116
2898
12669
11470
7629
2863
13049
7199
6792
9493
1785
10561
13248
13333
10682
1527
6125
7807
11693
8942
2398
12163
8185
5793
5965
1989
713
6515
397
8581
3236
188
320
7658
6856
6784
122
6153
12355
8996
10002
6069
11365
2279
1375
373
4667
4822
271
5741
10554
7857
1669
12527
7351
6220
2271
10109
10902
2690
10046
5690
1966
3590
9453
460
3090
11455
10653
7322
6424
4595
10240
8764
5996
9971
11968
609
741
9377
2387
9398
2252
6925
6141
5023
8158
8247
5036
4867
2087
522
3336
12779
6448
4311
1849
9514
7539
8730
8403
11960
1261
3448
5208
3595
4101
897
2316
12440
2127
3313
6905
9036
10585
1916
8366
8468
6546
6168
10401
12893
694
6263
11322
2310
6971
11432
10321
185
5896
738
3982
1870
2162
1694
11358
6554
2161
725
435
12371
10541
4115
5678
12473
6371
12621
7775
7695
1255
3983
4604
6458
11030
11067
10911
1782
3310
7305
7193
10314
10580
8499
10120
12281
9114
7326
5643
4113
9935
10307
4325
13347
4817
1860
9418
2773
11882
10756
13537
4511
5686
3559
12250
4359
8585
12029
846
12579
6395
6022
10845
11355
13313
11813
9591
4476
4003
2240
9159
2726
8758
1026
4995
4631
12035
2999
7123
4643
8651
211
5033
3482
11909
2221
1311
192
1928
1137
8030
5521
8421
6713
6902
1241
597
11001
154
5550
11667
13172
1205
5455
3066
5573
8266
13096
12702
9651
9422
5026
2688
233
6164
8274
3841
6173
13091
4978
5729
3661
1054
290
914
7420
5189
1111
4210
1572
4561
7919
3780
4263
7784
6464
6409
13185
13389
6848
920
9747
598
3762
6039
257
8447
4823
7131
6641
7042
6274
768
6244
10731
9918
6691
8302
9871
9888
11464
11260
12246
8904
7828
7948
1479
11897
9211
13448
7688
5056
2707
3641
11642
3778
270
63
9286
11798
13180
5391
6687
8970
7328
6313
8228
4339
4178
3332
2993
9052
8171
12660
6099
1850
11286
9553
13039
6651
5133
9426
11936
6728
6655
6321
6420
13167
2595
1862
10959
12764
12513
632
8408
9245
10075
7868
11077
8372
11158
10985
2949
7627
10334
6821
4734
44
5594
12552
13376
4624
9351
8167
11136
13138
12382
6319
6542
3973
8524
3104
10271
6888
3307
12662
9613
12696
11963
4781
4514
1413
144
1574
2313
7967
9178
4110
7262
8720
4487
4949
8993
12189
6043
6747
8579
7617
7548
835
7659
7947
8382
3693
12652
7012
1159
12533
13169
8466
147
13417
8486
12612
13058
11039
2587
9907
8041
6820
3182
13188
2000
3898
10245
9166
11408
4199
10113
8169
41
5482
377
9470
2194
3709
2004
3503
11329
8397
9260
11344
12263
3185
12492
7687
3792
2718
2672
2459
1982
740
1032
10313
5520
7286
3046
9917
4079
2254
2915
