10847
6454
3056
6765
12935
2512
7448
12339
13399
3793
10880
3923
2027
1660
4829
171
12325
3546
8280
8772
13227
12843
876
5207
4248
6463
5382
12828
9909
4590
10561
5245
7561
9284
10121
5746
5852
5288
4160
9240
7860
13080
6280
9927
12392
7055
6049
11260
4776
968
5349
154
4465
9011
4204
13221
10461
11950
8122
7038
11581
13316
13261
7144
7566
8815
10862
7962
1441
11277
9411
10724
3554
13603
2800
2070
7343
6929
12823
6000
7039
5613
2856
881
5004
129
6651
7060
911
1286
1160
5350
9194
11961
4714
11618
13375
10417
5760
12849
7582
4739
2961
441
3404
5590
123
10863
8320
338
8251
2093
7234
11379
6022
3730
11579
1095
1647
8953
3490
1801
7574
4445
3880
3105
10623
2697
3905
9600
2251
910
7296
3900
2724
8824
61
13022
34
7614
13270
3124
12357
5282
11272
4377
10686
6571
5792
8196
6500
1964
689
5909
600
13306
2216
11071
11254
6115
4286
4804
3624
9895
2296
2117
8252
4592
1387
12679
13060
497
10313
5541
10710
5790
8421
1693
6002
4108
5357
8200
189
5981
7767
3099
10082
10700
13082
5800
12845
4542
638
5922
12995
3917
9679
2098
6151
3943
1884
572
9957
3641
5791
4783
4823
8064
4989
4238
11341
1985
9280
8194
8423
4320
11021
6652
3520
1233
12571
951
5080
5650
1232
6238
4154
2753
957
1125
3622
11862
13494
1798
2645
6975
12501
10262
2175
10894
3242
10537
11977
10766
4574
8403
13133
9864
7794
10144
9386
2605
2833
2189
6710
9551
9606
13134
1458
1080
7920
8736
7035
6052
12491
10605
6740
4928
8197
7979
12476
8301
1467
10674
11570
4573
1788
11303
11888
4215
7991
6916
12931
1889
1979
7855
2388
2286
3203
5376
13419
7301
3959
8543
1685
902
8438
12896
7752
7533
10948
7425
486
6266
1732
7924
9669
10238
7126
4710
8832
8325
9951
6925
10935
7450
10059
5133
5442
4422
7841
13504
737
8283
6337
12955
7000
10433
9840
8654
8216
6387
11255
8363
10163
11754
7242
13276
10925
7030
12525
3968
185
12255
354
11185
6951
13264
10202
7711
5453
4186
11238
6682
377
11972
13483
11013
13498
3102
2443
10855
7391
9137
7076
7162
284
1367
2696
8039
2144
428
4550
3821
6352
5914
9756
8090
1794
3435
2775
290
6766
365
4570
4518
8649
13295
4612
958
13480
7762
8566
9987
7012
7519
3512
9181
8669
2587
5573
6884
12026
11177
12643
11129
563
9009
1949
11995
10427
3287
9665
7321
12078
4340
12725
884
10101
1495
7741
6545
9751
10289
5855
8983
12347
4332
3839
9956
12210
11692
7079
1070
7909
3577
2786
2358
11091
990
6340
8175
8096
8519
5244
11531
8367
9062
8226
10738
5652
1816
9556
3425
4211
4304
607
10681
8420
8055
4964
10568
2637
9254
3052
2244
8700
1718
919
7316
9638
8634
10573
12208
4321
12363
13511
12090
7203
3289
7497
12796
6882
9494
12103
11168
11488
1946
3240
12850
5331
4140
6461
5583
511
6976
2342
6936
13163
7810
11173
577
10555
10016
514
6070
11616
2855
8049
9201
8695
11194
988
1051
5755
1677
8849
4405
8097
7580
9467
13572
6029
8051
1150
63
1600
2851
13255
1305
4508
12994
4524
7101
10918
13556
10758
6467
9081
9175
8398
6351
7801
3611
12445
2744
5657
13007
9403
1360
12021
9116
1668
8885
12625
2865
9781
9064
5413
11558
9582
5632
7849
2052
6124
9783
10194
3285
1178
19
1334
6579
11479
11854
5123
1421
1760
12107
722
11329
6902
8501
11384
1570
1052
11982
2320
2987
3778
12540
5562
5189
12728
12745
13090
5125
4345
13146
10656
11149
10581
12172
8601
3252
9110
3380
10714
10580
3430
8365
981
9125
1388
8789
1475
11594
13257
2828
4733
9654
5899
3025
9426
4281
4413
9667
9053
9615
2519
11612
11249
5147
9594
8722
10997
11551
13367
2362
7658
8433
11654
9810
12279
5247
9065
2178
10506
7670
6811
6464
13582
8641
13318
13169
5287
13557
9206
1454
3225
5373
474
5112
10041
9138
9612
4025
204
7983
10790
6336
7422
8826
9505
10259
12617
3835
3238
1650
11806
13052
8870
8713
3871
254
595
4196
10670
3494
11555
4587
11656
12318
5808
7102
4527
10128
7210
13160
4600
10126
3741
8247
9658
4703
3280
8498
212
5177
4675
5523
9533
2257
13482
1841
7981
4712
4328
4146
6604
6762
2896
12560
9537
2002
13513
8093
3371
16
7545
6391
1126
10434
10429
6150
3584
9217
4085
5885
5291
10324
7125
3569
4533
12902
5826
1212
13406
2302
98
2602
6539
528
6684
13461
2219
6420
25
4376
12563
12777
3187
11682
13515
8939
11843
1953
3049
5559
7996
2683
12290
520
6949
6013
5615
2428
6678
5911
3416
3156
11935
4627
3790
10197
7564
11937
10463
7179
1944
7018
7496
11193
12587
175
12018
7020
6016
1288
11094
6284
8061
13379
13333
6860
10729
9659
5118
2774
7345
9493
11648
13191
1965
1290
6176
13049
8263
12898
10083
11205
6723
7866
7699
5660
10293
1733
10073
10782
9346
4200
11547
7679
6458
1564
12116
8160
12267
11592
8670
4016
12604
1509
4388
8086
799
4109
5485
7181
10483
12187
4602
7683
8522
3030
12742
10673
12860
9121
793
6674
6475
9731
5231
1573
5553
10349
9409
5028
1250
13584
9662
13204
8250
8511
12821
10205
12221
7948
1674
5441
6530
8706
6609
730
8332
798
414
7320
7616
12312
3343
11680
1899
2827
12946
8207
10496
12326
3493
3176
9136
5047
13534
3018
7959
7896
2966
865
147
3405
11563
10728
13465
10248
1276
9657
1843
12543
7933
3485
4868
6989
9714
6654
9680
13571
3986
10774
10389
9541
8580
10402
8614
4488
9233
10643
12463
5905
7026
8681
6714
3264
6567
4668
3157
5641
10038
11521
3549
10152
1001
5098
12203
11609
4103
2888
13041
11701
6069
3491
12271
12957
7287
12260
2952
11178
6433
944
11868
12102
10195
12222
4722
8761
2941
3002
4461
6018
6544
1073
8513
978
2322
7902
6082
6073
6885
8045
7348
5668
11164
9317
8770
4529
2514
12447
3904
5689
7457
8178
8213
8306
12535
10156
1370
4231
7067
1485
4927
7674
10196
9063
8864
13077
103
7847
8627
4432
4563
3163
9807
9218
12230
11552
9003
2374
7804
10508
7817
5198
1663
4842
2194
12264
5587
1706
7676
8844
5925
1717
2041
5936
10889
1456
7501
9978
11436
8520
6361
506
3302
7271
8943
6095
6203
1139
12094
7540
7114
1633
10507
1914
7123
12310
12407
3604
11495
879
1186
4604
9292
10614
2803
3039
9495
6441
12039
4781
2796
4566
2613
5589
4747
7240
3387
11291
13230
9382
10304
7949
4959
3456
12531
4636
809
12854
7118
9058
4794
3558
11730
8982
273
696
10258
7483
5713
7309
4126
6283
12077
74
1392
10200
7954
13454
12477
5228
8863
10576
4216
12115
2853
4787
11077
7771
12166
648
4030
9854
2708
2062
3508
13154
7687
9824
574
417
9377
407
1752
8103
4801
13429
9160
11026
11227
4677
1383
1372
1242
9389
9632
6848
12912
5717
11578
6831
8104
576
13118
1364
10069
7970
5634
4547
12738
11689
7306
7875
4903
1683
8302
13528
8859
8703
10761
1274
12888
1309
1022
8782
943
4805
5681
8883
13104
12192
9399
7303
11163
1973
4381
9512
8139
9526
10305
12370
925
4197
6838
10474
12903
7195
4066
11417
2081
11433
1988
2140
10942
10143
11763
11920
5497
4962
6693
886
4268
10947
9932
4614
3547
13143
5576
6748
1376
2801
10671
2349
2164
8275
13207
11474
2101
5110
11577
9289
6199
9566
4459
12319
3212
12939
7677
8
6401
12201
10827
12128
7170
11484
2056
10161
3661
2981
13315
12451
1867
12763
2693
2075
7284
5692
8007
4367
2304
487
8407
7761
6694
13051
12982
12036
2308
3597
12561
2928
10182
2667
10045
8424
1235
6247
362
172
13521
8187
1510
8717
12361
6583
4746
721
671
608
1993
6914
2615
8465
11536
2826
6222
10335
7706
2626
12572
3608
12185
5459
10716
12949
6430
1572
4014
954
9798
602
5542
6591
2558
4430
12020
4491
10216
3199
5867
10479
12747
12602
8463
7984
9835
2649
4007
6889
720
9101
13446
8174
11106
202
8579
3977
9995
9975
6094
1970
6541
10757
8927
195
6170
7221
7098
7972
12043
12989
12154
12293
11364
11726
7267
5772
11700
1419
6285
7233
6562
8313
6208
7944
11072
12228
1710
8455
2948
11333
5037
12110
13109
10727
11782
6071
7989
11453
10843
8402
6642
11002
37
1832
10704
6836
2520
13507
12981
10360
3568
5836
1191
613
5224
9640
4468
13179
9077
7356
8755
8409
8293
2403
12646
4305
6149
12409
732
947
8906
3888
11451
7411
12459
12051
3625
4041
6963
9522
2538
4229
8696
8335
9743
3112
489
5778
9719
12866
12840
13366
11309
8799
11300
1121
342
9816
1050
6010
7667
4889
13215
5816
13084
11289
12322
12953
5174
9691
5499
3843
293
9511
10522
5715
11861
3660
5764
5457
8891
6988
1657
8279
8647
224
2726
9982
4565
3673
6132
7641
7137
11170
2470
11304
1620
13350
4013
4495
10253
2019
529
3410
6301
7217
3909
9911
3213
11873
6550
10201
216
8951
4055
4257
9097
2972
4637
2279
13125
11151
4064
658
11150
2549
5637
8484
1622
1136
2486
11965
9882
7987
5102
3873
4918
11098
2405
10049
701
8979
6156
12616
2260
7298
2536
538
8712
9520
1442
11023
5239
5700
6600
13326
2998
11793
12123
10842
4303
6817
5375
969
4083
13411
10490
4453
9885
10857
11744
2465
13113
1278
160
4758
7606
11996
180
507
7844
11519
6875
7122
12490
618
12647
4359
8343
12049
7986
1521
31
1686
7347
10698
9540
10379
13223
9016
6328
9598
2133
8827
10936
8386
11611
2528
3151
12775
6036
352
8545
1086
10533
4399
7493
6278
10773
4123
522
3054
283
805
13407
3309
4967
12399
11678
6172
6342
9710
6137
13386
1981
9778
9833
10478
12900
2666
12035
9752
11704
6582
3114
11864
8976
7507
3777
9354
6235
10890
8922
6883
477
8237
13567
2393
10940
6741
2650
3734
11281
5154
9843
10250
13308
2327
9661
946
6081
4290
13132
334
8962
13592
12428
7408
2341
5501
4899
6540
11921
775
10308
3029
13583
1533
6630
11749
9821
11247
12320
4189
226
8894
5507
8256
13242
4515
198
1696
4201
8638
6526
6794
11571
10486
1089
128
11067
5565
11835
5076
7510
10520
4800
5181
8680
5131
2711
8072
9866
12411
6096
13070
6595
4089
7697
777
12167
58
1550
9614
5322
11981
13243
9859
3565
7514
5706
12630
13250
207
9966
10199
5308
4520
5320
6982
7916
7205
12081
13120
2359
5749
656
2464
942
11785
6711
5716
3630
3650
10730
2369
7165
9699
3043
2071
1624
6060
10856
9942
2692
5190
3461
12576
10269
12202
874
6881
12586
6119
10601
2287
331
6681
5707
13564
3797
5079
2291
10376
12494
2947
6739
3364
2974
4580
4977
6542
11502
10970
2480
8884
12865
8530
10096
9936
8120
10378
9438
7570
13327
11603
1694
310
9567
11973
10622
10801
6415
55
9266
4798
4360
5665
2958
1207
11473
2809
9451
9230
6732
339
10315
13124
2937
5486
3460
114
3533
9152
3293
2022
8327
10959
5100
8385
26
8667
10046
10931
13377
11922
8817
81
748
3995
4799
979
76
5218
11062
11075
6619
11595
8672
6631
11635
9827
3373
4397
1658
5493
69
2196
13526
11251
2556
7084
225
7663
7045
9740
4390
8418
7017
6046
12017
13038
9799
6410
11629
7796
9180
761
4572
4128
7364
9374
7993
8955
1818
4074
1230
10869
11877
8658
12119
2258
10279
4192
166
7835
7623
327
3113
12040
10246
167
3137
9257
210
4285
1040
4308
13342
4782
6891
2498
6986
8730
1675
4933
9241
4414
13464
10577
7642
2454
8546
1795
12417
12136
1842
9115
10767
8521
11585
4156
3079
2272
4077
9014
4034
4879
4226
10989
13475
13508
3936
13410
43
12966
2996
1783
12352
4816
5212
13451
5898
2506
13348
4554
8806
5505
1774
5406
4591
12022
10587
4888
8260
1819
8831
6427
10458
7768
2297
9192
13368
4318
3561
3400
12287
2529
10900
12005
6194
871
8897
5810
9969
1771
11125
5924
13489
358
6662
21
1182
7314
5966
13330
5585
5889
672
6779
10852
11737
8828
1852
13032
1646
11443
13278
12146
13175
10560
2944
7446
5628
5739
11127
4193
2995
7146
7380
10642
8923
3643
6153
502
13271
9815
12504
7681
2850
9400
5374
11879
3244
7024
5943
5648
13539
10487
12486
6419
4607
3322
1833
3116
6112
6773
11302
8383
5372
191
3488
10295
2275
73
5588
6992
5566
7968
3095
6924
4830
3183
5337
9490
9397
9888
3441
3111
11945
9846
7431
1518
7319
11368
9468
7005
10406
4087
11633
2914
10086
12733
8115
7329
8460
13323
8625
3417
6648
10589
12152
4826
238
11798
3407
8394
1803
734
7160
9209
4931
8107
4757
3432
5389
10532
3026
8202
10330
13199
2836
4803
11569
182
7246
12833
1381
4147
11293
10317
12211
7869
5965
2764
6805
4876
4895
6564
2300
7047
5694
10316
3385
5449
7228
3540
1481
10648
3474
1724
11696
1333
2146
10336
9108
13311
7034
8908
9342
3737
1272
9012
6825
2889
5051
10517
11395
6972
1725
7419
13167
5285
479
11198
13277
1363
4519
9444
1025
8630
2953
6968
6664
4923
10781
4687
467
13412
12893
6900
12328
5332
550
1912
4544
7583
1628
11022
11997
7155
9579
1758
3139
9741
12434
3027
1868
13139
4457
11258
121
12696
1027
3708
12008
7930
1672
3313
2942
9222
787
8371
12929
1532
10524
13145
13303
3600
1566
1809
11713
6164
9698
12675
11469
3973
2562
8469
15
12044
4400
8117
9992
11081
4917
8677
12673
4375
5334
1545
9204
7708
5574
13598
4205
6053
9388
12584
12545
6628
9320
1368
7579
10489
8509
1015
8676
2373
13123
653
5336
2638
6335
141
2401
5973
5042
13151
1162
8030
4742
165
13174
5277
4988
2593
8245
7432
84
8234
6375
5912
2936
11528
8087
9393
11441
7973
4219
5857
10386
8470
3014
349
823
5184
9670
4880
10748
10626
7802
6114
12967
4188
10495
5271
1433
887
5213
7751
6077
6915
5994
6317
10815
12875
2051
5835
9636
1311
8516
213
9753
7167
9965
11708
4810
5996
1702
153
2030
629
209
723
8114
543
5607
3311
145
6311
9445
8568
4319
3424
3164
10140
729
11461
12479
6374
5055
2337
2391
122
9323
9479
11424
11644
6531
4218
13012
9660
9202
11620
8493
5495
2654
345
12054
11373
9447
6646
2407
6434
8994
12910
3072
10883
6585
9145
8791
11134
8872
12353
7367
7441
6781
5917
8316
4258
12109
1029
10066
1098
5849
6347
10079
3849
4481
4297
9443
6809
4393
11410
11764
10134
3477
8042
4473
11030
575
6574
4005
3406
10878
1612
9402
6059
2046
13057
2698
4511
4490
3145
12175
7798
3912
239
8781
1473
7806
5664
4436
5740
676
12882
13019
6443
13309
10602
1608
7285
10690
8548
2891
3319
9907
7753
11617
8750
8515
4738
11930
6158
9417
3065
4577
2479
1105
12483
9489
2984
588
4501
3609
762
10468
6242
13346
4081
4273
420
7366
11418
11933
163
10099
11923
12282
1174
3235
13144
6021
8347
2399
4981
11860
9483
2079
1347
7200
11452
9524
8022
1890
7189
4158
6360
3663
7078
7265
8873
1173
6216
7173
1961
3146
3207
8846
1060
786
6279
3130
9348
11714
7088
10538
11823
297
4378
10354
11841
4683
1649
10005
3484
2122
11591
6445
12956
4364
2635
177
11511
7643
10689
12631
5530
6456
10571
6297
10582
8820
8052
4313
4155
4362
2636
6397
2265
5166
9326
2624
8562
1525
8636
9695
12134
9025
10813
9904
8481
2956
9539
2544
8813
6288
2777
425
10921
4336
10964
12055
11014
11870
9608
7547
3982
8838
6658
321
3930
169
9349
3413
5290
1145
841
12820
11171
6661
1429
6259
554
5135
6584
11053
11807
13205
1863
11848
89
10497
7603
5769
476
5926
12193
8028
6007
13117
7690
7414
13037
4536
8763
259
6576
2504
2989
7648
962
2892
5799
2660
13509
2387
8377
3994
6431
10345
5611
10035
523
739
8210
897
8212
5379
12190
274
2239
12272
12765
1810
2511
10236
12182
10562
6326
1087
8047
3819
8364
1770
11695
68
8874
13456
4251
926
2115
7178
1531
13413
4395
4946
1244
9733
7654
9628
7593
5978
751
13157
11665
5721
9429
13161
6973
13343
1814
9767
5492
513
1907
2802
6113
4164
555
12601
4326
11225
11214
56
11889
4724
11811
9519
2687
286
10102
3607
12006
598
2897
8182
10929
7536
13103
3802
9790
7774
13108
10106
3318
9788
12106
3942
10812
3748
10358
2938
12114
7539
4113
12240
8315
3296
3753
10647
13520
4837
193
13170
3129
8010
5143
2872
3637
4913
1782
13071
5714
7759
3567
1526
9908
2295
1894
13107
7180
4911
10832
11769
4737
2745
7719
5986
11325
1158
8495
6555
2103
3846
3012
3552
3738
12112
8590
12042
5582
4786
10255
9456
3074
12343
11290
8619
7031
10077
7057
6057
6003
2652
8145
12784
8266
9822
1340
8767
267
217
1519
4259
3572
2816
13209
12289
8735
11156
10911
12990
6934
1054
8486
3305
9478
3020
6465
2425
5409
7793
8068
6958
4404
7876
12489
6333
6270
12108
13061
589
579
6432
12932
8224
5217
6573
5985
3924
222
3894
8390
4824
6289
3772
1283
8836
10613
9901
2203
851
3574
3823
1974
1932
2059
11119
5261
12720
10273
294
8437
7412
4663
12241
9339
5164
12567
8942
4980
6677
10610
2047
12553
8133
10065
8732
11557
3784
6727
2887
4441
13059
13217
10574
6746
1453
3906
2024
4541
4965
3166
2492
7
6820
8679
11018
3601
6055
173
8785
2176
12986
346
13127
4595
3390
8879
10350
2398
11881
6103
9078
3084
6743
1135
3210
9171
756
2978
7573
1476
10024
2033
3009
11103
4717
5180
1172
3723
11613
13171
464
1765
8584
12248
5240
789
2815
1621
11869
12395
7416
1939
2338
8262
9267
12069
1941
9641
3712
13147
12393
4616
9225
6812
12270
6181
3937
6650
3220
1455
12429
13481
11831
10711
13292
6538
2397
12495
10991
5546
1997
1285
11674
6853
9144
6816
645
928
143
7713
10493
9106
5698
6653
10764
3614
5007
2317
13183
12916
7729
2238
12606
5752
3135
7212
6985
424
10247
4187
7701
812
12265
8604
12216
3874
5292
3349
5827
7659
8609
6659
4001
3016
3629
5963
367
8571
6827
5761
4467
10616
4660
10566
1542
5044
13430
11976
130
10017
2411
4373
9017
5124
8399
6636
9508
7120
11104
7966
9776
1780
10306
11147
1557
2608
8650
10594
9477
10837
3437
8893
4351
6122
11808
11626
6599
8918
10771
6219
13562
4101
11279
27
10006
11832
8309
1891
1968
10850
7243
6466
5627
3034
12137
9939
2706
7992
7707
12897
12151
10115
11652
923
3123
12087
8503
4255
3035
13555
3321
2979
12027
1294
2716
184
10300
7239
1634
11137
12739
3869
2228
7572
9631
12367
3479
3175
10203
8595
9820
3022
12062
5659
4909
10081
12793
10665
1635
10534
8356
11994
9808
11049
1784
1811
9043
5603
7990
2780
7733
11267
3439
9750
11265
3444
12869
181
10946
1084
5744
2141
10165
4047
6470
4396
2965
11398
9970
7688
4271
2
6965
10708
1587
8248
8071
82
13248
8299
12441
5227
2596
6281
5520
8140
9928
4539
11711
12605
7455
6442
1414
10177
12536
13337
2333
8189
450
6764
6561
12598
9530
12526
1156
72
10384
3471
11553
12588
8089
8525
599
13462
7921
11890
10733
9974
8440
10266
735
2054
12619
5208
10586
9246
13231
9800
10800
9036
2822
6978
11723
1888
3971
7443
10978
2500
8787
12458
4202
8594
1459
2068
4234
10885
9985
6306
13495
8822
3827
485
2509
4727
3883
9634
12508
13569
11911
9576
500
4968
12461
12968
12942
7033
4833
4856
3184
2082
5065
7700
5624
260
3759
4750
4338
360
9080
610
10390
1584
12291
4252
7575
794
7509
3453
8852
5920
8146
3434
12979
12400
5236
12914
13554
10939
2592
12996
8697
9954
12554
5561
11498
2717
3826
9668
9924
8464
1606
112
10047
6308
11146
3626
636
13505
4914
8816
12198
9934
1404
12997
2375
11145
9825
11846
6225
10702
11232
4579
2598
12727
4440
3290
3586
3502
4480
11385
4996
13608
13393
2878
10953
5537
2422
9687
158
8992
9976
8518
4275
7769
9421
7908
4139
4741
5145
8993
10831
10405
9179
1446
894
12657
7282
1520
12047
682
5606
3897
12016
6955
7081
4143
6798
3073
9401
12622
7484
8727
3076
3320
9252
3291
6788
8747
4054
2601
9076
1426
3659
2651
905
5567
6302
1799
2225
3222
3251
6990
6796
12274
2280
8382
5307
5887
2799
11431
13068
5399
1236
11673
4383
8201
1190
6287
7776
2347
2983
1539
3975
4873
6679
1831
392
11598
7938
11493
11716
6608
8969
11856
4409
12592
5959
5619
6193
12157
12238
232
1246
3063
10759
12797
2423
1155
3999
1490
2156
6075
1627
7517
5339
7887
2224
12218
1822
3538
1287
6248
5176
4875
5598
518
10706
13155
5253
7021
5670
10124
12204
5654
3140
12806
4979
3941
10785
9458
936
11545
7434
13355
8790
1669
11503
11175
605
11100
2432
8912
3711
7016
4753
3269
13137
335
10872
1033
12003
8062
4530
9937
6040
2157
1264
10901
12701
5830
4874
12568
4072
9588
3557
13405
5742
11439
4022
9068
1517
6120
11589
9439
1969
6399
11520
1103
704
8080
11029
435
11731
7087
11883
8001
6560
5046
8366
10629
8682
6315
6829
6269
4458
12876
8871
60
9983
6064
13101
8013
8168
9496
7249
4033
3273
2685
6012
10151
6611
11486
11200
5886
6174
3950
8896
11435
9455
3861
3732
3024
9262
7630
3526
5104
10404
8291
7850
3330
9189
12449
4650
7957
8370
9057
492
11874
2343
9504
8041
11429
6136
9712
3504
7523
8471
2689
8769
1791
3714
8432
12058
382
3658
8361
8487
9564
551
12930
1345
9624
4080
10888
11899
12113
882
2035
5699
3638
12278
3528
6047
2315
9037
3346
685
13384
9884
9492
12886
246
597
20
9446
6937
660
12084
7044
4267
1554
1655
8984
6068
2531
12848
12482
10634
11004
10963
913
11336
9990
5155
3891
3254
6079
2394
9290
1562
8198
1422
6610
5833
7058
1544
8344
3976
6457
7686
3618
4312
5578
3640
447
5159
6294
11634
6127
6004
766
5130
10744
28
5039
6474
5286
11915
4745
11850
8008
10695
6686
257
3470
13479
9648
10039
5114
4657
11903
7910
12252
3510
763
1297
12472
7702
13420
10938
2563
4052
10511
744
7852
10245
6742
2179
10551
3798
278
4516
379
953
13503
6549
1704
12780
2542
6647
11040
10980
3191
4322
8857
11936
3836
11367
1942
634
10432
633
6344
5144
2890
7175
6109
3378
6685
2746
3108
9580
12333
7929
12237
10739
3093
10772
5869
12131
2951
12635
10721
12788
1700
10987
1483
13523
2241
11909
7279
11008
855
778
5544
539
4150
2200
13387
2382
8629
9
8830
5354
2184
7369
5468
4356
5894
2623
11051
8929
10181
7213
7526
2449
1386
6763
666
4943
13354
6898
4555
1824
5117
1397
4343
9234
1041
5141
10899
5527
11894
9903
11471
8190
12037
5556
9449
5811
9737
6834
5522
2365
1222
3993
12280
203
1806
8346
5663
5891
9462
11742
7315
9964
2057
12908
8180
7619
7581
1312
9452
437
509
4869
1463
6404
11926
1307
9700
776
9169
4098
10675
2264
5035
11814
3854
4715
6691
91
6640
13111
4726
6486
1613
2844
5465
11440
3090
7085
10332
7082
5081
7037
8702
8623
11735
320
8756
13210
10803
10617
11348
1314
8726
13064
12474
6632
10185
2460
2412
6471
9488
12566
2153
12079
10074
11230
4176
6185
7376
1917
11866
9418
10043
11084
11124
6768
10612
2762
13334
4756
8373
12909
679
6101
10469
5091
38
8457
9585
12597
13532
4212
3117
2838
6777
10575
2385
10687
10419
12505
440
1299
3224
5801
7646
12444
11989
35
2515
9689
9701
10394
9543
2451
3679
7069
8842
12962
12099
2077
3648
12582
5255
12992
4019
12002
8231
10174
11052
11363
13332
7048
8565
6024
11097
13356
10341
11189
10257
3803
12104
12839
12158
7512
3223
8271
3265
10516
9092
8803
6350
11676
2356
2880
1065
344
7999
10556
3718
2659
3876
568
5433
4551
3496
2534
6126
2728
1219
1925
6847
1077
1885
12724
10741
6977
5017
2482
815
13486
9060
5937
5548
1543
1529
6649
11299
8244
4615
4370
6945
12807
4568
463
4732
12844
6034
7571
1873
3824
9395
7008
13433
665
13241
12308
9633
2058
12789
12424
8065
1410
6922
8510
681
11524
12149
10596
6477
9311
7148
9948
188
13251
10664
6198
7354
6093
12223
7135
2395
5730
9287
9514
5702
3193
12155
10873
6641
4067
1900
13408
402
10347
4659
2818
1779
9650
11605
585
7065
11166
11586
8829
2301
8889
13610
10846
11590
7286
5150
8435
10243
6224
4447
10040
3769
12233
3578
4136
2927
12905
5513
11845
3820
580
9960
10720
534
1231
8450
12227
982
2783
12856
13222
11929
4692
1308
10500
4633
6452
5324
803
4311
5580
10860
11938
8920
10677
2950
1365
12695
7500
7158
12506
312
3750
5380
10104
12266
11587
4682
9127
7278
9678
453
848
7748
2372
11320
12174
4503
1047
8500
1167
8088
9242
12961
1390
7335
11392
3697
7522
1701
3709
11655
8339
9779
9112
2805
6276
791
3204
6251
2282
3457
7795
10981
7913
11640
9164
7739
13313
2631
9480
12277
3682
10972
5396
3885
4562
632
5595
7381
13363
326
4581
4793
5115
12772
12621
3050
6408
11294
13152
2710
12808
7397
6504
9015
2661
5538
4735
9094
584
7474
3581
13011
12834
8651
3019
9119
2383
11342
12305
11822
13499
2462
7245
3850
12302
5463
8170
2483
8380
12693
2303
11298
1527
8414
11226
5122
6536
11969
8963
5633
637
10014
93
813
5870
7998
11736
10896
1002
371
3795
9544
85
9223
1384
2879
7362
1091
6995
1578
6998
6644
13194
7906
10010
9055
3536
1671
8018
2795
4567
3261
2642
9375
1637
8720
2932
9330
935
1593
622
10971
9892
7695
11882
5687
10996
499
4531
11269
6250
1056
6168
8660
12626
7633
594
7829
2740
5545
4987
2658
6379
3733
10080
8434
11534
10352
4233
5220
2109
10606
6062
41
7115
9200
187
3717
8025
4676
12144
1275
1743
5127
480
12862
11786
11465
9688
10220
9584
3896
2390
8882
11143
2313
13552
3865
7848
8765
10859
12344
7290
10820
363
9472
7471
3194
10525
7467
12719
11206
3928
3719
4346
5266
1910
1445
2014
3345
6366
11130
10814
2476
13228
3492
7374
1214
11446
5718
7398
3530
4127
142
9263
3418
8926
7288
4521
1538
3160
6913
2502
8721
7554
5643
10584
8002
5270
6243
11340
9538
8528
3350
6696
3866
12180
2763
12741
8704
11213
9757
10932
8905
827
2770
13581
644
6554
7961
8603
7479
3179
12743
10055
3234
9618
8671
11115
5953
2821
11942
8804
3818
745
1039
3357
2453
10494
1721
6778
11819
7851
10754
6212
7637
87
503
2234
3173
2414
4125
1185
393
11791
3603
12555
10401
4599
4961
3704
9008
10874
8934
3500
677
8688
13246
3402
13544
5831
12691
12723
4073
4681
9890
9844
2900
2922
11639
13391
7888
13195
5974
3275
13472
4861
4934
1916
10123
3165
11506
3195
7436
7461
8476
641
6621
8166
5419
9745
12299
11161
10611
6186
8355
5156
13424
11044
11512
8689
5456
12056
6575
9362
5183
8330
11362
5939
8607
5256
10848
1428
1977
10776
3401
9031
12416
4886
1728
8341
13514
7612
7918
7001
9123
5512
11261
13015
5260
5934
9655
8878
3751
11693
3725
5503
2424
4246
9857
2367
12324
5315
6428
10397
6161
6447
10747
7673
6669
9384
6787
3120
10908
5919
3374
6749
9019
6492
11513
2477
13131
5846
12969
12837
7821
5010
7576
9318
5893
2628
10649
8009
6814
5661
1720
6362
9261
10746
7010
1785
1565
1074
3811
1927
13519
12615
8605
9313
709
3038
12732
5860
10607
9725
7011
176
12699
7111
3981
11574
719
2622
1793
4419
7326
7339
7480
8617
307
11313
11239
11566
1439
6930
2664
10658
1267
8691
13432
8468
398
9085
802
12100
13310
12815
8123
6688
8814
12212
3724
13490
3792
1418
1281
933
258
4693
8408
4028
12624
11011
6813
8183
9880
3649
5693
3134
13476
12894
6217
1038
6617
8290
8277
4493
9677
9613
2633
4349
4288
11885
7104
12196
12544
7878
9042
7636
3919
30
858
3092
3462
1631
1044
2143
6130
269
3249
7266
3833
10334
4412
3987
11900
616
9088
2723
11564
13394
4190
13447
10467
7639
6520
12838
6754
9950
8217
8613
7251
12342
12466
1124
3990
13538
12594
2466
10139
6436
3419
1920
2445
9988
6459
12612
5119
2691
9211
2021
10502
4120
2331
1615
2620
5365
11675
6462
4398
8391
10157
11126
817
201
10661
6627
3992
13046
1209
10456
10666
8295
12376
700
7143
1504
11288
9849
6819
9476
3185
12577
9865
861
7289
10694
5712
5162
11687
11958
7490
11641
8173
4597
7556
11485
10967
4265
877
11745
5120
10113
10743
4893
9396
4647
2616
2977
214
3804
2172
9331
4912
5473
1575
10241
8056
5490
13094
4863
4867
1341
13110
9809
5838
2933
8733
436
2797
10447
5743
13203
6298
9967
2209
495
12804
639
13570
12948
11209
3705
3615
6558
4437
3605
2964
10633
5564
561
12060
13439
764
12904
7715
5283
4705
12207
2894
5955
7053
4640
12355
9425
4762
2919
1462
11122
6169
9457
12450
8284
4557
2632
8560
7041
9549
7765
6446
8867
4939
1460
13596
12614
8957
332
10949
8184
3664
9039
10240
10252
11457
1507
6359
4808
3315
12437
13213
8754
8794
5923
8141
3831
13115
7153
9422
9099
8877
12010
8751
9595
9178
7375
10752
2842
9832
1592
5685
7099
9352
13206
11405
12420
6244
8561
2226
792
12692
6672
5171
5610
4263
7689
7694
1568
12414
4309
6577
1590
11685
5326
3532
8177
9440
2991
2325
7994
10133
5997
11913
7168
10048
4857
3676
7117
2006
5653
11445
1716
7407
7184
9704
1501
8014
10088
9542
5756
1893
13492
4062
11529
5330
13294
3606
12634
9943
938
3268
8100
2559
4355
11657
3507
7128
127
2195
308
11270
11380
3467
11153
6450
4191
12546
12473
6227
9454
13285
13602
6638
13468
10756
13575
9301
5006
3106
2044
5341
9887
9867
2918
5302
10287
12799
1358
8111
7056
13357
1776
4960
4415
6019
13050
11999
6996
10268
11335
3325
6625
3198
7361
6605
4431
10187
2344
2085
6527
6512
548
11425
1642
10021
1323
4316
52
438
159
7133
4851
4300
5850
1967
6660
7877
7323
10393
8032
10118
1177
9732
8406
10311
4702
6967
3550
3097
4434
11046
1493
13138
9117
1551
852
3169
13416
5196
8233
5242
557
1596
3478
3703
5049
1494
4149
12234
8491
12165
10491
4593
5069
875
8021
11833
4078
2513
3005
5554
10137
12485
1243
6377
10351
12792
11033
12231
6125
7629
1277
2116
1013
6437
984
8907
1328
4817
8567
11912
8125
1356
5671
752
4631
13216
8823
3595
9050
12580
12868
7383
7014
2643
12636
8238
1951
2350
4294
8892
3473
5803
7915
2233
2247
8075
4936
11117
1839
706
12737
7498
9172
1909
6056
3333
987
1400
4678
1883
1116
7400
10075
494
1640
896
10256
6086
7956
5170
9565
9391
9915
11057
11358
10585
2078
11415
9855
6102
3101
6944
2069
9604
1149
11710
5500
6532
8286
1255
4472
3764
7586
5884
7090
12469
11500
11295
3580
3142
11517
6067
5026
8716
1836
12721
3208
8082
4167
13487
2017
288
6312
403
9390
5005
13565
11343
11924
322
6316
8860
1259
12438
1586
955
12362
7590
3324
10339
1352
1115
9593
4442
1934
2270
9746
11492
12795
12000
2064
1708
10625
11690
2521
7516
6393
3316
9196
7002
6076
11646
5639
1992
1435
9100
12335
1085
2213
11663
4963
10870
6218
10120
62
11892
3100
1487
2066
13436
1878
7947
10103
12368
5371
8693
12964
4084
8085
1108
11593
10089
1500
13418
9239
3694
1800
3890
2326
2011
8331
9273
5861
12864
1902
11292
11351
768
13321
11321
9338
7560
4865
2306
1437
13008
6398
3382
12925
5303
8534
8551
11787
7567
5386
270
13212
4075
9765
13268
2718
5363
412
12443
6784
7140
9868
9637
5072
5209
8996
5083
2108
1303
13168
12889
1320
1547
6596
3588
11878
7693
8282
971
13096
8723
7110
12522
10109
5178
5987
12530
7531
9448
6211
7152
3070
3766
51
6476
6826
8239
10466
57
6588
2404
1169
12924
4975
2193
3178
2982
4250
3355
647
10797
3304
10651
1766
287
5059
10002
10898
4628
7378
7485
11759
12933
6734
2222
3232
11514
1143
2606
3144
1956
5832
11507
10064
9573
5906
7527
6997
2110
1807
7054
9861
2599
9482
1750
11430
9210
4225
2568
295
10421
3535
5211
5398
8819
9830
3851
7275
261
1359
9436
6759
1987
4667
1014
7652
12468
8748
6378
12499
2576
6523
12332
8564
8549
12941
583
6416
3856
517
12351
11382
12832
9902
7283
7932
10789
12954
64
1451
1195
4168
11766
8458
872
13229
2721
2926
11901
5273
4264
11050
2171
12226
3944
13533
8850
7542
12220
8805
10788
10320
2935
12215
2188
1857
12246
1069
3033
10125
11039
1338
6206
3431
2400
3758
11464
5568
3727
12150
8278
2339
8656
357
9912
6865
5134
6894
6292
654
10822
1447
13586
7859
12503
5390
8261
2250
12321
6725
10085
6261
12972
11625
11477
7344
10817
10572
376
9435
915
3996
10518
1715
2980
8374
2715
13457
6635
9270
1748
11834
3548
11107
8645
4949
5908
2034
4065
4655
929
11518
2417
5776
457
10567
10550
10973
4986
3791
10920
1100
5864
5968
1617
5066
530
1127
1413
10209
8746
8729
2555
9460
11374
4446
9199
5733
2604
1699
796
5167
3925
9989
3188
3339
12927
10954
8225
1769
10684
5401
1083
5425
3133
4836
5703
8020
3384
11978
3388
2332
12059
5757
13488
7190
12471
7786
9356
10369
2430
10536
747
8000
4517
11285
12030
4759
7931
11240
12092
11799
1638
4401
10425
12360
330
10007
8489
9285
11400
7842
7905
1924
10937
7219
7007
10547
6304
12314
488
6295
6888
6552
1210
5647
8749
573
8388
13563
6196
4331
8228
1114
5158
6689
4564
12778
1061
6154
4454
1853
9621
4525
10226
5377
12943
18
8456
10214
8348
2713
4017
12517
12787
7710
781
4266
7089
11141
6255
10762
8637
12309
9020
12341
4166
9013
9578
108
9755
9874
13417
7244
9518
5719
621
12822
2813
12871
12492
13607
9001
8427
3991
178
6489
3519
5068
12249
9186
727
10175
8812
10044
12229
525
13208
10926
7476
10707
736
208
1198
9546
834
7969
11948
2690
3726
3666
12257
10488
13136
4748
12934
12388
5858
6793
12951
13512
1306
12978
5735
1947
7325
2113
1958
4279
12853
6449
9994
7779
10866
9412
9922
8818
11487
13288
1679
6774
4755
5895
4235
5984
7299
7942
2020
5348
12053
5785
5393
1496
8186
1667
13344
7204
10116
10749
11025
10368
13402
1468
3783
6272
3201
12660
1802
12401
2067
5252
8015
10630
3205
11963
2866
2582
3369
4892
8157
6221
10498
2155
8539
2063
3763
12718
4999
2814
833
8524
13527
10325
9156
6663
10188
649
10042
7297
3372
13266
3525
2750
2073
10179
2036
6673
1838
12562
8784
2552
1313
1396
3855
9516
3292
11600
3221
10229
8310
3867
4380
4976
12703
13035
3498
5475
9033
5552
9244
6460
12295
9005
12878
12749
6624
10097
8673
8801
6322
6563
711
3505
9364
3314
7337
10470
6879
7692
2595
8264
1204
13414
688
12168
2603
1469
10132
4060
9941
9930
1536
2111
10922
8777
8188
3217
11020
4221
9734
6510
4301
3475
6134
7935
106
2104
9220
11306
5787
5234
10829
2695
7651
10275
5452
2854
12859
9944
7360
7839
434
9532
117
7736
4159
6209
4449
2674
10696
13353
9766
13034
12736
13535
2074
6330
2647
1296
12817
8416
10385
5604
6426
1011
2765
11688
5023
12101
1471
10798
7838
5774
773
9368
6920
10098
3858
3652
1153
10407
6690
3110
7049
5777
10296
5085
9560
12729
12197
4329
4773
8798
10231
11767
4425
9869
970
4354
3939
3057
10510
11074
6105
3154
4485
1821
6162
6775
9666
3216
5555
8296
1652
3282
830
11434
780
5517
8825
8931
8535
230
10854
3945
8102
6201
3541
6184
1427
4791
6325
2384
1263
2452
2091
4105
13478
11724
755
13328
3551
13148
12432
10563
3755
10619
3646
593
12640
6758
2754
7105
10072
6867
3623
1448
12161
1826
13188
11898
11659
6038
1735
6808
324
309
5215
2526
47
3458
11975
10184
12406
8917
2174
7653
1962
253
4183
909
10442
12641
5418
8124
13186
967
3878
4698
12284
4632
2346
11838
10545
7050
12029
2231
12748
6837
8585
5053
12998
6299
11615
5169
9735
10530
1607
9705
1168
4854
4998
5391
2132
12855
7492
2916
13597
9581
12818
5708
6908
6423
10569
795
868
9203
2757
8300
12790
8640
1215
2579
12194
4813
3004
2440
3735
7124
6494
6256
11120
7535
3960
1751
3940
12454
3338
8105
3421
760
7941
10725
10409
1930
10553
404
13073
7151
8078
1362
11829
9645
6214
8752
10821
782
4609
11747
6720
13226
5060
6906
5504
11224
5205
12410
9256
2100
13116
2152
8865
12283
2655
807
11576
9146
3698
1511
11751
11035
9237
4662
8137
7439
1546
12570
12872
3842
5932
9351
2617
12170
2419
6382
10430
249
3297
5323
421
10652
9089
7444
1045
2566
2992
3480
5834
7955
7103
1037
9405
13065
10274
6665
490
10178
11192
9871
8506
10783
4029
11140
4643
2223
6747
6931
8110
10861
5202
6871
13397
1049
13256
3354
753
11242
10892
4220
2761
2639
9249
4107
4744
6962
442
1682
12009
11732
1599
7270
3344
8753
5407
10403
3771
4115
2494
3911
12936
12521
12171
10653
7985
9789
140
10366
2548
9716
5726
4391
119
12753
11491
5305
1030
3351
9052
5368
4561
8378
7709
8459
9572
8083
4983
3922
6329
2256
9095
1480
11187
821
4384
7161
9647
13142
3147
9521
12244
2154
13336
3895
9599
6910
7263
669
6409
8358
2010
3817
13339
8151
3556
2162
5723
12387
13496
12276
7469
10924
7809
11604
4389
8728
1680
5360
11840
5099
4427
2420
9993
12261
4195
6729
11422
5438
9236
9343
5656
8807
9299
1229
1713
9361
2665
5672
13159
12364
13192
8067
1594
6099
13237
13013
4500
4353
4486
9158
13443
9547
6020
11229
12842
4325
7025
5444
9535
2612
8724
3700
9370
5222
8633
1004
8589
6334
11971
10688
6983
2812
1579
13086
8019
8156
6106
1291
8475
12232
3870
12712
3127
5151
10549
7698
9383
12377
5795
12880
11992
12418
8592
5807
4832
2588
10453
5052
12825
6190
11637
12639
6023
13087
12111
12529
10475
11024
12117
7812
2406
5470
4730
6702
2924
2007
9072
619
1067
3464
8599
8417
1224
8547
7466
10679
4214
3103
7437
3091
10705
3155
493
2118
5640
6823
12383
4769
4210
10451
907
9394
5950
9434
3516
10414
2574
11219
12273
13604
3455
5111
3327
11169
6232
3211
7541
10631
11421
279
2353
4948
6950
303
13445
10119
10722
430
6163
3796
4416
9812
1057
4974
9157
5581
8662
1757
1482
3172
8066
3529
12263
1950
12072
7784
4121
8395
3239
10646
5551
125
1405
11727
8759
6117
4463
9814
12412
12835
7864
3150
8419
11758
9298
2990
7588
10208
10001
5243
9109
9232
3398
2503
11444
612
10638
6639
12731
5071
8508
13063
10669
1854
10029
8626
13005
1171
2381
6091
7229
4526
9534
7926
380
2310
8243
3774
3543
640
12623
2847
7868
10655
5394
8980
9848
8297
5451
2817
2732
9686
5819
9048
13312
6131
11318
9823
8193
1324
5930
11365
364
1361
2557
860
11725
5608
5839
4585
5216
4090
11111
5960
6886
9793
2516
12142
4236
10699
5300
10312
4641
4838
7338
1847
5400
3422
822
341
12608
3662
8909
7187
6192
6417
5013
394
9536
368
6565
8948
7254
7280
5278
1895
7716
7197
7223
3647
150
406
1079
12534
11419
10359
5638
1850
10923
11510
12752
2720
9268
7863
6623
2276
7237
7132
2139
6736
2444
6518
13042
5837
1581
5289
7754
12589
1406
11679
1118
8775
1112
8497
10663
2769
13296
6015
2198
13272
10030
10207
5096
13331
13349
715
8058
148
1549
2510
1412
1348
11217
5584
6469
515
3966
4546
6008
1377
10703
4429
975
13189
2871
7900
7882
107
5768
4172
7607
2490
5605
7139
2120
3125
8333
11858
12873
10983
12980
9557
1123
10465
6405
4576
1075
1063
5572
10211
4253
7185
9207
9096
9424
9775
3181
13374
7657
2142
1265
164
8978
1860
1662
6957
9702
895
2232
10357
3075
13262
2427
6058
5575
10853
12783
9736
8063
10717
6517
5187
13558
5820
13444
5900
1133
12297
6667
9674
13018
4023
7435
2166
504
5297
10076
1886
11034
7666
8195
9863
11818
3752
9675
10282
7631
1380
8046
11326
5032
5484
13591
6700
2243
2145
5710
8328
418
5775
11789
7013
3148
1059
6265
3813
13075
12440
7100
3969
674
7830
11089
13267
10160
7625
3310
7333
1443
1342
3295
10745
13026
5907
12498
8683
6959
11951
10446
2737
5182
10452
6048
3684
5251
12662
8866
10682
2127
4822
4009
221
13438
567
7723
10254
12519
3566
4926
5765
6345
13102
3303
5460
10388
10805
5854
6792
7313
4208
13289
4137
2614
8215
1284
1122
11826
9340
2136
4901
11139
3785
7546
9308
10792
11121
4448
13530
2832
12901
4784
12960
11389
7671
7388
5644
5188
5948
5675
10449
10331
9459
5602
12985
1585
6712
8847
7892
2268
1331
10023
5230
4044
3236
11601
11355
4270
4424
12071
12826
7340
10271
10826
10791
5528
4535
11630
6240
1470
12375
9427
192
8134
13381
10415
2210
11357
1081
12046
10087
4198
10742
7843
5
8635
11305
11323
2607
1024
8311
6612
9345
12781
4761
12950
7800
12887
9858
3559
10592
237
10471
71
11532
10294
1028
8598
5003
2473
9486
1066
1817
2727
11653
11859
5095
8073
5804
1576
11409
391
7142
3524
9952
6394
8127
7696
3877
9891
7477
13404
277
12533
3250
2218
3332
1859
11297
9656
7982
7183
8384
2657
11573
3701
12188
3613
1310
11266
9461
9738
1789
4026
3348
319
5655
5474
11083
8005
6385
4492
7760
7423
714
2681
8538
3047
9278
3271
3360
5073
1897
2619
1129
11697
1792
7491
10579
3560
13001
8701
4740
659
1664
5030
8312
2714
6171
9310
2930
8467
7192
3848
11627
4256
7958
9142
7640
4207
8611
5105
5397
13369
2335
4751
9754
5896
1589
9363
5093
2168
6355
423
1781
9275
12831
9049
12976
6148
779
13200
42
12052
4905
6513
6534
2968
8024
10348
3429
4644
8048
7934
3645
3272
11583
5480
9905
6363
11979
1260
10398
6495
11063
8478
10158
9465
9603
1754
7302
7553
4088
6566
10624
12704
6771
8357
2485
12120
3967
9653
1295
4245
3067
8128
2870
2768
2839
590
4374
7015
2123
3045
9559
5992
8675
8265
10501
6314
8396
13030
11651
964
12514
4239
6912
471
7950
7141
11632
664
697
8205
12656
10382
8653
4701
88
4020
6
12583
12881
9087
6072
2215
7066
13043
1197
8158
9187
12253
10917
6947
13466
5498
7027
12852
7803
11470
5599
10645
8606
6878
3308
11778
11706
9886
12135
7978
12861
3299
6952
2700
7584
13453
6901
9499
10122
3104
7415
4076
5423
2903
6589
13045
6719
1337
10054
3690
11162
12455
11181
3702
5378
12830
6556
11394
1010
1747
13039
13079
4038
4045
10166
12337
3206
2584
1880
6537
8610
1986
9787
2181
1879
11048
8559
4002
12757
10804
10636
8206
7585
1411
916
1154
8353
6863
3228
3131
13434
4217
800
12239
5941
6177
211
3677
11060
2221
5614
5751
9836
10775
12041
1401
396
4385
10736
5313
11377
5040
5621
10893
8916
4133
9795
3060
8762
10528
5549
7216
4514
5466
5725
4223
1206
13493
1787
2418
2266
3859
4086
7870
227
7166
7454
7597
10969
3555
92
5524
4852
12515
10672
4704
2016
9568
2161
6928
13549
13442
12851
13383
12645
4439
12019
1864
1903
1812
6357
7331
8324
628
1134
9958
5301
11836
6473
3926
186
11905
6319
6253
12453
2905
535
6981
7359
9617
10189
3531
4021
7735
4350
4363
7894
9684
168
4460
846
454
6844
7977
1978
5851
9155
4815
5684
6273
7927
446
8449
8779
11179
3642
10000
10955
6310
1409
7194
4071
9972
13220
705
1018
3085
13365
578
7562
12762
4688
3632
2564
10915
6939
7740
8556
6448
1249
6349
11549
8269
9625
1772
10726
12500
2229
10061
2183
3463
4947
5333
10019
1508
12470
12130
1966
5138
4680
13055
9413
6044
9168
673
6904
1385
3331
3596
5510
12169
7456
3590
8292
3672
146
740
5462
7276
1164
10031
370
6785
6498
3915
4736
7911
13307
11105
1336
12475
10961
1434
1192
3294
716
998
1670
11768
9161
9143
2578
6241
5547
11554
13548
11301
4713
1262
7453
4634
1943
5871
6948
2501
9723
13470
6092
13396
220
9226
6383
11548
1604
10093
7052
9026
10370
5367
5596
11080
7565
8321
6140
432
3747
3337
4818
10009
6849
11061
1415
10945
3935
9834
12627
2261
5319
2447
9154
12938
13578
2028
12702
2253
8211
3170
4307
13398
11222
2969
10492
4184
3447
8307
3840
1489
9247
1071
2360
767
6634
10264
4178
11584
11956
8412
13378
4553
1933
8454
12089
549
11672
2567
1420
3323
7858
4731
156
10110
134
8621
9935
7750
4169
9501
8972
870
11078
8940
2570
13274
3908
702
7043
4575
6167
3064
11108
12391
6802
1147
1625
2038
1107
2776
11003
4749
2236
3059
11349
849
3587
3153
4848
11386
12863
743
10543
7231
77
12680
10654
9510
2507
6872
1402
6921
6429
7589
11114
45
13322
4840
6286
11006
2967
667
2431
5750
1552
3972
10224
11183
11839
5359
13040
1335
5793
12011
7241
10618
8165
5856
898
6873
456
3776
5972
8036
11210
4295
12340
3394
3563
8686
11366
4695
6942
7770
3196
5454
7823
6348
12356
11779
9561
8246
11809
9135
1151
10052
687
7836
3602
11762
6043
8340
7724
2530
8079
11460
12384
11327
12758
10886
11310
13119
3503
1062
8447
5880
11082
3720
2298
4608
11738
9442
5152
4671
4135
7937
4558
3610
10676
10364
866
7675
11042
78
4711
6789
8267
8639
13358
2392
7198
10777
8132
1165
7277
8536
298
10751
13587
3445
13516
3017
4684
240
12374
12148
2885
5358
9166
12816
11694
7613
12672
4860
7832
1871
2600
3657
8345
1611
5949
11142
11699
6987
5711
5153
2676
3518
7503
6413
5662
461
10990
4224
7943
8144
10036
10598
1761
6197
13293
3514
11876
6772
9038
10780
2357
8142
8099
13340
13543
11703
7470
5600
4411
2450
12511
1417
11824
1972
13263
7917
416
7269
9321
2324
5951
9563
10372
9906
6548
4639
8853
11371
8685
2621
5414
6783
8044
6503
5543
6822
4368
12649
6160
7919
3015
6188
8618
4058
10219
5094
845
11813
9250
1904
904
8179
2957
692
2955
11896
10129
7766
2825
4707
7342
13253
2124
8479
4327
8971
10941
2704
5814
7379
3933
2053
10985
1601
11397
11180
3497
12644
2508
7634
3023
5892
2858
1252
2725
4985
8387
1597
7558
5511
4487
4696
4478
104
6370
1111
10342
13359
5773
13372
2436
12507
5366
7077
4333
4674
333
118
7171
301
10713
818
11220
997
8334
11036
13518
5446
3929
1840
5197
10186
7889
3863
12004
7226
8692
8092
2435
13524
2254
670
96
11796
3001
995
6331
699
11031
8112
2235
4847
5910
10503
2467
11964
3872
6425
13380
9083
1813
7568
8540
3028
11610
4171
12001
9500
12396
2096
3989
1327
790
1537
9251
12224
617
1068
4882
1009
2680
10460
6704
6862
13172
12664
4621
46
6083
5618
10974
7064
1293
7951
5890
1316
10025
7071
2804
6307
12176
2686
6581
10778
3132
3167
3948
11391
11830
9981
8488
11359
7250
7682
1602
3838
6505
1503
11396
1491
7608
10190
11228
1101
5489
53
13279
11056
668
725
3706
11572
9466
1369
11842
7965
11628
9316
10887
3775
12402
4314
6290
1046
11027
6468
12711
1654
4455
11442
3362
12810
10032
1563
323
2522
1332
11234
3814
4379
3639
5233
10564
11264
11231
3048
12688
1995
2487
10565
4209
8956
12181
4162
1580
5806
8960
4795
8837
5865
9729
5415
4369
11760
11891
1034
7426
8624
6403
265
12311
10952
6919
10558
5087
2913
11096
10459
6252
4134
2299
9851
12600
11638
5082
7827
13373
9862
2461
2911
8462
7660
3359
3762
3665
3241
10286
40
2771
3126
9114
11186
13099
13178
2025
533
4010
12959
5384
458
3964
7091
1220
9506
3979
7256
11184
6708
8707
8084
2861
2843
1058
3889
5982
6598
1104
13425
10090
2533
11746
9938
12883
9071
13506
8172
5403
2160
10830
819
6553
13097
12478
6597
4056
4260
2675
9126
1141
12048
10168
9724
712
11016
5782
12258
4859
2363
4031
797
4601
9335
5214
10299
10950
8950
10260
5204
8586
5781
1598
11393
2137
2029
2227
2819
13201
9955
1268
7300
661
9739
12380
13053
977
606
4244
3841
5246
4114
6956
6267
10297
749
12678
603
9953
13031
10986
6722
12386
4046
742
11535
9182
7413
9414
2187
10621
4625
5993
7508
448
9772
12523
10127
966
12665
1289
7394
11154
9359
6791
4170
8298
8938
12382
11780
10608
9929
2994
5704
10381
9897
6488
8631
2434
4920
6508
1922
12446
8869
8738
2787
7650
13166
1223
3680
12133
581
8415
10678
13265
9889
4582
5679
8862
9692
3693
2904
3731
6626
4382
11280
9663
9086
2150
12618
7481
2640
9715
12770
12668
5747
4821
13525
8101
3229
9074
3121
5201
13252
4254
9881
4293
12906
7468
13247
6118
12200
8974
10632
13095
11821
10794
10145
5609
9652
2191
6455
7853
12281
9644
2167
10910
8966
8810
2345
2760
9610
7312
12379
13017
317
4589
13054
10570
10091
592
4344
4796
4706
7255
9365
3436
1026
4475
4884
251
1741
9148
11546
3171
4957
10865
12093
6699
5210
9917
4466
2005
10995
478
1692
190
7174
680
4177
1618
2274
11132
7332
8967
3744
5281
10094
13459
5875
7609
3754
13352
7430
1734
4941
2976
6264
11525
9322
12516
4118
12509
11476
9327
7324
369
236
3189
2273
12254
1270
3168
4694
11556
2798
6657
9066
10338
1042
9921
13452
1379
11307
7209
6780
10148
3107
8429
5690
8964
4417
9307
9214
4003
4925
8981
10396
8040
6999
1820
3328
3837
2285
7488
4063
1759
8474
5417
12179
9227
4471
4942
6800
3509
8796
7424
13593
2590
139
13484
7395
7790
6993
948
242
8070
976
1558
2376
3715
10944
6516
9437
3521
4237
9527
11919
3983
10628
1555
5828
152
9355
12209
10344
7401
6905
10909
6643
10786
13156
8504
351
305
9328
4543
5416
9558
12422
4438
6709
3696
4079
9404
4456
11376
3037
410
10845
3486
13601
9813
3353
13091
12913
3633
2834
4723
10769
820
10068
3396
7051
2389
11195
1302
10218
8273
10095
11208
311
9749
2743
8648
11984
12456
13541
11954
4194
9324
5897
3301
13164
9651
7685
10578
6927
9090
11420
4649
13023
9133
5616
7730
12556
1375
5015
5873
2779
12315
2862
11752
8999
4620
302
7086
2055
3200
7974
5737
7661
10228
11172
9102
4403
12219
6011
1465
13338
9649
9007
5620
4945
9198
8017
13236
9245
11133
2999
4898
3729
7820
5570
8901
6277
1292
12419
3685
2505
8583
3247
1887
10512
9265
11110
3276
13140
8203
7230
10008
3284
12709
5666
2433
2147
422
11825
11608
12667
7396
6191
4598
7061
6501
5734
2003
10811
9694
5075
9708
5759
3248
7334
9805
5491
537
10835
2293
9940
9314
11347
12520
6390
11666
2190
5843
13273
11314
13219
155
6846
10484
12195
3767
8699
3511
409
7003
10477
3688
7758
1216
10521
8143
2252
4885
906
11853
5362
892
6703
5200
13196
10849
6760
12033
5192
10261
7109
5625
1184
9107
10164
6274
10583
1488
8153
2013
7094
11437
12999
8698
6890
10053
4423
8285
4538
12068
9747
5488
4494
10112
12620
7119
6960
5686
2722
8185
1629
4690
10420
8372
5458
6974
8821
11983
13211
5161
9883
9703
7393
9309
8095
1330
11202
3449
4937
2830
9850
11643
13299
12097
5496
9785
9130
6842
8445
8990
6943
11414
8389
9597
3898
13158
4866
11174
3409
2459
11176
9430
10234
4000
12983
5622
12993
5709
8924
5267
3710
12306
5106
11282
3589
475
1304
10882
7537
10962
282
2627
4497
8694
6629
8855
6953
3946
11009
5229
8369
6701
4699
7429
1582
9378
7199
12028
10464
4930
12184
11943
3913
12408
3788
9213
11815
6656
12493
7778
838
9415
5577
12551
9131
281
11212
2220
6376
9030
7042
12685
9759
10806
13314
4372
1464
5502
10232
2086
33
7594
12512
4070
4606
24
7544
8558
867
663
8254
1019
4179
8725
5279
9784
244
5882
11849
12659
4552
1876
13545
604
1254
5532
9620
7899
12542
13029
9293
5569
4812
11165
12890
6533
2240
2997
9353
587
1861
6932
1322
5021
13477
11324
11322
12791
5601
7684
11399
12870
9162
12798
7188
4932
2340
5298
3246
12298
315
5388
3161
1
3243
9552
8573
8258
4040
952
11235
3278
7349
2707
4652
6085
13121
10356
2910
2004
9122
12433
12372
6481
10263
11960
4148
4642
624
2416
9630
10333
10999
10444
11319
5509
1855
3570
9021
7494
3934
6633
9528
12404
10796
545
828
6969
7475
4306
5434
12984
12613
9024
9173
11413
10731
5248
353
1963
6880
8050
7780
12524
4507
3654
8851
4545
5946
8091
2305
8968
6728
12812
4638
908
12256
1461
9980
5626
8130
10858
1678
5487
2396
6107
2849
2591
8303
4653
6856
12805
3901
2090
4443
4352
6799
7511
8743
5022
3974
769
8176
12681
12057
4772
11466
12213
5262
1170
8875
1513
3984
12740
8413
3728
4679
3149
2778
12025
12629
8439
9986
10685
4474
7274
8959
10448
11623
10753
4175
2517
11463
1921
12045
10051
2321
7856
3376
7428
1099
5954
6444
854
2182
10355
12918
3088
9672
4510
2281
10927
13283
7592
6088
11010
3466
4365
2094
4012
11475
11375
1905
1738
2496
5420
10657
972
9991
13580
6637
2102
1874
3832
9276
3450
11582
9367
5844
2199
3736
3363
1273
2709
8888
12684
7336
11047
1394
12125
1257
4586
12251
5089
337
7215
11538
13135
2107
1534
4310
12143
10183
11216
1478
12316
847
54
4697
2670
10504
4509
3340
2684
10844
8527
9235
113
4506
6866
9215
5521
4958
9484
965
5534
1991
11467
12937
411
4765
4173
12769
2539
8665
10531
5450
10787
1636
12348
11597
4583
2128
5964
8094
2493
934
8582
863
4418
2354
11454
889
991
8591
5160
5280
3627
3482
8544
4966
1945
3288
13467
9894
2946
11575
2699
11934
516
13561
3266
272
3579
609
231
8161
11315
12945
2126
7854
8259
3071
12756
233
1350
8661
7409
292
12350
11777
3420
8989
2159
83
4843
1166
7665
1280
8446
2915
3961
313
826
5249
11352
6857
1506
3689
3893
7727
6017
5903
3653
3442
7945
7577
11677
5036
138
1440
483
1689
3957
8771
8276
4855
8947
12425
2309
5983
7262
5041
4341
11669
11152
5928
7445
7156
5592
7093
12331
3918
1524
3279
4232
5947
4027
7664
6818
3253
10879
2456
12952
11884
9622
5293
2446
3218
2138
8405
1343
8757
8577
6041
5483
7449
7890
1374
974
5879
12892
10058
10298
3062
8643
12650
10326
5034
11664
5536
9141
4102
10988
12652
6832
1479
8587
10191
6006
655
7596
4213
3366
8531
9431
625
8208
13441
11707
11998
13238
4366
1651
5318
7107
6586
8129
1931
4004
8131
10244
9664
6260
11560
6907
3040
4990
6580
12786
3152
9554
10172
1399
4771
11527
4182
13361
10302
13579
3255
7601
5829
1709
1205
12145
5818
11284
8257
2499
9474
12552
758
9333
4534
5766
2284
1908
1148
102
1684
10590
11893
2875
7068
8766
2415
11542
6707
8529
12183
2848
250
8572
10022
3433
4426
12189
12767
8843
355
9272
1641
10353
12073
8628
12304
255
12574
8428
12885
9302
5853
2080
13298
7857
5788
8147
6159
2561
2794
144
1869
1815
350
4779
2271
13297
7070
2050
8973
11957
5840
6327
8932
13594
9059
1639
7351
1729
2719
6271
1484
9768
6568
2121
7649
6249
857
1727
6897
9432
2580
9777
4624
5195
1090
1339
4050
4464
1786
7096
6961
11218
8596
2249
12947
6671
13114
2742
6911
9315
1691
2323
9332
3317
7874
4603
6833
11483
1808
5108
12163
1194
5428
6144
1723
11670
10509
12802
12095
9079
8011
1870
8809
13020
13218
12105
11952
10171
10361
13239
7392
12698
12448
2734
3985
3847
10314
8074
9770
7626
2001
12405
1072
3143
6066
1714
837
183
9503
10092
11273
6139
11499
3010
10818
12481
856
1200
9711
473
11086
8507
6439
8060
13550
12345
3361
9596
7159
10462
2278
6602
4489
498
206
11721
10620
3988
4754
10734
1319
2092
9067
8760
1605
10374
6519
7672
4157
7815
565
5471
2954
8659
5001
11135
8928
3298
10028
7108
3669
12317
7569
1048
2237
9105
4849
6615
6761
10170
8227
124
844
10136
11241
10554
3044
11458
6845
6478
9174
9139
10310
6770
8323
9916
13547
3681
4151
6876
7624
5226
808
13409
4950
5149
9553
197
9764
1913
1790
6705
4502
708
7252
880
5859
4243
4008
1256
329
980
7865
1845
878
8854
6142
5683
1858
10291
2259
2525
4203
6680
6027
1102
11947
2859
1382
3468
1844
12988
7072
9035
5680
11733
4814
1497
7787
4106
1245
9208
1623
724
2112
219
7163
1877
7291
8705
7447
5455
3761
6525
7009
10505
13345
135
7264
10760
9264
6031
3998
2729
4845
12744
9963
5979
7515
1398
2065
12895
7365
12548
7311
801
7988
6917
10167
9946
5535
11770
12987
8322
5823
13320
13473
9837
8351
5031
10680
13463
2471
3829
2867
4206
6392
3760
2148
4777
11412
5729
318
825
13589
7063
11346
12569
374
13162
1094
9605
11955
7861
3544
12140
3513
738
8764
5057
12013
7893
917
10542
6756
6490
11490
12464
340
12666
9051
12705
11539
2810
1344
983
2553
247
2618
8496
9713
6037
12541
11810
5469
11099
10552
2205
7791
2472
2441
7605
3379
2125
3635
1271
8229
12066
4629
11233
3370
5327
12827
7257
1175
5560
5107
5558
4299
9876
6054
840
623
6051
3058
11650
4984
12713
9150
9224
4588
6402
5274
11757
12206
11360
7004
3245
7618
6852
9153
10755
1043
470
384
10114
4916
3055
10603
12186
6395
2759
11541
2975
6733
11497
12242
5426
5086
2495
13058
229
9295
5364
7040
4032
6521
850
12944
7749
6964
10003
2899
4767
12794
7668
3031
11073
6380
13609
10340
11283
10904
1211
1698
8155
266
7789
6084
8181
6731
11416
13401
13302
6859
10383
718
5825
356
2673
6341
6233
9523
6098
11406
5019
17
9690
1719
3367
5629
12596
11076
3399
5877
7452
3746
13474
1227
11599
2846
12217
3978
9294
65
13450
11588
2571
6851
3197
7627
13585
7816
10914
1610
8027
7953
8937
12682
6506
8494
12958
7772
5383
8314
853
7862
13074
2882
5304
8199
11402
2672
2061
6803
3564
9372
4685
6189
3612
5557
5029
3517
10267
2269
11795
2099
12403
2668
9839
12442
2550
316
6786
7341
7907
7822
586
11259
1187
4241
5194
11055
11970
7147
12919
449
6116
6543
2985
3636
5316
2351
1756
1955
7097
5678
9165
6179
4298
1745
1432
10750
7211
13501
6014
10740
582
8900
3582
4908
10108
4428
8038
12138
7788
4953
10877
814
3756
3452
6146
4716
9819
746
8975
6228
9061
544
4174
6155
8410
2211
9147
4199
5901
11544
10482
3740
11496
1535
9773
13
1737
1449
11045
3426
12346
7433
1353
558
2840
1329
6718
3465
510
12327
2669
3812
8666
13187
10907
6026
383
8034
10982
11607
11494
4708
8664
11092
8946
9176
5340
8913
8135
4296
8904
8714
4504
1530
9325
6035
2597
7472
3951
3068
3013
13062
6128
5848
12920
11426
6182
3886
6735
8687
1825
7248
1193
4890
2925
5219
12014
5387
3119
9673
2371
10719
4421
8711
5975
527
426
3592
1872
6721
2921
8919
4995
4770
3707
2912
6178
4902
7518
11201
2790
4161
10400
13149
7742
4408
8841
10912
3691
2545
39
10559
7487
783
4610
1431
5669
445
5344
9288
4605
5682
3805
5343
5915
7462
2807
9742
3864
11602
3411
12697
5185
9875
5223
9453
11509
13047
7505
611
2823
6123
7617
10994
7781
9589
6065
13282
8492
4648
12867
2242
542
2756
862
10337
7504
8597
10891
381
4954
8281
1892
5347
12746
4656
3683
126
9497
11505
10868
5623
8958
7463
8016
10281
9502
3591
9303
7737
12730
5264
6414
11987
2824
5945
13440
336
12846
10499
12771
8925
4324
13190
5265
10147
4993
2214
4594
1146
4872
5128
7075
10
4906
6411
9000
11543
6938
5296
11516
8578
4929
4039
4887
3403
11407
864
754
1438
12824
1954
3881
12023
8255
13455
11059
2130
7840
9730
9473
8136
7819
11927
7022
12269
4035
1595
3699
7963
6090
5136
4559
11925
12857
8126
7502
5617
12091
11102
9763
883
7550
11931
12539
3487
3356
12162
13290
12050
9919
3334
10084
8026
6790
9255
2129
1742
13392
11087
8898
3907
9744
6570
11904
5822
179
11472
12537
8684
5314
10418
4051
7655
7486
12726
3459
13559
2379
6497
6424
11559
3952
1282
7385
1898
11790
12764
12007
12700
12296
1142
10210
9583
11262
7520
11941
3845
2208
4878
13437
8839
7891
1960
1767
9676
11069
6152
6569
4894
4658
12177
12965
4858
4635
7294
256
3086
7310
4792
5062
132
10637
8191
200
1301
2883
6572
11064
9507
6303
429
4469
5237
9860
8954
10439
1247
8808
11337
12427
5594
5369
8986
8652
433
10919
635
9140
10159
408
6030
13500
13431
10375
3553
5043
4646
10693
7726
7499
6655
401
8845
4864
4099
6372
9231
5250
9082
6343
405
11459
7534
8452
1157
3667
4721
8788
2895
7897
12877
6001
97
3692
8368
4971
12487
419
6528
2906
9385
8305
10808
6195
10897
2898
13560
8786
8741
4789
4283
11253
1829
4095
757
7883
11271
5676
5009
6143
10660
662
12923
5927
11190
11765
6087
7355
4110
13048
5435
8646
2547
2970
11296
13078
12811
12275
12292
5571
7939
3286
8620
1764
1492
5408
2782
3668
2852
3932
8718
7346
9319
5113
101
4664
3098
314
6645
6695
9032
11783
3879
280
8059
9010
6801
2808
3713
859
8152
11753
8362
5933
6229
7807
12235
7427
10544
2577
7220
869
5812
7529
7293
4145
4037
6933
8615
13260
3920
5754
9721
5269
5732
843
5481
6753
300
836
3765
8709
13112
1450
4774
12415
12080
7059
3412
5786
3326
6009
1199
7032
9900
2355
7621
5970
5515
570
6515
11949
2248
12243
3628
8431
9463
806
2876
8053
11683
2185
9973
8533
7691
8253
13006
7235
1875
6744
3078
5847
7207
13531
8915
9931
4261
914
5989
6421
3695
10793
9517
3899
8272
4728
12710
12858
11007
12127
4578
12285
7095
10270
6367
11533
10285
5309
9968
7149
7785
390
13098
9084
4924
5586
10221
13370
8121
3386
10131
1906
6074
9046
12334
3472
11447
13304
12761
6893
3770
6716
8505
5976
5817
3962
564
8739
11740
11312
2537
8023
5783
1571
7368
268
8329
10928
12294
12397
6291
6386
11631
10701
7406
5824
772
5355
2413
921
937
2294
10535
5731
2902
1457
5796
12496
7073
13081
11540
5061
10180
8318
3955
3109
6603
11968
8006
11038
415
1703
12829
6368
11245
2731
6726
12669
2610
4537
291
4361
11871
12841
2634
5193
2877
3128
5938
6496
11985
12031
13382
9999
3721
1017
9197
4956
5148
6868
2908
7232
9380
10934
11501
9433
12940
8744
6262
6499
7901
7745
8977
4348
7382
2589
6941
11387
3779
6954
8451
3773
986
11345
7418
1726
13066
5448
11191
5050
12836
912
3381
11344
3902
3970
6593
228
4476
13002
5284
901
8608
13502
3257
6237
12510
11715
7946
13460
5519
6215
6751
8945
2688
8029
2370
9569
13395
4991
900
5310
7218
466
5077
8472
3593
3383
2201
5630
2469
536
615
1218
11946
804
1516
5591
5612
3903
11647
4785
11278
8555
10292
8952
7591
8483
5929
4768
13324
6666
6187
4096
1938
5225
835
5016
10998
9334
10067
7225
3032
6828
11066
1466
4153
5697
4061
3077
9069
9914
13362
9769
8249
13347
4124
10692
12303
12385
8108
1408
2662
13335
5405
6620
4470
6668
3576
7489
1407
11237
10408
11847
12633
13599
12637
5074
3080
12676
13546
3862
1092
10473
1541
12390
4371
9018
774
4881
4560
3000
79
2586
3159
596
7811
6559
2758
7112
1181
7980
9269
100
4477
12173
3414
5048
2540
10984
1477
785
6675
4556
3997
7350
8758
8734
9004
2554
4994
10206
4049
2380
7867
10523
7718
6318
386
4282
4549
10968
10650
13319
2018
7738
5797
3395
9373
10609
5163
10280
5550
9997
427
552
12452
9300
9720
8861
7521
4407
389
9369
784
9910
8422
9398
10251
6263
299
10591
11671
2429
5845
12648
12160
5121
6616
6807
2560
7538
12012
5311
11287
5677
8988
13389
12199
6173
6389
5514
7871
10057
7610
11803
3162
7370
13202
3081
4015
5027
1755
12661
1616
5526
12122
6861
10011
4938
9450
4358
366
5813
12642
2042
12774
10881
10193
2909
4142
5092
531
7399
1472
13573
5478
2497
3809
816
482
10441
657
4846
2653
7080
4018
6514
1393
2752
10454
12085
8935
90
5129
3722
2738
9044
5370
4402
10839
2378
11286
11411
6453
9260
6204
12124
7403
10428
347
4334
5842
2105
10012
3215
11908
3573
2663
8581
3801
1929
8523
196
2468
13126
12191
7460
2791
1688
12074
620
5361
6895
2491
8532
3949
6042
2311
6484
3656
6111
6157
13542
1827
7062
10410
8466
7092
7833
4763
4862
8490
1514
5593
11070
399
9945
11274
2000
1189
9238
5863
4700
11182
9408
12611
10438
8230
7756
888
9047
9873
5436
3192
9962
4528
13198
11660
8436
9920
9515
6063
12286
7712
1078
11698
2523
6806
2267
10431
1088
6923
6381
1896
13092
8602
5999
1834
2881
5165
6752
11515
1918
12070
13577
9758
5878
6147
5054
12776
3051
13000
10290
8167
2644
7775
10802
1739
7129
7371
9305
7157
8895
1948
6309
11032
111
3448
9159
10015
10867
1444
2837
5539
5904
2703
5381
1804
11403
5942
9329
524
10455
3616
10480
86
5805
1983
10668
5299
3686
8232
10960
6864
5841
1161
13100
1665
5874
1540
12813
5263
11794
6797
491
973
1796
13024
4686
4670
9586
2131
4323
9574
8834
7881
6935
1919
7377
7330
7208
842
1736
1130
4850
1203
1201
5461
1695
7028
7154
13085
6045
1035
8499
9870
7559
12371
4505
1659
10691
1031
7259
4982
12430
11256
10851
5479
7923
5673
8375
2165
8886
11712
3141
8576
9817
3954
6697
3006
2135
1326
13027
9286
10277
11263
4672
11851
6757
12921
1188
4807
12139
9852
6594
9801
11967
5345
13069
7928
4548
4483
7880
2788
6899
11128
12607
3267
11953
1234
12086
13275
9188
9996
29
12032
3483
6332
472
23
1237
9818
1425
11772
994
11863
13605
4242
6970
11160
8593
9281
2863
2973
2039
3938
4709
9646
11872
11775
444
695
10539
11800
10993
8795
3916
13537
3177
963
1351
9762
9796
5109
9509
12565
10343
11739
3825
13301
8542
7317
5140
12809
7106
10683
9878
3341
5688
7873
8552
2377
120
7773
4897
7904
1643
7620
10413
11211
11257
9006
4622
4132
4496
9780
496
1882
12349
6400
3810
11005
3262
4645
11980
9550
5722
8221
566
7922
8223
11090
1998
7261
6005
1064
4112
11157
1805
683
2739
11504
11855
2475
6835
5402
2583
11250
3391
7417
6839
11852
13388
13351
1258
5146
2625
3963
7386
9806
9918
359
8360
4834
2421
11728
9587
7721
11662
9643
7975
2611
4871
8076
9623
10913
10223
10906
8600
3882
2045
4482
7202
9163
12751
4940
4094
8887
12398
3230
5518
2748
375
750
12063
2920
3980
10146
5931
11886
1856
2292
3237
11828
11369
1583
2747
11489
10027
12178
9098
10824
13448
1005
4952
3631
11734
6587
11939
13076
12591
7420
920
8381
6870
2868
12609
11508
5067
11468
5868
9054
3857
1984
11482
6687
829
9811
6592
12426
5064
13130
3634
7734
11167
5467
5758
8910
245
6841
8393
455
116
1248
8308
7549
9671
6994
4827
218
10346
3956
6220
7253
7295
8397
1076
8287
8899
3007
11705
7164
12075
10373
9761
5232
3083
2609
9629
13056
9635
5579
6946
7732
5533
6110
2348
6529
10823
1228
12686
2263
6028
8192
11820
10697
3342
2283
12329
4780
2755
1012
9002
11311
6854
8991
7292
10807
13536
2551
11207
9469
1346
1865
6590
6440
2364
771
7046
5431
4584
1349
1730
7952
2095
9947
11427
9093
10215
9513
6210
4775
5872
7186
2641
4317
12373
8031
9185
2083
6493
8742
4513
10307
1681
8236
10526
10828
4451
810
7647
11580
7846
7150
13003
8985
12262
8077
4274
1008
11085
1553
7478
7222
3495
1226
8773
11916
13153
4347
11844
7578
9571
6338
8710
9877
6321
1561
9933
6245
32
13428
6830
10965
5957
10018
559
12147
10141
13400
1630
9195
9872
10548
6438
2874
1523
6909
264
8376
12694
9103
6032
9423
703
918
5727
1632
7777
10905
1574
9609
6507
6730
3440
2463
13287
11817
6205
4048
4104
13568
12715
3270
3263
7451
10833
7813
12129
4498
6940
7600
1238
10026
2733
5295
8033
13422
6354
11991
2312
2701
9253
1354
12654
5329
12259
2535
4100
3227
9485
4778
7305
1937
9216
14
13600
12653
6100
1982
547
9619
3523
1971
9075
10951
161
7525
7705
99
8304
7172
11988
2089
5482
4944
5199
3
12153
690
6296
13415
11962
8338
1775
9306
1609
9555
1559
12225
13497
12214
4661
4825
6145
9998
8835
8840
5056
11448
2772
12891
4116
2026
4540
13177
8588
13093
2594
11455
1522
5646
2581
5432
9040
3965
13286
11101
7176
10288
6546
1113
8319
275
12575
9828
4596
6738
10933
4891
12603
2197
7551
10599
13595
13225
3757
11
11338
11456
890
10416
3875
12358
1106
12462
678
8644
12457
439
10020
10513
1208
5506
12067
6230
11450
241
10233
7201
10795
1202
11144
6406
5257
4654
8961
1830
10391
7548
2573
8148
4119
12141
10864
9481
2458
2336
9104
12754
839
5422
4512
10276
13067
4462
94
13371
3655
12549
3844
12034
10930
4734
6239
3816
5097
48
2114
2702
11478
7532
4915
10056
1648
8512
9279
1851
9923
2943
694
931
5235
11041
2245
6840
6282
6388
10363
5385
6874
652
373
3749
1298
5674
7825
5921
3799
11718
4144
12708
8792
7744
10380
8138
11914
7728
4138
4269
1131
6396
7814
5991
8119
3122
5353
2316
9601
8740
397
11537
710
8349
10737
5206
3306
1082
2873
2040
8674
13165
7731
9570
1389
2572
12590
6202
10975
10105
6483
7746
7206
8800
3562
10875
5888
12
5168
8570
2767
873
3651
1705
3599
4743
1097
12538
627
5691
12550
13529
9838
1179
12236
13180
6480
95
7247
2679
899
11462
3892
650
1603
9791
2246
149
7353
4180
10387
959
6887
999
5508
2409
7196
13036
11054
1016
1430
651
8778
5798
13233
11480
10871
1926
4835
9371
9829
11356
1321
4669
3087
10472
378
5437
11691
569
276
67
13088
7898
8218
10902
13421
6226
8737
7328
1373
1239
11668
7273
2204
10013
1994
13325
11148
4689
1117
12801
8220
7358
387
1355
5412
2290
4626
13150
3806
10323
5724
6618
1928
985
546
3822
1119
8404
11887
12716
285
4111
9056
2049
9803
10411
1325
7191
10976
8616
7557
3539
8657
6300
8359
11199
8612
8921
11065
1512
10217
12558
6346
6313
12755
13281
10037
5011
3408
8268
6557
5916
5969
12926
1989
521
11088
1773
11339
13185
7837
9205
6236
7308
6254
235
7704
5952
1687
10070
12595
1823
11109
961
1619
3021
3069
7177
9879
10063
8477
4059
10213
2289
1055
11123
7524
9639
8171
11720
10604
8569
4091
6061
11481
5971
7260
10235
2860
11248
8035
12991
2149
7722
10033
3780
2569
2829
6364
4764
6769
7799
932
6855
10836
6213
13234
12460
6293
5356
481
2330
1866
385
2097
6353
12628
2646
2173
7602
9282
3687
3884
4617
5956
10155
3830
1656
12677
5173
1253
4131
2334
4718
4410
11801
3787
1137
2366
4387
5421
3476
6323
11530
1556
4811
7528
11350
10422
10078
10301
452
1676
9727
2678
8354
7410
9360
728
5651
1395
7019
10597
9591
8288
12532
526
7604
9642
7886
8109
2792
1109
136
2060
6535
4011
10100
9379
4619
7390
3358
9977
505
10230
9498
10732
8485
3910
4302
8998
5352
2288
10173
713
2864
10107
10319
4978
1935
7169
400
11761
3537
157
11918
12779
12083
13427
12579
6869
6824
4068
9926
12689
7615
3377
5276
9602
12467
9113
5784
7831
8270
11974
7130
4240
3506
2784
4790
11907
3781
2532
11959
7272
12088
13105
11788
8903
12132
9845
5142
133
3190
4910
2694
7006
9091
6551
2202
9221
6422
11944
9531
115
5328
7755
12884
2023
4036
6025
3958
1357
8400
2766
10825
1032
5342
468
11526
8731
5635
9027
10768
1940
4335
1577
8880
7440
4337
6601
10659
263
10130
11940
11159
7227
10153
13385
2478
8012
5440
12465
9128
306
11432
13300
1225
8274
348
2206
4181
4249
11906
5525
10365
4618
3670
1749
11804
7914
4919
11567
11381
12907
1007
8902
7805
5913
11188
8930
5597
10593
13341
6991
13254
8715
3214
5002
12578
1722
12573
10977
11331
8970
10723
7506
6980
3011
12663
13129
4394
4922
9464
7473
3335
2993
4092
3545
12593
2901
5139
8235
2169
10212
8150
1569
7304
9259
6858
7764
7442
5745
9771
13449
6717
4752
5346
6614
6435
698
2671
4129
12973
0
2986
1159
9681
7976
11622
1560
13588
6369
3585
12061
8214
4339
2314
885
10709
13232
8169
13360
4053
7372
3174
3138
2857
6166
9611
6607
7678
9548
11614
6896
7421
9683
13141
10169
6613
1746
5078
6135
6305
5494
3671
11116
2945
13376
7131
11684
11986
9120
4955
5789
9419
6670
7792
5944
9898
996
8336
8482
3281
2736
10546
2730
2217
5779
3438
4450
6578
413
5058
12518
7214
12528
10639
9842
3527
10445
3443
7387
5101
4386
4097
10176
328
11771
4484
7720
13214
6547
11252
4357
12015
388
2192
2488
9034
12928
10426
5172
10595
10485
2820
7464
12722
7743
2230
6138
11756
2781
3789
3489
2106
443
11917
10600
9151
3209
3347
395
10979
4024
2177
3768
6358
6418
9228
6776
2940
9022
11741
13240
4042
10712
3259
8430
956
3036
6877
11681
6491
1653
12024
10481
3834
6715
4532
4673
9341
5014
9979
6200
501
6782
4444
8574
