7395
3261
5570
6119
10829
9636
7252
8206
1084
3619
7072
2374
3693
2438
11899
10586
8709
8483
13267
5678
13455
4830
576
12602
2486
1202
1246
7484
4859
4799
13074
582
7974
254
8097
114
4121
1760
10406
6124
7854
13297
13033
4856
2257
471
1196
442
11912
494
7244
1010
12478
11040
246
11588
3225
9087
5996
11936
12844
9963
9507
1811
3510
3616
5937
6750
8036
1858
8510
1810
12194
4718
1485
12510
11871
3974
10003
7945
3052
2260
8516
9256
1724
10312
9732
1027
762
1382
7689
12426
11030
9182
5731
11474
9622
7227
10567
12268
9601
10372
7316
13464
176
11098
378
10392
2693
384
8142
9950
111
7546
496
7081
481
975
5221
2802
3281
3906
4436
157
4308
3499
13221
12168
9257
2771
11636
3318
10369
12053
11060
11444
13270
11590
13072
7846
13047
531
3541
6923
9429
766
7137
7074
1234
3833
952
5719
2045
2987
2311
4345
6019
5677
8140
5873
6195
8369
10447
9742
5680
1859
7496
7461
5275
10379
1258
13066
3880
1454
7427
11671
8400
8934
11861
2286
2532
1852
3284
10517
1334
11611
10122
2159
12121
6162
8524
6192
10989
11455
3573
6389
11003
3108
9792
11961
3522
10449
1460
95
9910
4602
198
5063
10381
1530
6408
12084
6472
9158
11724
9370
1701
7801
6475
10174
11478
11205
9478
7274
6396
8710
8554
7076
12722
2680
5757
12339
10855
2087
7882
9598
11788
9998
13210
5451
7403
6571
13244
1475
9508
2072
10802
6456
887
8276
9185
12752
12517
3330
13145
1982
3051
2976
8318
5350
13099
1057
3498
3776
227
987
5038
629
7314
11115
9941
2216
989
2812
9092
10232
7128
1996
8979
1957
6645
1551
7054
2861
1321
1997
2526
13527
2239
4253
3905
3567
1658
4606
9831
8260
5127
3150
6063
946
13458
10201
8912
268
997
4496
13100
6140
507
10072
1938
10842
4479
5392
13196
10826
6285
12118
5051
5899
44
9116
5076
8231
9872
13548
9196
1889
10689
13201
12737
3485
6992
6384
2819
5485
10648
7024
12126
6334
11591
4110
195
5046
8566
5473
13568
6311
4569
387
9631
4293
3221
13283
12768
9231
8770
12557
11883
281
3556
2143
11453
13503
11490
12010
4236
6333
4601
5421
4227
12496
11714
12277
8559
4579
778
6004
2184
2031
8141
10846
8215
7089
10964
4732
7953
12113
5381
5423
12718
13383
4561
5123
10511
4640
5943
5760
5070
11018
10204
12083
9625
5587
5724
419
12419
10477
7099
12145
5708
11658
1916
8391
11180
8137
1139
2948
11229
13079
12713
6163
7992
1955
9345
4907
6535
4632
1673
9486
9252
3323
3606
9744
12911
5884
2317
11828
2883
11233
11416
4783
12962
10990
10873
7472
202
10721
1865
8443
6661
2442
6776
4322
7025
319
9546
11185
6495
10089
729
5930
4793
243
9529
4727
11511
5978
8195
245
10097
11276
9525
11059
13298
1802
10189
7649
6929
3529
326
1823
538
5726
8568
256
8402
3837
6712
8019
1148
9069
11402
12461
5556
4409
9032
4525
6919
1095
6785
5363
1136
3908
12717
9726
6615
1077
12815
5915
13241
1123
10526
9012
901
7527
2934
5585
2309
6724
5662
2549
3047
9739
10624
360
9812
5049
2551
12917
11051
4129
2542
2006
13565
1883
8719
10993
12516
3448
10892
8360
8711
5786
3215
4892
5481
2694
2278
2231
8982
1483
11371
1384
10287
8901
3092
8634
10626
2264
2195
210
3246
4980
10340
5833
6718
12931
7134
9206
4074
6720
320
13219
11694
842
13102
10464
823
1330
8670
9629
4413
10092
4404
8908
11152
7810
7632
4627
6588
1269
8345
4386
10954
29
4324
13051
12899
10748
7665
7405
10458
5929
6552
3785
2589
6657
6175
4145
10910
5187
4873
11946
5465
10498
4179
8478
12012
9194
13114
12595
9246
8665
11553
12193
5041
8458
5283
9409
11529
2234
7212
3886
6214
10825
8992
801
7647
798
5682
10042
4321
2788
3000
10163
5887
2306
7328
3273
12015
370
4594
9288
9502
11926
6015
6321
877
1873
9930
8432
4538
3133
2929
9972
849
2965
10190
5963
7651
3243
10528
3211
8614
2792
9051
11382
11773
7045
10054
6040
5685
3658
10202
12824
3949
11510
12443
4115
7908
2599
1719
1191
1496
13000
1487
9183
116
5028
12633
7299
11570
11
9947
6621
5660
3841
492
12319
12547
930
6568
9523
12217
2574
8194
5337
8831
1424
12096
12878
10033
13485
1913
13401
2293
1168
7971
12279
102
8163
10889
10604
6303
11300
10459
5695
6941
6959
3062
2533
2774
11379
10874
4879
9356
139
7626
9232
8479
2865
4505
5742
2740
6486
9883
2078
6698
10318
9014
737
7325
8610
4621
7465
12051
10316
11439
3136
978
857
1742
1696
12444
795
347
11941
13353
8567
9821
8365
6999
11765
1089
5391
5634
3852
2037
8785
3393
7436
7899
3121
4147
6815
9576
6691
10241
10489
10661
8161
6787
8132
8311
2118
7353
13109
4796
4144
11641
365
1402
8821
11807
2208
1254
2323
3258
11257
7839
1944
2834
11261
12225
803
0
4653
5546
2113
11458
713
8294
1099
7218
7488
4183
11004
1370
1397
8486
11734
11238
1674
4058
11978
2648
5640
1291
7577
3397
6097
7029
1091
4151
11594
12417
2931
7780
11217
8672
11614
12531
8071
5144
2021
5278
13590
11996
2536
4136
3517
12040
3274
5176
7589
7725
12745
832
4948
12171
8436
10451
398
5168
4925
8937
6904
4016
74
11103
8863
5289
7017
11496
11841
715
6586
581
7685
1558
2083
9494
3089
3152
7479
6434
1543
12693
10927
8657
6790
10027
12970
3860
12405
5309
13338
296
6213
1776
9644
4709
659
6994
4607
5922
8222
1570
5534
751
9585
2332
8613
6149
6236
7924
831
1713
3617
748
1290
6951
8980
1763
13380
12907
11880
7344
7804
8918
1072
8685
12940
7420
6421
4032
2467
4875
1590
12350
10240
2615
2205
346
7814
1326
13043
4247
1991
4414
474
13553
3899
910
4613
8426
2334
12867
3682
3046
4000
12122
13382
4188
11231
12520
3491
3488
8086
8940
8654
285
7016
12643
3380
3021
10669
10439
11845
2882
1651
9698
9897
8829
8651
665
1792
5769
2261
5359
4449
7569
12973
13262
12149
1346
105
2201
7581
1210
305
3383
13039
7555
10670
9937
6891
10024
8888
1704
6005
3780
9391
12732
9461
10214
9036
2916
902
1205
8754
7338
10708
8342
11772
12258
724
8514
2085
12715
6182
2768
11652
979
13531
4294
2191
12334
4212
10143
8078
5661
12127
5809
8368
3728
5215
6859
588
8577
12972
152
5378
837
11514
3389
5171
8642
8645
10116
374
12859
9248
7209
4567
11555
2500
9389
932
7989
7487
7676
2613
3017
4845
5429
1036
8922
4111
2638
4946
13606
11195
3210
6853
6826
9458
265
380
1226
6823
9684
5514
6647
2277
8962
13443
2989
8401
7126
904
5925
2493
10664
5537
13135
7451
6722
5962
1832
9316
10390
9225
354
6930
4153
10887
10124
903
12236
7222
4576
11786
13068
1835
7813
5913
4767
56
10643
174
12714
416
4749
9085
9592
8537
13128
2639
12997
9522
3813
8713
11929
5066
3925
6721
2671
4893
9229
1478
962
11779
5344
11990
4396
5222
3230
6937
5490
9244
2752
1912
5878
2029
13427
10219
4288
5674
7594
6530
3468
7369
7763
7387
11374
12035
3810
10863
1414
1584
3638
6739
1579
9782
623
5645
9670
8073
12650
7678
9049
956
6538
7516
8585
2685
9882
12888
10431
2608
1404
12569
9518
9470
12396
2305
6489
10765
10249
4540
9221
1951
7238
4101
4679
9708
2529
12332
12370
8500
158
4393
554
9730
10178
8757
3325
8437
10702
6477
12218
10152
6543
8704
5361
8173
5914
8072
5253
6670
4317
11666
8971
1097
11310
2398
12270
12829
4746
6324
4435
11023
4302
2455
13026
7806
12044
4318
8263
12200
12669
13442
12992
7694
11809
574
8218
6158
4708
11187
10943
11159
7400
9300
4741
2415
7537
13023
8963
12173
1593
11190
2516
37
11486
4590
506
7858
7132
10758
3457
4997
1212
2122
1825
9873
5315
9110
5790
2472
1963
4244
5804
2805
9553
10880
3585
2315
12406
8047
4914
4811
8041
10075
4454
11498
7000
10722
1746
12283
921
9781
5516
1750
7883
1980
9961
11398
10657
9187
886
7664
3173
12119
13551
13260
6281
6876
3247
7599
2818
11692
4062
10864
3502
7529
10827
11896
4562
2946
11965
9855
1529
6210
8761
3863
11660
4612
11686
1116
12689
8775
3803
10902
2165
9753
7731
8717
4571
10777
1559
9984
4996
7414
8170
1427
9626
9767
8428
1383
9714
6231
160
859
8923
12895
4277
3820
3188
3344
9274
6602
10616
11489
1650
3190
11634
2706
3633
4424
2734
8810
8587
5409
9120
6705
7075
12754
601
8652
9724
5721
9687
7784
9298
12371
5369
6502
258
1031
11002
4994
7114
486
7557
5214
12884
8789
4465
10495
3637
5077
5003
67
8091
7394
11160
9716
4050
3406
8693
6757
13477
2065
1958
602
12325
6945
6222
55
3337
11282
2892
12984
6419
12848
10774
5515
5254
9216
2880
9925
6767
5723
2140
6001
7185
5550
9132
8020
2879
2543
853
6432
12129
1572
1323
12761
7071
11494
10454
8181
1813
1090
6441
11221
5360
4843
869
2814
2109
6541
8871
9365
4348
13261
12506
12616
3700
11777
7919
62
3862
3326
3992
2679
2307
8875
918
3830
983
9396
4966
8781
8127
11094
9155
6356
1426
10156
11693
3340
7425
6197
12719
3800
1717
1747
2388
8606
6367
1125
9140
3911
622
9999
5098
6872
10756
12964
1969
5099
3346
6473
7579
12257
11223
4542
2073
3170
9038
8974
7119
7768
2356
2318
3311
8956
7874
13251
9850
5499
10710
8065
5905
10405
9236
9643
1156
5453
8593
5519
10762
12108
7007
3336
10424
4216
324
7053
9393
11321
9276
3882
2860
8106
7460
12819
5772
8182
11595
4312
764
5178
4126
11294
1794
6708
1237
3143
10711
54
8535
7349
12219
11723
7050
2688
141
9884
9822
42
12457
8951
23
4398
7645
10731
4924
2772
2242
6276
7851
5111
5475
2209
8625
5339
5566
542
9326
4519
6274
4593
7439
4370
6723
1677
3033
6548
6847
4926
10176
953
8673
9756
3894
2737
11787
10642
8705
6882
972
6453
6183
6511
2491
7257
2937
3010
12926
2232
1017
3721
9532
7278
10245
11222
13299
5981
9337
3134
11308
2990
11889
4359
4245
301
10847
1778
10088
10672
9160
3226
12922
11472
2530
8573
3691
439
13492
7079
1481
9675
12586
13562
8353
9526
2741
2282
9798
4981
9769
7294
9148
7821
3615
12278
12993
1403
11392
3481
2746
8955
9371
8079
12603
1528
1664
13310
4178
10407
4019
3096
10330
11080
12175
7910
4682
3821
7648
6977
10614
5711
10781
8903
3742
10435
5327
1909
2042
2718
13470
8084
7303
11438
6912
10934
12382
12248
6141
5535
2068
11343
13084
12408
3142
4754
925
6735
9915
3680
10973
7612
2957
3240
11506
9542
2981
11037
10102
3783
201
2390
10608
9596
8678
2440
644
2591
5639
9600
11504
5518
13152
10252
2845
7497
1607
1495
740
12532
3531
4558
5022
11457
8376
3249
3417
6227
11143
1169
3506
7826
8083
2368
9992
9918
7073
13147
2970
9685
6351
6918
11969
11748
3251
12850
9150
11797
7297
7489
958
523
9719
6899
2843
3443
1349
12310
11582
7696
1259
2762
5410
4014
7773
7606
9377
7390
4548
8351
7357
5420
11675
8885
1441
9653
1359
10471
2310
10726
11139
11838
5622
9112
938
4851
373
7798
8021
7502
732
13124
855
7110
6711
9416
9139
1986
6240
2885
7440
998
2891
13288
6985
12226
8879
10374
1526
6694
12292
7273
12562
1456
6769
2158
6902
5351
13436
2831
9384
11551
799
7434
8108
1069
7791
4801
13474
11053
1332
2707
3480
3816
2873
12137
9688
1197
2868
11204
697
10866
3667
2962
5335
8427
13222
7235
9635
1736
13138
4933
10022
11674
13597
10960
1847
7582
2838
535
1665
3438
4229
1465
10594
5297
11396
3602
8193
2668
9875
12793
11548
4455
8022
3534
12025
302
8561
8201
4836
503
11046
9373
7670
8316
5611
4955
222
6504
11755
6494
1386
770
8006
12282
5305
12023
2190
8858
2322
9520
3186
12787
9677
2863
10568
1807
13482
5422
8513
3898
2722
3923
5974
12553
625
820
7323
2032
5230
409
3288
5197
6971
7867
9693
3217
10523
125
4316
11756
8701
3250
8965
10215
9603
8175
11329
5444
2864
7069
1432
10634
13052
10045
5704
8321
7530
10391
6703
4837
1000
2245
5371
6728
7918
3648
7936
4663
4527
6623
11232
8287
2850
5617
8354
3688
6391
7833
83
298
4235
1595
11796
4222
2614
1121
12132
5014
7165
1391
7864
8769
12080
3179
1244
4031
8560
12980
11068
2381
12066
9673
12341
1544
3212
12182
11934
7978
12404
4786
2597
11212
6713
10787
6581
1547
1841
6179
6810
13016
11390
6592
8721
226
6160
1838
13281
3141
12243
9052
9887
10771
8942
4600
5295
2008
5508
8154
5632
7432
9124
5866
2452
11813
8661
6963
4392
9738
12894
12413
8045
13211
11113
3670
3550
9979
2501
3818
10223
4823
2203
6498
7627
2713
988
10256
7684
4649
13541
10410
12297
1143
7183
2936
12482
9662
1857
5334
431
11790
701
4498
1283
340
10534
7240
2297
9764
2823
11743
635
11768
6073
8758
11578
9452
1312
12060
4165
7607
10745
58
10430
6120
8038
4744
5558
12191
4771
8328
2729
5997
13589
8285
9801
11031
1765
6861
10216
10375
3357
11348
4306
108
5151
505
7028
13569
2624
3920
6690
894
10974
1188
451
2112
12169
1702
5591
9066
3540
6290
8876
2585
1824
12172
5061
11313
11364
11832
8166
6348
85
2300
13449
2643
4917
10740
8332
1183
8183
2899
905
13523
13007
1009
809
7898
13150
5040
2548
234
8729
10633
9449
9203
3684
4905
773
10396
7449
878
4415
1613
9865
4910
11449
5776
8939
6909
9700
4039
9935
5082
11775
12789
7381
7654
9312
1671
2978
401
928
9554
10118
88
11092
2425
6510
12891
6437
2809
12967
13466
9302
8440
3490
2991
9681
13369
7061
1814
11184
6862
634
12540
2767
6811
6725
3382
2044
5834
13526
6476
132
11448
5741
10106
5321
6513
4517
5193
1692
12465
4647
2095
8146
6373
3778
5010
6821
3819
6318
10690
893
1083
4464
1910
12130
8917
7283
704
1093
4521
8035
6430
2123
11129
968
11345
10695
10775
7301
5600
8727
9879
4968
10475
6730
3593
1597
2901
5762
4133
6400
10172
10157
11937
3632
9960
3067
8854
1901
12469
10166
5651
822
11306
8574
179
6784
3720
6374
6272
11827
916
11528
10260
3407
7510
3028
11534
3719
448
3716
793
1690
8877
3739
11532
255
9420
8868
4556
6447
1939
1725
9889
12528
8224
8408
7499
13315
5832
259
2963
11177
7094
8902
5770
4507
4494
4196
2993
11082
11688
8492
11421
10897
9501
10898
12034
3975
8473
5239
12805
8873
1428
3582
10487
11057
11357
7830
4327
9652
12812
3686
9733
38
2492
5244
10685
3076
7855
7308
8498
3605
2423
8279
5656
5415
4990
2235
1520
1354
5134
7023
12588
11166
13550
9154
4103
9694
11732
3295
5968
3558
12667
1539
1716
3252
10224
12075
3259
9419
30
679
10476
3464
7340
13264
8782
435
569
11118
10283
2146
9432
8346
2799
6423
4991
2909
8773
8735
1379
3900
1052
9765
8018
2895
1629
912
879
11947
2841
7639
7333
7576
11736
4048
6649
9898
4041
2541
3137
1798
4319
1966
1433
4108
11580
8926
8839
2066
6707
5108
175
1569
620
130
13405
9610
8010
8981
4116
10760
9091
11530
980
2155
6702
616
7668
3193
9924
8677
12333
8846
7391
12858
3078
1046
852
12790
10540
2703
669
12655
9002
8562
7260
9028
4901
7750
8943
4439
12497
3580
13243
8043
9639
1468
488
632
84
13328
235
6855
4402
8842
7423
10235
1094
2999
7764
6483
7894
12359
4808
2687
5284
9369
4804
5552
9
11044
13337
6270
1
3116
12221
6177
10301
9503
10302
4430
4510
896
4962
289
10120
4199
7196
3940
4442
11552
6646
9938
4508
10757
10579
8547
10723
10595
2224
2249
13391
3750
2669
4117
6385
5811
9189
2684
3977
2418
10035
4330
7795
3952
2642
3192
271
2590
6734
2652
6046
5917
10907
9577
6056
4311
3025
6261
64
2911
10527
2024
10203
1122
5468
1936
814
1058
9594
13300
2507
8119
10361
3913
7844
10859
3427
172
13586
12623
6783
8364
2975
8588
463
9355
9548
1201
3254
5358
3083
508
11662
7709
11492
4272
7083
11872
31
7163
10147
9186
6957
7580
4860
5032
6542
3596
8897
7412
942
12810
12045
8114
5356
8463
2559
8113
10651
185
13488
9161
11296
8461
76
11876
4662
9512
7217
2635
3850
2446
3231
1026
4737
5089
5882
6218
8911
2299
8309
10575
5983
5122
4890
7746
1886
12887
4390
11612
13226
348
7782
6578
9811
4776
9264
11062
4475
6196
12032
13324
13394
1411
2702
13558
1018
1113
4894
12042
5544
11665
4543
218
7480
7680
9147
6176
3045
12999
1659
4369
8117
2271
3672
1738
9240
3394
1328
7923
1306
10547
4848
369
3599
6643
11404
3404
9341
8633
4755
8688
8484
7474
2995
4495
12592
11432
4978
1033
9346
6174
3004
5693
450
8417
9167
9510
7311
8080
9042
10618
6221
2439
428
3980
10110
11505
4040
9690
8796
1795
4549
8684
385
13567
5117
1511
3146
3869
4385
3056
8262
8913
13317
4255
3016
8611
9706
10060
11328
6205
12721
9472
9741
12900
597
4526
2223
4999
4017
2335
1142
12389
4868
7686
12273
4427
11237
13371
12800
573
10737
2483
8952
7713
7845
1769
430
391
3454
5177
13093
9191
1335
5238
10638
9262
10577
1933
4920
1103
5338
5386
1922
4024
2107
121
1110
11411
7554
8825
12115
12968
5505
2817
10195
12585
11146
10617
6870
11559
5136
9973
4822
9468
13341
2629
6893
5484
10175
2872
13507
7309
5991
7760
10400
9380
2763
11441
11110
3588
464
9101
10020
13059
4664
6386
12591
10296
12094
8999
1878
1474
11173
8972
9762
10404
3831
12347
6996
10901
11637
11275
591
8450
3998
5734
5161
5957
7960
868
5153
672
12488
2387
11863
12008
1548
7130
8133
11960
4702
6095
8797
3917
10315
11164
9932
6765
5858
5185
2582
5767
11905
7084
1992
11664
5969
4079
6635
4989
5783
11336
9851
7835
4329
7118
2612
6474
1899
1368
2709
8921
6136
8820
9061
6387
6777
6418
11524
1054
13139
2063
1423
7307
6754
10179
3717
5615
12348
1720
94
12363
1199
12873
847
6871
8412
9896
8088
9988
1193
12477
10782
4279
8715
5746
13048
10780
5234
9440
555
6078
1940
1064
6583
11843
4698
8211
5248
3678
8313
2342
10277
6652
4152
4190
7526
12223
5101
11305
10615
12437
12749
5011
3223
11176
2131
3364
11857
4883
3124
2514
5737
7162
4651
6064
5586
7655
10030
12380
1040
13294
567
7193
4412
10484
8866
657
13163
6450
834
2375
1231
8100
10923
8291
3024
8277
13493
9130
9965
4174
10472
106
6096
10479
10559
9640
12576
12397
8049
11468
2041
6650
12366
7653
2325
7659
13508
11609
7677
6228
8304
5831
3195
12772
4303
6516
5975
10469
12909
9561
931
6979
9162
11117
7437
12338
1223
12679
3187
12184
6099
10364
9107
5118
1974
3618
2777
2896
5440
5434
3595
12111
4919
12265
6890
10344
2793
1262
5690
12808
840
5683
1648
10792
10193
1640
9830
9927
2133
605
6844
6079
720
888
5376
4320
7507
1129
8286
11708
11903
13046
2748
8233
13399
11151
4360
12212
643
11667
6145
5057
9103
3444
9657
8055
6202
13543
9375
6115
7378
2137
9773
3834
6800
7929
3507
8490
10012
9330
10173
11335
5488
8099
3564
11070
467
6413
13557
1675
10300
10797
5569
6353
8531
2848
572
3996
11802
13433
8526
4764
13536
5506
2780
3290
9007
7614
11156
1582
5120
11318
4554
3660
8028
5182
6747
8363
8521
11759
6118
7279
5157
1728
5946
10850
9013
322
8700
4075
6897
10199
11081
11762
5207
12608
9498
8740
8964
9336
7108
3386
7583
12163
13359
2825
4295
7534
2389
3552
2922
1990
7095
11234
6798
13316
3601
13238
1896
5954
13075
5374
6633
2175
1833
7442
7559
10416
11415
3528
9606
8469
12950
4003
6255
4909
8475
3236
6766
11705
1388
9286
2132
5736
13475
4403
9951
9477
12475
13154
7937
8168
1336
4829
6905
1209
11274
3897
10609
6341
12780
12882
3040
12649
2276
10727
5779
3523
8494
8001
2019
10743
232
3279
204
97
1797
4148
13094
9385
8766
5512
11954
11645
1829
917
13415
12353
7706
5774
8415
13478
3611
6629
13496
2584
10687
7786
8267
12702
4609
1450
8447
5918
9475
9082
12666
9208
5311
11769
2949
7062
7996
11950
756
6485
13428
8887
5407
10938
5688
9907
6816
2430
10836
12439
13457
937
6727
10691
2588
839
8297
5466
223
2776
1988
13350
1596
5912
8742
7291
10751
6612
4163
1892
11789
10257
12622
5442
5605
9618
11564
11255
60
5454
1827
5794
51
12448
273
5419
3477
5911
6888
2547
5181
9833
7481
827
9056
3039
6656
6190
3455
8586
2955
8608
3037
10948
7066
10384
9718
9073
12589
5445
7911
4218
12580
4599
7277
2942
8630
10881
7272
1365
11959
11672
98
7058
11698
7642
13017
13291
12299
12685
9265
1154
11850
7660
12677
13347
10646
5970
252
4826
4963
2747
3724
711
1514
6520
12801
8726
7355
7837
11893
3710
1638
5849
11970
7704
12533
194
6973
9905
144
7339
2512
2404
2704
12420
6033
487
12736
7630
10553
10554
8755
3408
5994
564
4240
3002
211
6171
4418
6299
9138
12641
2870
3267
8780
5333
1805
3950
9171
10630
8664
8947
1367
3772
1902
2699
7551
3182
6748
11837
9282
4166
4532
1522
2789
6297
5231
2997
3849
7149
4724
1806
4650
8804
7080
13374
5976
8747
12903
4665
4956
7363
6225
1687
4817
8374
12474
6207
2640
3461
4906
3360
10192
1299
9775
8032
7430
4666
10830
10317
3858
6540
2302
5964
4084
6550
10961
12252
4703
2552
4791
236
3957
5341
6587
10548
10622
7241
5005
1472
6100
12073
3374
6135
8716
12776
12106
10013
6355
3470
3460
6500
3126
4132
12160
1079
2974
6697
1490
8051
2905
6934
4898
6880
13395
11607
9545
2968
11914
4046
5965
9605
11452
12446
13005
13389
13598
1523
4124
11014
3425
4073
6658
2
2592
75
11303
6594
8948
11499
274
4553
5588
12128
5328
4876
8269
10132
9178
1636
10908
4945
4337
5202
342
4635
2448
5517
5068
9342
3
4257
11022
10261
12002
3607
6133
2907
11823
11902
8358
9674
8196
13582
11209
4029
9593
7422
5158
1462
10686
4168
1172
2258
4497
8464
5411
351
6804
2645
3946
1282
3945
1115
12599
333
5174
9181
10665
1735
8120
5372
860
5524
9854
7991
5087
11957
5549
188
3870
9113
4428
8671
5129
7345
12958
9628
11049
10747
10598
10231
12369
3264
3334
7723
11877
6965
9487
6366
973
10958
12435
2731
2215
6746
4248
12501
2690
6981
327
9820
1504
670
13326
9760
11163
12614
11816
10286
6288
4795
781
2749
1016
1376
4797
816
1706
6761
9743
5299
2344
7523
2064
1248
12124
7306
4064
8644
7608
710
8014
6667
4189
9816
2101
4071
7220
4219
8832
2082
10653
7957
9582
7269
1100
2876
13362
11587
3378
9729
13167
11517
2352
527
6808
11491
2750
4346
9772
10084
13539
7386
1353
7769
7752
5898
6554
12107
12259
757
5083
6479
5987
4030
5148
4437
7951
12617
8929
11663
4049
8423
578
6824
2842
4395
12067
8319
5562
6577
10077
5375
244
2939
10436
613
8081
7536
3001
126
6464
3747
7895
5277
13323
8240
9533
2057
7264
3504
13207
19
4619
830
12987
9168
1976
6094
12147
5367
8307
1486
9128
135
8098
10490
5050
660
8093
6383
4832
1712
12538
1492
11260
12977
4551
1726
2973
2011
5821
2039
6638
8708
12041
10438
1752
9026
4604
9118
4977
3555
6603
6922
7675
13080
9976
2316
4483
3257
10835
12704
1682
3009
11147
12436
6740
10729
7560
8487
10010
6927
4524
11522
4361
1180
1627
10823
8733
6807
3032
10354
8958
4676
4516
13077
5702
3842
11646
7931
2046
9641
13549
3929
6679
1915
1132
2956
885
5460
7109
5159
6461
12466
9039
2498
6415
8993
3673
12549
4339
9902
3876
6609
11870
6536
313
8425
3651
10997
6560
13144
72
2424
1378
2106
3423
12653
1419
7438
6467
11844
9045
7123
1975
4670
9205
2727
2441
11324
12963
7341
7738
4777
2779
8344
10667
5565
2633
9064
5043
5200
8155
3766
3868
2088
10268
8779
939
2665
3391
6637
12659
1603
2496
9479
10510
5609
1872
5637
6049
4941
9307
2074
1311
9333
11737
7956
7528
13160
4291
8925
8808
2129
2691
3300
5542
11931
8946
9817
9968
2801
9862
1271
4722
8649
2296
11979
4408
11006
9292
3434
13334
10226
13325
12646
9761
6974
6509
6217
4976
5037
4805
47
4266
10181
5819
10001
1947
5160
7101
7697
4375
3845
9922
9852
3442
1681
3748
1994
12694
11981
9623
1666
2400
2509
8744
2760
9441
6259
580
429
3265
10107
9970
10500
10255
12280
9390
530
13140
10140
13330
8798
8054
4922
4485
1275
454
2958
5462
11711
13390
10501
3755
13004
11054
9074
3914
10509
9679
10090
13127
5482
3166
11017
3120
8025
1557
1649
2479
8745
4265
10639
8565
663
10796
7490
1028
7848
5808
9379
2859
1213
5290
11409
12698
10565
5044
3379
5412
9620
6620
6942
2362
8626
11192
1515
3113
3928
10824
4638
5427
3754
7877
13594
599
1048
3864
7840
3114
13133
10821
9560
6608
11801
8861
1357
10309
9079
7239
493
2673
4660
5881
7167
1297
10070
11907
6243
10282
4298
6953
2000
480
6492
13444
12036
61
7327
12883
8123
11976
2434
10649
5036
12759
7860
7575
426
11267
12328
3631
8208
7397
7047
10388
12879
875
13013
11868
9568
2920
4450
4059
3260
7679
12255
2816
3557
3802
11681
6978
545
10749
6521
1059
3781
8357
1804
361
12996
5382
13136
6393
2213
1619
9983
4471
4476
552
13301
4200
5984
2554
3835
3112
11538
862
5973
5885
5844
8772
7967
5956
9869
12195
9018
7458
8340
2196
13486
9686
2906
10654
10905
11476
6901
1723
9866
2214
1164
4091
4460
11145
1868
8278
4729
2489
13318
6076
1653
12572
3937
1525
314
473
8306
13095
1643
11144
12367
2550
13082
10701
10860
1513
12696
763
4900
3838
7973
12093
2523
7152
2811
9050
7142
9129
9097
6972
6970
1612
3613
553
7452
1510
10985
9609
6022
11079
5349
5665
9809
3064
3698
12454
5196
6779
4669
7258
3006
10809
8030
7501
2028
7834
1268
589
4486
3562
8457
5154
9748
13265
12287
7853
5696
3068
3823
10237
13349
12104
8584
7947
2147
3887
10154
8892
2485
5610
1822
7190
11921
325
5745
6585
5062
2869
4800
8130
8906
2228
10518
6066
4354
3561
8676
3536
12235
1918
11055
284
4090
10543
8886
3105
838
1964
11991
2852
4011
4565
8557
3087
692
12047
5806
12555
8371
36
3388
4491
11307
11597
9195
890
658
5728
5464
5782
13280
6086
4582
502
4364
9637
10619
11680
2742
9880
13091
6302
10631
5608
12011
1905
1449
12834
4007
11951
11760
2187
11024
6677
9727
6338
2522
11100
1662
13596
2222
2499
9340
12430
6310
12804
6414
7542
9966
10095
5116
10571
3050
7015
8471
12049
1264
9421
12394
7131
4691
80
7168
2681
11820
10055
9555
7046
6444
148
11138
1537
1967
10994
5850
9033
3278
7878
9127
8245
7409
8308
3084
11945
6292
4352
2602
1932
7052
2345
6760
7888
5950
7736
5354
10386
262
5795
10505
8082
2405
5601
10418
13521
1552
6230
12861
6561
9177
11536
5781
1062
4944
662
8050
9344
4780
13259
8274
6549
3933
11162
9796
7019
13199
7293
6057
13420
11673
6061
10170
3851
7230
11450
3891
1401
21
2773
3609
5072
6104
6692
2298
2427
13009
4686
8383
6014
12886
7271
7673
8889
1697
9249
7262
4504
3253
4023
10921
7691
12799
8874
5675
10421
7712
12612
7225
6006
6514
8230
8266
10533
8420
4249
3168
9462
477
12974
8631
2898
2360
10545
6301
5940
6943
7359
7012
7392
6484
8607
3972
1395
4231
1363
12356
1001
7265
4054
11644
3160
6067
12141
9367
4371
4835
4001
3577
9210
5826
4207
6151
8977
7146
2421
2002
12607
8809
10976
4451
10422
7044
6488
5477
10675
8147
11654
8046
5725
1235
1287
4018
1390
5647
3206
455
941
9783
10682
7223
9583
3174
441
4421
7233
12513
11874
10779
5301
7068
2125
5201
8909
7148
4286
352
9894
8731
9213
6958
10098
12692
9328
8310
1118
162
4515
6266
8204
368
2622
7574
12185
10520
6533
8627
396
13076
5592
920
6575
12021
11715
6170
4960
4350
13183
9612
8373
10793
5715
349
5210
10786
1060
13247
959
9745
6200
316
4170
2274
9311
4757
6074
2618
8646
6980
5579
9515
4677
2649
12625
12003
4714
13445
10308
4036
2664
7970
13037
6184
1642
5316
12056
5304
1396
13096
2327
6842
618
7321
11239
5503
7636
4932
2953
13087
7393
3384
4045
8707
10146
7022
7399
800
5698
4401
287
3726
8991
3941
960
6839
11241
6148
4747
7623
9734
11281
3509
11635
3271
9360
4290
10358
3387
10983
2138
6411
3332
2385
5771
2206
9564
6848
2236
5435
10803
7843
485
13165
8338
9212
11317
5945
13605
5860
4201
848
6611
3508
6251
8817
3948
10085
4672
13287
2075
12302
2535
1670
8406
6375
10867
10524
11128
7891
10894
10289
2265
6998
12139
13500
7739
1227
785
10929
10632
6457
10211
4013
7847
1015
12176
8187
8778
6866
12600
5384
4778
3592
170
2959
9661
2478
4637
6157
12432
1507
10009
12087
1329
12424
3058
10047
6103
12818
22
5020
1341
4697
5209
192
11254
11911
7540
1074
5352
12546
5287
1247
9426
6172
12621
1895
2696
12514
8239
13279
1785
12862
2971
1506
6041
3075
8541
8891
10288
4325
11112
3943
3151
6325
10039
3375
11293
804
5735
5400
7457
7207
11616
9558
2251
3042
11898
3436
7175
6052
9891
2359
7865
2256
6234
8669
231
5655
2192
10514
1153
8777
2761
7285
12727
11520
1317
11367
2004
5501
9303
3074
5897
3967
7493
6878
7570
5331
4529
4943
8129
7591
3533
2889
4397
167
13001
1006
13505
165
11041
4419
1714
13517
2667
1076
1732
3537
5498
12944
12069
2651
7226
7603
13381
3350
2285
2650
9284
1051
2148
11243
12376
8555
4847
13533
12161
12965
9929
238
3829
478
1754
11436
377
2141
6580
3951
909
239
7506
3450
5646
6295
12624
1135
11811
3824
2370
8085
6827
2994
7030
1489
2644
9914
8935
12809
4300
12995
2420
7849
11084
3675
3395
1455
2179
196
4816
5370
5379
3665
9538
9258
9940
5273
8451
3859
11266
13253
3314
633
10888
13528
8350
8188
261
10962
7027
11368
12566
1888
6503
13512
3966
13035
3676
9473
11007
4009
9427
6768
11812
10612
6648
2832
9004
1429
726
113
6875
13542
3473
10114
10767
6653
10194
7192
5065
9318
684
10139
2573
10885
856
7419
13234
9648
5636
4204
13305
4285
6180
7112
4358
769
11240
11290
5008
453
6039
8944
13581
533
2050
7984
12039
2437
992
12840
7550
5960
12913
8872
1731
4137
7276
9044
3431
3296
9919
6313
1351
5903
5916
4995
3043
86
10284
777
4633
9682
12030
9633
6161
6007
11157
12937
2272
11888
2089
8581
1718
7289
2630
11058
8017
11904
6939
12271
9669
12037
3696
7842
3038
5778
3832
6239
3727
73
12483
63
9366
3697
641
6406
13266
10979
4717
10076
13235
6090
264
3885
1078
3538
5813
2854
3695
3955
7708
6053
11604
7358
8528
6572
2513
10236
4964
8320
12458
9451
7988
11562
6069
10478
6907
7042
4432
9378
8762
6762
12632
2361
1025
1870
11214
10115
6284
3694
4234
3647
8057
6803
776
6164
9611
1970
9418
1937
4380
13162
5654
294
4472
1800
7701
10736
4128
8489
9697
8377
6630
10126
4381
8600
8331
8044
4149
12700
5018
205
813
11056
5211
2340
4167
9711
12763
2992
6105
3625
7287
4986
11385
12978
4643
898
12751
4420
9683
5938
10507
3349
5223
3207
117
600
10486
11852
7173
13578
3854
10052
2237
1241
6634
10947
4533
4284
3167
2156
2676
926
10851
6016
10904
11394
9077
3889
4982
7757
2027
12322
5226
3546
5246
9293
8431
382
8890
13239
836
7326
512
10852
11344
6967
13174
10026
4690
7456
3968
3145
10466
10230
2753
3291
5403
12082
10401
3984
5992
11507
7376
10532
9624
4863
9411
3792
1942
10291
8275
7373
8617
470
6264
6152
10205
7356
9005
5576
12541
3094
9656
10349
817
3629
9953
621
11629
10763
191
7932
7186
6327
7935
7232
1050
5260
5348
9599
532
10331
4882
7014
1793
8807
9448
5710
7997
12294
10276
10625
4861
4341
12626
8495
4258
698
12954
8238
7455
3844
5689
4611
6332
571
2933
12827
12814
3811
4626
4597
4824
3309
829
233
1073
7906
9480
5092
9301
3129
5169
13439
11210
6106
9030
2874
7466
5213
475
2414
282
288
7371
5029
12868
9062
9524
9952
12795
12661
4541
7404
12204
11566
10499
6881
12794
1843
5749
8894
12428
2227
10569
5452
5564
705
3574
11085
5752
10184
7600
12728
11576
9009
1849
13228
5692
10922
4315
6388
7251
9627
6836
6887
8590
7237
4180
5191
11829
8738
565
7377
4468
3825
6837
8691
6598
1310
304
1846
13063
11466
9535
12615
12832
2769
12551
10843
3015
9455
1108
5012
12750
1904
1322
4411
11537
3400
786
5890
7447
2810
1233
5242
1347
5471
5064
10551
10861
12518
10891
7302
6686
5487
33
2105
1686
101
3622
3650
8299
9251
4675
10185
4069
3365
12707
6054
4603
8200
6165
6315
7055
5603
5730
630
11544
10329
2120
10081
5933
6023
7100
5643
13501
2564
7644
6401
5310
5495
13112
5428
8591
6501
10831
4904
9758
8324
11567
7790
7407
8696
4813
4280
7343
7065
5671
13101
2663
7361
7875
6689
2287
1019
8623
6849
11638
12960
9591
5658
1546
11585
1999
4855
9218
12440
4376
5792
6372
9331
11643
1589
8841
3563
3699
3542
6597
11354
9956
2886
7747
8380
11376
2745
7717
2828
11568
1149
7927
3149
6420
4202
750
11613
3628
5104
6911
9165
12865
3706
3474
8214
13164
11617
1063
12723
6858
10912
13111
1458
5085
10425
5754
5048
11408
1786
11406
2168
155
13237
12450
8257
7850
4299
8961
6628
4577
9114
7300
5560
12991
12842
1087
1803
6830
13313
10068
5707
12412
10005
2960
10123
5114
3163
11640
11078
12052
7284
4774
12593
2689
6278
13045
819
9156
6840
8933
3970
12744
3668
9505
783
12068
1721
8272
9481
4734
3315
7106
3294
5717
5446
142
2154
2328
12915
13367
3103
874
13224
4605
2230
11738
5869
2625
10882
13021
12651
13575
1773
7444
8818
4208
11108
1550
2677
7793
10916
3310
9516
792
5365
1703
10433
4936
2563
10036
1972
292
4105
11798
1621
1298
5298
11422
9813
12930
181
10360
4131
11235
5805
249
12220
9948
5416
1771
225
9338
9080
9241
3826
1039
9899
13302
3598
5031
2998
424
7862
5761
7113
3238
5595
8259
13289
8237
5027
2207
11285
7658
5894
4908
2357
6080
7396
9095
6342
9917
6601
12764
6499
4379
6759
10599
12057
9067
2853
10519
2983
124
2188
9946
13435
513
1604
3807
5240
10274
671
8987
11503
528
5163
6673
10254
854
3995
4628
4782
6339
6267
3926
7470
7976
8410
9860
13494
2324
2803
3189
2733
6607
12636
11493
7587
147
10970
12697
3270
12681
876
3158
6265
2903
2830
11219
3685
13081
4827
1555
5056
4573
11292
5618
8009
12498
3543
8534
3191
5830
10752
3494
10744
9818
10865
13564
48
10397
13392
5687
9046
6108
2967
13104
3896
1549
995
9567
3743
5926
7885
9943
7001
4025
10544
543
12951
8553
10640
12342
560
12846
7552
10679
5033
10764
3362
5872
2093
8160
13571
1484
5802
1945
110
5362
8207
8466
2336
8171
11725
1141
4213
4871
5720
1499
2238
8031
6534
3272
689
8361
2728
3915
9459
8760
11785
12402
6781
3183
10597
9134
11456
12153
13469
2185
1768
2189
5532
13206
9003
1245
6113
8960
10635
11851
12771
12464
13377
9974
2410
2117
10753
4578
10306
749
8966
1082
667
11322
11749
9402
11839
11550
1580
7144
3410
11073
10812
11998
4589
12823
7462
2521
10263
2373
3302
7982
13483
9020
7221
4692
515
3293
8558
9192
9117
10849
3805
6792
10127
10930
12081
7785
6532
8990
11709
3907
5074
1406
11323
9701
2487
6933
742
6780
6370
12613
5500
12961
3283
3600
3331
1583
10684
3277
10359
2036
2077
13454
4530
11076
12306
2193
6216
9995
1566
6062
12797
590
1178
8236
2603
9667
11071
9121
13269
8847
12544
334
7688
8784
2921
3775
3621
10049
11359
4870
3586
12725
214
7886
1853
5823
3019
1700
6440
3560
4903
70
9343
6451
8165
6402
13319
166
12004
11338
702
270
11380
13607
2013
8924
1808
1840
168
13040
3497
3765
8290
9261
13332
11075
4810
6879
7625
13204
13064
577
8638
3584
5203
7116
1348
11090
881
3904
9699
9826
1848
10125
550
12610
4773
9068
140
2145
9348
10959
2330
11500
3687
1029
9417
4331
6947
1438
4461
4818
12880
9788
986
12740
8932
3034
2183
656
3171
4210
11167
10243
6654
11655
3176
1308
10402
12346
460
7408
5373
6371
10840
8008
12357
12089
4685
12509
9784
10387
1630
3990
2666
465
9272
7762
2003
8405
9456
7657
6112
13187
2655
1952
12261
11470
1096
12874
540
3301
6361
5140
9569
13189
11039
1762
6680
11412
11938
9574
5476
9587
5706
3201
5971
7916
8381
11701
12866
6344
12197
7584
2010
736
4342
3746
4118
8748
6296
1894
9434
12574
8723
11061
7789
3610
12095
12471
10056
9019
4499
628
5228
10715
1842
2839
9678
12323
1415
12673
9295
3764
6618
9464
5006
1041
2070
2919
6020
10130
1225
13027
12731
1753
12476
13431
12807
1416
1012
10212
9242
469
3545
9570
13113
1977
10299
999
1120
12407
153
363
4927
4493
3181
970
12774
2877
11052
2104
504
642
8219
10806
13180
9070
2815
2475
4715
7354
2537
9841
13022
8198
12662
3762
5457
9534
3429
739
1512
943
12762
12284
10940
4844
8398
3867
8190
5815
5459
7829
5522
4552
1639
6867
13412
4020
9482
12519
2545
5528
5319
9273
5257
5225
9198
2378
4184
13560
10652
11699
11244
13134
1678
9696
10677
10062
8522
5438
4363
8589
12943
11121
5812
4983
4260
9571
9511
10903
8118
9294
1133
13577
13393
11721
11575
1014
4902
4264
12228
13014
2023
9777
12668
808
2144
3942
6199
8102
9654
13177
13343
11918
4680
8326
9790
4177
4740
2504
12766
4453
7286
10345
2846
858
789
3175
9996
6701
6316
12050
8862
8601
5149
4819
12222
5906
9382
7716
3106
7161
8910
8254
13335
9157
13379
610
3165
9778
8563
9135
11346
1812
8703
7103
6071
2246
8067
12208
5787
8714
6362
3316
5186
6044
10188
9642
8493
12579
8139
6622
13032
11860
8189
5924
8826
5533
548
7963
11063
12097
8682
11804
11943
11194
10420
4592
3519
6009
11881
13446
2717
7336
7975
5619
8739
6293
12526
7930
5396
11119
8636
12665
2560
6614
9243
5293
3390
5443
9638
12630
11865
7563
9217
12423
4489
8517
11122
5243
13373
7518
9868
13103
13034
9388
7597
2862
8722
9144
12326
11350
993
5128
13388
1070
11464
9484
161
6988
7920
4705
341
4683
8851
519
13357
7295
8814
3959
3073
5053
7993
5589
328
3347
12120
7503
743
12998
2913
3953
32
12803
13491
11208
4081
427
7160
9031
9794
11311
2127
6921
12976
2716
12640
5691
1705
12953
5598
5935
11356
5666
10986
3412
1634
10011
12373
12079
484
11481
8501
9908
8293
9632
682
9665
7590
9304
5235
5184
3547
9041
10015
3125
1816
5141
4618
9075
169
3822
3214
8283
7933
8915
844
12875
1863
1032
13110
12434
5797
2996
10412
1591
8185
13602
9320
2060
12007
11596
2596
133
9137
10754
2682
1877
1293
3399
13346
10600
11689
432
13593
8247
13188
6716
11034
2199
8362
1534
10229
12543
11623
7585
13471
10353
9025
6127
2700
3735
7435
1047
9159
8179
11930
7398
1030
4274
2139
8507
1598
7753
8453
3790
5478
5700
1615
5292
6651
2826
7036
549
7601
13530
13504
6610
11685
6662
5385
9840
2383
2459
2176
3877
3973
11758
2197
8882
8749
11047
7667
4707
10187
1355
4931
13406
12839
13257
11977
10933
1373
1622
8741
3566
3282
2888
6326
9151
9849
12453
650
6809
10770
12798
5958
436
13303
6360
2051
184
9496
6672
12841
8281
13414
12529
9100
2431
5602
9800
208
2594
9048
9255
6070
6244
3681
4347
5818
12938
4004
7003
949
7415
13050
9890
8480
12360
6574
10794
10339
1668
13024
13510
4349
10503
6883
8370
433
7663
13232
2303
438
6926
4182
9060
4012
1324
10828
4501
5024
7347
12605
4828
5303
2480
6101
1893
6249
765
10461
13591
11467
7374
9720
10790
12266
10337
11972
4716
8548
1003
6409
2067
2413
8896
3784
10512
6320
674
6465
11598
9029
12568
5026
3893
11677
8343
5895
13172
11454
10917
1729
719
4537
11253
71
3405
457
3524
2321
10935
11556
2474
12061
11038
6111
8441
2177
7573
3452
9888
2932
6659
34
2319
4788
10244
8393
10613
7368
8997
6233
3202
9990
1921
5449
12381
4154
4422
1498
2808
3634
8404
11894
5553
136
3418
12311
6263
7890
12631
5281
1836
13424
5096
3090
392
12856
5102
3883
4452
5520
991
7805
9942
12244
1203
276
10497
2785
6454
3525
5294
3991
9723
8252
7553
4063
2735
12594
3138
10248
12054
4546
11206
10041
5525
3982
10225
3156
12207
12652
336
11583
826
7857
559
12110
5075
11430
11601
4194
13574
5861
846
812
11684
9823
9791
4852
8449
1442
4918
5408
10350
6751
3744
12192
10455
3373
1037
3371
7477
11818
7214
13409
8243
6328
718
1801
1830
2601
11410
12835
521
7384
6770
1340
5901
4798
7494
1973
11549
8823
10558
1586
12256
1356
10858
7566
4719
20
6817
11997
6642
11431
8112
2397
3916
5439
115
4237
12456
791
13352
4869
2043
3971
12619
12854
11161
7008
10816
1854
13404
11029
12391
12505
10817
7043
6616
2211
8978
4857
5330
8158
7248
2678
4520
7245
11271
4617
2108
12187
10920
12062
12851
408
675
2539
6188
12699
6894
2705
865
9985
9325
10645
6565
9664
5342
7812
2365
11405
6832
6337
5190
12939
11207
11495
7774
3827
11064
11272
5312
12816
2924
3848
8795
8169
3516
12131
10280
6262
1300
11469
4162
10067
1962
1412
10362
6331
4233
9867
7026
4171
2620
4243
3553
3999
8336
10096
9803
11377
3135
10732
9776
6906
5893
3060
1288
10196
8753
8180
7500
9065
177
11942
3965
6173
11571
3796
12238
4952
4522
1385
5212
3782
2355
9381
4760
1265
4470
3203
9895
6167
2849
8689
11400
13157
9209
5613
6116
8003
10666
7928
8034
4336
2692
1266
5543
394
6854
1925
6381
3663
10462
11518
3806
6841
5827
9083
10555
2724
11547
7048
10911
11873
7698
498
11497
3306
7105
3285
10884
13285
1867
5584
1898
4745
8893
4077
2099
12826
9184
12783
10017
3674
4355
1971
6306
6900
5494
81
9584
7512
2619
11622
3623
9398
6889
9179
11657
12986
976
2672
10021
8136
10220
7792
4825
2884
2121
8864
4122
5486
1494
608
3119
12739
11262
3348
7135
7811
12055
7571
8235
6884
12948
4463
10641
10862
7360
10516
518
7158
13587
12587
11875
13487
10869
5842
13467
6582
11995
8533
3402
3241
16
8604
3526
13321
593
2269
9058
805
12250
8199
3229
5909
13008
10319
9259
11925
5417
2778
4979
13576
5729
11191
10162
759
6825
3575
9078
3583
12231
79
12849
6856
12307
4425
4743
3276
6446
5233
5649
9224
1260
13192
7831
10266
9403
2263
5993
652
9928
182
8523
3828
5393
338
5206
7825
9207
10932
229
2659
7921
444
7372
137
11821
9471
11330
3269
2394
6604
9702
11127
403
4282
11763
3871
13481
13006
7721
5115
11413
2739
4407
5625
6682
12152
11810
9034
7140
7710
3944
10341
11690
3014
4942
13513
1211
213
2059
4634
7429
312
6788
6089
5829
11922
11362
4969
6229
10145
3196
12078
11740
7816
3072
1641
7631
10058
10371
3590
4099
2086
8509
410
11782
11955
13169
10002
11315
5624
8053
1408
217
775
5888
10101
940
6796
11124
13010
13372
4536
8068
9361
603
4328
6471
9755
4333
11572
664
4953
12792
9557
4911
2583
10949
8241
12843
4961
760
6632
308
6219
6323
12410
8519
10148
2393
10977
2463
4758
2338
9081
4865
440
6928
1831
2979
6247
11542
2244
7441
1930
7682
5838
35
1960
8407
13430
10784
9912
7772
329
7219
7531
11142
6364
2837
1571
12321
3801
1151
13320
10380
10037
11381
1477
6
587
10703
11250
2171
10918
7020
11131
8599
1879
7903
6496
11515
725
6246
12985
8995
6359
3669
6085
3130
5865
8845
2569
8570
12148
3704
5966
772
7961
6524
9541
8856
12285
7872
11465
13060
12000
8771
15
3366
10628
12213
11733
8347
9725
4687
5081
12523
4785
13108
9573
3779
10680
12570
6125
5155
8819
6345
2606
3117
11182
6886
11283
9374
11778
12065
5069
372
4008
4888
4834
6966
5593
11295
5510
2151
5179
3910
9645
12318
11320
11010
3110
1195
13254
9465
9245
10239
104
8040
4973
1131
7983
7375
6480
6819
2259
12486
4301
12179
7943
6771
11906
12686
9566
11304
2320
2562
3731
12421
3228
6211
9023
250
6589
13519
4858
3093
9202
11134
13306
9188
9819
1524
12395
6556
6084
65
11093
2363
11840
1699
1023
1192
7159
6773
12563
2377
3275
6744
425
1564
11546
11855
5799
6252
8899
8791
13176
3139
2904
13209
5638
8667
9751
1035
9204
9016
2527
4528
4759
13141
8543
11123
8907
981
13198
11610
12627
12320
8265
627
1923
4636
1480
10073
525
13559
2605
6368
6010
3097
2312
7154
11471
2162
2116
10841
1098
4915
6793
6017
6404
1236
4568
1968
7365
11619
5571
10868
3814
9837
13506
7091
10023
2807
12245
1616
2781
13282
2794
12536
8301
10965
6676
12620
4631
9827
717
6935
337
10091
4853
2743
3472
6987
13268
12743
3751
7421
12343
13195
5948
2531
7382
7370
6931
9358
11280
3005
5263
3209
12313
5325
9519
8121
8356
9329
12133
4509
3059
6684
6336
9493
366
129
12753
2723
1987
7743
1333
12295
10051
12281
6522
1278
6398
8212
13148
11560
13461
13173
7822
4254
5932
9901
10966
3620
5279
6269
12429
556
2775
7999
3157
4645
1124
13213
7889
4456
4674
2047
3255
5180
357
2719
4221
3578
3458
1452
4002
11653
4088
13057
12924
9446
6915
5810
3761
10570
12349
8280
2744
11389
6185
12748
10537
2061
8485
13386
6298
4085
5998
4652
2182
8322
5198
615
9335
7881
1542
2708
10492
13292
9476
9351
7880
6490
9793
10485
9859
12272
11628
6806
9944
5170
1043
8242
12414
1740
908
11298
10856
4203
5282
6268
12639
11141
11000
2964
41
13011
13217
8945
3740
575
10673
9008
12825
10506
1661
9920
13083
3220
9442
3479
12005
248
5670
13499
2149
4802
6936
3432
5078
12512
2392
8860
12837
1381
69
11256
12556
3652
5900
9807
9308
557
13358
2506
6715
7010
6349
13544
3356
1305
332
1864
8609
3482
7818
13097
2348
6990
780
12504
9323
12470
9280
10149
12775
8552
1200
9490
8145
1451
7125
3063
2103
10186
8205
11370
8011
12548
4587
1394
12495
7040
11363
3069
7598
2570
4921
12301
1501
11270
11337
7476
4889
10429
9997
4610
3286
6896
12422
3514
10064
3463
3487
5583
950
3233
1251
2062
4481
12491
6130
8529
1221
2575
1295
4181
3451
6330
4756
3445
7177
1350
8643
7318
3224
3109
7761
13588
151
1446
2280
11750
1929
12611
2098
5150
9926
6376
1568
8724
6395
1045
6546
8300
4581
8615
3902
6166
9971
11531
8949
6993
10584
1739
10305
10832
11136
5188
12734
1034
9936
3649
7722
11882
4864
4109
9806
2169
3903
9904
5324
11249
7337
6868
8551
661
8104
3459
6613
4433
2445
6845
7592
2401
6678
4574
7940
7145
5547
12046
12449
537
12678
10952
10208
10048
3204
6346
1218
11429
8732
10839
7948
5479
9228
3321
11741
8595
3352
3715
8282
8618
12390
3579
824
8594
796
7803
3758
2353
7151
13366
1818
8637
11198
11393
2254
13227
1637
9736
344
5942
2519
6159
10878
6813
307
10441
7819
9022
445
4641
7319
5923
7060
3227
3712
12006
6898
1208
923
5777
12515
13425
7170
12276
5121
3791
12709
9500
6764
5986
12135
3237
11886
2611
1352
5013
12090
8157
7595
10778
1667
9939
11149
541
7004
10941
7059
1150
7450
5599
4806
8390
1140
300
13155
11722
2945
8830
4332
815
10336
3645
3927
4781
10671
2444
8624
8033
12088
3954
563
4139
2568
12416
9423
2730
2610
4928
9263
12159
406
11245
12542
10620
446
971
11366
12267
12368
10483
1232
4206
11952
7783
13178
2598
6627
4790
8150
9547
4622
12755
2384
6952
2940
11199
9856
12820
12492
6275
7695
215
13376
11028
7305
3576
4584
3234
13028
1949
10963
5892
13375
12695
13236
7133
723
13600
356
1364
7104
5972
1243
6683
8920
1270
8329
1011
8474
5967
13038
12966
6003
5800
7629
11086
12675
9106
11035
3936
489
2358
8349
2617
5394
8928
10550
9226
1710
9754
884
6131
4367
2331
4164
10100
10324
12701
3053
11482
1826
9313
3268
5380
4466
9877
3369
407
4378
12425
4511
8828
12181
13451
8867
3061
11573
11661
8681
3738
934
7692
9707
10580
6487
8512
10655
4052
5030
13418
677
3172
12374
11824
5657
3420
9397
9314
4993
4034
12452
1102
7699
10370
2502
10043
12952
8456
1518
1956
9460
790
1068
745
2726
4939
9439
7115
10951
4263
2565
8996
9334
2657
12372
6458
10647
3513
6407
12853
13271
3979
5058
7596
8916
2938
5568
5383
1327
5135
11963
7364
2200
8330
402
5623
11897
4389
12975
3875
2482
12561
8131
4438
1435
13592
6209
5648
4630
8384
9324
5343
1128
6088
3297
8583
566
4970
1628
8026
5989
12881
6283
4160
821
11632
3140
2462
6036
716
11375
2607
2304
5644
6093
2040
8898
303
4886
6443
10206
818
7514
12716
12956
5208
9169
5405
5106
6137
11862
4712
2253
8455
9076
8884
2366
9853
696
11088
811
13149
4862
5679
10423
10944
7446
405
1654
8253
10314
12205
1772
3091
11148
8292
8750
8970
263
12351
3931
5271
6944
900
12885
4809
12140
2950
13056
1978
1360
9668
5541
1694
13423
1220
11927
6132
6335
7637
13342
11426
10578
12234
3180
13036
8878
3003
5713
9619
7492
12889
10939
11884
8869
12558
7638
9401
4484
4469
5555
9436
7915
8816
5951
6029
358
5055
13345
2488
11072
7191
8442
13029
6641
7184
2126
6908
11424
4340
6745
13311
3101
4987
2283
6156
9805
1307
10728
927
2333
5701
9299
13078
1608
4172
9747
5910
2935
10694
4242
10334
8178
4082
13258
2821
10720
5388
8641
9863
4388
2628
8234
3298
4512
12203
2915
9649
362
10463
10931
2111
4812
8422
586
12577
9359
186
3011
13472
9536
13360
6948
8941
9672
5251
12335
3856
12784
11676
3244
4095
2637
1277
4270
10366
4766
7674
11479
11754
13255
10587
3355
13489
12629
7732
2470
4006
3565
6369
1679
6983
7787
8679
9572
10113
1161
13193
11488
8629
7633
10144
9581
1491
2408
1516
7485
11347
1789
5628
6559
6232
12196
8855
483
8579
10946
11983
3153
6553
5366
11268
13336
1631
2910
10177
3795
2534
2432
4275
12086
2020
12927
12904
3679
10227
10660
3057
1301
1345
1900
476
5630
315
100
7767
11509
6835
11512
1563
8221
10131
6340
11102
7188
13250
6198
8640
7985
6436
3055
9193
7034
11854
11630
5856
7733
3872
3266
7200
3416
13515
6399
12647
10491
8639
5217
9634
8655
197
5103
13175
12773
10818
12648
11605
10980
10473
7253
5195
7525
290
2627
7086
2178
7443
1733
10063
11224
1617
5425
510
6838
11716
10552
10119
1285
4880
7275
7966
7954
501
4092
12869
11095
744
12935
4130
6914
10678
546
11091
631
8848
524
10293
6877
9630
12202
7049
11236
12361
2217
11407
3912
9199
12663
8957
8881
4447
4224
5274
3401
3798
13413
2881
379
3690
7179
4738
6885
583
120
9287
4353
3433
1644
10456
8429
11171
9787
2460
4093
7155
5877
9405
1117
5220
11325
9676
4684
6092
12936
3127
279
10074
5113
3385
8763
6034
4448
6223
9115
11808
12535
700
4972
12378
1758
4583
12379
8074
5091
6797
7031
8317
7229
1369
10357
12186
13015
10928
9399
5705
5538
4051
4967
2347
9969
7092
13245
3411
4488
9749
6065
1179
8210
10413
8124
5835
12584
6969
12583
12103
8806
8569
4357
11460
11384
4748
13168
5990
6260
8895
12048
13277
2890
5839
5270
3333
90
9175
9266
12855
9368
4736
7868
18
9457
3035
8452
11924
1315
3421
753
7097
10585
754
171
12785
11378
12860
3809
8674
8092
12329
7172
1398
5318
2407
13231
5107
2661
8518
12480
13356
5216
6427
2546
841
11264
1862
4699
4849
7098
7224
3111
10151
13062
562
7473
5183
2069
7267
9789
6743
92
4534
3572
10209
8090
9759
810
1730
3505
9260
9319
7127
8042
13159
2941
5402
8571
10950
11175
6857
12312
1056
794
2782
7549
10460
12117
4975
2571
4226
12645
3159
1856
10367
779
12331
5124
10415
516
2670
3280
2553
5265
6626
8273
4720
1745
4815
1953
1645
1851
7033
13456
5300
10275
9993
3303
423
787
9651
3439
6238
9549
3492
11953
12020
5173
12817
5548
8202
8176
6357
1240
12269
10714
6435
12462
4283
7129
11932
12838
3361
730
2262
1683
924
10321
10468
11459
230
267
434
12105
1609
3733
6529
3909
1680
4639
13182
5732
3493
7545
7561
4191
1578
12144
12016
3707
13497
5097
11651
6924
9578
7610
12154
7298
7547
3757
6910
8632
3370
2604
2654
12230
9428
1177
4067
3993
5635
5269
11065
7147
2275
2754
9844
13322
12143
3104
10234
2014
3760
8305
3044
5426
10733
7720
6802
3901
11752
4814
5650
3653
8549
12101
27
9383
6114
11174
5759
11864
11615
2928
2180
2766
1344
400
12596
2538
7513
9746
7635
11502
9586
4161
13385
12781
11980
6257
5086
1392
5080
5581
6203
7618
1085
9614
11627
11867
2150
9173
11201
7250
850
10696
2984
5527
3741
3642
1493
5152
1981
10785
57
3339
6028
3888
1959
13538
10272
4608
2714
12447
13263
11447
3317
6478
7213
9975
11418
4998
7085
9757
4027
5492
12959
12071
6518
7969
11183
2966
9197
5368
5847
7322
10161
2291
10576
13119
12233
6749
1983
4792
5668
4267
11574
10893
7683
4198
12224
9650
6008
5766
9825
11215
7035
3048
8525
7402
1253
2270
5902
1554
1887
3353
3847
6347
4241
1186
6874
8815
9659
12660
12833
8603
1541
8683
636
6117
4098
4083
4550
10834
3376
12828
9722
8446
10138
3511
6024
5857
3568
10972
11696
2930
10814
11712
6940
13156
8576
5432
6242
2725
7938
1377
8037
1876
2556
10389
1463
9616
3857
1380
2279
10719
2417
2339
9040
5982
6077
1042
12156
4885
3107
722
11866
9858
7734
5413
4150
687
11372
9469
9923
9093
5418
8191
7681
2166
6081
5837
12043
2756
12345
7856
8564
1005
5001
10730
78
4078
45
8387
393
12606
13498
7727
1663
1281
2914
8499
3131
13185
8596
11401
9550
7965
10573
4268
7950
3664
7869
10871
8413
11949
4104
1160
12735
8503
5288
5019
6576
10191
12237
12027
6669
7051
4
5137
5346
12211
7620
1954
7280
7204
12708
11442
497
9466
4053
6417
703
8538
11165
1672
10262
13459
8063
9799
4169
3737
7406
3571
914
9011
7139
12189
5095
7942
343
10592
9454
7977
648
6696
9463
1759
10393
1985
8659
9916
7564
3199
3624
4763
1575
1273
1229
12352
6317
9172
4467
3049
6042
4614
13440
9406
2855
7141
8505
5164
11133
7755
12472
10574
12455
9108
2653
12249
190
11158
11545
13225
11196
12484
12847
1556
7859
10488
8296
10521
845
2461
11974
12293
11331
4693
13090
5816
7156
8144
11933
2660
5886
6685
5467
7628
12706
6624
9001
3709
5709
5131
1756
6700
10378
10650
12892
207
13583
283
8793
3612
2379
880
7
11916
1182
6831
4065
6204
2517
10525
10853
3881
2447
452
11446
4539
6729
4377
7056
8695
9655
584
5612
4725
9590
11618
8159
10769
3185
1698
7459
6237
7236
13476
8865
10772
3161
7005
7838
2292
10
8094
2369
2458
10111
2022
5870
12921
11427
13426
5596
626
1715
1362
4230
10290
11101
6439
12598
5249
6515
7505
1509
7379
10789
5079
12263
8838
389
11859
9131
9410
4135
5147
7002
6508
906
8648
10549
4156
8530
11533
12729
4940
5308
323
10160
12467
13098
8184
6512
3661
12933
224
3012
3589
3403
8550
13354
3797
13422
4197
1320
6154
11230
727
5620
3865
8837
6528
8341
1594
12500
7941
5364
8315
2026
1602
5531
9703
422
11691
11793
1144
9617
11020
13191
7261
9170
4262
7707
3884
8459
4021
2001
11744
4668
5199
2456
11316
9495
5904
10066
12365
2170
4752
7751
11153
3997
9235
9321
1685
4276
8998
10909
11087
7745
10363
10332
11706
1599
10674
5296
746
7329
2567
2255
13137
7690
1545
2683
8197
693
6547
7475
2412
10094
4959
7958
1946
1540
9728
9174
9309
10038
2494
7759
6755
3985
10956
10590
5949
5039
595
7726
7800
4042
6664
9126
11019
1134
10128
9283
5659
1443
12657
7410
4833
6674
11077
269
12385
8339
12024
6121
12165
12383
13067
12864
7138
7467
7448
9357
1676
6869
12703
3095
8229
4726
522
1482
2266
7925
3359
6431
11334
10351
3312
7418
6851
9119
6962
12582
8379
5953
6045
8421
3198
7893
10783
13333
5007
10108
1734
8650
1790
9275
8504
1943
3530
609
4010
1219
9109
5175
9483
3659
10129
10298
4887
8686
12317
707
12058
8258
2952
3703
4429
10724
2091
10087
4654
1861
13327
82
11742
6913
3808
10142
2623
12327
4292
7234
11589
1560
12760
12765
12296
12552
11391
935
6250
4559
1461
3335
11189
10044
10566
1950
11246
13437
10411
4642
4356
12671
9886
11130
6254
3437
3080
7778
12014
7742
5000
11435
10515
8284
12199
9071
5988
6563
686
10562
10541
10448
7426
11895
8445
3626
10297
13502
7776
9909
1224
5852
7228
10440
10228
7754
2351
11225
5626
1646
7077
2495
2477
1517
11668
4458
4141
3960
11631
11089
9035
9842
12969
10333
3922
3319
13153
12503
4459
12242
5851
5398
3313
3639
9962
12664
7593
13070
11599
8765
5320
10879
7070
13534
4176
4821
390
5042
8836
5112
5491
6606
747
418
1576
6605
12170
9392
1890
741
7884
4158
7389
12451
8251
706
12418
6843
6150
10810
7164
9808
5871
6774
2174
1479
12177
8399
3248
7380
11477
1897
7558
1421
3351
13256
12336
6035
6733
11700
12289
1303
6590
1471
10385
11606
8905
12438
9692
1130
3235
3988
4784
2641
6319
5607
1600
5663
11541
1553
12687
8883
11286
13561
6863
7195
7166
3976
383
12330
11648
6555
12303
3956
1497
2314
7671
6695
2986
6545
2770
8335
6426
13181
651
761
7544
4416
3018
11558
5073
6013
2411
12286
12905
1809
2422
4731
11012
1088
10238
1457
6445
5934
2982
13468
13407
604
6732
8706
12059
7453
4441
9362
6531
2944
9239
10819
8056
146
9903
9054
10356
6946
11771
10996
2202
2435
459
13309
9499
4878
4269
6895
3478
10007
6523
11581
11766
10761
8109
7650
12982
5406
3304
9870
11299
8619
11707
3644
897
5090
5667
4209
10335
606
1189
5272
509
3640
4750
293
8597
6789
4514
278
4394
1815
4344
10542
7990
12473
12116
9352
10522
646
10006
9408
7468
13364
353
9211
495
8852
13019
3551
13402
10709
309
4751
7946
10683
11140
2240
10311
13351
447
9215
5672
10663
10159
3932
7037
10804
12216
7939
6717
9290
4787
355
11735
4417
1358
7758
10069
10717
6438
5716
11508
9913
7781
1689
11513
7445
8007
12239
5791
11647
8153
13012
11885
12988
8192
6271
437
13378
11579
11473
9621
11971
2243
12573
12942
6142
3501
6619
10029
963
12151
5629
2457
585
3007
10348
9332
3287
4186
8787
7896
7486
8720
10446
2308
9595
12134
10242
4710
1215
9958
695
11074
11252
11388
12876
8774
12102
12146
1075
4929
12214
2016
6537
5572
4310
10611
1204
1067
11526
10924
13304
6433
7032
9291
3023
4383
1926
1216
4157
11403
11774
4119
466
8582
2711
7231
5919
9450
9317
5262
5676
13130
10403
10281
9828
13511
3027
10813
6984
12337
9780
3701
3994
611
1399
2313
3381
13608
3705
668
8411
7205
5880
8792
7815
10504
7424
10014
5189
3774
3594
2167
2822
6055
5567
11659
947
10046
8602
9521
13532
6289
247
4695
7348
49
9527
145
1092
10712
6791
5836
9153
2577
1708
7522
4644
9786
11695
4066
4564
2329
8822
3938
3815
10050
5582
5733
5846
5941
12918
12064
639
8465
7766
13122
3512
1206
3467
6462
10158
6397
5025
7176
12026
12400
3503
1469
6354
5977
3071
2972
11770
2409
3218
9597
11483
8605
10258
411
6286
13537
39
5472
5009
1709
7944
5143
5952
8270
5345
1181
2576
3447
7417
4478
11878
10320
9906
889
680
2481
8075
1439
8397
9105
2396
11263
10368
3749
5891
10697
8476
5995
2791
7013
11301
5740
11008
2783
8226
1757
12896
12393
5843
12399
4423
40
5227
4473
5470
8186
3162
7705
806
11440
802
5755
9136
7995
4502
4087
13603
7063
10383
10820
1187
7934
7288
5060
6187
12925
11463
2017
5353
103
899
10018
8904
728
4127
9646
4214
4061
8801
12091
2048
220
5853
5539
4271
637
4667
11120
4735
8337
1903
10627
2851
4807
5084
6107
9386
2341
699
5261
784
12304
9945
9047
1207
10982
12384
11847
1217
5256
11178
6833
8994
12906
1860
13363
4897
1020
8835
1618
7646
3307
1527
4753
12254
5747
3132
8396
13419
957
11188
8325
7887
4134
9843
10895
5511
2350
11679
9981
4334
7914
13520
9353
399
2827
6273
12
5035
1891
9660
8857
1276
9350
6343
12183
1176
2587
7210
318
6422
6865
5855
200
2289
5874
11397
11994
7979
13462
10328
8976
4113
11958
10253
8111
5824
4872
6463
2380
3671
5931
4733
9710
8409
11251
2454
1693
11909
12241
4487
10629
6527
6208
11278
3328
6706
2616
11988
6954
9407
1931
6968
1979
1338
9057
517
13202
6279
6828
7093
10596
7662
4988
4831
9354
479
6932
1565
4143
3022
954
89
4446
13151
5397
12481
4689
666
8151
3986
11227
7912
7841
12638
6493
5739
4239
8062
9514
2969
12155
4281
12910
8312
2525
11985
7182
8352
7866
8491
4443
8058
5034
3358
4462
8064
4895
3462
4694
2080
6636
12830
7317
1375
2346
9717
242
8359
2267
350
8424
4112
5817
11831
11042
7385
8481
1222
461
1828
5841
5862
9613
10343
9921
6059
11475
9977
5110
8303
415
3711
2326
10079
3635
7775
12852
9145
12309
12166
6786
12344
7556
10481
1055
2473
9149
2025
3419
6153
1109
1214
13053
9497
10741
3289
4114
5340
4658
6352
1881
11523
4523
5399
10265
7700
2847
11928
3962
3086
2337
6763
11083
8414
9492
7082
5529
1684
1561
5267
3263
2212
2124
10644
2079
11826
9269
13293
12502
241
2035
12441
1587
2943
12656
13092
11710
9580
10556
7902
4094
1581
10322
9233
10165
3777
12507
6294
4338
3978
3066
12893
7171
653
1834
4974
1779
5142
5807
11111
8302
10434
7972
7346
7215
11842
7634
10593
9731
861
8690
12581
1257
386
11349
5712
9663
6021
1914
3548
3324
5822
7259
13361
8375
2250
6517
4951
10788
8333
7310
8134
311
1021
4624
8152
1592
5291
449
3177
9770
10676
1614
10957
3518
8059
5052
8580
4678
7122
8506
10998
7208
7714
9994
3892
1106
1294
11211
13284
5614
5664
9267
8249
4217
5125
11399
143
5205
7959
12125
12778
6752
6736
7498
1086
13572
11501
12945
10945
4289
10470
3322
673
5130
10589
2721
26
4215
2038
412
8298
13107
8668
7078
9285
46
592
9579
10955
7401
5681
9220
7312
2294
7909
10766
122
9238
272
8228
12870
8986
2247
2194
9306
4937
6147
4044
12822
7096
9271
4028
8813
6599
12274
5054
5980
11434
12767
5447
11984
6455
9785
9892
3597
2686
5323
3008
1626
8849
8096
6997
1104
4225
7964
4742
13218
11803
8472
2579
1755
8225
11135
5521
1127
10133
2631
10399
7242
9771
131
2372
5763
1656
3440
9297
985
2902
12468
5959
9000
4056
43
11297
9513
5241
12077
3817
5424
13403
3299
3208
11626
12777
7335
12210
10896
2426
3788
6380
7604
9839
12398
8
275
12811
8759
13286
11982
8076
4713
2395
883
13573
10698
9671
8675
1885
7735
3354
7588
9253
221
10285
6358
10906
10502
10267
10093
1521
7572
4570
11856
12932
7216
6949
8833
9322
9424
7617
5455
3342
3874
7994
13186
13020
6573
8647
10759
11989
4492
8751
2490
3767
10988
7342
397
93
13447
1343
955
9713
6307
2172
4070
10688
11373
7520
7198
11633
1080
9489
1175
10773
11327
6860
4575
3456
5673
5093
4005
3500
1624
5431
413
7495
2295
6126
9086
12315
8095
9296
13355
2436
7006
2829
4323
12100
11228
1430
1688
3527
7206
4107
10656
11887
2428
10854
1761
8737
11420
7532
12092
1038
10999
1242
10564
6144
5750
7211
3786
3077
6644
9795
3641
3515
7652
9281
13230
872
1917
11043
6491
10053
375
13554
9372
5139
5738
13460
8105
12872
2402
13368
1764
1928
5192
1691
6961
180
6291
5557
6775
8542
6241
7464
4867
4661
482
8162
6410
11687
6982
4223
7796
10798
295
13365
6507
3804
2844
1444
13132
3413
7824
53
4841
1744
5336
2110
5285
456
683
7892
13453
2054
2736
5377
3197
3736
974
9430
1775
694
612
6655
4688
4560
5357
2152
11417
5561
1476
3483
9695
2820
12571
9991
2090
404
8725
2674
5219
11966
10560
8388
10457
8936
6663
6956
5979
5448
8217
11713
8016
3895
10857
11795
11066
12845
11642
9607
2301
3392
13273
10493
5590
12387
9015
12821
13203
8039
3082
3128
11833
2897
8983
712
2593
10040
8927
7254
6688
7111
10112
4477
11729
10150
2954
9413
96
3489
5276
28
8502
11096
13604
9438
8174
8790
5714
2471
2912
607
1284
2134
7041
708
6660
5864
3930
919
1170
134
11814
1101
2813
5936
8734
10937
996
8069
335
3164
5218
1272
13540
9152
892
1342
1049
10844
9310
7922
7469
9562
5793
7366
2248
9098
5395
11835
2466
1532
1314
1869
9602
12831
10347
10417
8536
9268
12941
2561
5172
1024
4728
7913
12901
11032
5306
7820
1256
3115
13248
7117
1787
12198
8386
12788
10529
12038
9530
12308
10848
8077
6429
2586
310
1505
6772
6468
8101
11428
9349
6394
10373
286
4192
2419
2056
6600
4482
6235
10279
11792
7615
6566
9838
10582
7120
6991
1751
9305
12138
1081
12001
1770
11099
6322
9176
11992
1866
4175
3532
1071
6363
5927
6569
7777
1065
6822
2797
3367
6282
4985
9043
10877
2710
4625
1448
7038
3148
828
12898
2540
2786
11848
1601
9689
8372
9289
13125
2221
1407
4228
9027
7296
11853
8786
936
7143
2464
8697
3428
6449
13384
3054
280
12981
9715
5554
1839
13579
4232
364
8167
1228
6975
112
4250
12877
330
13584
5840
5138
12260
7268
2926
4769
11516
11314
6753
13452
8261
12684
8110
12401
10494
994
11718
6470
3655
7730
647
9531
12947
10707
9414
12690
10755
8938
1535
3178
1722
2524
1924
2049
10900
8622
3939
1791
1577
5540
9543
7622
4934
3256
3154
11726
5023
685
10427
11973
10969
10273
11291
12262
2386
11485
1467
4673
9230
9931
183
4820
8203
12388
4252
2382
7613
13275
3520
3794
3569
317
5268
12567
11319
8392
8268
2572
2505
9437
4080
558
594
12340
6058
6189
1920
6812
3662
5250
10352
10606
5015
11114
1871
11900
8687
10725
11104
9006
1044
8448
8468
5999
1167
4563
7578
11819
11890
7799
5259
5796
4033
7711
4100
10453
13179
5594
866
1741
11242
1998
7715
12560
11132
2578
9864
3866
10034
8768
6308
1508
3377
9608
8803
2558
10968
4305
9443
11036
3608
9802
915
8395
3725
11289
11535
8061
948
12209
7352
291
8699
1422
8227
3122
12628
2917
11849
10365
2204
1620
6031
13106
8539
4314
714
8156
13339
7169
9680
4696
13524
7729
13609
1263
11414
6038
12022
1488
13473
1874
12109
6026
6562
13529
2732
681
13570
11106
13003
7263
2626
7926
3603
1562
4372
1606
7703
6123
1855
4588
6379
10607
5088
1008
3643
6128
11956
913
8515
3414
6782
3630
11045
3614
12029
367
5578
13069
1239
4406
2136
5247
4261
12525
13329
8702
5307
13448
1821
6082
9395
12264
3102
11287
3729
3770
12609
3853
7320
951
1657
6390
8859
13190
7136
4877
8811
7669
2281
10913
2646
4765
2429
2468
8666
4730
6986
12275
8454
12354
7463
7917
9980
3262
1984
3981
12756
2030
13272
10967
13546
3714
863
8520
13410
10623
11739
1611
5204
10546
6030
2985
8029
6312
9412
4047
5785
260
7666
13146
11593
10000
3554
5458
2759
12757
1625
5801
2233
1387
4850
6206
12902
6425
1605
11683
1066
13610
10991
6201
11333
7517
4384
8418
6091
3587
9146
9959
11891
7304
13042
8880
5314
9704
12990
1198
1107
12018
688
11353
10269
6048
6631
13073
2084
1162
10259
6834
5751
2391
13086
10742
2784
4444
1766
331
8348
5433
2647
13465
9705
6742
9846
5606
7756
12375
4138
8355
7568
10180
7197
10557
5
1817
1280
10078
8213
7178
8967
11021
8799
7362
4307
1022
9774
2698
1372
2465
5017
2918
4431
4309
7107
11968
8853
964
2765
4374
7330
10200
5414
2871
6068
178
11383
11451
7672
266
13031
5302
12983
2656
10838
6109
12919
7478
922
11484
59
7538
2609
10975
4343
10183
4399
12575
11586
3341
4022
11352
5768
8712
9836
4038
6625
5616
1837
10981
1573
5765
7157
10246
6143
6551
7124
2053
12691
25
3013
11584
1993
6519
6110
4518
2055
219
13208
1292
12164
4803
12530
6709
5496
3734
5280
7765
2518
8508
13411
10103
1425
6593
4097
12746
5067
1184
6916
9279
4721
11369
12724
2081
1906
9404
13599
6805
13120
4297
3732
5875
4545
3539
4794
1652
8223
768
12683
4246
6215
4410
1669
1610
5907
6018
4026
10705
500
12554
11625
731
2878
13242
13088
4123
4368
228
9750
11825
10508
771
5071
3020
1255
6248
13121
6051
12157
209
1934
13563
10992
8900
1935
8827
240
3422
6442
7243
5845
944
13142
5493
11602
1440
8013
9835
7011
8764
12499
4595
10807
2544
11013
1004
7266
6378
4629
9737
8850
13214
2715
7611
8460
5621
2701
8419
13229
5896
9122
10278
4984
11993
13030
10398
11577
4840
5119
150
10610
8177
4704
9088
6459
5474
9089
5718
10292
5814
7770
6595
2450
9832
2399
3471
1366
11386
3070
12479
6617
9964
417
4772
3430
5389
4037
1875
8027
7749
825
5985
5788
7281
164
5105
1459
3756
13535
13408
9666
1230
13480
11879
864
8870
9517
7541
10171
7718
7428
7807
10443
9237
11332
13295
11962
871
2755
3713
9986
1655
13158
10019
2130
2186
13025
7962
7150
8382
9709
12720
3484
5526
13
5703
6505
6365
6738
10776
5642
203
11172
649
891
6305
9537
1845
11543
3521
10699
12291
13484
9190
371
10886
4623
11259
68
4681
4140
5921
4193
12897
2555
2988
10295
12431
3654
8575
5047
10811
1907
9422
189
2790
2720
5252
12914
6756
7907
8264
3722
3793
6699
5489
7809
8592
10394
2497
9180
4884
7852
3205
5653
3466
12539
4846
13249
9982
13417
9163
1194
7998
3338
7879
10704
10109
4706
8470
1880
8805
4761
6155
843
8244
8125
12578
5286
13220
8556
12796
13441
4391
7255
12190
10801
9394
8616
1941
10561
8216
4142
10082
8718
1249
6037
12705
2580
7693
4351
6448
11747
511
709
2515
9539
3989
6989
17
2900
3292
5509
6567
2758
11917
7411
11170
9094
7905
6178
2094
4839
5513
9431
5156
3031
8783
11800
5697
1138
8135
13131
6139
13450
5854
5146
4866
2225
12733
11048
8115
1371
12489
8662
1238
5497
9447
6710
10890
6469
6758
8546
12072
12403
12392
8467
11443
5165
1727
2695
7900
2893
6300
7153
11197
11521
3591
9166
767
5604
5961
4648
11702
7621
1961
10395
10837
9021
1538
11603
873
7968
3843
10408
1783
9485
13429
10197
8953
12644
6726
11858
11200
1420
1361
2364
13514
7270
2977
1660
12890
12802
12971
6794
3846
11621
7737
1112
10377
13370
9123
7524
187
1588
13421
7256
4768
12989
4580
7202
11836
11565
10531
7901
10953
11650
3771
1053
13215
11155
11869
4912
2738
2015
1948
1137
10482
2887
5094
8433
3787
13018
6412
11669
5162
11753
7189
9453
11326
3098
11220
9604
1163
9445
1409
3789
11730
3964
3702
5574
2796
13105
8840
12459
1286
3184
7511
8148
11600
6186
10452
1911
9779
1147
11563
4238
7955
9615
9254
339
6226
3745
5748
13585
721
5889
9133
9876
11761
8070
10326
6801
12232
11940
4373
5536
216
12857
10984
321
4513
6741
9804
7719
11746
6579
11948
6138
11125
9425
7616
8984
9954
2528
2268
13555
11539
5577
13438
977
4891
6102
10636
2226
13212
3065
10700
7174
4057
8366
11107
8138
1309
4474
9829
6506
13123
12642
6704
12460
123
5237
1145
10692
6591
2856
4854
9540
8444
2451
2867
3398
3921
8116
3343
4899
10876
5744
2058
11069
10294
9415
9223
6087
12290
13278
11805
8834
13194
8149
12493
11561
3535
4896
7009
1304
3495
10182
11964
10432
797
5789
10659
561
7509
10716
2764
3222
1965
2857
10658
11016
4947
9735
6846
12742
11202
11757
1185
13307
5264
11433
13216
7779
8220
3627
11639
381
6714
1171
911
4775
12174
7641
12215
7624
7388
10414
5387
13387
10899
4930
9861
1436
13055
5784
1250
7383
12386
3320
788
9911
13044
9143
13049
118
206
6256
10121
4400
4923
6570
4838
2018
1417
10247
13129
3232
10591
3718
5166
12711
12246
5430
1574
12738
5483
11557
13252
7771
9433
1400
11387
12487
12710
13314
11181
8000
1418
10799
735
2076
2581
10925
11284
7199
598
8767
491
12635
1500
3855
3947
7249
10734
3453
9957
11273
10086
6466
4506
6314
2875
12085
5045
4659
8969
6584
12637
8462
11794
7483
3426
5469
6287
9277
6025
4365
8812
12955
458
4211
13116
13397
2096
11967
5480
6995
10376
13274
2181
10601
2033
9556
4547
