2517
1567
7520
7306
2791
13521
12629
167
8655
8834
6798
5814
274
11355
8909
8465
125
8687
9634
13426
10228
8228
12876
3291
4578
12575
6455
13186
12449
4890
11380
8123
11727
4610
2930
4874
624
2860
10835
11627
12386
11884
8610
3025
13041
11427
2162
13286
641
1346
6541
6998
9506
12079
13181
13576
1669
1586
8606
3197
5607
11486
1357
5320
9058
4726
9306
3294
9290
4813
6850
3535
4433
11557
3481
7265
12592
3420
275
5068
865
10679
8027
6145
12523
9605
10352
10452
7403
13397
8551
4497
565
4431
16
578
5460
1581
1992
13003
4339
9612
1001
11240
1861
13208
4424
9065
7688
10551
10047
6759
2247
7345
10307
1043
5847
3840
13119
4694
8570
13601
9046
5341
10617
12690
10758
12604
9969
605
8317
2141
272
9494
11829
9214
8757
10566
955
9106
10073
11740
2113
12711
2676
3480
1358
10474
3232
6459
5833
4792
2118
12197
2697
5693
11775
2724
7827
7588
9765
4324
12470
7747
11312
5716
12311
12065
4991
7700
3345
12646
1476
8370
7304
6488
9365
12080
13278
12647
2709
5849
9625
6881
11768
12940
12535
11246
3355
5897
7400
7568
10304
4634
8921
4823
11863
9624
6913
13011
159
2604
2291
6023
3789
3048
1868
11951
11055
2157
12912
10580
13348
6404
5207
3120
2973
9563
4787
5720
8972
2105
2379
9056
7894
11200
7855
12503
11703
532
6207
12362
5567
8137
660
8875
7727
4668
4942
6062
3447
1783
10680
3093
12746
11027
3277
8776
1761
1819
6418
12504
8017
380
3974
6043
1281
8884
2095
12643
1856
3279
9641
5147
7672
9755
378
7358
6510
2064
3426
4899
10839
10811
2865
5183
5924
4520
9955
538
12299
5438
5788
3147
3016
11825
4631
1969
6104
4488
5366
11786
5357
7325
8585
7876
4240
12067
6022
9598
13046
11934
8898
4482
12376
11631
9941
10299
9511
2201
7435
4630
5429
12024
381
10374
3459
13163
3538
8822
5431
10751
8259
2406
5927
9319
4308
11515
5342
9312
7765
4386
3017
7347
6044
4445
10128
4374
1652
11950
5570
12971
12769
11193
13554
6106
3079
6249
7198
834
6328
12991
11546
5211
13092
6032
9119
1844
6859
4345
3382
6496
11496
477
1124
10612
6016
10059
4075
10767
6323
11368
2267
3645
3510
13336
1569
13445
7126
6203
1789
5095
4858
2919
12560
1143
7996
11575
10711
574
8309
3203
5215
9169
8917
4853
575
9799
9398
9309
11033
83
11512
9942
6896
6553
7254
982
10161
13130
11458
10471
11796
5118
6288
9855
1083
6403
6855
9462
13430
1559
5741
9524
4777
11174
4103
7552
7117
8867
7419
11134
1259
12292
10848
11721
10537
12335
188
10070
10710
11325
4436
4647
3780
10923
2875
5071
2573
1454
3368
5728
13582
12242
1156
5943
4046
11682
6649
4027
675
10358
7122
7785
6972
13346
1509
11755
13194
9899
12190
4477
1563
12775
13460
12813
1145
8624
6511
5501
9520
256
8936
1915
10853
1279
12215
8380
10467
8358
5244
3894
3267
7904
10243
10006
12899
11633
8195
8482
181
4014
3471
5667
644
6225
5010
600
6544
2760
7301
5530
3378
2606
8189
6706
9397
11440
2560
9767
1869
5997
1529
2686
5975
6765
637
12277
8723
12924
8391
12236
9021
7705
12247
3629
2730
3494
39
5712
3965
4439
8563
5136
6125
5226
12796
11800
11558
2180
2359
9678
11643
11202
10760
4111
620
13294
5025
10737
11757
2228
14
9233
581
1090
12141
1467
192
5280
3839
8490
5001
8566
4428
11291
5552
10987
7890
13600
9088
10694
13517
7947
536
5929
10912
7136
12914
9005
9688
5573
5632
5805
13318
2182
1540
1085
10104
11441
8302
6762
4346
10279
11684
10061
6886
12975
2767
2213
10142
4235
7580
8694
13021
6873
8971
2828
11299
13416
9324
11470
7342
5921
10031
4919
2476
1624
294
2030
10964
7405
8602
6586
4030
2076
8475
5760
3975
2876
12522
11292
7095
10714
12599
5155
10970
5706
4687
808
4106
6671
3256
6426
2153
12705
1414
9245
11030
5946
1495
9165
8362
11043
13594
5122
10270
6711
12285
8885
220
12244
3689
9390
9255
4981
4166
11634
8734
1275
6346
201
12119
12922
8104
7834
7259
7227
10219
9032
190
9226
5281
8330
1402
2288
3374
9550
6673
9450
8296
42
4872
8136
7051
2643
487
10594
7693
8878
2975
4092
8471
8725
8789
6406
8119
3353
6239
11086
9646
12494
5428
3960
338
6605
2818
10715
3514
5970
2052
6893
5589
10193
10571
5928
3030
4674
4775
3299
11036
4891
7994
13082
7030
7852
3697
4556
1573
1593
13515
5575
12323
8503
5521
10234
1466
13234
8759
3157
369
1376
4231
4707
11038
10439
10284
2070
11971
3245
9622
9905
2619
13375
2457
10094
1242
12547
5905
5378
8784
6228
13136
9310
11196
5210
989
3638
5824
4036
1556
6390
1665
9627
6162
9657
6828
10017
6113
7170
8264
2799
6052
3714
7084
8858
12745
1501
9701
6575
1570
5459
9913
7982
5707
10432
6368
11167
12398
12269
8779
5786
124
13538
10735
8215
10692
1194
7702
9553
11985
9883
12223
5166
3914
5587
5578
12497
6954
1662
10539
7220
6161
1656
4041
613
10286
3916
3253
10303
1167
8539
9900
7933
6595
788
6912
6031
8685
9792
10774
9754
5592
8825
10353
5386
11394
11188
12020
12630
8703
8432
9959
4965
11758
528
9158
4782
8065
7411
4794
958
7353
8452
10785
10657
3858
8406
1585
3828
10198
3598
5842
12631
8103
10926
4343
90
8663
2995
8712
11346
11674
9748
238
9256
9856
7906
3460
8706
9066
8314
522
1106
12586
10804
12970
2450
2839
1351
2915
6425
13091
13176
2952
1530
1941
7439
5381
5998
8883
8089
6756
3429
11970
10759
10896
12196
2470
4336
3487
144
6230
4426
2351
9368
1842
1678
2763
6856
11526
2869
8862
1098
10285
11235
9564
2641
4159
5252
1237
5864
2819
2849
11569
1892
10421
1328
8012
2525
8799
8853
10074
12301
3899
4948
11281
11506
6718
1252
6378
2826
6474
8731
11962
6863
1568
7284
4063
9887
7314
4191
12288
7453
1088
4642
6524
12457
9491
7829
7980
9863
5360
2335
5061
6158
6589
6502
3750
2630
9752
10093
5168
5473
2238
2305
12694
13595
7094
3933
9465
13536
13296
3932
7455
11856
1989
2263
8751
382
7654
247
13327
11305
7803
5307
2054
8062
13355
799
6754
3081
180
2206
9751
5513
5798
5858
8108
1218
2883
9035
11081
6631
9421
5470
7182
6961
8241
13247
2509
4265
7975
580
7492
11836
12488
9517
11393
10344
9756
12420
11790
347
11150
13365
2483
9957
4628
11867
6578
3210
11940
4025
7793
11065
10275
12567
9788
5838
377
11610
5002
8288
10416
6116
9442
10932
9219
7269
11632
13152
11084
5114
3733
4344
2587
4114
6067
1003
5018
11298
10132
32
12787
7985
2707
11530
11267
2646
5584
8840
9870
5174
12294
1364
1072
2551
11046
11729
11389
10111
655
4087
1139
9125
12430
9681
4944
12356
9930
233
50
2513
10447
11681
226
4534
2124
12994
944
2278
10206
9946
10068
7675
10399
4519
7701
1832
9026
12116
6676
11642
2984
7451
9529
5832
8016
7433
6391
3955
2862
1643
3775
11880
7501
4115
11709
6777
12704
242
9203
1102
4358
8666
2627
8386
2495
5063
4596
4002
555
5740
10328
1550
5857
8785
8598
11906
5338
6760
4657
1750
4554
2081
10820
2954
12290
7710
4770
4624
1611
5617
8066
3373
7420
6953
10176
4391
2923
4252
148
13028
5158
3021
12332
11563
3706
2550
8908
1101
7759
7052
309
785
9016
7714
13598
3861
10618
915
13170
10356
5981
5942
10891
4399
10940
7921
12706
1899
548
6698
11828
4548
5225
12852
140
5894
2475
12699
11331
8653
13522
6092
10247
6616
3889
6585
12456
9189
4447
11952
1766
5352
8920
3188
7598
633
10324
3755
11029
12623
11820
4135
5120
11192
3283
1386
11053
8963
2224
3144
3408
3032
6749
13010
10884
3948
4860
1607
3192
7489
7795
12776
6969
8449
9495
8433
10326
10365
11628
11756
893
11047
6551
3367
11395
2524
12382
12607
11813
9762
9389
8932
8744
13609
5569
464
11321
2140
4149
4678
10647
1534
6295
4012
728
5988
7655
13429
6611
10382
9043
841
10404
7380
779
13168
13060
2545
5564
4855
1685
6366
8927
9916
1343
2158
12765
2301
5659
8597
6157
4544
749
9556
6877
8403
9485
1170
11999
6396
2664
8003
10554
6256
2110
11422
2916
9437
2948
3880
547
9062
6171
11988
8593
10610
949
3567
5807
1403
9884
1914
7582
8951
2579
882
2576
8174
8422
6883
4960
6518
9179
2754
2898
2458
5820
10385
12780
122
273
5875
5179
7546
10841
5782
13347
4606
9725
1432
1997
8312
10188
6710
9531
7766
7849
1235
12428
839
8515
9412
7118
2694
13412
12433
8381
9075
8937
7350
1830
1498
2442
12237
13164
451
5296
12270
7154
12477
8431
6137
10152
6784
2520
46
9206
5464
12276
11966
5938
7276
6960
7919
6529
8910
7029
5283
7483
11715
6600
5407
8929
7773
9064
2343
4311
5987
11199
2908
11016
6808
11271
11245
7123
4910
7251
4972
582
2137
12823
11695
5555
5274
1852
7569
13110
13059
11732
9552
3520
8979
1118
9237
561
2330
4643
9933
2594
850
2446
12707
10083
13167
2217
8364
1126
2033
5602
2786
6351
11056
11238
10089
13591
9910
2670
3311
8111
4413
10250
7169
11210
13405
11654
9170
2380
11278
9636
9874
9951
1073
10023
7900
13571
938
10272
9093
10257
9361
5906
3699
8728
4026
98
10868
4139
11426
12278
13344
3641
7238
9472
9369
7868
11883
6456
10690
9212
4024
7386
4266
9606
1352
9030
3042
8416
13353
1029
11456
5221
3803
13518
898
2423
1930
9388
6260
7349
5582
584
8740
5519
10976
9600
8257
2244
8835
2373
2085
12612
12221
2578
6528
5644
11591
12444
3439
8214
3864
2689
2006
2500
6165
5915
4211
5978
1283
5753
12156
1578
66
10591
6651
5178
12326
8217
12687
2817
552
10099
3505
1615
8770
1017
787
8985
6606
2440
8719
5266
169
7559
9914
5934
1089
13192
11189
5677
7068
12921
7683
3020
5344
8220
6674
11669
9857
10871
1150
6342
12122
10054
5614
12877
632
9004
2595
11517
9975
9649
245
6305
5242
8023
8278
3213
2499
13420
13225
10845
10236
5813
11180
11031
9235
7511
1738
6730
1308
9413
10719
1580
8076
11468
5548
8636
462
7597
298
118
4561
6244
7860
9897
6713
11098
7091
352
5629
6433
9999
6156
10732
2690
11832
12469
2365
7215
11539
12530
3131
1299
5119
8720
187
7826
773
10930
11683
10149
4938
10812
10900
6419
1765
8828
5319
12881
2539
11283
8175
9445
5747
8223
530
1796
3265
13540
9454
11885
3148
11162
10492
9779
3046
7100
7731
6304
4323
3730
2640
12417
3379
6450
9543
7907
11762
12728
9
2782
10298
8139
10585
12319
8899
3350
8643
12602
1063
8560
1546
4525
1286
9715
10201
5389
12036
11094
11457
10120
8210
7506
1462
10773
7851
10475
1055
9187
7611
2658
8848
11936
4293
2584
5228
13058
7488
951
13471
9568
2417
9150
2536
454
8260
11231
13237
3007
7887
10866
9719
6550
2894
13491
3954
6794
2768
7327
6795
8517
8491
6210
4706
4755
11679
7527
12144
1645
2167
9664
7575
4382
1594
4126
11751
12637
10631
12113
11249
3005
1387
2154
4152
6134
7657
4144
5148
6973
277
6060
10745
1373
9909
7252
8321
5923
7502
8351
7908
5964
3747
3784
10979
11835
7551
8613
639
12506
1516
7886
3970
7792
8811
5220
8499
7973
1421
5889
9328
5909
6080
9567
13064
13095
1220
229
9687
5416
5505
9617
593
7902
1256
10069
6867
11734
6712
11812
2179
1906
7131
9391
5721
7945
11443
4304
4574
4880
10911
6446
206
5212
1603
5141
7838
4015
8555
12055
11839
4936
920
7564
10414
4659
11606
11429
4003
6821
10701
2506
13035
4654
7357
5073
4697
818
10457
7836
6768
9277
5606
7309
8462
8301
1984
9663
5076
11574
4134
836
12955
8234
10535
11711
6443
13395
8722
4067
6301
7746
10741
12718
5354
3130
11018
4795
4153
3243
9895
9384
3239
11160
12969
10226
1158
13149
8287
4214
1704
12764
8764
2529
5101
1533
5685
11706
1653
12454
11650
3634
7905
11865
3850
800
6109
8505
3943
12701
8955
7678
11207
5557
885
855
11233
8299
7262
1706
10156
13417
3472
4595
3848
3618
8415
5398
4708
1666
7523
11854
10663
9211
398
10526
10783
3386
11550
4484
3660
7065
10075
7694
8842
2021
1599
9183
10869
8184
610
8414
8200
7398
2378
1437
10553
2397
7022
2572
9528
356
2034
664
3270
7842
6707
1730
8124
9813
325
8418
9815
5702
1729
7014
756
5278
7959
4804
3833
4774
9602
2308
3978
9488
10749
10135
3158
994
6597
7839
5426
2649
12663
10809
237
4974
1942
13443
9679
6539
11772
1514
5625
2168
7113
4677
5275
9017
2652
3038
9405
2002
12501
7112
1278
10957
11784
12379
6139
7025
1855
8402
12674
883
10882
4258
1417
9869
2062
2543
7196
2143
12840
9607
6259
11080
8801
289
9314
3263
4700
2783
495
4977
8099
12105
12514
4429
13472
8392
8427
7243
9265
8329
3658
5583
204
466
10062
11402
175
7602
13478
10095
13245
9544
8911
4503
3329
320
8865
1746
2424
13544
4132
9826
1507
11076
4892
1254
6360
7955
1070
2472
1113
4136
11257
10330
11504
4022
6876
979
2265
4472
2363
4555
2016
2633
5901
13410
9243
7310
8179
2696
4713
2443
4368
11223
11576
905
6640
7513
12581
2290
11551
2701
2808
210
11320
12901
5879
7953
5078
10026
5855
9055
11777
7035
4721
983
1970
11964
2563
6085
3159
7927
3214
12740
6193
3059
10139
8163
4691
852
4053
2902
12205
9583
12808
150
4462
4927
9252
7937
56
2215
1461
196
5982
11554
8975
8280
2521
8557
2390
9149
1163
9778
1269
11078
3667
4145
13124
1359
4831
4288
10434
8307
5941
10502
3779
7003
7351
2384
11511
987
5362
5496
2846
4897
1047
1786
219
7141
5739
10162
5689
4392
6939
189
12471
8874
6152
7219
3223
684
9464
2932
8918
5561
1233
7161
2485
5373
3824
8790
12943
11993
6612
13036
7881
4384
9717
11630
9101
4247
3754
6692
7965
5922
11228
7056
10341
9375
10500
13195
12284
5449
8538
2220
8866
4142
8339
6746
5124
7477
5866
6938
4523
1298
9585
10521
1743
12487
8377
13224
724
11810
2588
9689
488
1240
11343
6924
6944
10920
3782
12995
10189
1912
9275
12478
12167
8327
621
13013
1985
11618
11597
12545
13031
6933
7695
12909
12271
3664
1718
4287
10771
1294
3448
1741
11500
6503
11888
10016
9133
6487
3698
3882
6248
9432
1672
9862
6752
12563
5500
8207
7941
6204
8109
13034
4209
10990
4773
8548
10190
9337
13249
1109
1617
7583
9269
12427
11842
3951
8493
2821
2103
8645
2838
10885
10276
2315
11041
9137
2847
9526
5933
9824
7570
6820
10720
8130
7901
2600
8487
5138
460
6928
4411
8276
4676
4123
13394
12300
8516
3166
5640
11806
3090
8713
10145
5948
5601
558
13100
8833
7341
11535
9415
1302
10273
9298
11797
4313
3777
4603
6945
7825
9858
5822
665
10233
6322
3630
8326
5962
628
2350
12110
5303
12303
13316
12178
3381
6737
3998
6683
7571
9971
3149
5495
10422
1135
8939
9381
9868
6297
5094
763
4070
7060
9503
12517
2131
2091
10991
12462
1811
2613
3073
1590
57
6236
12719
6441
8127
10908
3431
13442
11770
1946
1794
8387
837
4296
9059
13101
4558
9947
977
1022
13389
5559
5953
6635
13298
3018
8420
7336
4583
2009
11583
11638
4168
265
3749
3546
2174
3101
5031
10169
3743
459
3831
2888
8285
5925
9699
8337
2142
13256
7109
9045
6492
4576
10464
3320
8077
8101
6647
8953
8483
6832
5315
280
12578
5286
7247
9850
12472
5634
4911
2411
3523
1149
4008
12388
9332
1958
11852
1271
5472
4861
5160
10300
5891
8132
8164
439
13549
11171
1813
12309
13315
6038
10603
5590
772
8079
6699
3066
13452
3701
8869
4937
7587
2994
1788
8542
5350
3652
9579
11963
658
10063
3990
7889
11226
10613
3866
10468
6923
244
2813
11579
4906
1051
11310
6920
8704
10546
520
6126
2275
12165
5710
5406
6542
13566
157
8518
10705
13206
572
821
4943
6766
8826
587
12342
3273
7199
10003
6184
2261
4731
4425
8796
6148
1245
6900
5581
683
12892
6783
843
2431
8954
5893
11163
13148
4999
11123
1690
703
9569
6292
10170
11571
7567
7739
390
7476
10577
6943
4565
8357
1712
5526
7235
1874
1067
1115
13228
11431
10704
13145
2571
4683
12624
12353
5670
13354
5048
7613
1478
11903
7180
7442
2836
6289
11239
2486
5257
2412
7870
2740
8244
7516
9644
10545
5563
4376
202
5499
11661
5961
9204
1928
5895
635
8582
6367
2151
11288
11931
11208
6629
2510
11011
8683
7626
2405
13489
8383
10035
23
10778
6934
3006
7384
2661
12124
13352
4672
4269
12054
3580
7475
12816
10339
6132
11058
4038
12507
5931
10045
9334
5989
5540
7566
7081
9697
9172
13065
11140
11501
12450
9561
1151
7707
12496
224
4636
6608
11369
234
8055
12811
12056
36
7360
6319
9565
9967
10718
3193
8426
13387
11685
11181
4608
12985
11415
1999
5488
463
11323
10451
7074
5654
11809
8528
1132
10870
7058
11897
5957
10673
12293
9532
5287
11237
5911
2735
6379
7745
2376
693
8642
5475
9587
1315
9952
6722
2356
1041
10649
4946
5369
385
3170
13178
4140
965
6376
3887
11268
8733
12886
12492
4894
7017
12555
10438
11499
2662
4995
12369
2188
5775
410
13233
13557
4107
3156
8202
3207
4956
12251
7898
10133
10511
11097
5047
10040
11969
12932
11352
551
8073
12066
8261
2648
6284
816
4772
10755
4301
5636
2632
1215
7591
5193
4208
9175
3325
11069
3752
8188
5126
6352
10789
7115
11747
5647
4256
1361
10793
4330
5968
10087
3121
5053
3398
4133
9141
9919
1382
5258
5268
5062
6285
6655
4141
10611
10689
3465
2731
2936
7009
11251
9747
1592
11821
568
2967
7267
704
11587
2338
8488
8611
8382
10660
5750
8716
12004
7958
1519
9258
8050
13285
6073
1014
9321
12594
7770
1455
6274
3519
5755
10859
5419
2962
2511
1754
11004
6220
10815
1255
7331
1646
7740
5164
6084
13184
7354
802
6685
7681
9213
4251
4929
170
3583
6792
3518
12194
6353
4542
11523
6638
11284
1806
12951
3304
7804
4320
735
9496
6061
13089
3896
10796
2357
2921
2106
5653
7799
10064
11823
13383
9427
8868
6107
12958
415
5571
9656
7362
4837
3758
11156
4100
3124
12007
1411
1835
12741
360
737
9704
2744
7507
3482
6778
2071
9261
1577
6343
2667
11719
4372
1490
11718
4645
4379
7048
11588
7811
1197
13584
11358
2029
4986
9468
10816
10593
9480
890
13407
8485
4934
11851
9031
13513
2032
5619
3220
3724
9320
6071
3274
10927
12289
9562
4799
6313
8411
6901
5218
8556
7376
9186
10726
12014
2183
4627
4203
8671
1893
3237
5206
2552
8891
6307
5991
3655
12865
12465
9743
3501
9304
7990
9091
5767
2933
5433
5172
6727
2802
5036
3855
12649
8231
8998
9403
12859
5657
9940
7092
1380
15
3327
4085
8691
2296
4128
11889
8859
7882
1213
12589
1887
8336
2580
13543
12777
8161
7260
12321
7750
11592
11987
445
9653
13107
3810
3201
13050
8919
3483
10821
12960
11700
7723
7076
3841
2053
7241
10972
7344
5566
622
2212
12115
13565
8306
4088
12408
1176
3140
9597
4170
8761
1398
1203
4816
9682
2533
13466
11113
10672
4351
12173
3981
7854
9846
7539
12784
5385
422
4827
1042
5493
10238
5271
7912
9650
9181
12550
3376
11453
9487
12616
2890
394
12425
4475
85
8510
2223
2623
342
7150
12879
614
3240
9541
3910
6593
6466
2972
9104
1833
5205
384
5831
617
8938
7079
7046
6020
4389
13113
12385
5840
585
4655
9729
10318
2639
847
7556
9085
10090
2146
11480
6168
2055
3705
10267
5260
4238
2666
12605
12854
10776
5862
12158
5518
8699
10530
2872
7158
7703
7446
2075
4040
11886
11649
1791
1566
2734
2986
7256
1900
10495
5770
11328
11015
9467
7474
12225
8783
1422
6571
5254
6888
10043
11090
13284
4585
9516
2271
13322
3578
263
1778
771
9271
6291
9667
3200
11980
13301
7244
13271
5547
7368
7763
11956
8681
12131
12463
6648
13551
11773
12094
9536
10207
3177
4818
4727
8308
456
11617
1257
1920
8896
11108
13226
6215
3656
6461
2250
6458
13155
5965
1247
1644
1210
12032
7402
1353
3646
5329
12549
341
6701
9577
3594
7918
4347
12304
1330
4155
4406
7177
1066
9205
10125
8481
3753
12713
12392
11838
6263
7027
1995
508
5724
2036
49
10008
7537
13002
8227
8209
11114
12597
7467
8480
7861
10415
7639
179
9251
38
12835
11417
11060
11943
65
9408
11984
5969
9665
10757
444
10408
2853
12169
2900
1797
4832
1536
3696
6315
12044
8453
5304
10021
8001
11002
8718
3925
4518
8455
6311
667
7178
11258
8514
13079
13182
2958
9135
13312
6358
4401
3184
10232
8176
6789
895
8000
6891
9615
9962
13547
825
7431
1141
3986
11442
1850
7648
4162
13506
7149
5165
10469
12698
12519
6271
12016
921
878
1482
1123
1374
3464
87
7291
1469
12793
1944
7105
7089
11676
143
4001
1195
8014
8688
5843
10644
1285
8521
12498
1866
4476
10599
8466
4226
11318
935
5873
2434
7819
1804
7292
7135
1044
4434
738
8251
8094
12381
10565
12848
9708
1824
9244
4493
9669
7205
2268
13330
7104
3663
9843
2685
7165
8074
11263
10349
8147
2516
7382
1831
11214
8478
10315
11916
1033
6810
7423
3153
12929
11502
7224
7099
5773
7690
9300
4423
7875
4072
8492
4348
12847
5651
12015
1166
6861
10308
5013
5827
2939
13185
8252
10810
11348
6609
4575
3613
6846
12538
627
2189
4993
5992
6796
3348
831
4400
10965
4148
7818
281
7558
6183
7472
7129
11476
12076
2279
10313
8690
12583
10503
1332
13270
4656
529
12978
5983
7020
1456
1884
254
12818
7070
317
2453
137
3323
5841
7815
3443
12207
1065
10322
9991
9399
11327
8230
10762
1189
11524
388
6967
4512
10897
8046
9652
2490
12748
866
9964
7286
4526
10682
13606
1084
1587
5481
1326
158
5004
3806
216
11840
10589
3385
9476
3800
3766
12177
2293
12467
3844
10263
6625
1759
3306
805
1336
10826
747
10362
11121
13333
11070
12691
7053
13560
6734
4017
6335
4490
916
975
6908
3842
7183
2899
2608
918
10174
2375
2427
10515
3410
4367
1768
10223
2507
4622
2044
5797
7606
4696
3590
3553
2983
7711
428
3637
8303
11330
3114
4299
10916
7529
185
3596
8311
1733
11175
4467
4437
6199
1910
863
435
1309
2905
7664
7184
11538
11572
13529
11492
5808
5112
5717
7542
1485
13482
7481
376
12917
10504
11937
8151
9083
4076
13396
618
3116
2186
10209
3453
5133
12071
6805
2706
7673
8729
5083
11168
7621
2570
5412
4921
10910
3326
6739
8541
1917
8113
3994
7519
11019
4178
8193
8484
8044
5175
1714
9805
6082
12179
12803
867
147
7272
9417
13262
4033
8860
8568
2059
7175
7749
11724
9705
1955
1116
11811
13017
11603
12461
4232
11032
2797
5121
8375
10282
7620
10425
13063
766
1931
13384
12458
6628
896
864
12749
10921
12935
2840
12564
5276
8612
5452
11920
10529
12077
1715
11366
11396
1362
5800
8905
9814
11584
1249
10470
6556
12716
12108
12103
10564
7642
629
2743
1571
1223
544
9428
7473
1936
4962
5019
9763
9640
2048
11560
4508
9098
9352
6434
11353
11995
4805
11039
12337
9185
525
6667
8122
3402
5863
3723
9193
6174
4917
9939
6582
13520
13111
1710
1986
6906
11896
10397
4807
9111
1037
3760
10635
9459
8966
7545
2389
2678
11066
6053
12938
6058
9074
8064
2448
7055
1774
5508
12797
11663
12849
6146
1086
2404
2097
3571
11827
496
1957
10048
7712
4315
5
11625
3056
12114
5099
1812
12084
5745
13246
4216
3100
13056
12644
10588
9163
2530
440
7896
5040
2549
472
5543
8196
10579
5536
3977
7329
9372
1763
1755
8141
7401
2218
13514
1661
8006
7343
9832
743
1815
2758
8081
5140
11690
11051
8861
1888
5159
11613
4577
3000
8914
3953
4757
1112
2480
13001
7805
4463
12058
11691
9546
4237
8325
2991
2501
5075
420
156
8100
10057
9769
12310
12671
1127
12452
5609
1395
11017
3928
1633
2237
9998
407
13469
11280
3315
10037
12731
1314
8107
1538
9217
10637
8649
5086
1630
8576
11091
5135
8272
8162
1547
2770
12941
12900
12771
12894
7449
1808
3160
7229
1159
13381
7139
9578
3787
13440
9221
11459
10159
6105
9918
1675
4060
9383
10596
3152
5267
283
1013
1388
13295
10963
6878
484
3524
9394
3247
162
1589
5322
9662
767
12481
9499
5699
1034
11599
473
9645
11873
7159
8661
1525
1837
12370
3086
2126
6968
13428
13345
1691
6554
12949
3650
10347
8218
5229
12268
3972
10080
3154
2161
2909
13424
9034
13283
3716
12426
10312
2178
182
8271
8444
3069
20
12610
13564
10436
6525
13211
9866
11765
4228
6264
2104
7404
12019
11582
8204
2856
12140
11949
2210
12104
5384
3888
8619
6422
8738
11712
5134
13258
8267
11982
6952
5979
11983
8537
13090
9426
553
9670
778
10019
3913
10699
2577
2752
2361
11961
7069
9259
844
1303
11566
9295
7214
13586
11473
7735
10560
9580
10168
543
6477
3927
9908
10092
6736
11977
9335
6095
4219
1502
5976
9616
7737
6988
685
9530
475
12346
971
8334
8419
12601
4847
6138
7106
9977
4982
6268
10670
10829
11244
6261
8105
311
6596
12973
842
12476
1939
10231
3826
11142
7892
10969
10164
326
11744
1722
1342
3175
12008
2204
9276
13076
7911
9865
3444
9134
4941
8701
12747
10309
10440
914
151
7321
10886
12658
12725
10980
12438
10009
212
4393
7049
12253
8360
11739
6966
3209
12838
5510
8436
10265
796
4821
1019
11932
6470
11478
9416
172
7920
10042
9972
5950
13362
8384
12183
5586
22
11454
9190
6931
4992
13470
12669
2949
7977
10454
8788
12925
1168
13534
3545
3138
13480
12145
3479
7133
12313
8486
8553
10114
10195
7760
4905
3498
786
8245
3900
3424
4625
4418
11474
5669
7297
461
11567
1904
7809
11061
286
8129
798
642
12662
152
10211
11370
4048
6976
908
4737
3682
6163
897
11154
8961
13265
7772
1916
5844
10973
4766
2468
7041
6882
12584
5882
11022
1371
10489
2088
3261
11635
3065
6747
11211
276
7863
8887
3162
318
709
3557
10067
7822
12227
5492
10493
2796
794
1284
506
4390
10713
6617
13358
8117
9573
13525
10491
9419
3297
11083
10409
357
3581
12318
5355
2150
2398
6012
186
2747
2253
6221
7006
9087
3935
962
7302
8474
12390
1479
4978
2111
9347
11006
1542
11259
9982
6190
2160
3987
9063
5167
3976
7277
8562
811
1940
9581
2112
11136
3034
3895
2229
9452
6803
13259
10562
3433
2559
10390
3726
7457
8013
8439
8277
4771
2381
7946
13122
10494
12434
12266
8036
3343
11688
7767
3029
2929
72
6493
9453
6971
10115
3625
4456
3989
4644
2631
8999
2196
2012
7186
13308
13267
9279
6839
7530
5676
11213
8222
8088
9586
10280
10110
13342
2294
13212
12693
872
9072
1142
5611
155
12830
2769
10478
9130
6030
9949
10166
6371
10775
3181
829
3947
2149
8135
13306
13289
12753
4613
1513
10863
13361
7028
2505
8460
6472
12525
1074
12035
11750
12410
697
2620
6005
6439
5441
6549
3786
8134
3822
11392
6574
2784
2041
1108
10479
29
700
6983
1621
4896
9772
7438
9601
10433
11423
6546
9126
4007
8011
13019
8627
2462
6693
1879
4375
3820
8225
1977
11542
11911
2755
217
3919
1625
13106
7986
6785
3222
6942
6192
6823
1448
3950
11946
9518
1953
2339
11645
13545
8817
12421
9424
3352
12363
514
3314
11954
1277
92
12709
7216
1848
7885
7059
3812
3435
3194
5359
2191
6652
9777
3400
4441
2602
527
6664
6740
6748
7563
3493
1105
11201
173
2209
6361
3728
3456
9851
10346
2020
7653
8173
4780
3653
1771
3587
6680
1475
3060
3543
6389
6294
5482
2449
200
4671
5253
4848
67
12982
1225
13219
1701
1840
10536
7532
10730
13559
4110
9238
5231
9115
13474
12484
5883
4925
13293
3040
261
5035
7682
11337
8167
13379
11225
4579
5180
3680
153
8133
11687
12948
6046
351
1039
5996
1251
3036
6155
5054
1234
5916
13179
6840
2693
9574
291
2374
10559
5453
10363
5380
4826
1515
5490
3118
10051
13051
6726
3669
12159
11261
7857
12069
5079
13049
1185
7088
6999
13590
2221
11186
8709
11135
11798
1990
6916
8180
7709
7503
8172
6530
3449
11252
10935
3740
10766
3375
10721
1244
3432
1993
1056
11581
13577
12844
11117
7436
4397
10578
4071
2025
8554
1015
12781
6349
3461
8022
13014
9749
2717
3570
4449
9099
11467
12656
6501
5711
11818
6357
5422
5348
4692
295
1657
11802
3080
4725
12984
3736
12864
9406
6481
13250
1378
5595
11879
5064
11533
12766
10561
12785
11997
3813
8335
9301
11764
1329
6169
6317
9157
8935
4474
412
4833
729
5176
4074
2000
6986
5686
3182
3776
6476
10119
5067
5415
2586
4947
5255
5692
5744
9861
933
7281
2738
2703
6290
8771
11232
10124
4034
8166
8816
2761
6108
5233
7801
7226
8457
4540
12956
12401
2159
4681
9888
3335
7862
2481
1045
8949
4873
694
8412
6033
8083
13421
51
11973
1696
4412
12611
12568
980
3847
1790
1265
7967
10953
6814
4337
12341
1742
6083
1182
6919
4086
1333
6757
11092
9234
13007
2931
4849
7917
12302
4381
12411
3169
1122
2037
3202
4871
5700
13045
12327
11088
3509
54
5361
13487
11761
13096
13042
1322
479
3654
533
11151
10221
10325
803
3626
11099
7607
13044
8322
4196
7236
10943
8290
10506
2605
2328
7685
11540
861
4975
539
6068
6136
13455
2733
12012
2488
12377
9049
12257
1926
11619
3296
6800
5660
4778
3942
1484
10012
11958
7450
11230
13174
11360
11742
12485
10791
1140
10036
11362
963
4830
1147
11158
8813
8114
8273
2498
6208
10852
10020
6780
11266
2225
6308
12097
7062
1693
4479
9835
1836
2165
687
3633
9200
5984
3027
5917
2601
7897
12022
2306
11776
4881
10731
12343
11555
8206
11514
8902
6283
5525
7562
8400
1749
783
11387
7821
8300
3026
1737
409
9750
502
6935
10688
3711
7490
5045
12093
9560
2065
10244
1503
3473
10676
680
9068
8441
1442
9340
4179
4407
9692
891
12092
12767
9322
4045
10906
2026
6010
3497
13081
7390
1526
2793
12911
11938
9808
10306
10936
1700
8775
11824
10770
3617
6940
10744
3564
9451
13378
3891
6970
13196
13015
7732
4460
10998
7867
4380
9002
12720
7808
11737
481
2262
6871
10909
9608
8586
4632
8594
1114
4365
9273
4443
7976
6339
10642
7510
1433
7153
3798
8540
4125
6577
7968
10321
9011
2636
12235
3332
10752
3053
8870
5279
2438
1626
4359
6399
2077
9985
6227
2285
12086
11830
6468
13281
4539
209
11274
9764
5313
7668
3109
6632
3944
8984
13180
5387
7466
5056
8638
4298
10951
8774
6753
8041
10532
11077
485
4549
5809
4658
2877
12845
10208
12204
2959
6392
4306
10823
7
3198
6807
5794
12761
13398
2614
7796
2345
2618
7730
1153
11778
5049
6473
5201
7674
1800
6
13570
10377
12193
7974
6603
3063
2184
12272
5367
1161
4233
5872
6841
4959
10857
3870
9811
5639
4976
7496
3054
2612
6848
9033
3883
5761
5437
6522
10626
5507
1438
7757
10547
1413
9559
8407
8496
9177
4156
5643
12763
9333
7534
4404
2108
12513
10085
9732
1290
1605
9620
10260
5358
8512
1081
7004
4310
4257
7317
70
11872
4987
5494
7873
13450
5293
953
10154
8282
5818
12029
10968
3712
5646
8388
13498
11377
7071
2139
3614
9092
2913
5200
8456
10947
4709
10264
12992
2850
2615
13419
3262
9067
1138
13169
6478
3281
3757
8578
12754
2716
10485
11781
2851
5157
12582
10833
13236
8190
5560
3437
13154
4552
11876
3445
161
13486
8662
11297
4623
6141
10487
6623
12815
12011
9980
3602
9505
7944
3364
2172
2368
13227
5326
8820
9723
5759
12944
10079
2310
2537
13303
5108
9084
8394
5421
5186
10334
7119
10989
10222
9024
9771
12952
2429
6178
2298
5185
5151
8509
11799
11975
9737
13118
10736
1119
3164
8881
9698
9374
7086
1793
5399
7364
4016
11342
10844
2642
7443
2102
3874
267
11722
11359
13568
4244
8115
5907
3768
9262
194
2377
7266
7663
12827
12521
5722
11623
978
1705
13291
2348
7418
3611
3628
6147
6197
6866
10395
1369
6057
4869
12868
10586
3691
6563
12060
2478
2811
7786
9038
12031
474
8070
3619
9807
7082
7274
4131
10056
2089
11153
10784
9492
5743
6497
8494
880
2829
8753
7798
2911
2926
10039
3838
4664
12557
6964
4318
3791
7381
9626
6849
1752
13317
3336
6427
12650
2047
11401
12431
3865
5110
6415
5456
5937
1049
1727
7576
10278
6974
10138
11589
7346
12348
4857
1555
2067
4864
3830
2644
8800
13255
2011
8692
12505
11115
9400
9341
13320
8031
8049
2713
5439
917
8413
5432
5828
8293
6682
13461
3536
9945
3173
9741
3319
13220
13404
4528
2038
8355
6191
4598
557
3708
1317
4032
8171
7367
6485
991
7348
11728
8843
10862
2870
5565
6314
1959
510
5780
1889
12328
10918
7950
10517
4653
470
9176
8646
12254
1642
10851
4276
13200
7635
6326
1814
5642
7609
12679
8793
4408
3394
11919
8780
10458
6688
418
9430
8376
12834
11354
12021
984
4717
12667
7287
2823
4328
8304
2848
11568
12164
9849
8421
287
723
5544
8224
5032
5793
4068
6436
13223
9260
8882
8298
875
3651
7622
314
4183
327
9475
13261
12396
10782
549
1038
5284
5926
912
13072
12760
12403
9770
11149
12486
1463
1021
559
4234
12010
5783
2078
8659
8051
4750
4101
4798
3585
8082
10805
6143
2857
5790
1517
8580
7850
12107
6904
10668
5853
8344
7549
3631
8212
2372
13177
4185
9044
1865
12642
5977
11234
1050
13131
3403
900
4271
12633
11595
4920
10614
8534
6576
8590
12241
5756
9591
6975
13115
13207
11178
4291
8668
11760
2242
290
12788
1048
9236
3392
3126
2187
13253
10230
7378
11612
149
13401
2566
3566
5888
413
9199
1647
11146
7107
2650
7680
9903
8573
11021
12322
10071
1331
4912
1304
3370
11626
8399
4013
8398
7624
8581
3616
10496
7072
2907
10361
11164
227
3112
7417
3837
9078
13004
2682
2942
1728
6101
6386
2795
13524
1721
191
246
6454
4626
6705
12218
11198
10734
7733
5556
7313
11713
4387
10808
10420
7848
9110
5448
10648
2655
5880
8940
10605
11925
12884
6627
6581
7201
6252
3195
4582
9326
132
1739
11537
9355
9057
12212
10960
6070
6751
6465
3804
6860
5852
12365
12435
10393
2039
4760
2635
12703
4846
6054
8102
10482
11064
13139
6925
11082
3208
840
2789
1272
6122
3413
6336
4763
2843
3790
5476
1922
5599
34
12913
2484
12480
1431
3879
3517
9819
1481
5890
1216
6725
9117
1246
1689
3098
345
10777
10380
11112
9902
11900
10549
1816
13165
10098
13083
5392
10652
11495
9311
826
11324
5951
5694
9796
7956
12759
6918
1960
4220
13054
7943
2287
8657
10645
13588
589
3013
2815
3829
4762
2399
8634
7544
6903
9195
13585
4521
7408
8946
607
2013
2830
2056
12779
12137
10643
8256
12905
6201
3143
4673
8332
3171
5527
7195
1735
9879
6121
7057
1230
5623
2401
9696
7628
716
12590
3365
5325
3572
10628
11549
3136
9960
7261
13254
6771
2645
9827
4967
1120
1636
5483
1668
10386
3022
10717
9979
9253
1891
12861
5301
4249
10708
13133
3809
11131
4117
6287
12436
8160
6590
10332
8028
8943
11332
12641
10317
12030
3609
4685
346
6416
9596
11586
6223
10477
2232
2459
10933
690
7814
5504
3176
5697
2653
8112
8572
500
10864
13103
5022
4172
6469
12873
5529
9081
751
11378
10748
13279
1952
1008
9227
3756
4568
8201
10055
4157
7541
2303
2460
10542
710
988
74
8213
4535
2311
1760
12102
7872
12245
1129
10669
11930
13435
3610
8024
7050
8523
11611
9254
2333
5485
6002
9287
3442
6897
5553
13561
8995
6715
12739
7926
13459
7884
8711
1318
6552
3321
10662
9155
2407
11534
4908
1187
10723
2194
3476
4302
12422
3615
4616
10442
4481
10259
4785
9174
11881
2259
240
10053
12502
698
7249
11701
142
7145
4588
10406
5952
10204
12416
2115
4120
8289
11933
8546
10052
11532
9331
3287
5087
2924
8340
7619
3189
9178
899
12751
8892
252
11556
1839
718
12445
426
892
2355
7572
5608
2122
911
2687
13257
4834
2728
806
4718
4852
12347
5628
10847
9202
12804
1628
1843
8331
7686
7240
9997
2491
6479
1680
731
6561
3417
7699
7637
3119
3807
695
6661
12209
5766
862
1078
7016
9711
5216
6750
2314
7230
7085
4695
12708
10639
8531
1875
9674
13464
7134
3700
9901
6615
8851
12742
9429
1202
6580
820
7103
5546
10007
13037
10528
1504
2393
2884
7960
113
6829
11145
13535
4601
12082
10441
9054
11904
925
10473
9291
10371
4955
5069
6330
8818
5973
3805
7375
3142
2243
8626
774
12400
5792
2063
2834
5776
3324
11203
8265
8575
3853
4532
5052
2590
2455
3286
5139
1531
8268
9836
12598
7223
11543
7242
11437
12821
12
1564
5152
5664
430
3554
1982
333
8168
11183
1867
3305
4964
7645
5663
7948
3539
9028
6621
11482
550
9672
12903
959
11494
13057
12556
9787
2756
2420
12529
12038
6316
8707
11177
13006
6764
88
1441
1650
7634
13204
13216
1983
3643
6853
4902
9801
9548
9367
6402
678
9274
12049
1160
11260
8226
954
11155
47
9522
12317
4222
13319
3678
8315
9041
4275
12228
9508
12213
3586
13292
1520
5467
1927
4764
7614
7190
5725
4102
11339
2548
9122
11527
11444
7924
1622
13038
13183
7776
8
4667
2718
7899
2565
1702
7273
198
2346
517
10520
10922
7787
11109
993
2334
5232
7425
4945
12391
1976
2433
6153
2542
13114
8451
5506
3605
9484
3903
5335
2719
1390
2190
4513
1518
5867
13132
8762
225
688
5796
10966
5097
4031
9223
10999
10407
371
10693
6591
4395
6637
10141
10518
2723
7972
4498
10290
3217
7294
7729
3957
9196
4035
11890
9001
414
5498
3440
6266
11414
1784
5256
12983
1649
11600
5461
1196
69
4164
4316
5688
6890
7415
11580
8756
6686
7064
12395
1956
5972
364
10316
2777
10625
5731
411
4435
8588
12841
5377
11386
4572
3233
130
302
2866
11488
12329
5886
8495
8877
9349
4204
235
9840
7005
2340
5768
5204
1232
4341
11373
4282
7553
4958
5457
10202
11250
9168
4319
11159
7755
7151
5545
1370
3937
5577
7258
10144
11647
730
6505
4651
340
10651
9821
12620
12810
5297
11300
13532
3231
9296
12936
10929
7512
7101
3316
3862
2657
8815
12039
910
6929
7337
2396
9691
2526
11905
1881
3522
10240
10172
9382
3251
8987
6802
1377
11918
2938
4009
1173
12028
8952
1027
1310
560
2171
6499
8500
13264
7383
9197
6610
6864
9875
443
11707
84
6774
5129
5865
12614
11313
13386
12074
4360
2812
13061
13477
7716
5899
10675
5224
1974
2833
4663
1209
6523
7691
2887
2024
10329
12243
6035
11227
7066
6327
1975
3905
7127
9512
6982
6039
8253
3909
534
13039
6144
7409
2726
7212
12621
4635
5014
13597
7157
5650
6937
5811
1133
6977
1551
306
4506
13025
5458
11204
12109
8447
269
661
6111
9978
887
9806
2868
9629
9129
2035
9228
12222
3075
8262
10846
11229
1933
3338
5742
11026
6879
11846
8522
1948
9720
11923
9346
9852
8763
9966
3939
12340
205
7015
12539
5436
2235
5007
13141
3369
11455
790
322
8057
9848
4273
12805
8354
8710
10824
8674
2764
12423
9469
6633
1736
858
8328
4130
10779
6275
2965
6731
452
1522
6483
13497
10105
3389
2385
9554
11875
11763
7525
5949
2914
3551
2318
7324
416
96
9798
5417
3146
7146
11399
741
11882
7800
4957
4050
13162
4405
11103
8410
5285
4494
262
9182
4907
11651
6133
8198
8644
5409
712
1544
4501
8305
6981
24
689
3434
12757
3266
11710
8069
2493
2269
5777
10254
260
9173
7724
3982
12034
9455
2388
2329
6691
6775
13218
1338
13548
11264
12812
10364
11127
6129
4753
1553
12373
2100
11118
9953
7940
12123
1487
1708
12934
13290
13300
11489
758
3357
6958
1171
1859
11731
10934
10283
6486
1583
601
1601
11615
12700
12474
10954
12537
9963
11614
10544
927
12040
11472
12846
7203
3569
1692
13467
11290
5173
1772
3508
10727
8445
6281
7040
7856
9086
3499
10840
8233
11093
11947
12617
7589
8693
535
1406
12112
3088
12087
6293
12170
11286
12195
4638
429
11698
2753
10476
6059
6164
4201
10889
5424
6442
2621
5910
4261
7636
5990
1694
6050
4416
11898
4913
4884
8425
12491
7585
13266
13190
9823
6088
11774
4225
6219
7482
7984
10855
1419
218
6721
11822
2057
10878
8434
6014
231
2249
2166
9010
9132
6375
7038
3351
6733
109
1764
6018
2444
2675
5631
8782
13191
5591
7181
5363
2332
6536
6206
3647
745
10333
11559
12832
3259
12926
10630
6049
10123
8749
3414
10570
12153
4522
6560
11668
12768
8269
2990
4454
13495
8600
1857
4442
7369
7617
3907
2708
7783
11754
5191
1988
6719
2072
4649
7024
13016
436
7497
12001
431
11087
12548
1
11862
8468
5109
5980
4716
5542
12155
6607
8359
3484
3401
5408
3608
7188
6696
1632
2266
11125
2245
904
2014
11190
2428
2518
9538
4994
9447
6791
1473
8072
401
1262
4824
1545
1688
3623
10988
2568
10435
4184
7248
12790
11000
9785
669
11753
4193
4198
2824
195
12826
6333
10022
12354
12639
7093
1030
1834
3542
2925
2971
5081
545
2114
3559
12250
8679
9860
4270
6872
5757
10137
3363
6987
10961
405
7283
10665
8348
6099
1695
871
5919
7859
13433
13172
8258
13530
10029
1006
2234
3825
3738
10287
5705
8350
1574
5447
241
4364
8900
10171
6745
1012
5153
6233
6678
12455
10175
8906
939
10405
2027
3490
12095
9549
9992
9936
9633
5364
12668
13552
8767
10928
1177
7097
4797
6205
2611
5758
9095
8263
6387
8635
2867
9188
817
9923
361
7643
7039
7649
546
10258
11303
6355
11948
11425
6374
10655
4143
349
4609
13453
7612
9285
13274
4312
11
450
1327
117
4963
854
7540
4537
720
1979
13583
9867
2001
465
5128
11814
2806
3491
9143
9353
11547
7245
9535
13377
12161
10444
2367
6154
5765
9102
11485
3904
7308
4511
7067
6394
9498
348
4294
9156
10592
10375
873
12724
3303
13438
5188
8732
10772
9613
7913
13519
10615
13475
11432
10182
1465
10354
11132
682
5541
5295
4953
12603
596
2325
2951
9736
13431
10982
3996
8656
11028
30
3552
315
7656
6135
11878
1864
13146
3815
10952
2211
12774
6500
7561
11915
4924
6063
3875
4278
12972
13581
1965
531
793
10109
4059
12098
570
4710
1511
8928
12349
1809
7495
9136
114
4968
666
11371
305
2698
4241
10538
3783
7407
1407
1828
6782
12990
6857
12937
10939
11598
17
6898
3014
6464
10830
10569
3117
1428
12367
483
10082
6636
3785
3246
10271
11692
13457
1155
2695
1100
3526
2773
12915
7720
5300
12680
10331
12596
3737
10543
9761
2058
2966
6452
6408
4969
1679
10342
6380
3729
11864
6019
2148
11311
7677
4758
11895
1732
12182
1349
856
5986
10203
7293
5764
8754
8654
6512
9712
11067
789
10575
11248
4061
2904
11010
282
12800
3717
8029
9348
12045
13423
1949
13580
5621
2074
8056
1954
12482
2019
8353
10376
1319
8633
7662
8614
3672
2700
2720
10913
4551
5161
7993
3507
3801
5658
9501
6865
12441
12101
6131
9315
5624
3196
6428
2207
5568
7928
6312
3788
11730
6830
11891
11253
417
1224
5058
6384
6320
4065
3528
1206
13134
923
1905
849
12626
5115
9482
11023
10157
4286
2216
10288
12919
1031
249
3731
1902
368
4285
2955
10396
1849
6858
4245
9847
12200
942
4415
13244
8060
6444
9474
5282
6963
9675
11928
7023
2447
11128
5680
9943
4175
12217
13351
9138
12566
9118
4458
7192
9386
59
5698
9533
4438
10508
102
3302
780
11391
2715
3685
4607
1341
10790
13413
4812
10609
4098
1036
7042
13231
2135
4886
11792
5462
4083
7616
13067
4740
4
13248
10427
4355
6047
3537
11130
7372
8118
12050
11714
801
3282
4806
1450
9366
12989
1528
8544
4923
9380
11045
12148
1165
1192
3690
2751
1248
9614
9267
7001
10798
6495
10184
9145
2256
9519
10186
6397
12654
5029
12675
4137
3563
11315
10813
5826
1452
13104
1699
8395
996
2144
1532
1276
3225
12648
11748
8525
8097
4786
7290
8549
13156
10498
929
9703
7843
1606
480
3415
8145
6198
446
4887
12429
13325
3573
9683
1273
3092
13599
7424
12185
6601
12412
8741
11912
5227
1212
6717
8005
13175
4491
8191
9721
12439
10967
6009
8270
10764
9023
6006
9647
9510
4394
5395
498
7630
12298
2776
9109
9376
12628
11817
12447
11771
2854
8992
9069
2944
7983
7275
3391
2079
12953
8154
9759
11577
4095
3221
10971
1430
9970
7646
13512
3271
5885
2534
2133
567
10822
2647
7754
9288
2714
9572
7416
1023
7778
1596
2616
5678
1493
4189
3640
11182
3603
932
12531
2426
9342
748
11696
10633
9404
453
2132
2425
3067
6435
9161
2889
7961
1521
3446
9154
11361
3307
1367
13537
6247
13502
1219
285
8931
13607
9898
1393
12419
7988
6302
1148
10697
12923
13527
11071
4865
5248
5486
8830
11552
6507
64
1822
9438
12721
6689
2061
11487
2859
3110
9816
8450
1619
5512
5170
10158
8915
10044
171
6372
10860
3241
11965
3769
3956
3765
3890
3457
4587
2240
9917
3397
10460
9746
9666
11848
4559
13129
12246
6077
9841
1767
3584
8463
10127
12976
10293
11677
5562
3688
141
5299
5514
8986
6531
12918
10769
5615
11079
10424
5665
4314
13235
7191
3438
6994
7813
1598
8794
8152
5371
11273
6630
4421
9171
5914
3354
10004
8068
9263
13434
10196
8620
9603
727
11609
10131
2147
1107
9700
7593
5859
3936
2998
10153
10941
1937
4338
9716
3407
12595
11910
11418
4895
5372
7187
11411
562
10523
95
11979
4557
7779
8506
12653
1620
9642
2145
5892
5273
10015
4828
13507
5340
11212
4213
9395
5836
4817
4079
10084
9131
6776
1996
5163
7323
7718
5850
6965
8748
648
2871
5098
13406
6340
7264
2591
1396
1076
8980
4459
777
12659
203
2626
7389
3677
11497
3133
1005
104
9076
10924
12402
990
9009
8850
5425
5450
636
2323
8437
4538
7270
6370
12887
4349
11991
11746
6300
5848
2672
10027
9278
13360
726
11333
5787
4096
2066
6393
5971
1582
11644
9892
3074
9932
11194
4052
11384
13324
9007
6614
4931
12358
12833
2487
2705
10558
8438
6412
8477
10640
11307
8673
12106
5038
9164
8680
4200
9950
7832
6332
5835
1464
9507
8841
599
13309
11409
649
4759
11166
1637
7361
13364
4743
3167
13022
9782
9364
5171
8730
11236
383
4641
11336
1500
7806
12336
10181
2414
12493
6535
1293
3544
8155
12898
9760
3255
10842
11435
4279
5237
2281
2277
271
813
10656
2772
3242
734
5635
3428
11978
12308
8249
11074
8768
11001
12682
12238
3003
1266
9812
5515
12541
1934
4357
2264
5477
10462
10892
11451
4536
6200
4715
1288
13454
8349
9810
1075
742
12414
10686
6714
5261
3568
6670
6989
8365
2419
10147
3235
11967
7689
2382
211
4724
13603
2394
4979
7925
11141
3113
6329
2766
906
9631
10794
12063
11009
11665
646
12479
12352
11445
913
12778
6562
8803
193
792
10205
8839
11034
8237
12432
9159
3906
8279
1744
2203
4586
7938
2527
2358
9890
7903
11172
11816
10423
1552
5324
1505
10700
6955
9915
9668
1998
1584
10241
12061
8660
985
12229
12801
13277
13263
4362
12057
12273
9734
5092
5532
1016
1698
12986
4904
4988
6788
12600
1535
7725
135
3620
5413
4918
8143
11841
5649
11859
108
10899
7797
576
715
9794
13593
11220
1539
9582
9937
166
6272
7929
6383
2125
3666
1061
9880
5733
3289
9983
5403
13509
8838
12199
2810
1673
3540
12756
5451
5314
2762
6475
11434
5337
8159
11350
7835
668
5077
1350
5817
2592
3330
2920
8080
2564
10118
4169
13203
13071
2574
6140
3513
4077
5645
5737
2045
3565
9307
9241
2790
6214
1280
8034
10996
8714
1496
4167
2918
4342
7841
13209
5904
11275
1295
10795
7991
11694
11254
13449
8320
11462
2858
11667
1011
9773
13446
2080
1878
1184
11620
9571
11570
630
6170
9891
12878
11670
1458
9632
11986
9113
6027
10025
8229
9996
10294
3276
1446
9431
5861
11785
12344
9872
13414
8912
4218
3097
12265
1853
5648
7625
3155
5588
5401
5317
11243
13138
12511
12191
9239
11269
9082
3924
13444
1709
9707
8310
6565
2895
9551
1420
9479
58
11507
3694
471
10394
5445
5080
13099
1410
13080
7756
12755
1313
10426
8967
6602
13422
1144
7397
8435
10262
3739
569
5605
4118
11481
1491
12640
4021
6420
11743
11981
5754
10724
566
13604
6365
9027
9706
10214
8897
2300
7061
12726
11404
8773
8596
7508
7865
12459
1046
3534
5821
468
11699
1444
8708
7032
5935
365
13275
3044
3106
11752
6568
2629
5803
11518
9042
441
4465
9471
2239
2008
10874
10858
4705
3687
616
5810
12233
13302
1810
9934
6453
12988
9466
4836
1951
1445
11666
3835
3322
4028
3926
11503
12792
13193
6440
9457
12685
7914
1104
7669
5903
9590
13484
11741
3503
12651
1389
5730
5050
7142
3684
11287
1470
8440
13572
9938
3104
4303
4856
5932
1110
6484
8396
4195
11953
1368
9147
1489
12856
5860
6350
6836
12580
4744
995
12051
8126
6816
8558
2681
9575
7132
5336
12287
6811
2928
408
9929
2410
1803
13391
2832
3084
5887
8956
4996
11124
1561
10856
10150
3902
9547
5190
6936
7744
5574
353
12047
3312
13299
8536
4119
5213
455
10513
708
1497
2725
13380
10945
1405
4889
12466
10763
8059
8116
13282
1058
8128
9385
10252
5434
5834
12483
3591
3150
13562
4246
868
8186
5723
6624
13343
6868
3732
679
10533
11296
5673
6806
3450
5812
1239
12081
1474
3268
7173
4486
4883
4838
4321
7102
2347
13125
638
3741
922
6899
8872
2953
10357
2230
8677
4530
11548
11322
4949
3702
2094
9096
1697
9293
7515
7871
7638
53
9458
6395
5020
2255
5516
12553
7125
8502
8745
7271
7608
354
10450
2219
7202
9297
1898
6951
5298
400
8814
9513
12893
13012
10122
9180
6537
10914
12240
8844
7485
7771
2408
3416
12099
3425
13363
8941
7979
4504
13268
5524
706
2005
1077
13157
11510
6008
10355
13399
9448
2477
13369
10143
3045
2099
2809
5223
13418
2523
3823
7493
12636
13427
4163
7307
7957
2409
1366
4453
3579
10032
10807
4181
248
10411
11120
11221
1780
1335
8904
11942
11844
809
3592
8916
501
5511
6093
12562
6040
12089
2941
1068
5695
1576
13546
3802
7631
9191
3836
8618
7370
5418
3746
1199
4844
9089
2208
4781
12296
13313
7207
1009
1787
1412
7590
7728
4783
1385
7524
11416
4224
9463
5117
1639
7932
11736
11107
12387
3495
5328
6112
12133
3985
2624
4932
6642
1439
6826
10038
8374
2844
11375
5791
13239
10255
1423
12842
11341
3145
2254
12573
5870
10974
2969
2992
12543
1757
13402
4553
358
10902
12964
9121
2979
8855
12946
10224
8120
482
3393
1723
8903
7791
4662
2816
6962
3582
12606
4619
10402
3555
10685
5626
421
5671
2960
6120
8959
753
6985
8864
12013
10746
5734
9958
3915
2878
1404
2896
12442
12672
857
8232
3917
7447
3111
6280
5246
10861
9695
13026
4679
6813
12023
12005
2651
4468
5169
10993
3693
10192
10218
9246
2974
10392
7047
11545
12902
9714
7670
197
6885
12655
672
3489
2575
9422
13112
3229
3179
3892
2842
11170
10225
10949
615
7359
6833
7163
13481
3548
8786
11138
9722
8047
853
4010
478
11469
5376
10108
8810
7916
1324
8807
2794
7217
9097
3405
9071
5537
11388
12829
2324
5142
7966
10601
331
3562
13199
12824
3674
10277
13073
590
1488
8341
8093
5959
1801
3095
11787
6817
5060
4489
516
7036
3033
12866
8091
13030
7514
8084
5269
7910
6626
7978
5751
3371
2750
946
12638
5748
4784
4788
1305
4385
9152
10281
7371
4062
8697
8665
11858
5435
61
8559
3141
323
4928
13297
1907
11075
934
7883
9216
2415
12147
11450
8781
6662
3512
4686
12752
9336
721
5234
13359
1991
11924
7869
8695
10905
13451
8758
5478
10893
8203
8845
2807
11779
10780
19
4292
4229
10865
6845
4417
6262
3721
6405
6742
13533
9831
12219
11206
9443
9889
4325
9248
2370
10756
2069
4675
11621
1860
9456
10340
1190
943
7789
4322
1557
3871
4113
10895
6708
145
9921
4514
8880
5084
1062
9142
8765
6818
6716
6373
2540
86
3606
3052
6124
3475
288
8669
1300
5954
5383
6735
7895
12062
10683
998
8508
6809
4023
6000
9127
9588
5388
8849
9702
12734
6702
10658
838
5600
6401
2541
4961
7437
2906
11447
3001
9305
8497
4369
10499
9289
4154
3561
9896
4205
781
13128
9637
6359
8284
13400
12883
10187
8140
11316
3867
10121
9758
2018
5869
12993
3362
10792
961
8658
3031
12963
7480
7736
10607
8795
9461
13439
13574
4633
4916
2748
12025
8489
6779
6463
13458
8530
12256
11222
8424
389
3521
8628
7464
8197
12518
7547
13272
3082
583
11892
2882
3058
5379
12283
6587
1719
7234
12048
4739
4666
12945
7517
6506
7748
1618
7130
7176
3
2771
5085
8498
10
1426
6276
10261
9280
12168
8524
4646
4569
10086
160
8651
3199
7964
8976
11996
10986
11304
8698
6431
2961
6569
12875
13024
10185
7743
6130
7509
9240
11289
1092
3649
13558
6679
2557
2236
9986
3452
9434
10028
835
9693
13159
10832
13171
4854
6026
8846
12073
6159
4839
8974
251
9954
6532
12528
2452
7878
3108
391
4660
1877
8511
782
1174
4590
2736
10216
2439
12825
3692
12670
9210
1436
177
4146
1612
10831
12862
10888
7717
1980
8591
3817
7144
2692
4650
12961
8219
7560
1214
12451
8048
7499
13539
11169
2947
1222
386
10604
6267
11449
4505
1451
9876
4457
336
5263
9272
11968
6709
10431
12380
2922
12129
11024
9912
5427
10818
3288
12437
12130
1287
1987
9766
4037
8958
5469
9151
3816
71
3949
4377
5430
8361
6251
11509
7816
9534
1895
97
7987
10239
1183
2416
3772
11726
7784
5016
11972
12333
9420
9775
1093
8194
6572
316
9885
8324
1770
9686
3979
9859
299
7931
3228
12330
4712
7971
4973
1059
8045
10245
10880
7830
3541
869
11398
2231
7469
12149
8895
6513
1128
12184
3295
4510
13350
4307
12822
12885
12083
2722
9838
940
6142
7751
2451
11960
9270
6299
9327
8238
6051
13403
12851
4875
2901
13241
7414
8988
8873
12910
8547
2567
11255
936
8543
9146
5829
10576
9651
4801
6695
7780
9207
5177
3135
10702
425
744
686
5059
677
4335
6869
7164
12143
3462
9911
12378
5331
5550
8533
11780
13093
5332
10742
1449
2680
3722
5017
7573
11874
458
11914
6369
5051
924
13043
10802
3390
6482
12128
4670
3174
4815
9387
9266
6449
2123
4396
10524
8239
7432
3843
9745
82
7629
3463
3068
3011
1032
12220
12096
8739
5597
1572
870
3317
12762
6566
330
6447
10632
3089
11716
3811
1713
3187
5024
8323
2609
1137
9740
5197
889
12591
11807
493
7257
4165
7658
5714
4206
11520
3764
9727
8367
981
11990
4922
6548
3718
9446
4227
2010
1795
764
4990
1600
3340
7846
2
8978
674
8755
10827
9990
8235
2803
4334
427
4810
4300
7684
652
13372
670
13143
8886
9215
2181
5353
6570
13276
5236
9570
259
2307
10077
3713
6815
9878
2996
12088
12696
7194
163
12715
5679
264
3929
8577
3773
8423
2336
5230
6318
701
2050
9318
3961
13602
5247
2383
7428
1886
12239
9638
2273
1026
10335
9286
5008
8924
6641
7962
964
12359
8371
11421
2432
5558
4473
6831
105
2471
999
12214
10997
4584
13304
10269
7429
5598
7647
6115
12117
8907
5539
1602
1157
7013
12399
2673
1052
12916
7318
1762
1296
4571
6090
8096
5321
68
11185
2042
2863
6741
10519
1660
10828
1548
6508
6654
7665
10837
3349
9019
9167
3627
76
3845
1560
5708
6255
6100
10091
7600
11176
10140
5351
9920
9292
12981
11420
10249
10103
8208
4714
9502
4793
2117
12743
12260
1908
6240
3328
13463
846
2781
11849
6400
300
10786
7268
2727
7427
902
10800
4970
2299
8689
10302
11843
7522
2403
5349
7233
355
5994
1079
228
6181
860
11604
4640
3502
13508
3668
5144
4331
8002
6094
9539
11428
297
10754
12565
2494
11717
2964
4058
7555
2880
5871
4952
6013
11216
1935
5066
12091
8183
12552
10836
7410
2814
7319
3920
12532
972
6494
419
8603
2258
13334
5005
8983
9509
2497
6583
5789
9839
8095
13229
657
6127
524
2197
12405
5039
4466
5752
3531
5132
1703
4599
4483
10366
7147
2864
1311
7295
696
13305
10338
7332
4190
40
10024
4455
6257
2982
4550
8170
12962
2155
7462
6555
12174
11893
13166
1769
7936
12735
681
5196
4733
2885
6660
702
1825
10797
12181
1397
4748
1289
6309
13371
9302
7120
4094
11049
3134
2479
8721
10401
7193
4150
5484
4082
4509
937
11652
11439
754
11653
11139
5956
711
8837
4177
12871
1945
564
8532
12789
13501
746
7652
4751
13323
13462
9162
7661
6824
11410
10641
9329
12933
4877
8617
12364
6723
10946
4722
1947
7007
1125
1348
11529
8792
1798
3470
10962
5411
13066
10709
9230
4879
1268
4264
1323
4217
8970
7494
4533
8205
10505
931
9956
12037
13473
8446
6991
4272
3529
2561
7595
9802
4614
4054
8274
12930
8997
11293
5974
8333
2910
6096
10446
5414
6657
3550
5154
10747
9609
515
2825
3244
2169
13140
11544
7858
9931
3298
3372
7954
232
968
10509
7866
6457
1355
9654
10010
5520
9012
886
5878
5876
6558
13578
859
1883
762
2198
4885
2319
9330
6515
5106
13335
8684
4768
6799
10136
10097
10217
588
4796
7817
77
6504
2638
7692
3469
2362
4215
2248
3556
8255
4746
11349
5729
7922
3230
215
5683
5327
3819
392
27
11073
8944
10002
5572
8670
11860
7592
12211
909
7211
12853
11262
1558
6763
7531
5100
12152
10677
2289
10343
7893
3430
10372
2331
11826
563
11072
11430
969
5308
8185
11767
5009
11693
11217
4176
6911
5402
4819
6222
10653
12248
5123
4693
5958
997
3227
12836
9209
12162
504
653
8106
12820
13494
919
5684
1609
2788
10907
1950
11725
7399
13516
3236
9984
814
13232
12807
9407
8705
631
518
1724
1200
2342
3301
4862
8030
1375
5264
4570
6728
12009
8957
2886
268
5145
10033
12041
4933
13188
107
3477
13040
12758
3129
11525
2779
10765
6382
3226
12085
8824
3206
5522
602
4789
11302
9886
6650
4909
9350
2558
11205
6348
6334
11578
438
10484
609
6055
2855
2835
4243
12440
9247
12524
1354
3127
5089
7445
7632
6238
10514
13144
7334
9795
12375
7063
3589
1802
10000
494
11344
5701
6956
2981
10112
303
8178
676
9742
4005
10994
3576
10384
9323
7596
41
4371
1549
1264
5993
11479
6666
1663
9148
7775
7172
11116
6769
11364
11376
12127
5137
9804
344
6534
7110
7915
9124
11641
8443
11541
8470
1717
9655
3624
12574
7696
10472
1923
8802
9356
9566
6790
328
8973
6212
7844
3041
1962
3238
3272
11363
3797
12339
6516
3832
1851
6211
6151
6656
3846
2684
784
10173
11561
4618
2945
6668
3346
9402
5113
8158
9595
13485
11745
3422
9881
9436
8428
540
80
6074
6306
2739
10443
5202
6128
4427
359
12473
10107
8678
9379
13
4223
10619
6724
1610
2226
757
12831
4180
4767
3103
9873
3275
966
4541
5594
12652
4073
1918
6072
3621
3486
3122
403
2688
5769
13569
13563
8125
6584
2935
4573
4529
1117
4811
11329
10266
2741
13189
10246
7963
3770
8008
11868
1372
6269
10671
5675
6852
6417
10522
8583
6364
8250
8760
4621
9965
26
6545
1897
11565
5096
9818
717
1025
10624
4684
442
1477
8254
5027
13376
11419
5830
2556
9047
1099
10360
4870
9051
5881
11801
7200
819
11215
750
9842
3342
1925
8647
52
11672
5902
12118
4116
13018
6559
5309
10256
5182
5442
9409
2312
12189
13069
55
7777
3077
2341
2366
7879
3707
10819
6773
3015
2096
9948
13197
7992
9927
10001
3934
10463
13357
8777
6234
8552
7379
603
5823
9373
4980
4868
9791
3012
4564
3659
9339
1686
6430
9414
7208
9906
13055
8025
1782
3530
3278
10337
5195
11769
13142
795
12710
250
6429
13456
12042
12618
13567
8507
1604
926
10373
7671
12536
7393
12371
4698
12806
5199
7543
6347
9784
13367
4253
10197
10151
6076
7140
8054
12468
3506
3897
1648
11616
4440
3377
395
6801
12678
2205
12186
12939
505
10437
11516
6344
3500
8964
947
11048
1929
8459
12192
2674
10165
11446
7697
1773
6870
11241
11137
9935
7206
9829
5854
1211
9444
7155
1010
1627
2461
3072
2302
11197
10867
3967
1260
10540
1885
128
13356
3938
1054
11738
110
9449
7758
8061
7930
11025
9733
7478
10220
2699
7627
1400
6949
10627
12125
2970
3703
1301
3334
9877
12413
7320
4124
9208
1263
4893
10698
3575
7355
7156
2109
13341
1394
11493
9222
13137
6231
6345
10049
12896
7713
12625
1512
4450
7162
13214
9735
876
6588
2597
2297
13150
4081
7124
884
7299
490
1401
13047
339
5238
822
492
8857
6471
8149
3642
8519
12681
139
11789
2622
5898
8442
5345
11013
3720
4020
10582
4888
1000
7981
2628
2837
13005
3360
13217
2583
5012
7526
43
13511
447
10320
270
4366
13158
511
6467
9515
4989
11063
11793
4363
4329
9478
4093
13479
6160
2845
4383
3139
4829
2950
512
7934
810
13070
12500
6081
9871
815
3309
13448
9338
279
5940
11837
7421
7831
10490
10595
4971
3881
3901
7189
11680
3454
8086
6175
2912
4835
1243
6793
11466
4158
12722
8363
8319
6684
5674
12512
13120
8501
1827
12634
1981
4914
13008
1779
6992
111
9731
12306
1758
7255
7111
12475
9730
970
13269
8476
1188
7160
10050
13411
2441
4173
7708
3504
8454
8390
10480
8913
10412
3876
830
3962
13243
10210
12683
8623
12928
5339
11276
3258
9809
4352
7659
106
6229
1226
8004
9231
2522
7339
11382
2413
7548
3574
513
1725
12406
5774
10014
12000
4729
2677
3704
1178
1964
1339
10163
301
6489
13505
5945
5913
10834
6089
310
10975
6331
9514
3734
8947
12997
13493
2392
1588
6438
5192
5000
4738
12999
3644
12732
9483
12907
2430
3216
4689
9107
4356
3878
7949
2320
12906
4090
6644
13023
1966
75
13390
9593
13374
11808
10608
12163
2801
3532
5666
11403
4682
5936
4042
13078
6097
4044
3249
12307
6564
10600
3211
2668
8715
986
10274
12770
4280
10616
101
1486
594
13009
5042
1901
1258
5779
8871
10350
5551
5549
4620
1205
5749
10301
1175
2257
13488
2504
948
6663
6538
2968
13589
2073
13340
833
12280
5241
6337
9504
6286
7615
8181
8504
3339
12490
7391
10602
4593
5288
12224
7461
1565
5465
3218
6110
3409
4248
12702
1909
9803
1381
5735
6186
8599
6149
4151
5070
1677
12533
5400
12828
9527
6385
6770
8035
255
7752
3794
11111
6243
11133
11659
9993
8989
7998
5011
9433
662
8527
8743
3333
12443
7533
3911
1716
11945
11791
4814
9441
2792
1880
1097
11110
9639
1841
91
5026
907
2156
9820
8294
10058
1193
10076
4926
1416
2326
10336
2233
2704
208
5289
6781
4820
12954
1007
8211
11390
1316
8246
3577
5955
2295
5184
1873
2313
1537
8021
8347
3185
8942
89
5222
2130
2170
2199
8676
10229
7075
10854
9542
2482
1365
1345
12587
2737
1146
7213
8385
12100
8832
13314
12297
10890
9268
3869
7769
9576
10555
8092
4983
13373
293
6462
1676
2765
5209
7726
10430
5074
11927
184
3423
1664
9853
7833
1154
3767
1492
7278
2582
7387
1227
7338
9166
7197
5391
4822
3588
5517
12795
3406
7579
11505
13368
5043
5104
13230
1228
1968
434
12282
6363
6527
12146
2136
10305
3792
6957
13504
8007
11106
6767
2316
5778
10291
8397
1682
8579
5612
12360
11044
10587
2656
11385
4754
5715
3695
10483
8281
8836
5146
10417
9015
7687
5330
3165
5616
12773
707
4239
8977
10242
10872
2469
5960
10348
11054
178
4267
8604
10552
8608
11607
12070
5390
13221
3248
11593
10590
740
73
337
10400
2360
10180
12374
7000
12730
9684
2202
3963
5312
11012
12664
7641
6195
13366
2978
11351
12216
10548
3049
8823
10383
1896
13385
1080
4728
10227
9358
5947
13032
11195
11819
9994
6325
3670
4274
4594
2246
11805
81
13441
877
5262
5785
1340
3387
4496
759
10410
1356
11913
7782
3094
9790
5088
2093
7441
10707
3178
12712
5370
9658
7640
319
848
13198
2785
1443
12312
2028
4935
3983
4471
10984
5250
8993
6341
5999
11662
12569
2512
4161
374
12338
13528
3527
12684
9218
6424
1506
3168
372
6720
7083
4985
12809
4432
12657
1325
6498
3859
1579
4192
12252
3250
13084
2637
12324
11929
4295
129
10753
10311
1635
8153
5219
12860
7651
7073
370
5884
10696
2116
12546
1820
881
4327
8569
5509
11102
10199
432
11853
12714
7138
6445
11675
1591
5239
4268
3727
3863
1876
2654
7392
9006
10448
6362
4112
10212
4212
367
7463
3436
13393
12259
7623
10130
6117
5944
6119
2893
12264
12736
239
7128
12867
542
6947
10917
10646
1459
12059
1903
4648
362
7114
7210
2086
2988
6932
9922
12666
4451
12786
3607
3984
3347
2083
11037
6786
2514
3004
1181
13210
3599
4745
9926
9525
6703
1229
2780
10938
13102
9726
12738
3946
3492
10497
960
3313
1164
1306
2993
5709
1575
3742
5580
3834
10740
10387
1858
4354
12027
769
10253
3940
6592
11536
4210
5912
9786
957
11165
10481
12632
7498
3818
6421
8248
3300
1435
3958
4531
1057
10013
6979
7505
60
6173
4878
35
11686
7315
5746
7454
5156
13526
11974
8177
9392
10977
6194
4361
3257
5681
6064
7459
9710
373
8926
13287
10706
2596
4080
12261
9079
7116
8686
8772
4199
9325
8404
1064
3293
4843
3796
11148
5127
1004
5691
13238
7824
10351
5596
4049
3966
6015
8378
12453
2015
6941
3384
10248
1631
5718
1307
12863
1781
2422
1655
11345
12320
9316
8637
11908
2274
4560
10695
7363
13575
3047
1681
6410
2800
3215
2581
243
11735
12870
6388
6835
10887
7484
3549
5323
12744
1659
10525
5726
7781
6915
9489
1674
5503
2352
3995
6905
611
9599
2474
11424
8565
12882
5781
3062
6822
11944
1186
6218
2127
236
1344
2321
7087
9410
1776
9690
7209
7888
2391
5041
10289
7812
5727
7581
8702
1613
6091
1623
10237
12409
6188
3163
7413
11564
5703
12814
8142
78
6034
2317
12627
2874
4409
3399
11804
9103
7951
3478
8889
2386
4562
363
10034
9345
5440
1360
13086
11998
11334
12987
9833
5620
5130
10925
11660
13222
12516
8275
79
7909
7232
8854
5535
324
5015
1440
12920
13240
1130
10445
10568
9000
1510
7340
3105
2593
10768
11521
656
3070
5538
13437
9050
1383
12942
12559
4940
9025
2927
1614
11989
12090
3356
213
10712
131
3087
11089
6517
10716
3467
8146
11992
448
11957
13332
699
8295
10875
7228
523
11209
12043
9294
1821
1415
165
12291
3308
12249
7762
6758
5305
11381
4600
2555
3383
12154
5837
10691
8587
625
4791
3997
9139
761
11622
10931
6407
5479
6324
9635
6990
6927
4039
5497
645
5533
7802
1882
4867
11994
8087
9232
4147
2598
10733
12974
2822
2349
5471
5217
7137
5131
2286
6241
12258
2827
13105
4207
11460
183
6613
11508
4057
1169
2489
8058
5802
12180
1711
12799
9370
2129
2532
8589
1291
3661
3971
8019
3458
9822
3096
7300
12279
9481
6514
5839
6232
11939
6182
2309
901
3748
571
13608
4545
8804
7078
3366
10501
7434
12661
13311
5630
9621
6743
10066
4452
4704
2742
12527
11463
13510
4378
10359
8071
8075
11629
6895
12798
4470
3525
13425
3115
3952
10129
1321
9317
10703
1527
4825
10650
10687
5487
3877
1111
1408
11464
3137
13321
7837
7335
7011
10456
4478
11941
7406
7774
2589
9694
2538
1320
9425
10428
5672
1629
10981
6460
123
2634
7018
4756
9988
6675
3102
2710
6056
4326
8144
4997
12888
765
1409
12998
10620
1745
7008
11528
6245
11277
8629
4517
7021
7239
6819
10065
10806
2138
8990
13542
5966
6103
626
4591
9371
1616
9974
10398
1890
8982
6653
8199
10606
7486
13408
2276
11152
10116
8609
7374
8934
10319
5310
3593
8121
10101
5265
6704
7096
824
7935
13000
116
7764
9673
10096
11408
2371
4669
11907
3799
1024
6557
592
12839
13087
2022
12172
9299
12017
7322
2508
9989
1508
127
13326
2437
8595
8342
2023
6490
10636
10634
62
6432
2544
12383
11301
11749
7557
7326
12819
9768
3632
11782
11477
10345
4332
3676
222
13409
120
6732
10572
11326
4289
2283
8373
13273
4485
9160
8819
5641
4765
7500
11522
13048
13490
11646
9557
12619
12198
8806
5382
11270
266
12033
3973
1932
10391
3190
1807
7820
8417
7874
12393
6509
5604
13555
6827
2068
4966
2098
9378
2963
12230
10681
5851
4803
10378
0
11062
10541
11922
284
11498
7719
9112
13121
1608
5908
10584
2354
7385
99
9114
11553
9594
9120
4263
10661
10465
5736
4108
9738
8809
9284
4186
612
9077
11636
7426
8969
9830
6448
3252
2903
13447
28
5618
5162
3280
3604
6007
11585
6634
8266
4611
5405
4078
11697
11335
10801
10419
10194
6253
9776
9709
12404
6437
11340
9264
2691
1799
2820
4242
10825
12150
3404
5696
8169
8043
10738
11438
12697
10876
5719
115
7970
12576
11126
10030
11894
11788
5277
8529
10879
12334
1973
7303
8945
12750
8033
1938
673
10904
3511
9393
7738
4260
8616
12613
3715
8856
350
8639
8901
7185
1924
1221
3922
10958
5245
387
3547
1337
4850
6282
4547
5290
3205
9800
9022
7246
5046
8778
3418
6540
1734
8063
13592
3191
9198
8592
6102
1253
6573
21
9497
6910
8429
3107
3665
8863
13415
6037
9037
4790
100
9545
13382
3451
9061
3686
8156
604
4930
4998
4723
3868
9094
7828
11096
1747
7845
3310
6844
2051
4047
7458
12120
2757
13579
12609
7288
8888
1179
6874
4720
9354
2173
5576
9282
9040
9961
3808
4876
3745
7794
8797
8366
7676
10461
2463
8292
9435
8933
8526
11100
7282
5801
2881
3292
11655
4690
2987
6310
5534
7853
5638
4702
12615
6029
4043
3466
4736
6959
9660
1838
3123
11866
8652
1562
10167
3290
6729
4515
8930
9630
7373
7666
497
10942
3945
375
9401
5037
404
3778
2467
93
11705
3204
10413
6834
10041
827
4524
5985
6598
11379
6176
6862
12570
6995
8535
2683
10978
2547
11338
691
7528
8192
9774
1707
7644
10213
11413
11783
2003
1131
13329
11909
2304
5343
8787
10567
8020
6246
3395
7788
10453
1731
9351
6996
12534
2120
606
10877
1671
13337
11465
1971
4461
10488
736
4122
6980
7452
4776
7033
5346
4099
9029
292
8890
4903
7296
3969
13215
7396
13531
5763
1963
10466
8010
3441
5394
10060
2387
2671
12891
3516
2502
3988
3999
63
1384
4333
650
1967
112
3024
5444
804
5652
8769
5930
8318
3331
7152
8053
13476
3793
13251
9592
851
13280
6838
3057
2665
12295
4950
11187
2679
3893
5491
2977
1053
12695
10937
10597
7521
12052
8345
7734
5662
10583
2353
2660
1028
8472
2711
3821
7026
3128
12688
5593
9671
7377
7942
12003
5896
8015
8696
903
2040
9864
3751
8742
1862
1805
7468
13492
945
11834
4259
9882
2107
13499
11317
5610
11590
8641
11095
941
6930
1020
9724
1847
12203
3898
437
5410
11637
4882
13161
739
11059
11483
7601
5102
586
2989
4444
6567
9220
5259
11471
11400
13503
5637
6797
573
12232
647
595
7034
5347
3396
7444
9500
4566
12046
7594
13088
8473
5028
732
10955
11191
10100
5240
5713
3085
9303
6599
4680
2195
8352
2798
6011
11357
13147
9144
12424
9523
9411
5311
6772
7704
8798
8356
6250
1040
8150
3968
6761
8401
3612
329
2546
12121
12489
1429
6237
13097
433
5203
6187
9052
4370
967
6854
11921
11678
11926
11815
423
11605
6235
11887
11005
13173
4652
9100
6213
2562
4605
4317
5393
8338
3361
1777
5149
5918
3186
8700
8039
4419
9753
12464
2852
6004
168
3419
9584
10449
6273
10429
136
5374
894
8389
1483
1792
6180
4863
6177
5208
13500
11042
11308
13153
10581
5181
1447
199
12717
11803
11658
1823
9987
6066
8922
3886
8067
12585
2121
11657
807
10787
5661
2997
1198
4403
9013
10903
1241
4051
8962
623
12267
1162
6356
7179
2603
2775
3781
13310
5846
12579
6118
1740
2282
7939
5103
11218
12355
8216
8408
11052
10102
5249
12281
3421
4262
207
11702
2322
6185
591
5272
1720
1863
8717
10527
469
5446
6265
11003
5627
928
10088
2721
9661
2934
1913
956
9680
25
1134
10389
5021
3224
9744
4939
9837
2937
3533
10838
5116
10379
4845
8131
8032
3854
7997
7148
10563
8372
5368
6594
1434
3912
12895
3091
2344
5995
11490
8286
770
8829
10728
2492
1208
5294
8467
6950
1152
5302
13392
307
10251
13160
4182
6922
7204
6926
5531
2610
4305
7316
2787
6738
10179
9123
7742
6242
6521
12418
5819
6167
3455
13242
12843
2418
10623
8393
11157
10215
4464
973
1634
2435
9008
10146
3762
6001
8448
11870
7365
7263
1472
5795
9797
8752
4469
2957
10959
7098
11491
1684
9359
3918
9396
7012
13260
5251
12927
1071
7108
13062
4420
2251
12372
10873
2956
9781
2659
10638
4187
7250
8622
11383
12134
10297
12201
12263
4353
4984
11306
1641
12676
12561
8948
3560
3622
6021
7221
10148
13556
10368
8994
6172
1207
11122
11723
10915
8343
2292
714
6687
8736
4735
2745
3337
7456
8615
3219
659
797
755
10200
8291
2496
7599
1871
2046
7877
4851
5072
2163
6036
6921
6216
11085
537
9893
2897
7768
2222
10327
2599
705
3468
6744
5874
4373
7891
9225
4859
13123
3264
9845
10799
2732
