13533
7601
604
12190
2321
2051
9680
11679
7594
1944
8359
385
203
5714
6360
7236
818
6263
12256
4098
5674
8849
6523
10262
10508
331
6051
6110
6374
11023
7526
12139
11529
929
7789
4506
13252
6611
10628
4572
11194
10024
4080
5157
2269
2231
4323
1099
8442
7267
3204
9304
4705
30
9663
9323
3225
8265
8251
2622
3832
677
578
6507
5189
242
3
9533
10365
1826
1627
12839
13205
7783
13177
10988
8539
12553
11781
8303
7868
10544
309
4546
5445
10615
8831
3588
13132
8998
12832
1823
9616
2294
7328
8973
7745
9215
902
6848
9650
11
8419
2173
12141
9879
12542
3536
9501
503
1888
10858
13397
6675
3457
10769
6089
10602
1812
3421
13440
10721
8715
11783
7165
10994
8901
5828
4699
11290
12339
8372
3155
8747
594
4679
12031
13557
8565
7014
3425
10093
8946
5662
6475
10616
4489
4199
2118
262
10242
13192
9333
10340
13576
2040
10154
3166
1858
8052
3408
3096
725
10236
1328
12399
1722
1679
9530
10414
11361
5258
3011
2555
10214
7154
4554
1341
3662
1173
7048
13483
12171
10603
9417
5159
5794
7473
951
11535
10593
9364
9733
7517
1754
1406
6565
12276
11929
12052
5316
9967
1849
5694
524
3035
1243
2516
6546
10047
10963
6100
4788
11757
6700
2777
2125
1040
3047
1791
1131
11258
554
9037
6419
3601
9812
12958
9951
12605
1278
13413
2275
10327
9816
9564
9748
3193
3815
4109
4813
4054
374
1532
4791
5063
3822
6313
9724
12480
2047
11272
4885
200
7304
12416
9272
6448
2901
8588
9049
6142
2865
4565
12381
3062
1578
5622
11386
161
9406
4391
8552
10064
10833
11314
3557
577
1534
7495
11914
13444
11827
9124
12237
364
12148
5313
5738
3149
5718
4222
8848
6447
8818
3022
997
1218
2846
4332
5753
13254
11100
13226
7108
10807
11411
7034
1490
11435
5462
7073
2429
6491
4669
8713
13481
9662
2213
3136
5155
4416
3788
2206
66
7086
2338
12709
12135
12423
202
11947
7207
616
10095
2999
8042
2416
6140
13016
11250
9236
9700
6842
4729
11092
3916
4718
1788
12528
10998
8416
7259
10035
9403
9588
7418
1122
8806
13310
7375
9059
3736
2166
4417
5812
1509
10592
6924
8037
1451
10516
7482
7300
9207
11508
8985
4635
8756
1906
5948
7179
12727
1614
13026
1604
12802
12781
13328
13384
6145
13586
13216
4818
5187
4267
325
1369
452
6572
13333
3328
13122
4431
6550
2666
8983
9507
4207
1070
1485
509
4853
1920
7499
9820
6341
608
4103
7391
11138
10669
6349
10400
6852
3173
4603
10259
8020
1901
5276
10534
3830
8100
77
12108
7622
13527
8249
6401
8342
8181
3855
6241
12458
6844
5185
7530
11126
11297
4827
11247
13294
9302
1068
2072
13007
12608
504
3721
9460
5201
4902
971
1325
832
8880
13595
13480
10046
5757
11512
9866
8274
7271
74
1035
3252
4781
11927
3006
1623
7564
12114
2498
5378
837
3217
597
8702
10642
7467
10802
488
9062
11275
7480
12143
11325
5339
11074
11696
467
1916
535
12078
9258
192
461
10609
6177
13089
9796
9202
8399
1601
5572
1649
5306
8046
261
2444
4147
3484
7276
3087
3567
7534
13004
4904
6809
3921
4351
4292
2774
13204
11971
5442
10530
11732
973
6630
4001
9328
10696
9975
7762
11912
13160
2424
3549
8185
4358
9715
13275
11337
12335
283
13166
5940
13344
9044
1315
5820
13582
7146
7147
6733
12747
13580
12639
2205
5444
5354
13102
12561
10732
11143
3248
1677
13317
4600
3242
9360
5922
3258
9884
3460
13222
10993
12947
10099
3358
8425
2768
7225
8287
2894
4941
9759
11069
5151
6129
4198
12687
8655
1397
7338
5225
266
13560
10731
3602
11966
3381
2958
2730
7382
2767
2327
9335
2123
2919
4660
5356
11836
87
7572
12633
9729
8079
13052
556
9191
1009
11489
1828
1079
13145
8380
3391
13306
6873
10044
8473
115
13286
9525
4646
2518
9114
10007
2074
7307
6699
10660
10472
9098
5315
4005
1165
1415
3200
5472
13449
5175
6956
12927
11777
102
7628
5653
7190
6645
13156
12803
11661
10891
1449
3495
9439
1194
10719
2180
6226
8921
9687
7221
434
1161
8879
12133
11750
410
6843
6283
2757
8721
10766
2230
13531
2632
12142
1692
5251
10556
5310
1114
4823
736
12284
10477
1085
12900
8851
4442
1207
3975
13267
4535
11128
7689
3636
6784
1217
2412
1304
1985
8
2588
6393
12189
243
11229
7463
13500
10363
1773
1571
6535
9466
125
8505
7944
2784
8900
13039
11306
4612
149
342
8694
8364
6318
6112
2747
5688
10574
10886
10048
8365
1705
9502
7706
13129
6740
1272
3552
4747
6319
11854
6954
10117
7971
13182
1320
2650
8551
11483
10239
9237
2648
12879
11108
2556
13399
4580
5397
675
2484
1204
9036
4745
2427
11426
6039
2677
8924
5979
816
1238
7861
7929
5793
12510
12323
5589
6445
12493
3892
405
10789
12999
927
11846
5517
5919
7437
7576
9047
12340
1777
3310
12650
13189
10681
10573
3527
1569
12622
4171
8555
6552
9930
4777
13270
11890
3255
1467
9907
13111
11383
6496
1590
1895
8012
4315
5997
7727
8805
8264
7654
5564
12661
2634
6846
4333
420
923
8724
11595
3050
3891
7227
1540
1220
13140
12660
4308
4324
2507
6108
4328
8822
7963
1391
1803
2445
1022
9491
8951
11056
4215
10015
1464
7193
13487
9473
3270
7724
10922
13551
4035
6425
2903
4619
8703
4787
10633
630
9671
6217
8768
13322
174
7942
5150
13038
4756
10854
7331
6916
988
5234
8001
3787
10635
8858
12185
10096
4726
6536
6478
4518
4849
12874
9312
3333
13060
4863
1778
3723
5422
12805
5274
13508
8782
10347
2965
11905
5998
260
2318
4461
9026
10486
10529
1433
7665
10904
10812
5124
13248
9307
3014
5226
4742
9005
4929
6988
6555
11196
8234
2375
3120
158
11620
7623
9093
6234
7732
6659
12749
7195
1560
8640
7973
11921
9704
5869
8570
7238
9166
7918
1530
4493
641
11773
13299
4537
315
7462
9721
6171
3129
9835
13526
12123
3361
5513
12376
4306
1450
11619
4690
6471
3906
4224
10777
653
12174
4767
11462
9863
3966
13066
13219
2603
5593
10792
7395
9468
2540
10584
2408
3583
9115
9082
10764
6575
4242
2032
5009
1366
4831
5414
10715
6343
10043
9771
13070
9310
9555
5689
8591
2719
9
11544
8439
9249
12841
4346
1635
13084
8469
9608
2200
1175
6407
753
9357
7936
9421
6257
1283
3086
9894
6526
2368
12333
11036
3496
10028
11986
11281
2575
7013
9605
9261
10271
964
12908
10063
3003
6032
1483
8157
2209
2805
7254
8247
10717
10969
4094
10692
11160
629
4486
12668
1424
2496
10298
82
4481
12683
1152
11650
5013
3760
8692
12193
10800
2467
9875
4748
933
3852
11506
13092
10921
11064
8220
3795
6362
12856
913
3329
12154
7180
836
3232
1625
8076
4212
1672
9087
4363
2643
2353
6506
10814
12429
1472
4208
1427
13188
7579
5814
6161
7924
6998
7364
8385
5102
7163
2102
1306
5427
11153
3053
12821
7912
10815
2740
5227
4256
7691
4349
6210
13588
3432
2090
6289
6163
4186
11978
5895
9597
2418
4602
991
1015
5584
9393
10274
13047
5264
1592
1572
8959
10875
5001
11268
7002
2246
5900
9143
587
1393
4089
8378
12095
8377
388
11637
13498
9259
12211
2017
8920
12906
176
406
5221
3372
3145
287
4206
6355
11388
5233
2179
11098
1473
11288
12942
9583
9553
7650
12716
11536
3396
6137
4735
11943
9640
1994
8172
11583
11589
11141
10315
12904
9275
10034
7985
4570
9263
12250
1280
7438
4399
12348
5062
2798
9546
7257
8745
2852
822
12970
10190
6656
1367
7614
3696
6287
2300
2717
7800
12923
487
5996
4869
4525
9716
3990
5395
10946
13493
12485
9767
10697
10132
10673
2502
11015
221
13172
12682
11531
854
10657
5428
7371
3555
1924
43
7826
486
10225
22
2712
11655
10939
24
1668
9749
393
9658
10261
6544
13570
866
7051
10733
13552
8500
2576
12045
4856
10843
8036
6735
2211
2810
9229
9096
4024
1864
6461
13289
7024
6271
12418
10428
10215
2222
2016
3790
6303
5135
10756
8712
7923
107
2657
11515
5732
1511
10596
5614
7439
4520
4789
10311
13391
9870
3066
692
4255
7186
11584
11455
3491
1694
962
12551
5780
2066
11510
3201
2512
12410
8260
6586
5133
10776
4504
5596
12262
6789
8018
3732
8408
411
10501
8807
13292
5511
750
637
1553
2938
6238
10870
13198
6436
2177
4517
3631
2882
230
4607
8738
1465
36
3219
7049
7766
12535
8031
2790
6730
9015
12611
3056
11076
3811
3371
1001
7387
9892
2738
9956
5510
11698
4805
11228
2944
4063
6768
35
8190
8404
2708
7922
12604
12038
5431
135
10625
6320
8221
11350
4414
3094
3349
6755
540
10832
3156
6001
5134
10770
2251
2521
11416
4685
7687
9425
5613
10889
10676
10325
10491
4026
8406
10171
3268
9186
12829
13308
10022
9172
13566
695
9570
10974
8388
2352
11622
708
413
5026
12025
1638
13450
12863
2828
11895
2433
6702
2019
7023
12085
6069
521
9517
12835
2189
11898
9054
12514
4261
7974
11271
4029
11378
8765
6519
11865
7258
5506
1505
12932
12570
5544
7694
3072
11660
13547
10227
11804
13376
5508
9600
12501
8258
13124
6902
2946
3553
3207
11917
1003
4797
336
4997
4471
11381
8005
7874
4625
11273
97
3241
6834
4178
1802
29
13250
11428
4746
3798
11932
8557
10289
12797
10488
13499
4011
5630
9287
12012
9056
8135
301
5857
2249
1029
7097
9841
12935
5077
3205
9472
10541
11734
6704
10527
1221
11669
4868
11231
12289
3044
6662
11301
3901
7444
2765
20
12062
12564
5211
10749
8424
718
4133
9887
12240
12695
1927
12613
3800
9375
216
5423
9064
4958
1691
11582
2370
2782
1271
1011
2788
12587
9649
4013
4658
955
5547
6477
11352
2491
2898
3388
9384
10012
9389
9001
9559
7330
5303
9476
3465
10040
4779
12825
5257
3438
5030
2673
1765
3641
12097
12909
13028
2972
8813
7609
9897
10937
5256
5435
6607
7248
6395
226
10042
5453
34
9479
9294
13610
7854
2658
2923
104
13184
8977
2286
5071
5359
7399
4952
9630
2562
7768
7950
7056
9848
12049
2727
2741
12579
8110
6014
13555
8435
7522
6602
7685
8114
11468
10395
6939
544
7907
7066
4088
9227
6885
4979
9284
1741
571
13324
4167
8486
13361
3728
11330
5004
5012
8195
732
7445
3767
6219
11818
7153
963
11626
8255
1657
9822
788
8788
4143
9433
12332
11028
10101
9513
7864
442
7235
8243
3493
1069
2115
2808
5650
3944
8915
10829
6887
11283
978
600
9567
5680
7802
11560
10000
12568
9691
7539
9112
537
11503
37
4905
12138
7643
10568
2606
6576
9637
12826
1148
1351
13214
8367
4912
2979
11090
3645
5765
11131
3626
1137
7336
1986
8670
4714
9520
1838
5018
9944
5143
1644
7593
7243
4816
8855
7279
10893
3351
10872
143
13293
11985
9500
7451
108
9779
12164
11212
2223
10183
3993
8168
8605
13220
4524
3994
4059
3303
2061
3807
4060
8229
3317
930
7649
480
196
8295
3956
6231
6563
8289
7857
5178
12282
8923
2725
8685
11417
2749
9655
11014
9121
12523
5518
6339
12260
8440
11402
11155
8033
6332
10068
4138
7839
468
11860
2669
9747
8701
6396
1064
1421
11576
9701
2971
4475
5113
6066
12583
1795
7953
2331
419
6886
5697
12938
8477
10942
11394
5582
6558
2010
13596
9641
3409
1522
155
4130
12156
11041
7452
8563
12316
5495
7824
5248
4951
12916
2900
4021
363
12441
12130
370
2188
7503
8148
11507
12773
5592
5412
1723
7127
6350
12481
6434
3492
2764
5821
7686
11945
288
462
1414
2908
1932
11570
1506
4589
9709
4157
1885
3845
10468
5679
1353
12153
9785
9099
8810
7
13504
314
6156
12883
13197
1678
2329
10980
691
10021
6665
5983
1004
5496
2974
2546
9899
13562
2289
10925
1922
1976
5327
12524
5300
10859
9732
2748
10290
12422
3766
12007
10059
11214
7833
1609
2996
4019
11989
11235
5621
8421
12520
3234
7884
2899
13514
9906
12242
4957
9171
6222
8270
4266
13436
6932
5578
3461
2127
9332
10006
4653
1329
11165
6193
5514
2255
10329
10019
11723
10312
4587
713
4309
2121
12223
2957
1940
5181
6777
2149
5460
9377
5522
10655
8196
13598
12033
7199
12642
5874
6840
1969
10052
2138
436
952
13319
13346
9926
3792
3591
7951
1435
12225
5367
2389
8937
5010
10737
7016
1287
9282
8781
13295
6980
11501
7595
1404
4432
98
12278
7367
11527
4492
3769
5046
13287
5734
11790
1298
863
3965
9997
3890
5830
1459
1997
1737
13136
8697
3979
11226
1056
6570
5959
354
1780
13331
3049
3534
8205
2775
9362
10892
189
9398
1045
9538
759
7816
8978
1753
8941
2976
12191
5407
11915
13513
4193
1117
8545
11543
5302
10398
12926
5385
9436
6817
418
8308
624
2038
6297
6715
5245
8664
9130
12966
8363
7359
9265
11859
5850
2185
12941
6815
220
6826
4569
8351
514
6934
10751
4692
69
10041
10393
3263
7604
9042
4505
9242
8099
265
3456
5772
437
12060
3886
546
11065
12574
13246
4681
7430
3099
9861
11504
9224
2851
5186
10630
3416
3300
12706
4202
2614
9029
6926
7611
11833
10808
6444
4945
6490
4710
12094
10558
5797
12988
4457
5668
6976
11709
4670
2057
10493
4810
8546
1222
11629
6369
13304
1647
7037
1666
758
6548
3083
8898
12688
3259
12120
2642
19
3586
12867
5663
3505
4790
6688
8980
11612
9694
5331
6827
1232
4327
6273
7965
286
1493
6338
3813
5787
11864
3982
8311
150
2743
5504
4445
11897
879
2831
2065
2257
6198
3211
10851
555
232
256
5707
6459
5681
1641
4734
11179
3561
5173
11955
12721
3842
1326
13407
7893
1072
10901
11782
4903
10742
6205
10196
3630
1082
197
13515
4750
10207
4078
3045
7060
6386
7015
6055
1362
3668
13055
7233
12219
6782
3218
13223
7913
1342
9106
9969
349
6666
3426
1143
12208
5749
2084
4325
3254
2487
4369
13190
8592
5406
5055
11173
11678
3133
2314
11151
12035
2561
1268
3752
6279
9764
11910
4108
328
7848
11991
12365
874
11081
13272
707
9387
7799
2836
3373
236
12997
10809
1850
4278
7292
769
3802
13539
12975
3085
8062
7091
3652
10204
6499
5690
12447
417
3939
2875
1919
9735
2568
8731
13495
1299
6639
6707
13418
13144
9245
11785
4
2801
4321
4628
9869
4837
3295
2925
6517
194
10098
9814
2527
9746
6132
12969
10069
3858
4314
9667
300
5088
3142
13435
8430
4801
9269
9061
12202
9653
3073
11707
10251
11158
7475
7613
795
5307
9035
12917
4411
2526
1581
3977
4066
9097
1907
4995
2554
4214
9346
4390
1516
1859
1486
11434
497
10611
3285
2182
12147
11213
10077
3712
7932
13472
1977
6529
390
2689
11810
8615
2383
12822
8796
1750
2840
6946
6113
2746
3101
11951
7946
2272
12074
8691
5737
13464
6731
9420
12931
1170
10335
8970
11442
10170
2678
3643
11309
762
1442
10919
8506
12573
8623
12155
12383
8629
6063
12162
6628
6935
6365
7672
12846
3382
13377
2417
9783
8481
7959
10817
7278
9690
3967
9607
5846
12987
558
7792
2845
8791
11566
12302
5194
7967
8633
772
7640
576
11819
4553
12965
8641
2162
12252
11121
3654
4116
485
2064
10031
8723
13242
4873
12985
644
11169
3021
775
2159
11952
1314
3335
7608
9441
7072
661
9725
3676
12306
9448
7600
7508
11038
8320
4062
7589
4516
780
11021
1301
7713
11443
792
2724
12254
12637
12624
1999
2652
2950
9149
1409
11279
8945
10197
3675
6121
9952
12800
5729
12016
2092
9677
1975
3896
2862
4283
7559
4768
258
880
6109
5500
8102
10386
12866
12518
13394
4375
4688
11764
3918
5451
4551
4320
10502
9612
6994
9839
7830
7456
1153
12951
2194
12064
4253
1787
5868
8468
2366
3522
6246
639
8032
5363
3004
157
9159
5172
7700
1345
7273
2380
9710
9986
3046
12391
3293
8577
5075
5487
6828
5768
12006
5275
886
1444
11829
728
13073
438
12275
4463
8063
7894
160
3560
12884
13130
7138
8456
6361
8016
8669
12784
4140
1856
4068
7523
8428
8609
8084
9950
5243
165
3910
3682
4538
5744
8452
7842
8689
3418
1368
11461
3368
11205
11377
6022
3818
11948
9659
11789
7322
7305
11201
3774
3385
8343
2616
6838
2570
13553
5105
10583
11487
12905
281
12489
6284
10189
1134
2146
5162
7621
12751
8002
3180
1915
326
12529
6255
144
13549
2468
13496
8650
7100
8309
7471
1223
8757
12440
5321
5595
9334
3948
7837
5536
11177
8586
1646
7104
12017
7316
13123
11217
7782
10494
3657
10953
1160
12436
2863
6578
8124
8211
3185
9947
8347
774
5748
5006
6164
1987
5079
6294
484
7345
8127
8137
5625
664
11123
1792
9226
3309
5454
3001
1603
1964
12843
10539
11199
9022
7803
6686
5870
8922
2034
7370
8049
26
7914
316
3031
4815
8316
2301
3029
8885
10235
6769
6204
6829
4596
4220
11887
4424
91
285
12439
10467
9510
13485
7454
7064
9862
12590
568
7859
12629
516
9635
9563
1242
5527
640
13290
7742
10140
1840
10716
11380
13180
7982
2608
2139
6261
3885
7506
3169
573
2438
3483
8600
1853
5034
12479
1514
5967
10267
3038
650
8568
9834
7629
2571
9443
10252
11592
7626
9936
12005
7442
2471
13461
2288
12400
12945
12630
8129
8875
659
2745
6356
11780
5528
2078
7093
2365
3181
4079
3068
1378
7825
11183
1349
12799
12508
7203
9903
599
1538
9750
2217
186
4620
3537
10357
4706
3316
12107
6562
6991
10136
2756
3632
2558
4919
10278
12680
13168
7140
12419
4914
5934
5457
8987
1407
9888
8853
6298
1645
8604
8797
3097
7041
553
1908
948
11427
749
11870
1991
12258
12715
11880
3724
12110
13206
11048
2210
6737
4812
9459
5084
5163
10313
7927
6814
10523
5291
2059
2827
5312
11278
1533
4238
10743
9665
3331
2397
10368
765
6803
9973
2552
12673
5652
3576
7125
11569
12203
10945
5819
6291
531
9885
3059
8888
11821
11198
6972
10380
2379
3210
7880
7167
7919
2025
11246
7952
2560
5849
3539
4847
9827
12753
2116
9777
897
70
7130
8878
581
2227
7061
4192
10910
2980
13343
1417
7087
4920
13550
9974
12098
3157
5320
12486
8067
10702
5285
6574
6270
11097
3851
6086
8752
10164
10707
40
3629
8996
3362
4526
8177
1938
5305
8000
2483
13247
9965
2479
9740
11959
10071
5421
10310
7465
11517
11849
11522
2221
7823
1425
4581
12040
12586
8653
6819
4423
6152
8842
12791
4271
3117
5140
1431
6513
9995
10479
41
10865
7137
843
11559
4963
2100
3302
8722
11362
5240
7302
13049
7401
5938
3369
5128
10804
16
9877
1190
1462
9928
9213
12464
2156
8532
9104
12558
6473
4519
4169
2838
5664
9958
11493
4183
2336
8616
1913
13138
11358
5190
1093
12261
10936
8665
451
698
10938
850
2346
1554
9632
11341
6680
1935
1520
12691
12404
12735
6837
3479
3926
13351
299
3403
2364
9477
949
7765
7570
3340
10826
12200
5074
6727
3598
5540
3220
7541
3113
7754
7964
3260
8472
7566
1051
10819
680
5120
6654
11823
1783
1475
11886
1498
4948
1928
4155
5980
784
6480
11946
6770
1387
534
147
5224
13341
2789
6869
10983
5229
5278
4555
9523
1112
3030
11787
3806
3236
4104
6579
2912
3746
295
10464
8338
12783
868
3257
6290
10258
11031
1097
8632
5129
4275
13575
4350
2510
9257
10466
2630
7911
8710
6128
5148
11676
10906
12281
1960
10168
3105
12877
9482
547
9589
3639
7619
10979
4601
5978
4630
9457
6002
646
4056
10670
7380
1675
9336
2422
11766
2549
658
3060
3321
8928
11079
11976
6620
5766
6253
4282
13584
3422
12303
10163
81
5373
12426
9419
4085
422
12274
6439
9009
2594
9668
8967
13262
8909
10461
13282
6045
8960
11452
6696
3884
7332
1574
10871
2031
6387
1429
12467
12770
3419
961
6143
4617
12403
12726
8942
4785
642
8571
9648
598
3443
7392
10822
11110
6522
4284
1676
5648
5781
4339
13040
10162
2824
13115
8014
13370
12271
4639
6637
5770
7890
8763
4656
8300
3024
6754
12428
12304
4397
8041
4221
8769
12594
13337
6167
3571
5468
10
13529
2949
8496
4586
4631
953
9955
11980
2613
12469
2763
8850
8674
4792
3617
12804
10008
8009
38
12230
2400
5220
5887
6345
5612
9856
7099
4744
9065
6296
4123
2101
1790
10683
4877
2453
5048
6105
7058
12235
6088
1127
1178
3507
8212
4890
10984
9343
3245
10286
5490
2450
4112
4917
12470
11663
13392
12732
11342
9388
3128
3305
7341
5740
8627
13355
12421
5268
8312
3415
11519
8169
862
12023
2640
2645
12065
1136
7920
10923
10727
7710
12320
13143
8933
12014
6280
3904
9197
1879
4724
920
7105
3603
11473
12818
3103
9718
4409
2486
2624
2960
13519
2911
4867
1488
10975
12855
2347
4993
3646
6714
5892
8547
5366
6348
7288
3179
9154
6299
1164
1684
12875
10753
11125
8379
4999
2834
13316
454
6049
4579
11741
1031
404
8130
1187
1844
5839
2796
5703
9045
2509
4577
10693
1551
8163
6101
12497
8795
6157
12756
9610
9474
6275
7275
11825
8620
11692
4064
7421
13258
11735
9629
1141
3649
4857
10058
1632
11648
7899
6469
11631
5574
8603
5917
6333
12860
10307
7361
11752
801
6974
4715
13479
10371
1059
4824
2008
2488
7425
9392
777
3687
11451
12169
93
7208
12980
2557
13209
4775
1359
12011
10456
9386
906
6185
3084
13345
7081
12232
11051
12601
11742
4218
3131
9599
1617
5969
1982
7888
2931
13454
3608
7496
3095
11771
11164
7360
4364
12168
10927
3341
7829
9234
8077
13133
4125
6458
11514
322
49
11059
10964
8348
6600
4876
5461
4379
2869
5747
5330
12466
7556
1834
53
9580
11045
11113
5691
4450
1382
3946
10422
6033
5455
12395
4707
1688
12692
6808
5099
1334
10845
8893
783
12358
13441
7871
3960
8134
11509
6641
11047
8742
8158
1335
12132
8085
6874
8727
7513
8936
3924
3435
4913
11751
2261
10330
591
9946
11241
7428
9033
10736
10460
5348
5942
4003
6244
13482
6778
8673
11651
10241
6212
7088
8844
4736
11997
5341
1827
10269
13430
10554
7514
1259
8535
12949
5829
7969
907
1422
9135
361
5806
13157
8298
2144
6235
9160
6796
3109
13577
9321
2271
10029
5570
12530
9806
5262
4865
4274
2600
12359
9880
2966
10503
7274
1456
6107
5580
4111
6288
2909
7624
12451
355
9119
901
3932
9497
7112
3970
2042
10191
5640
10240
7718
5404
4599
12127
8972
12079
4994
3074
8560
8536
11653
13269
2443
5994
5031
5709
7110
1168
2052
3814
4808
602
2273
1227
9175
2680
1939
5929
7011
559
12009
11347
6371
10192
6259
1255
3405
27
4950
5723
999
11405
9369
9496
3337
9823
6429
11360
588
6115
5704
6430
11792
1903
4544
11883
9139
12626
5883
120
8054
5745
13217
12654
5764
1912
9291
12053
10247
2565
4007
4491
6124
6357
350
5176
7883
3009
3394
6021
11720
12852
1759
5882
1318
1526
10878
11800
5491
881
12550
9644
1673
12979
8559
9983
5039
4794
1370
13462
6218
802
9251
730
5851
1586
5249
3466
11274
10116
606
6871
9871
8907
2020
12606
8816
2148
4354
3247
10091
764
5266
5231
9696
2750
569
11005
8976
3827
1050
416
8651
8584
2406
2094
6851
2082
7947
5632
489
10305
2259
3573
1930
9774
924
4830
7065
13374
12298
3063
12047
9051
7486
1725
12912
7008
992
5066
6560
752
11176
5876
4352
8059
495
1357
5089
5705
10017
685
9992
3433
13542
8874
10211
11345
8118
7545
10287
2825
2279
6147
1701
7703
10412
7378
9238
11419
8360
1820
12729
12443
8019
4141
8413
8276
8383
9253
8490
5778
6830
348
5946
1539
667
4499
10934
2983
11166
8008
2228
9020
8709
9808
6750
7419
1962
5370
7817
2847
5184
6813
9182
1766
1489
1704
5954
1965
4413
1257
6170
1273
12369
10687
7403
4966
4915
11159
2573
12618
459
10614
5586
870
13565
12665
10846
2635
983
5343
12881
7565
10591
9685
10639
11861
12248
2155
3189
7819
11260
5676
5964
12482
583
9953
12089
3018
5164
10763
5467
10231
10735
4542
10961
5270
2128
5027
2097
5675
2276
9810
9773
1618
13375
5446
975
6252
3134
11795
1125
4558
13349
12705
9252
4075
111
7876
2099
8794
8704
12712
11770
6920
205
118
9050
10550
11784
11267
4134
7786
72
8223
10220
11599
7313
12954
2646
3407
5845
776
3725
2402
6698
11289
2419
7396
13594
9070
3635
998
6229
12824
8566
5107
3596
10265
8043
7898
10563
10324
7315
12390
1154
5973
6431
11682
4515
333
8412
11057
1670
13249
11761
9359
13238
7905
10234
9128
7755
9222
8740
3184
8262
11061
6802
941
10070
13410
3988
12115
10088
10949
8767
1466
13119
10912
10956
10384
9780
11856
4733
8607
3644
1797
4814
6353
726
5810
5533
12344
7181
3183
11145
3490
557
3363
7264
8646
9695
10784
10917
10782
9751
6979
3748
4901
3733
8088
3927
2270
6406
6567
4662
5146
9063
12069
7525
10774
8246
10548
474
4507
11016
1300
4259
10201
11208
4559
7551
8814
635
6018
7350
3012
10978
4205
3551
4870
7992
8597
3533
10389
10219
3384
1058
5975
11006
13178
9506
8833
9325
3943
5683
4695
6116
12351
353
2109
2910
1399
11812
6310
3199
9647
6165
4490
7592
5361
1032
11690
4211
6399
2460
8672
5602
9576
12360
3452
4550
9895
12641
12380
2029
4307
3781
10372
4262
5349
6315
1266
3445
432
3604
1631
1310
13121
4968
11828
11937
5834
10333
13517
277
6440
4500
9745
7306
9574
7026
5801
5585
2337
10391
8902
7978
8501
6327
5119
8245
9504
13314
3079
7934
7296
9027
7578
7582
2036
11374
4310
12599
330
8446
11296
12919
2168
9976
12255
10525
9752
6075
9220
1876
9656
7192
4033
9512
5993
13213
13600
11167
145
7777
7374
543
5758
13094
1946
2651
12386
1352
13603
5608
3437
3823
6940
12736
10200
8770
6029
545
4583
13395
3478
6599
3147
6910
71
6985
11523
9942
13265
4480
4402
7354
4022
1177
11043
9584
12197
2621
7746
10151
5736
7804
3917
1652
10155
352
8418
6084
12789
3565
12178
10710
7488
4239
2291
7333
8823
6476
269
5817
3585
1595
12516
13008
13358
5551
3398
7003
9505
12565
1923
4164
1468
2515
3345
1567
4027
6857
11010
2136
4918
2644
5033
10665
5032
13203
791
11776
11412
10634
1832
12131
475
13365
4014
10578
11178
10897
4845
12636
11127
4725
9900
5426
357
5362
2668
4452
1277
1597
13568
5437
8162
4344
2390
6734
11743
12898
7256
6414
7688
4940
12713
11107
13227
4341
7909
7453
5516
12638
1426
12632
9742
8824
11733
945
4643
6717
11988
9316
7521
13065
10433
10009
6997
11834
8943
9162
1918
7970
4148
8034
11647
5601
10726
10757
8150
12748
13210
10587
12943
4651
1890
9230
7255
9585
4216
5713
13071
1500
9239
9442
5872
1216
12955
5204
5213
10281
12815
11740
13334
9999
8821
2538
8619
5579
7529
2220
3276
9954
12814
8323
6684
5488
12088
11549
11305
5244
11215
12720
1992
4372
4299
8903
1253
13403
3338
1402
3375
7182
12357
448
2
11414
2111
10607
11797
6004
11349
4961
12740
11066
11450
655
2536
5831
11675
3548
4713
4360
11184
191
10771
10797
5928
12277
2309
5716
10504
835
2203
5961
10999
9511
1458
11238
1214
6309
13176
4974
989
529
8166
2360
9758
3489
10706
11119
10837
11071
9233
9853
10175
9910
12030
12463
253
11658
5861
5535
2830
1364
11841
136
12669
7487
6417
100
2122
8139
4355
10309
13385
10888
4590
2530
12032
7562
6466
12471
7860
7939
2886
4343
4439
1612
8792
2098
3355
12882
4875
9071
4460
7879
9017
9979
3239
9438
8235
5399
8957
11687
3037
12946
4150
867
3962
12685
12876
9795
10291
6589
2523
11534
6524
379
10658
12600
13447
5989
4719
8395
2508
619
3569
5609
11760
9214
12502
5788
13093
11862
13313
2193
11530
12936
5017
6520
4410
10570
8292
54
5962
6538
12631
5811
3280
11799
10882
4924
9688
11357
4280
6787
5835
6515
13484
6610
926
8056
13466
621
11974
10490
9544
9060
7019
1709
10013
10406
8772
3148
3485
909
6375
5670
8590
7555
9657
5015
2172
11329
9086
1074
3476
5914
6805
11200
7544
2545
12647
338
4241
7162
1020
12584
6713
7598
3065
3040
7030
3343
8935
3680
512
3581
2755
4467
1693
5760
10510
1988
7145
8971
9847
11628
8876
332
6236
9152
740
9840
1613
614
5981
6904
1724
8700
8098
6598
2612
6470
13492
8224
3709
3653
3471
3949
1264
7653
5785
7085
8462
8261
7440
13230
6718
3123
6144
13083
6551
3929
2853
11590
1155
1225
12699
7169
6863
925
779
3793
6237
1582
8564
2800
5945
593
5254
11738
2881
7644
3535
1109
9189
8759
1157
6530
4149
6692
12430
1142
7655
5837
11077
5498
5731
12962
6301
6587
2263
8250
3118
8864
10951
5645
5509
3308
12046
6095
12845
7603
2428
1091
10786
803
1979
7160
3434
5779
5902
8403
2744
7588
5317
8288
11239
6464
724
3413
519
586
12760
7076
3286
5525
4447
6959
3472
163
4012
3808
6312
4689
2145
1503
10540
9240
12554
8483
6154
1106
1028
12539
1770
5114
13458
11610
9548
1671
5169
12796
4168
12083
4931
6094
10051
10747
11645
2742
4514
12544
5272
12675
5728
5438
11602
4752
3233
8370
7558
11280
877
1998
787
6626
11753
2726
4880
12831
11130
6085
7877
8329
1796
2822
9515
9356
11448
2089
8530
7223
6025
7183
6057
13191
12224
3504
6232
13057
10399
1784
7769
811
12414
9826
13445
5696
5355
13587
441
12717
9571
2001
6390
11867
8057
2567
3106
11614
10703
11365
2663
738
11008
2866
6760
8268
7047
2582
4657
11794
3945
3869
4394
9943
1886
2333
3530
6896
1195
9893
2722
5337
13378
4758
3288
7977
1430
2799
4145
3178
1779
12930
6277
12585
12779
9023
10344
9731
7402
6141
4765
11995
1883
7843
6096
3642
11944
3902
3844
8866
2539
2986
4998
8717
8889
1749
5478
2212
1847
2522
9141
8420
7818
7211
5387
4488
12679
5955
5926
2350
4739
11089
2629
6358
8784
4304
5855
1392
3311
4055
13224
11532
2158
3689
7384
6329
5011
9244
154
9134
75
3908
5559
5360
789
12517
6056
833
10553
10547
13474
6722
2018
9048
10250
12649
11216
12893
7063
218
6046
5473
6500
9990
2462
12075
11190
9825
9929
9295
9864
7856
7612
11553
11832
12873
2315
5238
12957
4474
3622
2713
710
9646
1958
317
2940
9410
344
13231
10367
6060
5501
12257
204
3458
12842
9464
5137
11579
1929
8339
3152
6917
11030
7711
10824
6481
7721
11984
727
10691
11551
1717
7334
13534
8464
11353
6553
3164
6527
1119
12236
13311
6822
2945
7846
3801
10304
5267
4293
7910
1654
3611
5180
6820
6938
1021
2580
11680
5408
513
12238
6405
7483
9693
7281
2520
1952
4484
846
12050
252
2015
6583
8392
9706
8454
908
8787
386
2409
6660
7646
5802
10868
156
9281
7214
9769
4778
13548
5127
6306
101
10038
1432
12456
1363
4795
8916
8865
9326
12511
885
7554
9755
9007
8606
2126
5898
12146
9621
8579
7095
2363
8275
2446
10199
2975
6716
13225
4663
10905
7542
12820
5843
1138
5318
4584
2954
12702
7083
13185
4353
6977
6670
2896
9711
11317
2574
10606
7675
11157
3681
11187
6323
12607
11722
8488
1252
8589
7150
3283
12468
2732
8333
9455
4851
6745
8841
9372
8750
11954
6818
1536
5618
8749
6706
9996
13012
2935
10959
6020
8474
13297
12827
5041
1147
7504
9601
9218
12103
10928
10990
2572
9801
4092
5093
869
10518
3347
12838
2535
859
4302
4922
3941
8193
8154
1921
6215
12719
4835
7980
8026
2844
1062
10601
4696
2436
5576
2439
6061
8718
483
6247
57
1010
6403
746
4476
12328
3076
11537
6981
12995
9248
10867
10760
6452
9100
693
917
10437
4960
7166
473
13221
7549
1067
6377
7082
8317
4677
2592
10246
8617
12287
11464
2175
11695
6694
10566
1
9493
1061
10576
2053
1887
5098
7325
5111
4988
7831
11055
8105
9794
1192
8449
5569
9717
5526
4004
12420
2711
6681
4158
7548
4817
182
2697
10054
5769
8895
10582
8082
9078
5289
5968
2238
5277
651
7903
6608
8119
7022
10423
11666
4428
2928
11478
3737
4412
10761
11225
5853
307
345
1712
3759
13
1878
8164
7156
10375
9185
10223
11118
6264
8890
7547
234
8069
3740
4099
12761
12204
9938
4697
11211
12776
4023
12771
4700
227
11046
9235
9478
11299
4693
6422
668
2420
7501
11552
6798
428
11642
11838
5464
13579
13114
5035
11029
939
11802
13490
8762
11218
11142
935
11999
5858
12111
6211
9314
4497
1386
1575
11500
8344
64
13085
1660
11813
356
1573
768
13507
3986
1088
2046
1460
2667
12548
7201
13298
3854
12364
10055
6175
508
12101
517
151
1867
9539
11624
4234
9013
2641
6832
6925
1333
10407
8178
5384
3846
6176
117
3150
1842
4989
7630
12992
7552
9246
4654
7464
8764
5212
12092
610
9053
10123
10193
8161
5112
8144
1096
7771
1902
1831
9176
6209
7943
3269
9833
1855
2466
3898
13091
5295
5014
11874
10931
2463
861
2304
4053
11688
7867
5198
9371
10729
3477
703
13362
13471
4398
11291
3770
10932
13448
11600
6416
8155
10767
2991
3028
899
9315
1953
6073
334
11805
10108
5977
426
1756
9617
6695
171
1037
7736
8786
1089
6388
11884
3864
9381
8142
12367
5519
6839
4433
1448
12176
2706
2959
11496
3888
1561
3163
10285
12894
5913
6537
10667
3376
11009
7701
5383
13540
984
5577
754
6184
7500
13544
742
10926
10885
3041
9190
9703
10348
12764
9415
11516
8867
7327
11180
6272
6866
8504
950
6474
5531
6741
1052
362
689
403
3108
12415
11466
9591
11652
1837
12297
8631
3894
13302
3144
5901
1851
3414
4313
8861
4367
67
1624
9739
7021
12527
5171
8687
3215
4043
2783
11439
6661
11351
9734
496
12246
1317
11567
141
4843
4501
7926
1133
4561
970
943
7575
3395
12251
10118
7906
12091
5292
1179
11613
7847
2841
5215
2704
12349
2504
9661
8587
11745
398
13510
10352
341
5638
8678
7470
13158
11133
8075
4909
5886
2682
12750
12772
12976
6380
731
3735
7707
11475
11803
7055
52
12921
3279
8324
11376
4135
10543
2988
10431
11186
6106
4268
9400
5108
11899
4015
61
4786
12994
210
11942
3378
2339
5678
3151
2110
13041
6130
5803
969
8136
6903
7204
3893
6663
3272
8982
10288
11335
10522
11227
2312
1565
6125
11223
4539
12378
119
1236
9643
9469
13061
381
8297
12616
3989
3546
8357
13215
12658
9194
3542
5239
11073
13412
3778
12159
10954
13473
3116
8886
12158
1600
4273
6948
10505
9146
13353
11372
13387
5486
8499
13554
3005
5771
11701
4197
3991
3610
12816
13021
11916
13107
7265
9108
11906
4591
12677
2932
1000
9932
13354
1949
3838
5153
2587
7397
13366
10056
2345
9412
12500
8734
6354
1911
9080
8107
2481
4953
8207
13396
8305
152
11449
13578
6067
13336
1905
12427
2452
12021
5939
4741
934
9391
9201
7431
6982
10935
13476
10783
3572
11542
241
8064
5918
2264
6800
2607
6701
4686
5057
7639
1496
7684
13251
11511
4113
6494
7337
4675
4528
9782
12738
8789
6383
2695
4829
7937
1909
1244
3186
10233
4650
9183
2661
7915
12229
9626
12455
13003
4704
1519
7215
7590
7142
656
4647
9557
13164
8979
889
560
11053
2022
7587
10682
10933
5552
2902
8836
2407
1279
8149
6958
2620
9021
7363
12878
9231
12125
11811
4498
4441
10094
7311
13013
1169
7532
11767
4833
3227
2296
8296
12387
12231
9429
6638
6860
3731
7862
7117
5633
4638
6400
273
6194
12512
11436
4173
4832
60
3521
1663
4174
3222
1116
3577
884
2754
8466
10473
8859
10594
4634
10037
4543
582
3231
4318
12809
12836
7474
6895
11851
10617
2147
9508
1105
10567
688
8044
193
9225
7634
3719
2355
3266
8927
2391
2095
4562
3473
6093
10972
4188
1400
444
3935
8525
5448
2934
2035
3825
11458
10647
7310
946
8053
2474
9283
1942
12950
8074
148
13002
4557
6847
8719
5436
7875
7134
7113
229
5434
2596
5382
5326
2675
8225
5340
5214
1180
618
10876
2394
1461
9528
8230
7828
6624
5755
2679
12993
10131
10228
9809
3963
995
8217
6328
4453
2376
672
8729
321
9273
7885
1580
2495
6746
7069
12010
1302
1665
292
7901
5346
11391
5631
11080
9791
9373
2030
3051
1622
5712
3213
28
3195
5269
13379
10045
11638
6594
723
8051
8151
12051
12350
10656
10879
10653
3707
9016
4761
3950
2049
8984
4527
797
2079
2204
6679
33
6652
12457
13516
2349
674
7596
8676
8362
12653
6543
663
813
9529
7349
10174
10167
3332
5167
11328
1086
3172
3110
4058
5061
1350
11174
10652
7368
10266
686
8968
5206
13053
12785
1205
10916
615
414
6316
4722
10087
3160
10862
10836
2895
11908
10453
11292
4418
11105
6911
7712
12054
8083
12774
6772
279
6504
8273
4760
11598
2058
12944
4972
3669
10895
6890
10463
8228
13460
4132
4227
7770
3742
3008
3558
1813
6540
6331
5833
11052
8510
1197
6114
773
5951
5484
8826
4102
8396
2457
5314
13235
5562
62
137
10709
4991
5856
3379
7787
12960
13357
631
4800
9101
13244
9151
3776
8299
10181
10128
3132
2298
2404
5786
12718
8628
5924
700
13266
5096
7574
10552
6455
4182
7999
10318
11936
4959
12438
11758
11718
5297
6498
6621
3907
89
2857
7778
2241
2214
7749
10513
6751
4285
4571
6564
8508
1087
4095
3900
5483
5494
11116
1643
251
10100
7747
13602
657
12234
13142
12244
11120
871
9136
679
12177
3400
13405
4771
7489
4235
539
2685
5686
10378
8675
8349
4087
719
670
3799
3167
1224
323
11430
13283
10153
6408
3410
10795
6208
4667
4721
7994
5774
3812
2977
4716
1215
477
5069
6738
13147
6373
3928
5372
6678
1210
10722
3768
2477
13532
11763
4002
3772
6058
4117
13031
9352
5800
8097
4074
9271
1819
1023
6771
4769
6322
2636
11044
1661
7763
4300
9018
3821
9537
8638
11192
3235
13416
9300
4978
3856
3777
8656
1463
7692
9673
4233
12301
1372
5775
2985
5932
4956
4153
12635
4330
12496
7516
8544
9934
8654
533
4257
967
1282
3749
11424
2610
5465
5118
306
13411
11786
9964
11322
13067
2870
6596
12299
1208
4984
5179
9963
1132
6083
3019
4482
10664
1005
11538
12918
5523
960
11207
10708
2234
1727
3446
2524
3447
1163
5598
11902
1550
7040
9681
575
6005
4784
11050
6168
11982
13048
11355
2043
4983
3017
7580
8520
2728
7286
10377
11232
9331
8837
12563
9345
12657
1286
8649
5493
10129
5816
7404
10256
9488
12562
2160
12286
12195
3121
376
5599
8711
6092
8777
13109
7866
3804
10102
3550
313
7916
12895
8517
982
7631
3383
5823
12179
7933
4382
3078
1269
10775
6213
10194
681
4084
13574
5558
2500
2551
4231
10649
11140
12346
8141
8999
8550
13096
12956
8030
3431
4070
10322
1963
2252
6875
5950
3043
1719
3751
2731
7139
9416
5893
649
8432
4770
12076
5110
6762
1075
10492
2377
1090
10403
8847
9492
10869
382
4540
4582
12454
9184
4530
7676
5400
12446
10971
853
11236
13469
4892
11953
3538
11233
13154
8045
3509
5943
4511
10918
10517
3392
895
7836
5916
10863
3959
12249
3840
9396
12226
13077
11491
10429
1669
5873
8093
5827
12823
12536
13523
13372
5053
12321
13146
4898
7602
1123
9350
1332
13520
1405
105
6411
1968
5815
4834
6930
9602
6944
4513
8657
6484
5480
5025
4592
10559
3541
13327
7469
4362
4641
9960
4076
8369
2218
5889
10355
3499
10909
11315
5635
68
4783
12336
10531
12476
9344
12534
1381
7968
4426
9831
6884
8873
4753
396
1706
883
12048
4605
13194
10613
8006
3998
5890
78
6853
1457
2566
1508
7887
12858
310
3330
2883
1311
8839
6835
8269
302
8460
3671
130
12697
4861
7194
7938
6773
4396
1322
8612
993
9320
10432
6595
501
3831
9738
12572
12844
237
5567
5058
3356
7896
12307
9221
2475
11994
8081
12854
8991
10542
13161
5403
11313
11962
6909
3920
4250
9081
10712
4632
1189
1293
11318
8516
7230
401
9247
1640
7855
6420
2367
2759
804
110
6178
12345
1549
1491
5549
796
2848
6123
5131
11889
1497
4086
6200
13419
6202
13404
9308
6282
3397
4975
12588
5792
3936
9628
940
233
9211
694
2456
10396
996
9911
8636
284
828
12412
9838
2062
5894
10217
3873
106
4955
8461
4072
9890
9494
7605
1585
5921
10283
7308
2913
9140
2715
10141
6945
10209
6243
8356
8200
3618
9811
2303
7478
6317
1115
7820
623
11563
2385
4393
1544
7365
5296
10178
3575
5368
7759
1171
4971
13228
7226
8279
9317
11240
684
8521
12525
10498
9837
11957
4556
12187
8188
990
7287
11144
2793
3931
2281
2292
5808
9606
1030
9418
3081
965
9805
7224
8495
4286
2140
4069
6748
8518
8688
10458
13609
7810
1262
6987
7988
3718
280
636
6146
11156
2131
13139
4401
13546
9084
1239
4666
921
11923
3380
6330
6207
9713
3112
4047
10394
9882
6582
11348
13208
11072
11665
847
8569
12312
1047
4986
9376
1768
12290
482
11393
6278
11387
5844
169
1016
5411
7772
5952
10686
5773
1100
7164
10884
8233
12181
4371
10968
8038
11122
4645
10788
11371
2295
6597
669
5376
2033
5007
8447
10180
2701
10952
31
6528
2308
6629
7599
10454
2357
8981
9354
12352
12293
6254
8104
13243
6173
10995
5217
12037
942
9445
4776
3829
3568
9111
2011
5966
13559
11775
2529
11926
8812
7355
11621
6372
6351
12201
2012
10689
12922
6308
12567
11068
2873
7339
666
10276
6216
13443
9437
13170
1394
8314
1241
1736
128
1974
2583
10424
12978
11026
1428
6878
8931
3791
2403
3023
8958
11992
12084
7205
478
3625
12777
3985
2381
6650
11254
7784
9260
2628
2872
13488
595
5583
8236
2820
5841
7229
13457
3342
10134
2485
3685
13518
9852
7411
12308
8361
13044
13042
8451
6385
2441
12435
5702
8070
10331
5052
11111
6404
8445
7197
5722
8304
4532
757
1936
3909
184
7997
7607
3953
6402
9736
1809
6239
11117
7352
6023
11882
12940
5064
13494
5255
3562
1720
5371
7289
2373
8668
11220
1681
12671
3454
12165
13236
6960
1956
6793
5208
6389
1046
8625
7390
10430
8698
5715
12263
3061
7696
11114
8463
8013
7636
4874
3688
13229
8599
13027
9431
5392
532
815
8671
10272
13112
9728
4487
4010
7869
4154
10838
5247
4976
987
1248
10030
5142
9413
13179
1751
3327
268
10678
11256
9055
5301
8870
211
12896
7531
4637
7882
13320
2877
11453
8060
6936
13505
7346
986
8966
7966
10894
12295
4209
2224
1527
10997
9198
9024
375
8554
5139
1713
785
1980
10411
1101
3297
9150
2811
6632
12215
8899
2994
13241
5784
7892
6099
9349
12870
12722
13326
6807
13148
12503
8218
3135
12118
3348
9642
13489
2287
7796
8306
12413
3196
1772
8330
13163
371
7324
2532
6068
3107
13348
10487
8390
9962
9067
13585
4415
592
13589
339
11806
5456
5144
12963
12082
12442
10730
729
10765
12509
13030
8930
1176
2088
2833
2181
4419
10385
10996
394
8301
1226
1860
11930
2927
11594
4616
13583
12576
10359
13398
2501
8693
1983
4970
6427
2334
2354
6293
2494
2531
6955
3282
13369
4512
9444
5912
6031
1815
11643
4684
5733
2343
11039
9120
11547
6728
8562
6502
8325
10857
7096
5972
3914
2690
12019
5054
13072
2933
506
6340
5476
12113
3543
9970
9208
1447
7751
9542
6604
7536
8227
5104
4821
1380
848
4152
4772
2317
10880
9379
3853
11255
4804
5353
11396
10962
12337
7039
7806
7931
5463
3677
8352
11027
7118
13035
8004
5132
10459
9857
11713
1615
1658
8278
12216
1605
11903
8854
11356
12073
13159
13010
7841
8173
6872
6781
8116
9971
4016
8596
1746
7870
11826
8522
8725
4065
4840
9209
9675
2880
3251
10738
5999
7725
4434
812
5667
8608
5971
12462
11562
13150
6947
1656
13110
1710
5237
10121
7106
13059
11765
7062
10176
5542
7627
1636
11172
2995
9981
1786
5259
2243
5724
9579
6276
6050
6855
224
5907
8798
3513
11855
4887
7635
11438
8624
12734
5957
13079
5174
2617
13301
1471
4858
6643
10536
1343
2987
10076
6292
11591
12324
10113
1910
3140
6415
3708
380
4232
9451
9378
4045
13433
7889
1639
10441
932
10080
7446
13284
8690
305
5351
4036
6305
613
11684
12355
7007
6625
4389
6894
492
8111
1481
2063
4755
10944
5524
8947
8112
7750
9756
4317
11492
3817
8441
225
1331
12598
5541
4294
3323
10268
5878
855
10397
8120
5443
2050
8832
11109
10072
9069
13101
6811
7369
267
183
9836
830
1699
12910
8475
10308
10426
4622
12368
9707
6321
11171
13218
826
1181
8716
4131
4711
13046
3212
8683
4523
50
12265
13604
2879
4933
10537
9297
8015
856
3020
7376
8434
9355
4568
8179
1708
1126
7990
4042
11067
12366
9426
12432
9849
4947
11605
2599
4122
5497
5080
720
11703
2973
12182
10075
13465
3951
2982
2993
11284
8585
735
9631
3082
3695
6224
6900
6571
5492
8801
11528
6006
11410
10270
2103
8962
3816
13108
3519
8021
11625
1480
1413
2302
10302
13315
4763
6260
11395
15
11656
8467
2150
7406
5782
4229
10852
7231
11963
1651
3609
7020
9549
5798
3868
429
8401
10213
1191
5848
92
139
13211
900
6968
8125
12758
9561
1321
8282
1230
1941
10794
10943
1740
3318
2781
4910
5791
10027
9874
10699
1948
5319
5915
821
10619
9741
7668
8614
2707
3275
3389
743
1871
9768
2476
13321
9034
47
11344
8354
7422
894
10301
9363
2129
4378
2265
2135
13545
7527
7294
13522
6159
5078
6685
3324
4939
11242
13572
7811
5286
4210
4377
10811
5138
3889
1874
1891
11049
5345
13212
5899
10970
8436
13543
10514
12522
10156
9250
1606
1726
4194
9867
5840
6391
7739
13323
652
2465
9169
4985
9592
11668
13558
6795
11082
6683
351
6943
3667
8919
4421
13018
3412
2415
4006
9961
13278
825
1113
12849
11618
12140
10947
10877
11025
3027
8414
5308
5273
893
831
7728
8175
6744
2751
7642
1718
3516
1441
13274
2356
5741
6324
3322
493
3503
2105
1863
11019
164
6689
11418
2054
4846
7648
4503
10050
12206
5657
7458
1403
6568
10350
6612
6635
6951
10476
2659
8955
4680
3515
8726
12330
5974
10588
7247
6134
8238
12183
5209
3717
5568
45
6367
6657
11975
13592
10445
6825
5822
6139
4449
9432
10847
7740
12903
5960
10958
10848
7216
10608
10713
472
1870
7524
3613
264
11188
11896
7583
887
3190
9921
1687
10620
11152
3287
6753
7270
6646
4071
13173
12670
12449
9569
2106
3702
2009
9682
570
13193
10425
3621
12575
7666
9925
3739
5323
11727
10519
2578
11919
13187
7637
10705
12081
1263
4248
6042
2656
6034
2341
9817
5953
11479
3837
491
10073
706
9454
11420
209
12100
6013
9818
683
5236
10864
12259
8780
9966
8259
9243
9566
44
6378
8480
7484
4534
1798
2176
1501
3686
10485
8471
10074
9596
8087
4588
676
4907
6433
760
2151
9447
8760
11756
7546
10106
13373
2638
13360
2598
8411
2692
9267
3879
5604
11558
10898
6451
11197
8133
9499
3734
5043
549
2525
12939
2619
12754
1607
9470
427
73
5282
10674
5813
6759
3612
11088
5284
2814
2096
9620
8061
7680
3972
9989
5047
5092
8294
9268
430
6169
8892
10648
12506
10366
90
9723
12173
231
7779
4886
9309
7449
1816
3860
4163
13606
12767
1957
10986
1882
8929
4780
3176
10260
12786
6379
3274
3171
12194
4935
2472
10752
790
4385
9266
10598
9125
1377
8458
2153
11835
3775
4938
11425
5433
4661
1804
9948
7753
6190
2070
5617
3744
4081
13234
10457
6849
4025
7092
13451
11965
11259
9761
13536
13080
4223
80
5836
1587
12813
3745
11901
9977
11020
10940
10778
9532
3881
1996
3863
9536
7143
9299
3980
12714
11404
10610
7241
3782
162
9578
6166
6187
3387
7409
7764
8538
3880
9519
4806
4610
7664
12267
11518
9019
6908
12710
9262
2590
12243
4406
13501
247
2760
3501
3130
10133
10316
8677
11993
3497
1598
1478
9684
2274
12566
2328
11303
11958
1307
11928
2021
8115
12057
13459
660
8204
2541
5548
12373
1041
10754
2007
6456
3872
1044
1312
13151
13078
7983
11731
6545
11042
3937
4340
5125
6554
7141
8949
7737
10415
7084
5804
9484
3052
6135
10455
12379
2171
12056
3773
665
11850
6493
2785
2519
11925
4466
5507
5906
12504
12775
9330
5611
11606
9163
6720
8080
7801
11693
7945
11263
4575
3833
12145
6557
6457
1410
7094
6693
6214
9405
7788
1543
3614
1835
6382
2543
11719
10627
5783
9052
2278
5629
590
1019
11104
7129
6221
10115
9843
412
7196
168
2117
8561
6868
8122
13512
11607
1881
4185
8027
7174
6867
7249
6131
10306
6647
7075
103
11333
9917
10469
3750
6640
3634
11878
10184
11319
10435
10249
7070
6882
7410
2964
5396
12245
7260
12532
11476
6071
9918
12865
9760
9296
3088
9004
1716
5005
2597
10114
2544
9434
9113
6556
1420
12487
13437
8626
13116
312
1055
1453
2432
1758
12808
2187
8307
4136
2649
3701
12961
2709
3161
11636
4096
8457
5864
6467
6443
8686
11694
6690
6898
12973
8598
6671
1308
8790
1411
2626
1275
4287
7851
12655
6918
9305
4337
12221
2792
7956
1818
3616
11879
5637
3619
5701
2184
10823
2586
10724
4678
6775
2623
9712
2387
601
10410
6648
10621
8453
7814
7239
5393
4373
3124
647
9366
829
3417
8741
9313
5044
3783
10257
5751
10160
7268
12889
6081
3992
56
5710
308
4061
10549
11334
5865
579
7641
5299
5458
9157
5627
5620
8662
2762
4836
1696
2250
11033
12002
4604
6251
4844
7744
7329
11900
8961
12028
3757
4334
2313
5293
12711
9498
6776
8705
6547
4611
4083
1845
2615
12890
5532
4949
6724
771
8553
7429
3952
11525
6732
9572
9385
11705
3294
3475
12149
431
8290
2000
6376
10036
327
12175
11659
13023
7468
9541
10198
9859
2028
8291
11935
7865
12342
8459
10555
11369
6074
12623
11710
8090
6449
4160
2826
365
9288
2470
12186
12765
9195
13127
8526
76
3672
172
11968
3100
6097
5693
11311
3819
6409
4082
3449
1398
3857
12914
6614
6897
2593
11996
8409
5477
4923
6721
10346
12801
11465
12724
4782
8580
13097
9851
6346
59
12621
11086
3784
3514
9792
5672
7878
4348
2723
809
11096
8634
9993
9292
6937
1970
3224
246
8852
3968
13400
9790
5742
6812
1323
9786
10569
12491
12291
5866
2448
8123
6577
1423
11524
9994
6880
4172
9164
12080
11295
8932
9395
88
8415
11012
1412
7102
11397
523
8241
11413
11115
12690
2080
2602
4642
7730
6856
9318
1162
18
2229
13128
400
10745
11728
7845
7533
6965
3455
9652
7723
8478
1715
704
13303
1868
2591
5933
6622
13309
5649
11445
11918
294
12354
7171
5545
5565
116
2662
6127
13058
6486
9430
2506
8581
1937
7457
10186
3262
1324
11934
1250
12934
717
10342
10976
7767
6118
3606
4329
10855
13054
10526
2348
1596
12792
1159
8431
8438
10442
10704
11533
11137
3650
11000
2795
10409
12864
3765
1360
9181
10803
10632
9203
10623
13131
3069
4335
289
9256
5956
9105
5656
2955
6928
6927
12492
10560
5746
8681
9624
13118
977
607
9088
4407
9168
2874
751
7071
4464
12833
10500
6627
5825
8739
3738
4357
11964
8533
6995
701
12341
9486
2770
3364
10130
5122
8934
8682
13022
10381
564
10834
8484
9829
9467
8375
7427
1507
13380
5094
1396
3925
4366
2809
13330
6516
980
1576
10339
1094
9407
2247
10110
6220
2207
11641
10604
3713
8519
6180
3249
12580
10579
257
7520
7981
5342
13561
4073
7420
11793
2451
8990
10319
8574
5051
12319
5538
10551
7849
4852
11550
11390
6862
13050
8086
6931
7886
1012
10599
10881
1048
4494
5891
10841
11316
4403
3930
9556
10299
10688
13339
4361
3119
1260
11640
3468
4838
13491
12498
5988
12071
3984
8398
7198
206
5049
1395
5440
1769
5065
12728
8601
8523
7424
9156
9985
10585
8660
4181
11513
12700
7697
9978
4408
13456
6971
3430
12959
3525
13025
8940
10146
2952
9041
7177
11060
13356
7958
3589
6708
2681
7761
3208
11467
10981
6763
1807
13126
9394
1735
2499
8558
12134
2559
13259
443
347
11815
6859
8576
13521
3835
85
8918
8882
12857
4243
1744
179
11310
6905
2152
13367
13524
9898
10049
4754
1327
1542
6030
2362
3360
6479
10515
11632
6861
12991
6723
1700
9927
8956
10023
6877
10293
7702
11585
8755
8393
3240
11264
6799
2130
9475
6797
712
722
12213
1653
6631
8829
7511
9324
8493
4889
9480
5203
11617
415
4894
13086
11885
7813
8427
6111
3386
3824
3747
1981
8319
3016
12701
7218
550
11987
5910
6999
6245
11545
2437
10671
6636
7698
8817
1873
12026
13011
12513
6082
8035
542
8266
358
1839
11343
12409
9787
10436
12847
12494
4429
3067
5260
10701
2884
8776
6053
1648
1650
1167
13371
3660
7991
11601
3607
8128
3700
9850
2196
1111
4595
11712
9006
13165
1025
12322
7656
5123
13390
10902
293
3026
9030
9424
6806
13571
9232
3265
1246
65
1951
11556
2163
4052
10896
2611
4936
9873
12780
5669
9865
9902
1084
11336
9586
8402
10353
13537
3693
4237
3969
7144
4811
4386
11189
6749
8242
5374
3000
7822
12686
9905
11095
5207
2372
6203
4930
4177
13605
335
891
12434
1057
11837
12151
10280
6359
2244
10314
8065
6183
9560
2718
1637
4649
6450
8648
6655
8444
2027
2378
12072
11469
3913
11839
1898
11700
10741
7133
12105
392
4552
7035
2904
10695
6876
7872
8267
8040
12731
8171
8422
10165
2482
4046
1954
6468
3506
7949
79
9010
12768
10203
109
2856
10624
8346
5642
3042
9339
6460
5752
1914
9353
7272
10320
2780
11162
8509
9401
8618
11911
8644
10450
5721
12318
9562
2888
3182
3882
9765
8498
13434
9254
852
9781
9219
7220
7908
11714
5450
3154
12214
7132
6326
8159
5619
9399
6967
10666
13135
6899
3780
2382
4090
9008
10337
7044
6174
11221
2791
11662
13256
11481
7790
8912
6644
11389
12837
11729
10734
2260
4057
13082
5885
8751
3494
9545
9832
3111
3674
2926
10618
5344
10107
4472
3786
1872
9011
8497
10067
7407
7989
11973
6642
5196
8925
12698
6465
2653
8502
1568
7340
7758
9982
11136
7161
7472
11304
12578
1211
9830
6076
10263
3075
6442
11848
7497
123
4878
4793
5944
8176
5796
810
7114
3402
11573
6915
2700
10507
10383
11634
13043
6973
12314
3673
5232
7284
5905
8095
7377
10173
8410
11603
4691
4981
6906
3139
8050
3246
240
5908
2113
7122
918
7109
1229
4694
2464
13034
10085
9772
3352
8595
13439
7553
5160
10177
10150
433
8515
4548
1984
14
138
8327
6539
5332
5965
2802
10379
13388
10622
7902
7674
8659
3874
8257
8997
11881
3947
8405
4629
7873
13100
7494
11323
8556
605
3683
8226
611
170
11941
10245
12117
12974
7027
13106
4627
11749
7077
11711
5616
1233
12452
13528
5708
7615
6984
8645
7505
12417
8146
7512
2386
10020
127
7519
12901
11011
11007
7277
1107
8989
7738
9028
1610
734
10369
4127
235
425
10759
3574
6446
5987
747
5347
6593
7297
3098
8843
7466
7417
13590
8663
2411
11339
479
8489
11616
6691
4895
11384
7217
3595
2569
11704
5003
845
1757
4161
1199
3230
11471
5799
10361
5818
1145
5575
9383
11293
9485
3756
6412
8126
63
11639
10471
1537
6133
9411
2497
7731
585
2967
11505
6591
8995
3805
3420
9210
4881
4115
5192
5750
12375
2478
12593
12327
4495
1338
12192
7381
11408
13257
7353
2405
7699
12678
8708
1149
8465
245
1249
1674
5982
8232
1896
6015
5871
8244
10364
7119
297
8857
9931
6653
8811
9503
12227
5805
9286
5101
5607
6192
7033
13199
6881
5695
9543
3933
3284
1212
3729
2914
3820
10295
4165
6752
3102
7079
10033
10206
12644
5537
6091
7693
13573
5949
9338
7993
4448
876
1667
7319
8058
4822
3665
7200
5594
1814
3427
981
8549
10416
7459
716
12059
10597
3526
4381
3942
10326
12782
11421
11266
2283
10418
10275
9778
3983
857
4226
937
372
3198
329
3580
10907
662
3637
4139
4614
10605
1284
2239
1371
2435
8286
3703
4828
5470
6858
12253
10222
11457
2037
4545
1558
2410
11608
7074
402
7538
1518
2839
8491
1389
12086
9577
756
7176
10388
7832
6432
1833
1289
8429
3730
12397
2503
4166
291
8216
1995
8025
10839
9090
9972
4124
2374
4030
3290
1794
4297
11150
1446
10640
8737
1049
10991
3754
13268
541
3462
11670
6559
11717
4926
5081
6561
8766
1510
2124
4374
250
11146
215
11788
5644
3153
8263
7705
8336
6711
2324
7773
5152
6155
99
5776
2984
10279
13104
8400
8199
5154
9289
7388
11477
11871
9937
12004
9397
914
8302
7543
12024
9127
10010
4533
5115
7029
9158
1630
11124
9337
10328
7038
8746
2778
6104
4708
12043
7126
11672
12983
1512
824
3487
6774
1346
10447
10799
10480
5020
10254
9784
4597
13064
9901
4040
1563
2351
2534
849
10646
8387
6267
6223
6162
1683
9660
13183
5739
6764
2041
490
7318
7366
5394
11497
8856
13446
9322
8774
1620
12317
8271
207
13509
391
1682
7244
8003
2237
13296
12795
5413
4578
7897
12309
12840
6914
7347
12663
7373
5684
12755
840
13312
3127
11772
7493
4737
2843
4311
3010
13098
1063
498
7940
4757
5325
3298
1285
11432
5512
11437
798
4129
844
609
12106
8437
8883
3597
6580
1545
3250
654
2665
6674
11368
13001
11269
8804
5336
763
9705
1822
3850
9178
5591
7253
2710
4762
1711
2167
10641
12112
10985
9040
2876
737
11139
3480
1193
3694
7895
12199
12830
3651
8318
9329
9382
12450
4529
4179
12070
9340
7090
7012
3640
10772
12061
8914
1043
632
9551
10495
11809
890
6181
12338
9922
8328
5581
4563
11219
5177
4672
5687
9109
4698
12166
7159
7962
7393
2414
8237
2779
8732
11667
11129
1655
11526
12742
4370
10899
12723
10081
6228
4962
2306
5735
12444
2198
114
2045
9348
1340
8871
5183
1817
4383
3170
2305
7638
8954
6428
6669
8647
8666
6963
7460
11103
2320
10861
11203
9868
6952
10237
9481
4170
12478
12285
11840
4969
5072
11540
12892
1824
12899
11093
7234
10124
9144
6149
7351
786
2489
3582
3229
9945
8140
2493
9145
12067
2461
9290
12948
5322
4176
8514
282
4944
2978
5469
878
9167
2093
6742
5415
469
2654
11441
7320
4608
1880
7405
6682
10874
6992
6804
3339
3510
9554
12093
9722
8010
4151
3627
5170
1408
6364
5390
94
389
10248
6262
10264
7031
5402
9422
10557
9627
3048
11979
3684
12911
9365
9076
8174
9625
11699
2039
11474
7441
3594
3256
733
3764
4438
12124
11245
1967
4965
2716
4973
9404
8047
9788
1470
4260
4883
9916
8322
3540
8160
7900
4613
8252
2490
13020
4156
13232
8345
13152
10840
8239
1593
1752
10950
580
9187
9802
12541
8534
928
3034
4162
7597
6791
4037
12887
3957
2473
12546
8877
4137
5218
5329
7714
1686
9241
1144
7752
9428
5379
6801
1782
6370
10930
11779
10533
9824
5941
5923
9565
2832
6942
9117
10672
4368
12013
8381
3971
1557
7210
12029
11892
4606
4884
8326
2564
17
13195
3875
11630
4388
6037
4347
6233
4213
3365
58
5309
7567
4866
7734
8331
12952
12472
7540
3115
3188
1602
5116
6418
10145
7435
1810
1401
985
9540
10796
7245
8448
7891
3566
12745
3223
278
6024
6619
5358
12672
745
8092
4032
6201
11593
5294
113
1186
238
4624
5223
6566
1182
12763
6584
11054
2816
7432
1730
10810
12977
11112
12602
11282
8528
11817
8639
9483
6040
4609
7151
10779
2618
2850
6344
1524
5439
4263
13368
10387
7185
8355
820
11058
11578
2787
2325
705
10188
8332
3564
11398
11148
6454
966
377
6038
5720
11924
12526
3878
6197
6300
11894
7184
5067
1265
13006
5563
2660
13125
11520
5037
440
4201
11769
11495
11168
13137
4044
11244
7479
11195
2542
11623
1739
8213
5195
3429
12549
4982
12326
12557
5391
3615
1990
5056
4322
6761
9558
3544
11294
9116
5073
10626
1626
1036
1690
3191
4826
8023
13455
10014
9914
9702
8537
8145
5911
2655
9842
12689
13009
4655
4200
5271
10427
1789
11843
4018
465
4992
936
5228
1989
11422
1589
12310
2068
1893
214
4067
4020
6000
4338
11407
9077
10680
7955
11596
3325
1042
13095
9450
4093
2157
13530
8209
7107
4159
4455
12315
3741
4730
3174
5879
9038
11939
11251
1014
5571
9920
10955
11370
6541
13063
4017
12239
648
12122
6269
12793
8948
3528
2256
12662
7067
4107
13429
13497
3194
6923
4652
3761
7928
6463
1290
11084
7509
5643
11747
7681
12034
1487
6242
4640
3556
3940
6786
4384
10589
3187
11022
7757
9075
12708
4454
1761
8573
178
2423
13075
9913
7131
9205
626
9988
4244
8761
1384
1201
5156
11557
13207
1294
6065
7827
7812
3710
4296
4468
7794
1721
5624
9698
4819
13511
9427
6182
7423
12862
13422
7775
11521
4531
7481
13420
13090
1861
3226
9793
1904
11768
5842
1008
48
10103
842
4048
3366
9919
6334
7232
5246
4987
12408
3876
13538
6673
1502
8736
9180
5677
13432
905
1231
1237
12205
3578
12646
6311
7695
10143
5334
2137
10255
12597
7921
8809
11298
6996
2942
617
6337
13406
1642
13036
9633
12008
2817
3518
12233
9374
1288
9319
8407
10746
8771
2161
10294
11320
11230
10446
912
2369
2917
10465
3861
4560
2165
25
7120
4465
3659
3961
5165
2989
6870
7032
7510
4510
9941
7550
13414
8113
1562
12880
3474
9083
5449
5283
3849
7261
1071
4664
12000
13277
9590
6888
11697
13347
10478
11366
11754
8485
5210
9173
2737
2240
7321
10483
12266
6651
5038
10053
6249
3809
12121
6788
5191
2067
2299
12377
6569
4674
7046
12311
7010
7561
1434
2132
320
1156
12933
1616
2864
5441
7995
7748
3554
1188
13169
1748
11691
8101
2517
4473
4841
11644
9177
8281
4101
346
3870
12217
5082
5654
4228
3638
2186
2821
5655
872
5241
8897
6336
6581
5717
13350
7569
11893
5698
10562
739
11307
6605
10992
4380
9666
5862
11798
9192
2854
11615
1379
146
6314
2905
11447
6521
7835
1848
12834
7356
10762
1418
12044
10451
408
919
1184
3264
6531
9131
5628
6989
4114
7158
6079
2401
11907
3441
7219
3520
8887
6423
4289
1076
8778
1993
13280
1347
8815
8094
7213
634
3758
2897
10105
4727
1762
3482
7282
4509
1234
13421
3623
10323
2421
7385
2492
8156
10420
6949
12656
5222
12363
12096
2081
8131
8109
860
9568
11367
10373
6027
8482
298
11147
10321
5389
8256
2766
12077
9678
11326
124
3995
6969
9807
12790
6012
10277
12382
7606
366
12188
12389
2604
12619
8582
8642
4598
1254
11276
2815
8476
3958
4943
5050
12982
11013
2060
39
8470
3312
7571
9408
8926
1728
10575
2956
12545
9311
7348
9462
1121
4319
1118
21
11546
1124
9000
793
11674
8433
11689
1313
13381
4720
55
3547
12581
1577
7979
9091
8944
6188
2455
11702
7202
1476
199
1513
11456
12437
7852
4219
12696
2253
7719
6533
2384
6606
9800
8575
3253
1697
12198
7394
11224
9453
13415
8840
9306
2893
5550
6518
3071
8153
13005
10499
687
3500
1479
9638
8630
7052
12294
2625
9891
11808
10482
9285
5600
7335
4668
7661
4251
2002
3122
11922
3656
1973
11149
10564
888
9708
10060
761
12664
8803
6453
1140
463
3058
7018
6410
3828
2170
8391
3859
10089
3393
5854
9575
10218
9402
12743
10900
12272
7528
2633
12620
8231
10474
6258
6601
12762
4764
8758
10065
10561
9957
12170
1158
3467
11444
9552
9516
9889
7679
8531
7240
7050
6966
673
134
6511
12090
13352
4576
645
447
8202
5424
8091
10152
3137
5369
3865
384
10018
9645
6756
5546
690
2178
10883
13134
9079
5603
1583
12388
7124
259
303
11574
7960
1760
7961
4191
10332
7633
4766
6485
2929
4673
3692
4217
13276
3753
7111
5881
7485
8117
4854
11277
6757
5388
903
1599
2969
5859
5288
5324
3866
11888
5976
12126
678
5555
8896
8706
4230
8910
8974
502
9174
7045
11869
6649
7434
5930
7568
13240
3357
622
4623
5623
13113
4477
7618
6126
2285
12087
12614
5
6703
5763
3143
6268
1531
5121
13401
10835
3436
5409
12794
5024
5521
2215
7344
5754
1274
5502
2860
6064
10659
892
4946
13564
3976
2191
5090
10489
4422
5761
1482
8992
4908
6398
2442
11564
12210
7187
8779
2585
2044
2004
11726
1628
13556
7412
3655
12972
6615
4190
9697
7461
3141
6256
13386
13425
4820
13175
3165
2307
7250
7760
6497
5028
12398
6667
11327
7581
1292
10821
4701
5405
11161
3841
9095
8206
6335
10002
8147
2786
13503
12798
11338
2183
5756
7416
12374
2605
6087
1439
7632
12971
1365
10126
839
3007
5699
6821
10390
8748
12058
10586
6150
8913
10149
2344
195
10820
9896
5561
12401
7776
1559
4430
628
6510
3871
9014
6623
1866
1584
166
7295
11972
5499
12329
8802
9714
8572
10452
11853
8389
7735
10545
9148
3299
4437
10139
9757
7840
2133
9855
2698
5986
9636
9737
8785
12929
7677
10062
916
10511
4110
11099
11482
11649
10785
12953
7610
369
13467
10677
10405
9039
527
8072
11842
10370
6488
11577
13081
7000
8578
6668
12603
2948
2107
11949
6138
8068
3192
304
10698
3243
8310
4964
896
4269
10977
7490
1196
9924
3033
8594
13340
8524
239
10924
8838
12392
5931
7303
7415
435
8939
8071
13056
3810
4839
12425
1943
1454
6664
6003
9720
12806
11359
3658
6975
7774
3897
10016
10860
5447
167
3091
13486
9351
12652
3404
7001
11308
1793
3826
10082
9278
2733
13332
2953
6435
10273
319
1492
10532
10142
8828
11554
11609
904
1139
13424
4077
6672
8868
7683
12393
399
548
481
11796
7188
9776
10650
1892
2069
2664
13364
13363
11502
10723
4246
9179
958
340
407
7498
12925
6179
6172
8637
8881
4281
6186
9828
1060
1774
3307
6810
7917
696
9912
5158
3579
1128
11571
11209
2055
7389
3508
270
6052
3848
6633
5726
4041
10497
9587
2823
10711
12707
12811
9730
4585
9495
10948
12020
12490
4871
9753
1552
244
11287
424
4864
7941
5515
12787
5335
13569
1548
911
2941
778
7651
2818
9370
23
3600
12273
13000
12055
5743
2867
4900
6285
8834
6035
455
11285
13033
13181
5235
12533
11106
7358
6102
4288
11830
13019
10003
858
1555
1945
9129
7123
3670
584
6062
10903
8492
4195
9107
1006
3699
5685
865
9762
11685
10392
8443
4911
5097
13120
11406
7116
12886
2939
3763
7948
9025
11163
9277
800
5947
11399
3624
12752
5489
612
5991
4927
2202
3705
6352
10224
8373
11034
3377
10078
11249
6148
1027
11904
8096
8611
6508
6725
873
4342
12540
1836
10773
8183
12209
7080
2361
1291
931
46
2773
5168
7998
13186
551
8969
7309
536
6823
10595
4967
7057
11193
112
633
6426
794
7053
5665
11635
13029
13024
12757
10161
8132
4204
10345
12347
1358
6472
12807
1933
9860
12385
12109
3374
3114
1376
13174
1245
12406
5573
1013
4732
12128
5658
7986
5070
4100
7808
10005
12331
8695
12247
11844
6189
6990
12609
8541
13103
13506
8103
11102
12861
2426
4459
9094
5365
5838
2216
8017
12694
5364
1689
11101
9908
5877
12279
12499
13051
9727
2915
11744
12868
2735
5419
11657
9440
7314
8730
7645
13417
1841
10238
1495
5042
10856
6044
7443
7400
12897
4146
11816
1309
5520
8394
1865
1846
3796
9940
9618
6585
11736
1203
11253
11017
1383
4180
12334
5660
9153
9490
2505
10813
7585
10341
3512
7383
6394
12394
2326
7155
1556
3089
12313
2921
6514
3794
5040
3964
9595
51
4331
10768
9161
1206
7515
1419
2553
8643
13281
8089
9458
6609
2311
6603
7904
5045
8165
11270
9347
4034
3221
4126
1771
2242
2771
8610
4479
8138
471
11933
5990
8219
1805
4420
9452
8214
5377
9798
1811
13245
1528
10571
11746
2807
12402
8825
8884
1104
1515
2951
10111
177
8186
10755
5671
2023
1213
4298
4749
6009
12617
1591
2813
2937
9923
3146
5475
1066
3090
1183
7850
5019
7491
9614
367
1931
5091
3271
11202
2858
11824
5903
1477
5659
8479
11154
10987
10793
10229
2794
5725
12998
8513
11654
2885
7741
11354
3488
10798
10317
9188
11627
8073
7251
7293
2772
5909
1889
5333
1494
1388
4621
1330
5904
2262
6922
11262
13478
7838
2868
3353
1541
2199
2631
458
12928
12241
6483
494
910
1570
8210
12119
7807
2358
3981
2702
1547
9797
1024
8048
8733
12924
2005
4942
6347
7662
10172
4316
6265
8714
11300
4676
6919
755
9719
11132
2310
12066
12361
4862
13305
11604
10801
1764
1775
2388
8254
974
1917
8993
4365
13149
7246
781
7560
12981
9409
5880
121
6964
6845
395
7620
4091
9604
13202
6865
6266
12595
190
7362
10001
180
1825
3915
470
13597
12207
10336
11541
8007
12812
715
4128
249
13468
8975
4245
9770
12592
13525
7671
5826
3237
9003
7152
343
11385
5970
3704
122
625
3354
1416
7299
11664
4860
11423
13099
13389
4264
12167
2268
10440
9670
271
11866
12461
11222
5481
12582
11484
5597
8905
10448
9043
4896
10911
10221
181
3399
6616
7809
11375
1517
1077
12810
1621
1452
2024
8078
957
12989
562
3453
520
198
3367
6739
2332
7262
4899
8775
9609
11429
12228
3015
12769
11588
3350
11431
6613
2699
4872
8376
11998
9669
7291
8285
466
2729
219
2134
1240
6274
12473
823
10354
13563
8272
9123
1950
12288
11858
3973
11078
2837
13427
5566
8315
11248
9327
9280
2087
8735
5328
10663
8963
4000
13032
8384
6618
10443
6151
2108
7815
8667
5126
7729
12552
2190
12405
11321
4050
11820
7269
12739
1972
1767
12184
806
697
6495
7853
359
212
3592
12396
12459
10781
8368
8543
10092
7252
11003
8952
9639
6634
5279
10506
8512
9935
6736
6767
9046
6225
2316
9799
2947
7791
12555
3306
8334
9465
11182
4626
378
13599
1961
8253
1702
2829
10039
7005
1095
10866
4118
8820
11433
1611
13200
8965
6008
383
4444
6122
1733
6765
8542
2705
13155
12137
1092
13263
9594
5807
6831
3524
12996
3315
4483
3716
9390
9342
7584
2225
11759
12269
12746
10158
864
10243
263
2480
10744
11210
2694
5615
5381
4859
10637
4031
9821
8215
11490
10684
2584
11748
5553
3159
4848
12488
201
11791
1281
13409
1038
10061
3301
11778
9692
1150
7312
4659
13261
882
6912
8891
11363
3531
7925
11721
11409
5401
12270
140
4567
11580
32
12559
9872
9012
7682
4566
10109
7797
9217
7054
11581
4687
2430
2322
11257
6
4996
7172
3903
7720
11681
13541
2258
10362
1747
5068
4921
4097
6957
2413
7263
11725
9980
9132
5995
8503
8426
1801
4196
1634
1198
318
3277
6482
10643
13383
10629
10343
12484
4888
5692
10830
3406
9133
1698
13153
3209
9766
5863
4717
10374
9815
1755
7660
7103
10144
4796
3214
8602
10538
13255
11565
10908
464
1934
6743
11392
2208
3428
4731
4051
10920
13325
7780
3605
6758
3177
5252
10475
4636
8277
6509
8192
2280
12659
5605
8208
5149
572
2392
4225
6413
4709
5560
13452
1884
2142
5588
7191
7009
5925
627
11755
4291
185
1356
2290
7025
1103
7715
6677
2091
13535
4897
3092
5992
8397
4496
3278
6505
8283
4009
1316
1629
1174
11091
1484
12370
8024
9303
13300
5261
9819
12560
11981
12627
7708
5682
11024
1375
6041
9255
10973
96
7673
84
7984
817
5350
5666
2804
5832
12990
5634
11686
11002
711
3464
3620
4980
13253
2758
11715
10157
6072
12907
7157
10873
9699
10026
3244
10135
2245
8830
851
3789
7372
2469
7617
13475
1385
9170
3273
4236
5711
1336
2962
8240
3440
5147
9142
6059
3168
6913
10025
10481
2076
3304
11706
959
12042
4105
11324
11969
12
12063
5130
3996
3987
3093
7237
6016
173
13382
1781
10512
3938
10913
4392
7413
13431
12144
4425
4702
12674
8753
8494
2601
8011
360
10887
3202
11847
5626
12634
12643
9654
6841
10011
11087
1703
7537
8022
6766
11401
8988
12505
12891
12268
7068
13171
453
10750
3905
3486
7781
3899
6007
1228
2855
2736
11075
12817
2548
11083
12615
6676
10032
3439
1799
2963
1337
7209
5471
938
4990
2696
10439
7173
10728
11845
1247
10720
11548
6658
4893
1829
10960
1821
8187
2687
11633
11446
1566
5029
11134
10127
2233
2579
7717
10929
6889
11004
11085
1258
2533
296
11671
4469
5100
12848
4703
11191
9619
8658
1474
7222
10356
5867
11037
6078
3336
1270
3289
1135
2761
7386
2085
1390
11382
7957
9449
2071
5429
10842
2892
2924
12828
9593
7586
9763
255
12495
12431
3762
13393
10147
4665
6384
8313
7121
10694
13338
12788
4850
7136
12684
9987
10600
5636
589
4825
1523
4891
4743
3390
9651
5338
3711
1830
5416
11252
3532
972
5008
460
1785
10524
11286
1251
6864
1026
4644
2013
4594
5016
2890
3529
3077
3559
3104
8613
7616
7795
10187
4252
1897
4615
2918
4247
10850
4682
12547
6441
3727
7670
6697
7178
2739
7175
11472
9876
6986
12163
1857
5534
4387
3836
5023
1073
8184
10104
8106
2734
11873
10226
5847
6592
6196
9531
8680
2639
10982
3463
2686
7669
12407
12648
2048
8845
5759
86
2219
1852
9057
2075
6929
8938
7678
748
9909
3563
2627
1276
8744
1078
11175
12036
3203
2674
12222
1732
6709
3197
8201
1102
2961
6687
7652
9270
12676
9886
12157
12538
8635
12453
505
6195
4203
1083
12068
4574
9813
7408
10739
439
2514
4807
13037
9959
10438
1080
9547
8382
13502
10179
11486
13426
6295
11724
9904
12475
5193
13017
4049
4336
8337
8754
12543
10169
2143
5730
1743
3442
1662
5920
5281
4522
12531
8872
1440
6487
3002
11586
3633
3720
1054
4270
4802
8248
5606
10662
3785
8341
2581
4279
9216
9603
1588
8170
13438
7212
9138
7844
13239
11063
3678
8039
9274
12681
6962
456
11863
6017
709
10679
8366
1146
