1739
12684
13048
1236
9403
302
1013
419
5979
5726
8800
4680
13137
8804
4934
11933
5036
1849
1929
1992
9160
2224
12839
13273
12900
11156
10159
1686
12534
4665
10162
11108
3218
2789
225
1661
6069
5753
8949
8195
12362
4421
2909
10905
10289
6373
1231
2272
10298
5942
5497
1501
2415
782
12172
11511
2017
8716
490
8806
10810
11740
7400
8674
7753
10846
1999
11550
666
5494
4644
288
1478
245
11524
1976
5778
12558
12806
884
10621
602
7760
11600
10876
2120
11051
8887
12148
2597
3468
11223
8244
8857
7598
123
4561
10576
9079
10270
12702
7549
3306
2548
10948
1551
746
8157
11128
1311
9745
6258
2565
7678
4109
4781
13446
6509
9002
8763
11655
11027
8933
702
10978
11499
4700
11179
6253
4153
6440
8579
1653
1890
6534
11391
6249
7797
8911
9738
6379
1254
10733
9828
5114
8295
6001
10623
6026
6669
8776
1176
396
2327
9057
6931
7134
9188
1944
8371
3729
7528
7392
6977
2874
3011
8414
8328
9232
4566
5957
12054
8573
11110
12881
1316
9233
12535
2151
4247
1560
11527
4205
1901
3204
5854
12282
190
11423
3018
13246
4187
6853
7814
2494
3334
9997
787
1624
13434
1067
8677
11473
9866
7047
4860
10976
4459
6363
7686
703
9344
7426
9085
13604
4857
9520
5572
1506
10952
9993
4936
630
6664
11605
1810
818
1934
11117
10906
6074
10547
472
7171
9005
13205
13304
7464
13607
8754
6280
12258
3476
2772
6545
9649
989
10121
9435
1030
8684
4180
5922
11160
2398
5852
7164
8417
10152
4524
10954
13558
9803
5010
11
11576
11020
8743
5137
13493
1248
6985
8636
5426
8166
5871
2033
8110
2639
3493
10146
8566
12149
6937
6673
1277
8493
5005
7877
4973
10011
322
10738
11399
6736
8678
12897
6503
9668
5578
7939
11033
2478
11570
12722
933
2045
4063
12001
4675
10393
8779
13146
7929
10622
362
8571
9775
3219
8112
1255
4383
13422
2223
8673
3931
11621
12108
102
5475
208
34
5127
8450
4555
3295
7207
5721
3818
1106
6429
9792
2502
9942
7145
6671
9797
11686
13128
6580
8412
11419
7283
3234
9220
6179
1141
10997
11392
3640
1589
1682
10333
3398
10189
631
5113
6823
3975
8729
1395
5625
11751
7735
124
10929
7326
10554
6606
5013
13411
8346
6332
8756
5542
3933
8903
15
10291
6029
3108
903
751
8611
11039
11898
6566
1786
9047
12549
11951
12098
11562
8785
5422
6617
12323
81
3688
1579
8670
5634
2377
10647
1122
3067
5227
11140
6600
8261
6277
3707
10888
5750
1614
7159
7050
8752
6455
8156
4111
6418
9565
2917
164
10367
12532
6958
3985
4042
13197
7429
3329
11881
9830
9299
2829
2368
203
4706
9774
8794
10674
7651
6243
8925
10716
6628
1727
510
1617
12193
11922
8353
6115
8242
6108
1535
2567
2149
2053
1618
7215
6575
2326
12405
4121
5679
4424
6304
2087
9456
11215
9690
8099
5178
5646
4239
929
7397
5692
10775
790
12636
4666
11352
5130
5198
9112
7843
13095
7195
13394
4386
8560
779
8701
5875
585
4650
5653
12357
10827
13595
11233
4514
3594
4750
10444
1130
10348
9161
6642
12556
4249
5413
3623
5591
12918
13113
748
1214
7242
8940
840
2093
8711
3267
6510
3185
1831
5282
613
4452
11676
525
5562
12560
3445
5968
127
7971
10539
7360
3988
9011
6148
12617
9746
7751
8105
8556
11747
811
4192
1713
2780
3056
6940
6891
4283
3791
1608
9069
7800
4744
10061
9751
5025
4841
11829
10543
4117
1522
9167
2364
10224
1223
6808
11022
8263
9425
5387
4799
9158
696
13248
12986
7904
8738
211
7367
12977
12489
5147
2104
3322
12774
2070
9321
7315
3597
1266
12586
12082
6491
1562
7977
1110
2169
1671
6385
1331
10262
10710
10195
3477
12208
12287
1124
1558
9905
1063
4597
8021
12
11771
8717
1743
9091
10634
3941
8175
3805
7324
3298
6650
11582
11711
9006
12308
4585
1129
6269
11123
6501
549
2763
2420
9709
1008
1476
5487
11813
4693
11943
2679
9974
7432
13156
13286
11888
8867
1168
655
4688
405
10549
13593
11811
12578
9871
3236
6158
283
11429
4385
13314
12904
12322
12304
3054
8878
8435
2760
3224
2945
12588
8310
9265
2985
4637
6704
5256
3895
63
1595
7103
11356
2583
5849
13059
10498
496
2109
2783
3211
10357
4753
11776
12563
9607
12066
4091
4609
12833
4730
10558
12832
2253
1884
8712
10334
11528
13590
9707
12940
3010
7550
7721
267
8050
1314
3079
2499
2689
13287
2777
4261
2721
3405
1388
9651
6185
5728
9823
9606
8769
6121
11592
6284
12335
7702
3463
5412
8211
2346
8370
12734
11188
10052
11531
1553
761
2913
1606
6835
8841
1664
2524
6064
7020
8338
6706
3581
2870
5725
10525
5219
9050
2203
9347
7286
7189
8324
2249
12134
5306
5328
4716
7187
6824
7084
5138
1796
5864
13433
11143
13356
794
2409
6423
5490
9861
11712
11227
352
2889
4882
5367
7724
13187
5727
848
980
9284
1900
3052
12175
12545
12147
1510
8521
9294
10386
4302
956
1098
691
5063
10958
4264
8559
3043
10818
13130
715
9584
7873
7110
10928
5995
2064
12422
574
12328
10773
12086
9251
6224
11094
2816
2556
13042
10148
5033
9886
9181
4476
13347
6033
12182
9288
6710
5165
6748
11948
4668
5440
11801
9020
4005
9135
13143
2577
11986
10283
11725
3499
10066
6764
8555
10791
9957
8189
1070
2887
6631
11249
11225
3134
1864
6712
5304
11065
5213
4156
9468
4260
2422
8975
7568
3910
8225
12755
3361
13274
638
12963
100
5043
2504
3390
10567
5225
7766
5428
2849
4029
11100
13591
2739
4238
12870
8402
5782
11246
1571
7404
9984
1086
1759
8134
7423
13527
4259
1269
7835
5009
9185
13546
5386
465
10735
2034
12751
2714
6228
12393
6648
9699
12721
739
10025
9639
9727
12373
9889
6231
5597
289
12614
6156
5550
3050
12420
8326
7610
11526
7740
1537
909
9964
3531
668
554
7352
6164
6714
9928
3459
12565
7373
9278
11710
2475
1146
2356
9822
10135
4150
10198
7824
8118
3778
9351
9328
8035
1821
6729
693
170
1703
6616
11545
381
2553
8938
5261
3767
11211
5969
9379
13131
9939
6409
9322
7370
9654
11168
4164
514
6412
9505
12613
8301
11802
4828
7356
10514
6329
3675
1488
11891
5630
8533
6702
7038
5166
10092
5915
303
1995
13256
2180
7688
6470
7131
13510
13547
9239
11146
11260
3857
9952
916
6833
2793
222
11480
1035
8725
5555
5160
6542
2231
8333
5228
4653
7795
11921
3431
13118
4974
6458
545
41
12077
5503
8601
2573
573
7505
11077
11078
2024
4565
2694
7747
1296
6770
12292
1242
5742
6019
482
9268
1244
1166
9704
11884
12753
9995
11173
13025
229
4299
3116
9153
16
3709
12279
8947
10050
12126
4869
7226
3737
13601
12267
11468
8285
5087
4454
1619
9673
8275
4948
6056
7522
12377
10925
1065
11587
3026
10589
13472
1458
11190
8860
10985
12723
5665
1307
292
11862
5651
7908
10673
9117
6310
13185
7844
3804
927
7457
279
10569
7685
4059
4422
4987
11571
1811
3633
13021
10136
13536
3705
2935
10548
4048
11324
5286
5069
793
11684
2995
11596
10817
8147
4859
9120
11894
13112
8895
8685
4652
3140
13151
13302
9617
11634
11330
597
3540
9869
3615
13142
7684
9271
7839
13198
3303
2979
3301
2173
12851
1917
9212
2216
8536
4291
6993
4317
12375
1449
10678
12795
10682
6202
3258
5910
5786
10994
551
11382
6478
12218
12553
11132
2125
901
1777
5179
9754
3237
12598
8300
10163
6632
3887
2332
1416
2812
9531
2999
6658
11742
7548
11731
1076
11090
7268
12332
9998
7449
3773
2940
3176
8953
5117
2647
7960
3961
5439
13171
4134
9406
7737
5204
11798
8945
8041
576
1505
10859
2827
2338
3881
9947
5124
4802
6742
2020
5496
2295
1924
213
6030
11026
12280
3441
8987
9279
5394
5774
6855
1498
6197
6447
13569
6790
5927
241
4628
155
7456
2794
9923
8664
10615
3279
2277
1576
9374
109
187
10309
8273
12964
11328
4353
13231
6883
3359
5431
7657
6525
11011
2310
5459
1219
1417
1827
11959
3569
5519
7389
3417
9790
9045
3133
10301
12023
13012
7912
5074
7249
12354
2649
1689
10933
7590
5359
9907
8919
11904
11191
8064
7602
487
94
7535
1694
148
1321
432
1060
4375
10557
3425
1823
13119
11825
7561
13502
6690
801
12719
13506
3290
10445
2029
160
1341
4993
12639
9811
8194
4733
3539
5232
4835
1615
103
2552
10612
12247
12731
11773
12157
12603
10722
12019
10635
1986
6119
4439
8690
2806
12804
7409
1012
13162
4959
8341
12725
6390
2839
7616
10448
13420
9847
4822
1685
4752
9817
13207
12382
8222
9363
3121
1874
3047
5442
200
12468
6576
3772
11713
2018
1568
1712
7711
2429
6289
7871
6307
2211
6841
12864
376
8120
2069
2578
4847
6238
6900
8421
2616
2079
5264
12557
6666
10436
1344
76
378
3407
2241
9031
4674
12185
11513
1645
5953
9515
9432
2725
9696
2932
10403
13605
11220
8091
10606
8268
5220
4240
588
10000
6828
11164
1022
12741
586
10031
6081
5897
8014
2162
3904
7327
2997
7812
7122
4036
11542
8454
2973
3227
13211
2110
9280
12271
3641
3199
9145
4877
7674
4097
1789
290
9369
13448
9155
5912
13038
8816
2328
3357
8026
4659
5993
7128
12606
1453
10759
10315
11966
13501
9058
7371
6766
12834
3704
3883
6685
4876
7239
4715
503
4406
11649
3035
2464
5722
3874
4079
1218
3929
5289
7833
9032
5868
2036
6327
1371
5990
4956
10629
6701
12297
10244
1528
5589
1951
4461
3348
5874
377
12240
10255
9326
2057
9121
6847
11403
7661
5030
9218
11171
7117
3668
11312
6682
2030
10156
5312
9679
7069
6212
97
6230
10009
5292
10587
2665
12169
9443
3136
445
250
1710
9357
8162
12605
2711
622
11504
2850
3663
12609
4892
2446
8530
3747
13307
5126
6296
1061
2074
6829
272
4177
6676
3670
9186
3529
1421
11133
11209
6375
897
10496
1159
1675
248
6088
2352
4221
1042
4415
12128
9415
12634
3792
1841
6851
5182
10916
246
10736
9377
13340
192
728
4889
7933
1142
2938
13342
7945
3159
10157
8383
7477
519
2142
3106
12011
8842
10392
4096
7395
11448
8549
10570
4638
4727
6083
8704
4515
12414
3878
738
1225
8466
4864
7494
7965
4783
13204
5701
6837
6407
3648
3619
4484
10999
1366
13561
6223
8235
6263
9137
13524
12641
4056
7946
604
5819
12938
7993
174
11653
5446
1120
4199
10033
3734
8486
5321
9566
10417
13344
6109
11778
13132
9027
348
4110
4526
8721
11584
3588
9841
3882
5981
255
6799
2099
10405
3321
5192
3991
13321
2443
9557
770
4338
3952
5109
8669
12413
3458
5162
6489
5353
13100
6801
3906
649
5620
6624
8749
6267
12273
993
12338
9702
7068
6529
1842
3921
1853
10667
8063
7975
2171
3635
7355
476
6788
6840
5463
7345
6654
891
9130
8388
1217
9760
4364
13134
4996
653
1549
4646
11253
4351
9901
8397
9573
7484
2081
13441
11489
7344
2853
3608
11155
10356
7328
13275
10528
7896
600
10184
7057
9891
11512
8022
1434
5210
7648
13421
10026
6777
12112
4893
3604
1089
11071
7414
10688
7882
9471
2824
13316
1649
8638
3976
11923
2744
10428
4895
12942
5517
11114
6776
7481
10486
13439
186
2782
9963
2071
6797
204
8037
7768
1136
11687
7281
5164
8420
8043
9849
12062
7106
1472
4592
9442
3415
3932
3682
9967
5034
2108
1439
1263
7518
7245
13505
7573
6180
5491
8158
4472
7186
12687
324
852
1252
5576
10495
1426
10332
2041
8352
9401
9243
1108
6564
8106
36
11325
13023
7263
11859
7796
12530
6990
11858
3383
2280
2550
8660
3088
11812
7972
12411
7178
11180
3803
1467
1034
7601
11131
13455
11213
6568
3113
10313
13006
1188
3659
11729
10132
8751
6496
2507
2035
11892
2769
5623
1094
9336
9386
5462
11993
575
1885
13388
4575
9466
6481
7893
561
11789
1918
12092
697
4725
10532
5918
3926
318
1698
1313
4951
12050
9794
1058
11572
12657
952
10971
7063
11913
5310
6597
2291
6279
2038
2626
4051
11832
10785
9197
7501
8508
6903
7294
3276
6637
1262
9621
10248
9192
9915
8219
5453
10481
6152
2444
8955
10021
10414
13179
6265
9018
2915
2258
13596
12368
1527
2571
9480
13517
1360
7470
3147
6530
3762
1882
252
3908
6578
10691
79
12737
3255
9162
3638
106
566
5263
6609
7705
3470
6639
8707
4791
3007
6816
4710
6114
5018
469
13206
5347
1794
5633
4455
4978
5223
1705
12319
3272
8501
943
2221
13584
13186
12340
6608
4315
8482
5921
877
8864
13457
9634
13169
1554
258
1404
6512
827
6803
12248
8740
5123
4394
7526
9087
5807
10523
1004
12860
8113
3182
7897
7996
3057
13543
5103
8723
12456
5276
3735
3480
4986
8969
7555
2823
8544
11697
11228
10308
4654
7778
11674
9635
11273
1848
7981
8191
1014
3478
13117
1862
9776
13313
3446
7781
10161
9610
3065
8344
5892
2949
3739
5643
10002
11145
10720
7368
11366
5327
7696
4928
12021
2150
4824
5618
7819
856
7588
6053
11163
3309
9393
11833
8727
777
8237
4747
8297
13013
5247
6943
998
7906
12200
1657
4184
2316
6930
5133
7173
2318
4676
9877
11755
11610
6864
4838
13104
11793
906
918
61
1856
12351
1018
3089
2363
9195
12199
2592
6384
8520
486
11275
5045
9723
7264
11453
5300
3260
1096
12766
830
4176
2473
9508
3997
6349
4215
8411
6024
4498
10213
7351
5481
3111
11903
3598
6278
9066
705
892
6309
1156
3643
6346
2269
12317
10185
5212
11208
7538
1454
9509
6055
4288
3139
8228
1289
11092
8231
4057
11476
9035
10863
10388
5299
4932
10366
6160
2921
9102
5525
1550
6356
6567
13608
1380
12158
11471
13318
5538
449
8733
4874
6132
6641
12951
7677
3801
3856
9785
5540
11387
13508
5157
8072
531
9965
9581
836
3330
4449
12769
3974
2111
7051
4897
8479
10191
2506
1306
22
730
9693
8906
13407
723
10119
1113
508
3879
1984
8001
8500
8011
2185
1487
13332
9620
12750
9484
5419
11058
7411
3482
12877
11654
6378
1414
5129
7052
6661
10582
1989
10653
6963
1285
9560
11038
10699
4971
4600
7964
7080
7642
10391
12720
6341
8389
10424
3163
5581
971
7472
4529
7033
5217
4871
6299
2810
11803
4131
7500
483
6214
2644
10711
6008
8329
11548
8351
5546
3935
5354
2023
10960
5704
9516
10650
9714
10619
13098
10697
8161
4147
9184
9090
773
12421
5884
7837
2602
10390
7687
7706
4589
3251
2124
8313
8382
8753
5120
1372
2239
5492
4534
9948
11300
4606
5741
10894
2843
8780
10451
1393
2103
3585
10590
6592
8872
8976
3029
4446
5577
7659
10469
11595
9428
9623
11229
12321
1016
5090
1906
3223
4252
11930
5898
4975
5077
2088
7015
4049
5986
4651
2620
1546
11520
8051
3738
4466
13610
8535
3438
7358
6902
10475
3545
1872
12550
12564
2662
9147
853
9832
2155
2358
6955
8085
2497
11987
1577
276
563
11380
4395
10823
11045
1278
7632
140
3339
6700
9879
11856
10583
5800
5464
425
11201
5754
8542
7969
7578
10266
11941
9752
10870
1656
5342
10772
12476
4909
11612
6072
5270
9791
13499
5245
791
5624
5793
3784
3665
5384
9628
2469
8600
5320
11102
369
1276
5397
8968
517
6960
8529
6743
8982
2375
10982
11682
4721
5430
6737
6031
1701
9958
280
1443
1529
12835
2756
5769
10993
8817
7222
2981
4977
2664
11752
10039
12314
11679
13020
10521
12482
1181
12299
5361
11991
4990
3971
3501
2293
10631
6087
9164
3177
11222
13588
3783
9592
3086
8994
7082
5829
6768
10767
12404
12166
4457
5444
6554
10170
7142
1057
13285
5250
9105
13473
6400
8048
776
3841
6681
10155
10091
13402
5559
6657
4695
6905
4242
5121
6786
12898
4603
11839
12399
5402
1486
7453
4125
10079
8892
11360
2958
2975
12901
2828
5853
11758
9962
8713
5934
1881
10812
12256
9908
3191
6590
7487
7838
8720
2199
13018
4340
2122
12183
9540
7962
6635
11439
6875
1673
6200
8848
10114
10362
1281
257
7699
11534
11611
10568
501
10341
8455
8416
2746
12514
9388
3557
8087
8741
12181
3141
7876
5857
11048
11105
4735
10372
5687
6145
11741
9313
2344
10205
9376
3004
6604
12852
7878
2980
1490
1495
5
8736
5241
8103
7365
6762
10042
5393
8441
8381
5955
2713
3498
4953
9417
3715
6144
1893
4241
689
5528
7347
5294
3170
3507
9713
375
6364
1180
7722
8055
2582
3220
1540
3894
10571
1201
3771
3790
5017
7014
2640
2007
5376
986
6328
8855
11142
11624
732
10128
2942
558
9663
2230
10203
923
4622
9624
12384
8462
8374
10991
7855
13379
12189
8777
11138
4227
456
4064
5330
4938
965
7270
4417
10016
370
1241
9975
711
8898
4052
4423
3283
7570
10349
6246
1451
1840
2407
13335
9325
13239
13440
5110
5370
12068
12040
2342
10459
12243
9259
7447
6692
9532
5989
161
8931
12539
7749
13124
2851
11814
7679
3207
7101
2727
3039
9301
9341
3422
12786
5252
274
9046
8805
10293
4397
11040
8505
2196
10232
3756
10023
12155
7375
9815
3143
10158
4568
2965
527
3241
1933
9842
7556
796
706
6962
5715
3118
9734
6100
3208
9672
7374
8875
2960
11867
7807
9692
10117
4336
8013
3338
9448
11563
121
212
7783
3340
5632
7459
2906
6061
11956
10470
9820
2355
11855
1447
12855
12511
3189
10164
8410
12699
11336
7309
9407
589
7027
4076
3083
8250
11808
7026
11768
11974
8373
5452
1511
11672
7910
8859
865
12070
2425
5332
3746
306
4211
12817
13298
11671
5656
5024
9207
11970
7197
7214
13494
13568
3969
3358
3375
9404
9910
5369
13522
8384
2383
4924
13110
7280
4159
1778
596
5443
2881
6047
2459
11056
3826
304
5373
11271
9885
11409
6041
8540
5596
10211
11130
5660
12760
11756
7918
2803
3780
7823
1859
1428
1095
1427
1858
8210
4139
6196
7594
218
7376
12782
5125
1396
12449
8438
10564
8430
5530
9934
9749
1688
3814
2177
8618
12223
9664
833
4295
8960
9151
4927
11301
9107
2072
11420
8572
4521
8288
1776
266
8964
2404
6893
4852
9275
1274
3617
835
7638
11834
4918
197
3817
12754
3457
4360
2335
2745
12102
1838
5101
12370
3799
6862
10713
12681
4482
2330
1802
10216
2218
11187
6184
7229
5293
12965
4955
4831
1239
1521
11507
8183
9036
12994
2025
1942
10515
10223
3835
9431
6517
2998
9918
11696
6436
1450
4107
8018
8405
7646
10089
7978
4941
2728
3433
4536
13606
5652
3484
543
10789
11175
13219
13102
6890
13245
7185
2716
10457
9737
3460
10815
12662
9837
2652
2560
6453
11401
12113
9451
12291
1410
13224
5008
13466
10747
11901
12469
6804
5743
485
11765
1873
3036
1429
2830
7006
10764
11452
10511
9706
5516
2098
8006
8698
11673
4884
3331
9629
557
9648
4133
13126
4797
2801
7441
5650
9719
734
812
4
7304
9226
12949
4314
1381
8499
2819
11660
11161
12224
4796
2076
1431
8622
639
8186
6207
2290
5521
5037
7848
694
9973
8715
8863
13030
6667
13255
5745
7788
12069
1640
7112
1100
2128
11014
8744
6518
13509
9331
1625
4123
9124
12364
7718
8830
6548
2678
12888
10508
6286
2353
9318
5240
10003
12495
8661
484
7046
4178
1804
1684
6594
4760
13159
1666
5600
11013
10833
2645
11368
11041
12933
10200
2042
7508
911
8724
11355
9596
12584
6492
958
3464
9867
6199
11076
8778
8924
8240
5699
4158
1913
11945
7898
6539
1932
11929
6079
307
5128
4320
7577
5730
3304
11226
5965
10857
3494
5287
6433
8996
3924
10140
7308
6111
9146
7921
2992
7039
10130
7923
8979
4174
6340
9216
13579
12463
10510
6906
13341
3851
9285
3603
3627
2296
785
8687
3044
4213
3252
6643
1103
8956
3612
13345
9806
12987
8314
480
7999
6194
11819
11021
6972
643
2994
8567
1960
450
3085
12073
2891
7437
13300
6537
12015
12630
10758
3812
6213
1246
13322
2835
8612
5845
7462
12203
1787
9982
10909
10891
11688
11321
6895
10139
1745
12305
2841
13303
6526
4404
9545
8836
1714
3905
11690
11338
13061
757
12674
13449
9397
8983
12477
12293
3745
13196
9783
5021
6382
9371
11305
9345
3186
7276
10843
7384
2043
11087
12146
5904
8049
541
13007
9133
4614
13532
9314
11157
8574
1101
2643
584
9603
7259
4886
8052
6863
8340
10280
249
3681
6858
8360
12665
10692
10717
4160
2600
10400
4913
10010
10433
8304
6630
7530
3576
3677
1005
9014
3021
6204
7234
1489
6965
13412
1491
2144
8551
10757
12661
10109
7262
4149
8321
12927
7553
8580
8053
12132
11631
857
488
6314
10703
4274
2259
13181
427
7557
10099
11698
4567
12978
13444
11917
6910
13393
9640
3649
10199
2287
12660
10835
6027
4442
9569
420
232
10322
1735
2758
9597
648
878
2709
8689
9274
3901
4092
9697
9423
1691
1766
8115
5451
11118
6500
2408
10537
12192
4718
12892
1010
4689
4197
11820
5396
1641
6174
10427
13088
2105
1279
2611
6507
7279
8027
978
1090
4998
10346
12998
8456
194
4412
11149
9959
6813
3642
5023
12525
13107
8699
4593
3167
9736
5900
2632
12958
9149
4598
7091
7118
10531
1212
3669
4945
9458
4912
12944
3071
11886
11795
2389
11006
10382
6598
9517
4053
3316
10562
5813
12301
1905
8358
7079
2050
13447
4014
7879
7842
2897
13311
9489
11619
10434
10331
3550
10108
12194
12220
9189
12496
4370
3369
6619
10466
3536
13078
2184
6763
719
1886
6994
7398
5752
8539
12419
7851
4234
12133
9985
10474
12089
221
8233
13578
4496
11982
6339
11052
8369
1083
5468
7310
1420
4988
1956
11404
11010
1875
7868
5092
1297
10133
8160
10316
3789
8514
8637
5302
108
12653
6561
1469
8169
11269
3511
1463
13259
13459
12670
5098
3712
11035
3963
8332
8363
3959
1348
8092
7095
11469
6424
8071
4816
8655
6300
12841
9454
10829
7615
11177
7583
6976
9356
3448
5190
12197
2490
8380
12260
9646
7698
4253
5994
1457
10750
11152
7670
443
515
12597
10059
7507
12688
11200
5916
7382
10214
10783
8771
1353
6394
9541
4043
7491
9533
726
7650
1329
2012
5740
11002
9641
10921
6147
7949
11916
8577
6709
8248
6321
7366
4584
12815
10858
4207
10840
1128
8452
11533
11566
5324
1240
6101
2868
8510
6193
9729
3280
4719
4672
947
13387
13464
644
13290
6842
9462
12889
7540
2154
12459
9334
3870
9731
709
6018
5603
3061
13291
3863
780
6474
6163
3639
9056
10880
5751
4530
3513
5049
1350
4582
5738
1227
2455
9588
2750
7076
13399
4724
3691
3244
4468
9689
14
9633
11137
11977
10522
444
10290
1609
2668
3819
8471
6973
5460
1939
7979
7675
10106
5465
10342
3368
7771
7849
3395
6408
12784
8255
8746
10707
2579
7048
8796
4003
11185
11067
4921
400
3886
5141
8904
13541
6131
12680
11193
1051
11848
9771
12013
3387
3492
9773
12730
511
721
6130
11079
12538
12836
5097
2454
11949
10057
5729
10766
83
3568
8783
843
11438
8755
9219
6338
5939
6240
11666
2852
12966
4504
13577
12121
4495
6660
1584
3891
9106
10868
6190
12801
741
4577
7152
3512
10740
1232
953
5693
3943
8526
8676
2112
3215
1979
3235
11348
2477
12325
6527
12503
2233
3847
9977
5243
2250
5642
1780
5506
4456
8703
9295
6479
13405
1460
1573
9743
4617
13490
4833
5011
1699
12893
13054
1504
9899
7559
13461
7460
10599
11091
11257
8038
8291
9421
11400
12905
13053
6913
3162
317
3942
7633
7867
12728
3060
5084
5209
5980
8593
6274
7922
9591
7804
247
3275
6739
5724
11944
5710
3397
6417
5050
10125
463
12453
2675
13070
3686
876
11583
620
4471
2439
12926
8909
733
7288
13538
5718
12612
6722
13000
12150
5865
10519
995
12677
13350
10755
11418
4228
6195
2867
2604
1993
504
13093
9763
13229
4387
3973
3580
7515
7607
7890
10654
3685
13400
7253
3850
5949
3839
9717
11559
6099
2479
7947
9550
9807
460
1865
10190
9796
4968
12824
5061
8407
2480
10968
2883
5291
8289
5253
6216
11393
9661
12257
10944
7172
11289
5267
2808
8786
809
12446
823
6410
3532
7029
3175
9725
12710
2387
11308
2119
9042
3552
4942
1355
11869
5112
7891
7071
11787
10263
9093
10574
13166
13276
4604
6435
4984
4749
7850
9064
2946
1711
8883
2141
333
10816
4181
2362
2130
12884
366
12700
6644
2026
13425
5513
3537
9686
9595
2470
12993
7625
4447
4136
11662
6062
5766
10176
5764
1870
1742
12644
10299
5663
7130
13233
1411
7299
12962
3917
4994
4044
9571
6282
4559
4248
5905
13272
12093
10897
10134
11816
9122
13413
1770
5493
4319
8075
12816
11628
2002
9523
11320
1575
312
8492
150
167
11996
3911
426
6105
4126
13173
8375
268
11136
2179
8002
11072
4679
10855
6783
12478
5510
340
6426
9786
10536
7772
3456
7402
3109
6484
5567
1038
10828
8056
12682
3000
5194
5406
6528
206
9770
8395
10656
5747
2
2228
3212
3934
4307
10239
3429
4740
2210
4844
3698
7738
3672
3131
12775
10624
3994
725
7643
6
316
10302
10067
11821
5418
2723
10742
5903
12717
13015
7123
13339
10422
13264
1915
6556
10723
5315
11701
13382
5362
12988
8929
3674
3992
2551
236
11853
7369
10540
5584
9028
5383
3105
1338
10236
3413
4548
13120
10399
10824
11830
11965
10729
6477
4103
945
2837
11455
10324
4311
3607
6848
5235
8693
9835
10241
12569
3119
4723
2659
5272
9017
3764
1752
9007
7580
571
4989
6585
6765
13458
6389
10879
4138
11245
7297
4066
1677
5539
9530
9996
4062
9411
5047
12097
9478
3072
235
12862
9519
1359
11244
5052
1921
10020
7692
80
6838
1009
7748
5230
10221
2066
13115
763
9473
9724
11258
1988
5890
3972
201
12443
9858
183
5371
8152
10680
8422
4517
384
11817
11717
4469
7307
9138
578
1707
3956
12632
44
4810
1026
4492
6107
645
10753
6886
9200
12296
10028
6388
2482
7521
12781
13497
9740
5311
7417
10793
7353
8615
32
9988
4266
1938
12165
4625
4054
7257
9805
336
12536
7948
2845
2690
5790
4201
7293
3184
12378
972
722
6305
10182
1904
9246
13409
4438
5573
1508
3435
1052
11843
6498
1539
4451
12101
2673
12400
9657
8852
13537
11615
11353
4878
13374
6953
10288
96
12303
3724
1324
438
11706
13324
3518
8588
4511
5602
13563
9290
6871
6252
881
1011
9061
5357
10360
3950
5437
10490
11641
8747
5816
5051
8988
2236
1483
3233
1518
2708
6034
6025
6396
7513
7483
4820
12044
12608
4065
5461
2509
7938
7634
9350
5385
9354
10070
5329
12637
1987
128
5966
5556
3787
4106
7546
12298
10499
685
546
2009
1631
12195
4027
11797
650
1424
9757
13051
11736
8451
6946
9446
8657
5863
5188
2848
7440
20
10892
12756
708
10813
12732
11015
9191
7162
11411
4312
10304
11263
12215
5935
5303
11023
5488
5608
3813
1725
3243
10085
4392
1543
5943
5579
8634
12030
7415
1178
2656
7285
8354
9883
7828
11703
707
5851
7427
4629
24
6044
3082
10426
2575
10534
1643
4298
1367
3795
1892
10036
844
3164
1749
10328
10752
5458
403
3356
2815
3858
8490
3957
3424
13594
1857
5924
8024
136
11657
8108
10526
10484
11777
10643
4607
4396
5501
11805
10660
928
2802
5670
4250
6559
13361
3403
12990
5690
11195
5675
3896
9819
7004
13234
11792
5322
12176
4031
6080
10942
2006
3605
5773
7504
10329
8991
8394
64
1237
6317
7269
10977
2863
10173
3107
919
4943
4310
5400
7892
870
5941
11889
13282
973
9748
7341
7666
12049
5714
3183
3496
2463
4363
1497
1398
9986
13192
11661
11218
5907
687
461
10580
9237
10269
7258
8259
5042
12003
11435
6128
611
12739
8155
5720
8217
10844
9953
1318
2426
1909
8097
3625
5171
9882
10406
5523
12281
2663
6192
1779
2190
13170
595
7629
6651
792
4304
7275
7267
13381
3779
800
13226
11652
7379
5105
12867
2437
10060
2431
8141
8926
7340
2862
8999
12871
11981
8465
5639
10955
12886
1973
134
13297
3473
12334
11667
3755
8811
764
7476
3732
11670
9893
8362
2170
8378
3024
7545
8423
4552
12309
13475
11564
2243
10572
12390
13580
12572
11326
5095
7894
3380
8644
2817
12397
4516
11294
2876
11085
2811
8318
11658
13500
4756
636
13180
4736
4119
4896
2161
7676
6198
2489
10018
3005
5823
12669
12428
4265
10614
2419
1205
3474
3522
8124
2308
92
9477
9261
2008
11083
1977
5593
8586
11296
3015
10768
4368
3871
11928
243
10395
6733
2781
11339
11877
6438
663
4900
12160
4923
8144
4922
6386
2706
11807
7586
10885
4188
5688
982
10446
9612
4414
11112
39
1855
1309
49
7062
5768
3757
1275
172
10265
12587
12025
10153
2297
7381
2743
5582
3719
1319
1485
6046
331
6497
5447
12396
3320
5411
7647
11009
11646
9100
9229
3442
1744
104
11054
8488
2229
287
6377
9766
351
3869
13462
6395
9060
12479
6472
4435
6587
4233
2703
3583
7040
3559
9324
12627
9179
12506
13040
9897
6206
3286
3769
9385
3980
10411
9653
4328
5352
8205
9080
10210
5644
3962
8203
13539
5872
8241
5812
4030
12758
10380
1301
7386
1943
9616
8620
10890
4572
5583
87
6758
11272
1112
3968
6142
184
12619
676
1347
12386
11150
8028
11639
11934
6629
6971
2785
12470
6607
9116
8523
1144
11197
9854
6323
2432
4543
1629
9913
1908
3770
12312
2304
2046
13148
2442
938
9900
1902
11428
6932
3479
855
10992
4185
6467
13523
3201
4925
2402
7728
6066
12616
7413
9999
13225
2747
5485
13296
4619
10556
8768
10355
8896
6448
12607
2166
4372
11375
7246
13085
5952
7907
8404
5967
8497
1184
7523
3831
10017
4086
11055
12067
11281
7942
873
8463
12037
1199
13354
7210
10946
6634
1024
8737
492
12548
7125
9208
12048
1741
12451
3533
13414
8799
10259
9335
819
3278
8814
5796
4642
9691
940
1290
9101
6169
11708
2655
8990
8708
10651
3033
8920
4293
10601
5022
5767
5019
9008
2302
10865
3178
7995
5886
2365
11515
7468
10143
1592
9940
5648
2481
5504
864
11988
4337
8829
70
6849
13317
6369
11845
8167
11432
6215
12438
7089
10782
6337
6049
7339
1611
11501
7346
4588
11135
2715
12173
3288
494
9400
10419
3596
5425
4681
4453
6140
2894
3586
5950
1224
12780
6591
11139
3302
7654
12080
11835
7313
4361
3978
3160
3488
7489
8266
4557
11270
2970
6894
10487
4929
8076
6203
5363
4384
13365
7377
13401
335
9360
8270
9034
5336
1135
10038
5680
8216
769
5681
4497
1412
9979
5777
11060
12366
7203
4805
9769
7127
13230
4448
10295
11350
9203
4759
8787
4508
4273
5392
10981
7439
9308
10013
6157
12016
5808
2284
10180
797
12043
11318
9272
8174
686
12276
11938
9474
3967
5181
12652
11088
7723
13265
553
4078
86
7104
1898
9804
12143
12497
9249
1448
4196
6793
9708
6333
8154
11000
6939
2983
2982
273
11879
10938
9291
5788
9033
10101
7251
5254
6401
4378
7343
4738
3736
11446
3214
3556
9316
4818
1364
716
10953
13066
6857
11101
7248
5044
4800
4200
7845
12979
10087
7274
11376
10294
12559
7931
10593
13077
7333
6749
12122
8080
10260
6989
13068
4634
783
616
12286
10046
7442
7854
2605
6059
10732
2411
2969
185
9053
775
10923
2947
2514
13217
6536
11915
2212
5277
2197
2520
4663
13483
9894
2172
8773
1015
3038
1342
11783
2717
464
6744
3081
223
2086
12416
10479
11424
12837
4087
1866
10234
9041
9242
13202
12543
2930
4839
2667
12561
11124
11125
4186
6146
8645
9542
11034
7363
111
11947
12486
673
11918
4699
12999
11872
1121
9445
5131
7935
11277
9071
6270
5331
6981
6028
13058
4964
4671
12982
845
10252
6021
9241
12555
9608
2809
6175
949
1852
8582
441
386
7260
353
3701
4389
6885
8686
11754
10805
1983
4285
12934
1163
13479
3884
10778
7754
8935
3046
7199
5948
7584
3923
10672
820
641
12788
6176
8442
10439
7681
7924
5032
12307
3815
5629
5390
1734
7582
12471
5733
12523
471
5448
9013
3551
2060
9174
4318
7596
9131
7148
12502
4278
767
4708
7180
12878
9943
8252
1585
8429
12727
4879
5657
2712
5960
10542
8607
5673
11568
13456
4381
3726
12796
570
8089
4491
587
10449
12316
10268
9310
12709
9178
3335
6348
7140
6427
2447
10592
3168
10686
4155
6153
3094
1265
10725
3273
10113
9444
13004
13074
6775
2405
7241
4787
479
6308
9614
4129
7606
6380
1652
349
9215
8691
9810
9969
3505
6155
4751
13045
8019
11162
13496
6405
6178
359
13559
5964
10630
5959
1077
9586
11505
12526
4226
11299
550
7093
8598
5295
10330
7689
3820
2232
9129
13080
13327
1327
3788
5187
9656
8856
13028
8214
10584
12283
2671
9543
10790
7759
11844
3091
8415
11388
205
13111
10035
9501
12887
8020
6167
2013
7012
1430
12487
4416
1534
11500
646
8323
12571
2016
5803
5405
4369
9666
9260
2265
6483
4409
2944
9469
11878
612
231
18
1658
8921
3346
13417
10731
526
5238
4050
271
4556
3696
8066
8496
1582
6095
1990
3903
3760
10271
2558
2923
12387
10741
2055
1078
491
7529
3740
10618
8446
5467
9684
11573
524
13072
12039
11927
10527
4632
13301
11298
11036
2702
1333
7107
11370
2638
698
5234
10312
2288
8651
5191
13133
9021
1570
1764
8197
7919
2570
1834
8628
12537
7990
7385
10969
2554
12403
6957
7534
548
7818
5560
3394
8349
9548
10204
7202
3002
4542
4581
5552
1209
5457
12005
12631
1194
13465
7782
6728
7163
2925
12695
12085
1154
12764
6425
13002
1654
7181
11510
6515
5522
325
12344
11481
12575
991
9932
239
1690
5996
9049
10918
534
6236
3524
4742
13163
2541
4251
3101
12369
11005
2306
9205
6595
7458
2131
1647
11764
133
1548
12060
13010
3644
12064
9126
2934
6653
3703
2323
5880
11681
5053
6779
8665
5350
5478
8868
11905
1633
8039
10727
10645
5246
12611
1295
2005
6827
11099
2238
7544
9078
1045
2294
11838
2049
8042
10972
11874
7682
10502
10681
3232
9440
4024
9306
12261
13367
9630
3577
2063
6649
9949
3392
1883
3521
8498
9210
10477
5065
3621
9605
4267
380
2047
2654
6589
6138
1401
147
7777
11151
101
9368
9227
1152
3
28
13378
11459
3037
3954
7704
2032
112
8630
7335
7974
6615
3193
11216
7425
11237
12992
10275
11165
1964
8364
199
11852
8871
1784
3174
3146
8200
11354
10251
831
11997
6038
1717
2262
13251
6129
12567
9094
1116
1935
2399
9163
13108
1832
11417
13266
5811
3919
12529
10819
12770
11723
4814
9833
6741
4433
1952
9037
4698
7966
11412
11422
2488
6652
10478
7756
4596
8998
4189
3461
7660
10111
7422
1955
8952
4365
9564
466
7252
132
4067
12768
11406
6043
6909
9240
9938
29
12961
8512
2421
3893
1029
13183
4803
7983
8537
10206
3578
10338
2527
12123
3017
3573
1761
3122
1937
11017
12658
6834
854
1484
11607
7157
13099
1785
12168
1982
690
5514
7049
2805
323
9507
8824
3661
9038
4204
6012
1971
9365
10217
9476
1715
6075
2661
5736
8218
3595
994
163
8131
6260
908
1191
10032
11231
4371
13141
8557
7888
4324
10826
9598
8398
12249
12823
8299
8489
7585
3763
9152
12520
13323
12475
8
1109
9455
10512
9405
11638
6854
2857
3384
9273
6480
12738
3386
1966
662
11134
1048
10237
9461
6970
12745
10318
1517
10450
12510
13581
2319
5899
9139
8307
692
1256
11704
5409
4507
7856
11251
7799
7261
3916
12440
8159
642
2058
2699
7306
7405
863
7005
5297
6143
4081
12285
8718
5759
3867
12020
457
8094
10034
10695
8652
2591
73
5410
3561
1630
281
12733
12516
6191
12447
12339
9339
6992
13288
3217
12879
2757
3125
8565
6785
9683
11315
3829
5641
6244
960
8406
7614
9452
8104
4488
5377
6683
68
11097
13480
11491
2285
10869
6446
4615
9494
8111
7982
11084
12465
11202
11029
11343
11547
3562
750
12341
3743
7605
7940
10385
12392
2113
2549
6353
4643
9173
8846
9781
2366
6707
1833
2774
11887
8224
5784
10935
3793
9330
7805
939
11095
1361
489
10853
6391
5007
6045
8386
13507
5974
10611
7701
11025
11283
12104
13386
6577
4717
6318
6208
12692
13022
11969
12423
57
11994
522
8810
1925
11089
7624
5195
8350
5696
11875
13437
233
1970
6294
13353
4506
12212
11064
4236
8357
2648
5936
3766
10661
2696
5208
10984
8646
12579
7078
13330
6367
8907
11616
4919
1084
7190
2414
6039
7644
11815
321
9840
771
4910
9619
11126
6752
69
2624
8391
11846
10638
154
5040
11866
11935
12119
4367
1871
10675
12937
3723
12623
3014
1179
10807
11074
5554
623
5014
3165
2385
8478
5971
8239
8838
8145
13575
3984
4683
67
7218
434
4322
10550
9493
11240
12742
2160
1850
12374
415
1195
9834
110
9076
651
9382
5255
3345
12635
2126
6402
11936
4891
5211
6355
5111
5541
263
7056
6113
9253
3430
8731
7416
11750
12109
13071
11495
9103
7419
7431
1040
13445
555
2586
6550
9292
4758
1435
8151
12051
699
13556
13037
10771
12622
7
5216
11784
7739
3428
7576
7998
478
6431
7031
5669
2964
11371
4571
5744
5351
8221
7525
2487
12401
5703
4729
11702
6588
6582
9483
7628
2735
5085
4284
7930
905
6135
9529
3031
9625
2312
1928
8143
1189
11203
12041
145
12672
11841
3173
1415
193
1462
13240
11043
8959
987
2213
12594
13576
3925
925
12706
9528
13079
10458
327
1655
10594
5337
2991
7934
3777
12472
10914
2687
8316
1033
7794
7653
10866
4272
4376
788
9199
1791
9559
406
8862
13308
3520
842
1377
13029
11331
6372
12989
12326
8491
4009
6773
12863
10078
872
10848
2495
8176
11695
11359
138
10878
11205
5266
12945
4080
9892
12705
6734
2585
11780
7714
13463
9868
1343
5381
3465
6383
2767
11490
5606
12819
12748
10861
7905
10943
9568
1080
12437
6852
9572
10500
4194
11235
6956
5563
12656
65
1081
10383
178
3087
13583
8165
8853
207
10492
1616
9554
8458
1302
8148
5060
4591
4072
3325
7021
5709
7469
7059
608
3802
6137
8928
12908
1182
8889
6732
4931
12500
4782
9367
9262
6942
7899
1402
4494
10491
4967
5627
5737
3126
3680
7836
5334
7016
7255
6563
5004
10886
6181
3582
10814
4657
12844
3982
10677
12236
2107
388
2153
6399
11640
11999
2188
5201
7090
9756
1335
11954
2842
2505
10608
2027
6221
4212
3374
5058
5564
8570
9929
13430
11050
5613
7952
4985
1107
2452
4143
13450
12353
5682
8897
12576
8821
10363
9068
8348
5533
4563
5631
10610
3570
3637
3742
5086
12436
177
12057
1667
13057
12032
1663
7043
11196
11351
4231
8272
1765
13009
11694
5658
12270
7209
10625
2516
7378
9419
1215
1317
5349
766
9424
2686
5505
934
11782
5635
8575
2116
9315
9644
8180
7064
13153
10326
11518
11788
7350
10482
7156
5088
4411
11247
7510
10573
3310
4564
9281
12004
10264
1492
3355
10131
885
13178
7664
11186
13336
6404
581
1591
11556
13511
1197
7609
12621
9083
297
671
7217
10842
8972
8877
1422
5520
13222
428
5152
2483
5628
13060
868
11280
11290
4019
8587
633
1470
7044
436
10043
8648
13319
10644
3074
9302
9169
9698
8748
8439
6499
5189
11602
12718
3362
9575
3695
4001
2191
11107
10279
10282
7136
12412
11497
7146
9525
11614
395
10924
12217
7773
538
9875
2798
2274
11462
4332
6892
3350
12640
3158
2722
10104
12647
6522
1808
11880
3402
2075
12347
8866
6688
7075
2133
4648
6430
4771
3075
141
11279
1186
6504
4068
2457
12153
500
11883
3687
8992
5717
12793
12854
7734
282
9562
13514
1193
5285
7514
8578
437
9364
5020
5749
9109
1235
10267
11407
13254
8215
8474
13161
2102
1502
4219
3410
2011
8759
12798
1604
3296
8047
6374
12849
295
13512
10850
13258
7985
12880
5765
6562
8795
2152
7959
8534
6344
6219
4006
8427
9142
11942
2898
481
9784
10423
9618
11159
2289
8274
4587
12071
681
1175
6452
6581
1183
7303
7852
2132
4214
4230
4032
13289
13557
7108
8760
10231
6342
9044
11985
9055
8208
453
2609
11062
6997
5779
8602
364
6686
10353
4533
5258
3181
459
5278
7655
6139
8385
2987
4093
7680
1071
5649
7053
10319
6060
11121
1192
4872
13073
2206
5843
3786
12955
1445
7880
7623
8522
8367
10779
7697
9176
3372
774
8766
10077
2677
10506
319
6016
7445
10171
2990
11206
2529
11763
6988
3129
1899
9916
10008
5881
1287
3834
13530
6201
7407
433
804
4486
2089
12551
1603
10898
7298
2428
7539
7036
13212
13252
1270
4400
13371
151
2700
10856
11018
7511
6283
1123
11972
5206
11766
3049
8788
1310
408
12919
8303
1202
11153
6916
1370
9712
3566
9084
12024
2618
7100
7111
4777
11737
5474
8538
12936
10286
3852
12643
4478
2369
8264
6602
1102
912
300
1737
12493
12552
5379
536
4834
1523
7391
2466
12184
13515
813
1387
5469
3611
4732
9570
2222
5307
4060
50
7325
7312
3466
7667
4696
1949
11569
7524
7054
9768
11167
10340
13278
196
11826
10685
2752
2245
5290
6668
2859
4316
5372
8061
12903
6738
12318
9555
3145
8561
1155
10597
7537
10509
8558
12580
3706
12820
2424
3400
7862
882
286
12840
4702
590
4290
564
8207
11629
12454
8413
9632
3824
2751
979
12547
3527
8276
8939
13552
9609
6911
8680
1678
11910
8623
7574
7247
6495
6210
8823
12111
5985
12895
10774
6272
2263
12726
10407
3264
12140
11715
13521
13476
2078
3876
12906
7228
9217
3120
11460
12646
6612
12117
11044
4937
3444
3650
10714
3752
1670
5626
7443
10641
1600
577
4127
8243
10640
4705
6461
12853
6011
12329
2168
7232
10754
12481
11361
9874
8095
11699
10431
11957
11558
7744
11871
12592
11357
2371
8123
3671
13518
7690
2361
9954
5575
12337
2322
8431
2048
7170
11589
634
7830
176
11585
7105
1208
13375
8596
2784
5274
12313
4223
1868
10907
2658
5694
1597
2795
6687
8320
12850
3195
5574
7563
2022
11415
4244
2532
5174
2804
7986
11314
10284
8199
10657
7732
11214
4580
9150
8668
12371
291
5398
5814
2305
6301
216
10137
13562
130
2135
7204
8870
8424
2145
13485
4686
10996
12924
11236
25
4811
8308
7205
8086
1718
1054
1273
6370
4583
11955
9643
1172
12521
10726
11983
2732
12845
1588
7770
6397
1895
9853
10441
4483
3393
12345
8692
11650
6366
12928
2636
1352
9852
996
12035
6335
4028
7188
6822
11979
1500
11059
7691
7640
8879
7932
3179
8434
7337
10743
8126
8585
3203
3965
12075
5610
2568
7913
169
12430
12668
13257
13069
7272
9252
11519
7191
13075
11503
4535
9254
529
8168
6746
347
12618
11242
8040
7023
2598
11285
9802
10836
5184
12349
2080
7420
8485
5659
11024
285
13358
7780
8283
9522
8815
9372
12517
13373
1389
9457
6186
2299
13263
1233
754
3843
6450
3382
10748
11373
5479
5172
7098
3016
60
3549
4071
1383
6996
10966
6136
6717
4812
4132
4432
3999
5056
2943
1068
11483
4911
11276
9585
9590
1332
4762
1131
10126
4434
4033
5284
11868
7454
3231
5809
10368
2201
12830
1384
9029
2434
10595
8745
10931
1509
8599
12213
12807
11474
11311
5566
11964
7334
12959
8000
2878
9305
2448
9919
11738
5070
8355
10306
8347
9052
3194
988
11441
8202
9003
168
1672
4939
7394
4502
8791
11390
11109
11651
3137
1444
3647
2916
1598
8366
2937
11416
12783
5346
3890
5116
8213
11335
2697
2535
2370
12253
10613
4630
13598
13337
5262
2748
9054
1514
10501
3344
12490
11912
9660
8065
7909
10787
9812
9143
12214
12174
3423
502
13560
9340
11443
3567
7639
8917
4553
2683
3722
9119
3838
2674
3679
9286
592
512
9829
382
11633
9876
157
7478
7316
5000
11824
13144
12899
12601
10219
12464
5799
7479
8835
4308
5604
4510
12106
679
3823
5489
3416
6414
6760
10285
8603
7216
7720
8502
2831
2279
1520
7028
3758
2435
10792
7668
1258
8278
6546
6415
6772
9204
1173
4795
6901
10664
8984
10027
12509
713
6350
4393
1171
1336
13236
5175
8258
10642
1681
7211
2775
10802
11958
2248
893
4398
368
12846
10655
6082
8128
7463
11458
11863
9917
2255
3589
7801
5203
9827
11450
228
7992
1963
7763
5477
7444
5944
13269
10676
8032
12488
6881
1897
6678
4191
10945
4224
5432
13423
3171
3558
9925
6444
1117
6662
9223
8464
12204
8477
8408
12650
941
3028
328
1719
8967
13280
2838
11960
8046
11762
7475
5421
12802
2476
11579
8997
284
6638
5244
13540
6102
3360
7708
12735
4748
13208
195
12458
2954
3221
5609
12809
2666
9222
11174
946
1023
7846
1563
8399
8583
7951
1399
40
5873
11261
3970
7348
12856
8832
3008
2340
1249
11001
4982
10404
4166
4490
5804
11546
3909
1406
9175
11485
4549
8772
2484
5585
5599
7322
4867
5828
1697
10124
3462
11442
13587
5333
8135
308
10166
2962
2628
12138
4906
506
9521
5072
10796
2684
13442
6091
8543
13329
2416
338
4608
6774
11693
8901
887
12724
8576
3616
12859
10734
2576
13438
9211
5908
9637
440
1187
4148
7527
12685
1503
5233
11656
9048
3150
13122
1835
2657
11882
2619
7024
10100
5364
6182
3716
12690
5214
4359
8973
626
3324
7595
7693
10696
12383
10689
6513
3300
6242
5486
3830
7764
2051
11217
7011
1773
7120
12264
191
6256
9721
11680
7968
11433
8116
3632
4830
2762
11456
4173
5901
2766
5134
8948
13086
5775
5279
5470
8828
6878
6288
8642
1050
12367
2538
12311
9976
12198
407
4501
9670
12402
10749
1284
9234
6627
7703
2544
12429
2528
3754
4746
4569
6112
12715
3842
1805
977
5678
1869
3130
10323
2354
966
7864
2345
6068
8379
4289
4875
3565
4935
159
12813
10965
1819
7225
932
107
4167
4527
12294
4788
13175
6620
9287
326
5456
13428
9043
9115
5731
7074
6769
10177
8807
3381
9787
10296
240
9601
562
9213
3012
12519
8036
12348
758
114
10566
1818
762
2908
9487
5185
9799
6541
12932
1114
8861
6868
1206
3664
1613
11963
8368
3714
6362
2814
3730
13426
10004
9348
9307
7613
2242
410
9750
10517
7473
1680
11664
5408
12074
2869
990
6482
13418
13551
12205
10636
13395
2052
7132
1747
11445
4709
7167
8694
5930
2907
2286
8797
10359
2705
1247
2562
9465
12022
10175
5537
3190
10801
4576
7887
4405
2986
997
10609
9599
6110
11329
4537
12882
3247
7244
0
4090
7137
5161
8679
3808
12395
2256
2629
825
3073
11627
3966
8869
13168
1738
2474
8653
3940
11028
11049
594
2854
7622
10721
4823
5732
12342
12152
13032
8735
1019
1750
11498
1056
11207
9391
7652
2737
4885
8325
6721
11561
11496
2139
10598
6094
635
10408
9924
5781
296
9353
5096
5920
93
2919
2200
11374
1880
5832
8418
6345
2564
6599
4305
8532
498
13147
11609
5309
3314
13167
11535
1170
13052
628
8302
3798
7488
4620
8626
10215
7779
8890
4420
4755
11538
5834
12114
1216
422
735
9814
1959
10806
8062
1354
3866
12115
12515
11115
4485
7611
8238
4246
2451
4626
4015
10354
9194
5308
4209
4849
1847
4590
1118
2062
12433
7656
8015
8331
12190
270
2215
7552
11529
9780
4162
752
3069
7147
3953
374
11447
10849
7092
2391
2320
435
3899
2095
1437
12002
5167
7300
8437
9896
6723
10798
5441
1226
2186
846
5239
1723
11232
8876
9343
8312
11313
11172
4503
8784
4940
10012
695
2879
2691
8265
4075
3379
4403
12913
13392
11477
11577
8319
10505
5200
10995
3699
13432
6287
8342
6719
2951
11790
7497
12461
5571
8137
8330
12507
1167
2846
12266
13582
12664
10903
6647
7455
5877
10160
8334
10376
5664
1732
3587
9739
4969
9809
10809
10209
5676
11911
1299
9165
2621
431
1799
5156
2993
219
6935
617
12129
9464
3274
3128
3678
9479
9730
4540
11857
3020
10464
5590
12876
13154
3711
2465
12361
2791
1612
361
1936
13416
4902
11810
10045
9096
5067
9016
5145
11019
4870
10127
4458
3600
851
10507
10784
1867
7321
3827
12765
7001
12343
3001
1111
6698
10804
4431
3862
3196
13216
4898
1748
609
6126
8631
9747
4627
647
11575
7224
11791
5645
8449
6926
8029
4713
6693
8470
10381
1957
2884
9026
117
3741
10708
582
10167
13544
10339
2134
11465
10187
6684
12838
8695
3626
12827
8913
1073
2749
661
10375
6170
1693
3534
3317
1043
11700
4287
2004
8667
8757
2902
1513
11266
5159
6322
383
9510
9980
10961
1028
10064
2882
6889
11317
4720
3265
10238
3797
9772
9001
3343
3210
6947
9303
4793
4366
13320
12094
5850
8658
3259
3436
2589
13227
12776
1392
3489
11475
13260
3855
2209
181
5674
11181
3319
1583
12494
11176
2175
12444
343
5667
12499
11514
12585
6795
3733
7412
9728
3487
6506
12562
2688
5107
13299
6104
4673
1620
7141
6259
3538
8181
12848
624
11365
4806
6966
182
3516
1559
8910
10874
13249
10769
8472
12473
10310
5638
10207
4349
5389
4499
4765
2630
10847
12691
8212
4845
2427
8294
4436
12954
1213
7994
3481
4531
10014
4970
1668
4321
5878
10015
7861
1946
12930
5746
6809
10561
4082
10398
48
10751
4813
4373
6670
13284
3548
11659
12178
7672
8114
5998
6626
12533
4208
2123
2820
152
3601
9944
8946
12061
10320
6699
10544
8629
13087
652
5048
8761
11608
6052
2660
11836
13209
12714
6533
7323
6919
6633
11378
8257
2922
10988
8775
9472
10538
7886
7116
12805
11876
346
3084
9399
5824
8880
9504
12053
5822
10120
2574
220
3281
5885
11626
13145
2156
6571
10001
11536
9317
914
417
9981
3401
10503
2307
13105
12984
6096
13150
2771
12234
173
7018
12145
749
4573
6067
13035
6601
11224
13549
2360
13215
12084
8850
10409
350
896
8247
7645
1907
1651
13267
1774
1465
5339
9647
2138
1602
10872
9396
5838
12484
10908
567
12221
11552
5340
3542
5319
2633
2729
13214
2957
4038
1471
1322
7502
9946
4854
9788
4306
1726
9304
12512
12792
6964
3873
7124
1547
399
9378
7565
10820
8125
4000
9844
1914
9433
13603
784
5427
615
9198
3269
2625
1334
2637
7769
5515
497
4574
5870
2380
7097
9453
4232
3443
3455
6097
12327
4801
8762
12006
10218
7319
6974
5132
10830
1091
8139
8627
12088
7944
13024
3938
11925
4399
11850
8782
1746
4357
7482
1578
1419
10314
2832
401
12180
1533
1115
11926
10756
11822
6781
3117
1545
6694
10586
6017
9297
5689
6261
6516
13567
7831
5193
11075
4190
6806
5001
2423
1375
4779
8309
2753
3727
2167
907
9922
9744
3515
632
4856
278
1825
1049
6324
4754
1137
6486
6818
2054
11069
8993
10438
2194
1863
3099
10524
8206
198
8513
4888
8594
9482
12873
6560
618
1830
710
1185
3918
1477
3495
5570
2844
6812
12219
10373
1229
5296
3216
2792
7121
904
475
8812
11980
6077
11284
4085
12259
2880
7168
10760
5982
3928
12252
9945
13470
3003
8517
8339
8271
9070
12610
3958
9338
6751
13451
4523
12136
5636
21
3543
11120
10080
12894
12410
12689
12883
7767
8732
10803
4480
10591
3289
6403
3250
8306
1099
9685
11522
1234
983
37
8822
9990
3062
9447
5433
12365
678
6552
9856
4477
5695
5343
9289
10327
2779
4528
4819
9075
2315
7354
2334
180
13200
6233
544
11509
11745
7599
12228
6730
6896
9552
6161
13270
1160
672
1644
1461
4817
10307
1561
9490
6078
2000
9846
468
6432
12950
142
11630
10311
3373
4229
5498
4946
6023
13188
9077
4661
9655
2515
11632
2963
13585
11111
4237
11537
9983
11341
6867
5972
9361
13177
6015
1954
7013
5360
10194
12701
9128
11543
11278
6159
4115
579
6821
9622
7987
12031
12969
11665
2143
10350
4277
12673
6884
12929
2581
603
7542
11885
10274
4419
13253
10666
1507
8290
1790
4100
6235
10940
6168
10705
9678
10620
3599
1755
499
12241
8377
8284
10831
8045
13139
11170
8506
8140
237
5186
5407
1339
3782
3389
1532
11346
6248
12131
11860
452
4157
7467
8681
442
4004
4202
6281
12541
10588
7158
8245
9221
13338
1634
10565
10605
11082
7320
10220
9574
2847
9183
1753
13003
4647
6120
7967
560
2059
9395
13310
13481
1493
10737
10497
8119
11264
6982
9881
1845
277
11937
4401
11347
6535
9645
5500
11426
12372
12083
4880
9911
729
3510
8899
10600
7593
7503
4206
11288
1662
8986
2929
1133
4262
10172
1300
1260
13164
1323
7000
3618
9414
9231
10637
6313
357
3526
367
3154
11194
2933
9594
7619
802
11767
4963
13056
2193
8401
9765
2227
894
5616
3202
6975
10901
10090
5029
1621
3504
12376
7271
8163
7793
10369
12407
11900
10212
7519
8865
8613
3490
3945
6934
12302
71
9111
6716
6569
10911
10235
4355
13571
7135
10585
10276
8058
5142
8287
9779
5760
1245
701
520
10007
5561
1093
12211
12107
6898
3927
3922
1816
4137
1169
6850
4380
1930
5776
6621
4269
8356
12379
11722
4949
12154
5815
2953
12921
9355
6565
9951
2517
2121
10877
4152
765
12250
11262
1438
11865
3832
3299
10277
8107
11908
9767
1590
6442
2217
5326
10922
3519
8365
4195
9992
9171
937
3363
10825
530
3161
9561
3112
583
13376
12144
5611
6312
7597
2926
11770
8204
4605
7032
7669
13043
8007
8790
6543
5914
2204
9463
6222
2240
9497
4972
5933
12716
5794
3114
1105
13452
2840
1037
358
8192
6357
12814
7579
10920
7817
747
963
2834
2701
10648
2472
9677
12277
8873
8400
7813
11625
2214
11004
9459
1164
4734
9716
11707
10930
1817
4509
1210
2836
7713
2460
11436
10628
10553
9012
10107
1669
9166
12059
1879
5242
2136
5840
2276
3571
4691
8847
1887
6959
294
3662
6220
9333
3166
11369
9488
9848
4339
5835
7775
2872
13092
11940
7034
5122
11316
4297
5118
6292
447
9438
11395
7200
5404
7733
6488
1525
1148
394
12450
10694
1700
11893
12118
8298
13349
12997
9782
7314
5335
1581
3837
3579
10168
12078
12600
75
6360
6789
10765
1876
9800
9674
13531
5057
11840
6398
992
10476
834
1861
10325
10639
8958
11637
12696
10761
1425
2910
7424
5368
2893
11549
1267
7396
2118
11098
10072
6861
607
8825
11046
1646
4118
8595
9097
12046
227
816
6544
12811
3453
4595
13046
5012
6276
10144
8950
13203
2378
8714
1795
5089
4040
5414
8185
5917
1127
3353
8893
6013
13109
5482
7231
1243
1945
1968
1000
7604
2914
4331
10254
4981
11837
1771
3411
4741
12885
9074
10371
1207
5355
72
2603
1820
1760
1580
7278
4218
6311
7342
4323
11685
1436
12425
5654
7716
2596
6655
12659
13486
789
1251
6696
2234
2147
1291
2503
9481
4766
10361
1320
12406
11897
10513
12996
7541
12474
9642
2176
1456
3135
4960
13372
7065
5257
12777
10402
3238
9826
1413
3502
964
11478
6754
10335
9726
7155
11581
829
1557
8173
8494
7641
8632
11720
13528
12269
9072
51
10603
4541
2904
11295
826
7233
9485
13241
7758
10074
10800
2614
2450
799
6787
6002
8963
3058
5273
8511
7727
13328
6645
1293
13033
11042
315
10142
5545
10860
12943
13262
3336
889
4474
3253
8282
6933
13237
7291
4280
1165
3420
5068
2892
363
4763
11989
10102
10261
13343
13062
2523
11907
11842
6936
3700
9547
3889
5395
1036
10959
12626
5802
13326
8820
1211
2418
12967
2877
2157
7730
3023
2321
11199
7841
9366
9422
8944
11973
5455
9248
10029
5821
373
3560
3282
9113
4687
1452
2283
10489
11975
9921
2531
4602
13384
8552
11946
9873
5818
880
11953
10418
12828
2313
13041
4677
1599
12127
209
9098
4890
12196
10881
3230
1687
7393
8372
5893
4947
4636
1768
12645
7875
3655
3440
4348
5683
11601
1541
7725
10048
4701
9539
6811
12651
9801
3206
837
11487
10939
162
2083
7220
12333
9813
7903
9238
4952
62
7984
8392
7883
13218
9567
10596
5380
234
2436
5420
9903
2796
3305
6456
4518
5549
5551
13362
6665
8315
11692
7002
6393
1515
1432
7926
2818
5622
6361
8840
8484
7099
3651
10912
10429
33
4979
7083
12655
12787
4826
4961
3040
11724
9059
3989
171
4550
12675
6949
13220
3658
5435
10949
11398
3213
3553
8819
888
2382
5205
3624
12306
3294
5568
1006
10700
4786
12694
5976
12056
12956
13488
8635
9180
7719
9613
13553
5249
4296
12620
1017
1072
4837
10227
3421
122
7956
6872
1373
9449
3776
9019
11463
7493
9987
1174
3271
2498
1264
126
9675
11073
7627
4088
4908
10739
7480
9224
6211
7177
1542
4058
10051
11774
1378
9960
4623
11431
5861
4094
13001
4712
4670
8697
2941
10910
13355
391
3535
6755
13011
6613
4601
7388
2754
6266
9159
4016
5298
7847
9394
9250
9214
879
3825
11053
13295
8614
12524
1950
8101
6583
6922
4966
3898
1679
10822
3606
9177
12698
8193
3656
11818
9475
8803
4108
2768
3041
3872
9410
10808
424
1751
8390
3592
5466
12435
3849
3096
9004
12026
7587
8553
9638
7757
5684
4481
13474
910
11759
8888
7863
10154
6320
4798
3439
3092
7512
3254
2015
4901
7865
9937
3892
3897
9125
10845
8153
1985
1998
3027
13194
3765
12513
7785
3308
8845
3860
12491
3990
1325
2931
3240
55
13067
3452
12916
8096
2202
7997
8068
13377
1919
4382
4326
4463
5450
3761
12947
13049
1286
7834
3781
6007
8808
6020
12995
11517
2903
10049
8281
9583
3609
13513
11599
4846
3880
12744
9845
6297
7150
3406
6679
7088
11379
1221
5844
11580
922
8481
10081
2773
6524
3080
2707
9636
4728
9427
238
8060
4761
9991
2650
13366
10563
10093
2566
10116
8970
8227
4863
10581
13491
849
2376
11800
11166
5280
8792
43
1815
12029
6695
3144
7421
13408
3068
1280
8251
2608
2182
1292
742
2797
13243
10934
10616
12591
13140
7630
6354
7950
4235
9086
7009
9323
11781
6331
7349
2430
8591
4958
5671
4873
10094
670
9970
627
5260
822
8495
10258
817
3631
12939
12170
9491
5222
8305
753
6573
10083
13044
10351
9257
6460
862
5081
4464
6574
10889
1920
3828
421
13223
12242
8789
10420
31
5106
3153
8951
12779
12014
113
11914
4418
9711
10893
12288
12065
13385
3845
7600
2534
10041
8758
6817
3192
2386
2085
6291
13172
10138
8387
5932
3614
6915
7636
2693
5288
5146
3263
11248
1997
7227
12007
8267
1812
1032
2788
6165
8054
11189
10687
13570
10186
4658
12922
8649
3657
704
6908
3683
7362
10412
5534
9895
4904
11919
12230
11256
5691
1797
12596
1025
9662
12826
342
6745
6103
2159
5735
886
6945
4611
7311
10854
8396
11472
10875
9626
10684
6952
10646
5154
12508
4920
1896
8813
2219
1312
8179
11148
7569
9611
9293
12975
11306
6250
11421
9710
11377
917
11007
12890
11016
1772
4899
10577
13600
5079
11586
3076
7917
6887
4341
8742
12896
11939
6365
13026
3960
5059
8798
2641
11873
1610
13334
8696
12629
12120
2384
5992
7296
10900
935
7390
9380
5168
3471
8728
8563
474
11831
7901
1756
13235
1829
11287
12167
5199
11574
6879
1468
3376
2401
3053
8989
2704
6122
12008
10097
59
2195
12973
4142
4047
2275
11635
2861
5066
5876
2056
4578
3347
12381
5919
3483
8074
8702
7750
1916
4346
4292
13096
11593
215
3365
10257
5366
3268
3564
11467
12624
6475
657
11557
6006
9887
12703
1119
4010
2127
944
2417
7712
1151
8597
6441
4270
12504
13363
718
3986
10990
4843
11995
12036
591
66
9759
4479
12747
10530
1586
10226
11141
6640
409
1642
11238
2267
9761
13406
3673
1145
1911
10841
8129
9534
3591
9154
731
12358
179
11234
12628
3370
10839
12055
7663
1433
7126
4203
3451
3261
1423
9600
3434
9825
7884
11093
1351
2508
12869
5697
1839
12274
5862
12974
1330
10150
4726
12800
4807
6054
314
3019
3449
4120
7822
3721
6944
6727
4829
2021
3859
1596
2905
2237
6876
6646
1587
13034
969
4089
10998
7792
12566
7543
5536
6451
6757
3426
1177
5565
6319
5856
12583
1253
12790
1708
2966
10627
11337
10728
7042
9441
8625
10095
3200
6229
6677
1385
4216
1041
12857
688
9971
6873
7161
1046
13103
2971
5984
4352
4018
8453
8541
2764
6502
12315
5271
10834
8359
9342
12666
3156
12971
3138
5237
10578
11719
2587
11479
11603
12238
10485
2799
3491
8475
10228
7240
1403
516
10256
9961
4141
656
10668
11799
3806
2536
2512
4275
9989
2901
9256
962
3912
9762
9383
11252
11804
11677
12980
13390
9732
3574
3822
12246
1572
3509
7889
10706
11899
808
2680
13389
3412
10174
806
1268
13121
7976
5338
755
4599
3042
9362
1888
4767
7206
4586
10957
565
3646
12935
1440
10040
9695
11675
9968
7840
4172
11554
10704
3630
12162
5484
6177
12858
9267
3205
2955
10149
9795
875
6584
1636
4778
8070
7581
462
10483
12216
3796
5480
11705
2309
10786
2741
4722
677
3055
9352
144
10904
12254
8592
539
4012
12663
2989
10926
12445
7536
7073
2403
10463
12642
11594
10192
6540
13573
9140
1981
4020
4407
976
13199
5762
11389
7762
6747
6226
2833
10887
2606
5275
951
6118
9496
11291
7273
12590
4021
10344
2329
6273
10430
9715
6347
412
5535
11274
5716
11896
11732
2896
12570
311
637
6961
3629
8196
5031
3634
2092
12457
1781
1390
11070
8936
10453
3149
12191
12359
9384
9375
5148
985
13031
5325
5476
10082
3337
3987
1031
8918
414
12346
1374
7154
13574
4334
7338
8198
1524
10240
13315
9936
8726
5268
4039
2956
10962
8849
11683
2397
9859
10110
1648
5207
619
1536
4610
1975
11008
9687
2900
5119
740
5827
2510
6674
5341
11386
6476
6969
3807
12278
7953
3078
3127
8376
11381
13135
9168
10896
6368
13346
743
6421
7816
3222
9909
8010
12389
12350
6334
13039
5348
12188
11779
11906
9682
6888
7631
13152
9309
12953
1418
4690
832
13599
10947
2067
10701
4377
5771
6237
2511
264
10006
5170
12284
10763
10415
4083
13542
1569
2100
3432
1257
5176
8178
8083
10145
10401
9258
8469
5015
3371
10970
214
5956
13550
2670
356
7499
660
1282
1480
6904
7820
2610
10456
8858
3229
12441
9926
2635
6987
8961
12683
815
1965
3450
9495
6918
11668
768
5229
3333
9956
861
5831
9955
8519
5931
4441
2165
2271
9426
11992
116
9408
10247
7798
7060
1967
4772
4327
795
3717
6547
11396
895
12981
9373
10201
2936
4624
1632
5509
2967
12141
365
7562
242
4175
8550
13467
10465
4426
11760
7380
5512
8914
6493
6923
954
3409
4154
12462
8136
5027
4532
5946
3853
3868
7237
5896
9182
6859
7169
2061
11932
4768
9549
6999
1962
10058
6298
12052
7498
7858
10718
11544
5016
13244
3846
8432
5978
2140
13495
1763
4513
5963
5770
8682
13419
4667
6725
10626
2522
7811
8621
4437
11924
505
330
3315
11962
6268
4848
6663
3800
12812
12442
667
9902
4894
1203
12749
2886
5677
5763
9134
9073
1283
13016
6445
1496
13529
4281
10037
1607
7115
6106
12861
6659
4694
6245
3364
6941
5143
6917
7927
2044
6154
9514
2731
7827
12251
7591
9114
4790
1002
6978
2486
4745
6117
2181
10193
5902
4538
950
224
6275
8981
4493
13083
7963
5248
4473
2281
1722
8005
4391
2501
7895
2895
9890
3653
528
9602
13306
7989
6487
119
13468
3447
700
12498
4245
850
621
8236
7277
2090
9500
7401
1369
5923
4413
5314
3157
8827
12017
1161
4077
3399
2776
11364
13094
5889
2539
8547
4707
629
9831
7254
3349
4853
2726
1530
3198
10744
3544
7774
2114
4618
13555
13305
10670
6454
1020
9409
4257
1941
5954
10659
11063
7700
12791
7301
9843
8902
5836
12708
7085
6874
4425
4220
11493
8916
1158
9935
1272
13503
11466
4684
3454
7980
6085
7183
2822
5958
8818
6485
13271
3472
1198
11061
305
12177
1085
9579
5719
2500
5006
9676
4613
3209
13184
4254
11761
4558
1566
10044
11539
1767
2301
10788
5221
2563
98
11332
921
4460
6656
11345
5792
1793
4861
1889
3070
7589
9434
537
11551
12544
4662
2068
143
371
6929
3708
9576
2350
9010
10632
13609
2040
12771
8608
8978
7436
659
3725
2888
12300
8562
4358
942
6124
13396
11414
12210
8009
1894
13201
12740
11031
1345
2359
5798
1754
2393
11743
5755
9898
2651
6869
3022
5685
12448
4169
540
6464
6928
4294
6352
4165
339
4035
4851
6622
12759
8688
8336
9546
7133
1200
13158
77
2410
9518
115
5429
6315
4098
1455
2682
10103
11113
4764
3245
12957
6376
2094
2106
2485
10797
1356
9230
5598
974
11297
2742
7872
3500
7138
4347
2730
8619
523
9650
4965
12091
8700
1783
10698
4505
9764
7853
12736
3034
1220
5436
3485
11590
10504
6439
2343
13283
11854
11618
6825
3110
9733
874
3946
12528
9346
8781
10345
6187
8082
10068
7399
8545
13036
9558
5855
2825
8483
4635
1298
1782
8584
5218
11250
5149
6675
6814
1978
8444
8187
11636
4374
4217
3693
2273
6359
10832
11461
3256
2561
9627
6225
2996
3748
9402
869
4427
6845
1001
3774
3142
4520
2593
9470
12171
5947
10649
8900
720
6343
4325
11721
7179
744
454
12079
1601
7087
13065
7236
6065
2396
5839
6005
7885
8226
6406
13525
12225
11823
8709
1801
10555
27
10053
3939
5269
8507
6832
5888
4124
2456
7070
3902
10397
13125
9536
2542
5848
430
3690
6247
11307
5358
2244
11286
4881
1974
8433
2235
12385
7194
2790
5062
4390
3354
6071
12034
760
12678
5073
6150
11372
9300
12161
11427
1724
299
4612
10461
12821
12125
158
53
12207
2580
5825
1407
11081
11003
1055
8654
3861
2260
5708
9681
11363
7802
12124
7102
778
11344
3528
984
5975
2547
6036
1305
1674
10602
89
13123
1446
165
6387
9930
2300
5080
9798
6463
3750
3955
3977
2537
11267
4074
6531
1828
10243
1230
3684
1878
7517
12483
11230
10518
4916
6914
2441
3311
397
13443
4957
1271
12711
9818
6810
3228
12743
5601
12409
3753
4522
1408
12096
9659
5531
6239
9436
2518
2918
3645
1683
8722
5748
10746
13081
12156
7114
2787
3914
9065
8122
6000
6093
1069
6133
1695
7637
9904
4656
6538
674
2471
6285
8504
13469
12237
13106
2557
8662
9062
10535
5805
11622
4640
13165
1844
4462
547
9015
5662
2374
3172
3652
7803
9912
6839
3257
11333
1798
7829
2225
6998
1494
8262
5789
2065
7914
6844
12679
13492
7235
5637
11119
11978
8647
8476
2612
955
2559
5082
12704
7450
4832
9492
5518
9092
2491
8525
11154
8633
6579
5999
4616
1104
9236
1824
7295
4161
5150
8843
7144
12625
13370
10069
6820
4840
5621
12891
13312
2972
46
12752
8253
9225
6050
6614
3718
2988
9688
1228
10633
6605
6469
13101
12505
7618
120
3751
202
12595
9000
6422
10365
11902
17
1775
772
1969
9067
8220
3098
10520
4868
3378
4222
7881
6086
10076
12686
5806
6938
416
12072
5313
12045
13047
5281
6792
9269
7575
3885
11080
3816
6325
4335
2623
7151
5283
1464
5323
259
1947
11785
9190
1843
10246
10452
10178
11642
9298
7742
3530
3323
390
8739
507
7077
4621
12232
4562
2208
2681
13427
3307
10468
2646
9051
6257
10724
3998
8286
8839
12872
924
5711
8393
13082
78
7707
1605
5772
7174
13138
9578
2351
10455
11410
8078
10987
1003
230
8079
6767
12825
2096
2031
11578
6672
3388
11437
2251
10054
12546
9658
5163
5183
13471
10317
13566
4980
12164
8650
10932
10352
12222
3391
9604
12762
13484
8209
5003
10347
12289
6986
2317
8182
2077
10086
7361
5672
6494
6759
1994
12866
13097
10253
1729
11408
6134
9450
8138
9884
1623
1340
7911
11716
1980
5374
12778
13277
7869
4402
2719
5929
7786
217
838
3602
11106
4007
2698
7571
10883
9860
3262
10480
2948
12063
8767
9277
1736
6731
2617
6553
10202
12227
7022
13017
12818
1730
2734
2348
7920
5026
2388
8581
9862
7166
6189
3225
13398
12810
12076
6796
4917
6807
4776
11735
226
1531
10421
1538
11744
1143
10715
13174
10781
11648
4243
3352
3497
1190
5093
2873
11470
10986
4276
4013
3064
6713
7936
10303
4815
5548
8184
4428
11310
5557
9556
11931
2453
4731
10098
3327
7007
4011
345
2178
7196
2952
10188
8640
10852
12090
8671
1903
3467
3981
5100
12676
2984
968
1665
7096
7900
10336
4551
2303
10075
8059
3541
2885
9337
4301
6907
12042
3239
7086
4073
9429
5977
6295
3277
4104
337
2740
4774
9703
8957
9931
13453
2800
3666
10181
8672
12902
7810
12907
13136
11598
12581
736
3396
3694
920
2357
3563
7372
2755
4045
153
6720
1769
2445
3613
6511
12799
9593
9838
7408
3102
6794
7438
9705
9758
8017
7957
5970
3097
3503
8675
2860
11449
5502
6302
2003
13331
2613
5415
3759
12960
8531
13
10250
1564
5983
11212
10088
4444
11444
4780
13014
2807
2974
12320
13089
23
6151
12983
12654
1720
5847
3593
5197
1837
559
1138
6778
6771
4168
13064
7119
13268
10281
8554
7165
10151
12336
8327
8851
11158
11340
8117
7821
188
11849
7808
5226
5928
4545
7010
10919
805
11385
6983
7991
1075
11976
12239
1346
10343
2014
9589
473
1473
418
839
11506
11794
13281
2347
7857
7592
5909
9418
3877
967
6784
9512
4279
385
13091
915
532
3351
3197
675
4443
10413
5251
5587
11620
8084
12130
4579
12265
10770
2406
6022
5344
10895
2413
13352
2950
8912
6950
12697
3051
1516
4354
533
13429
2584
3620
3920
5869
2493
12540
11334
13005
13294
6570
7916
4983
9030
860
12263
1544
5472
5471
8170
7665
8609
4827
5391
10899
4669
11769
8467
625
11606
10964
10473
714
10233
2856
5592
5094
10917
7826
601
9513
8774
11488
3063
6967
12426
5215
10249
8403
12159
12649
301
6035
354
6865
10024
1836
8025
4465
10112
8188
7461
13221
7791
2266
5173
6924
866
4144
6490
948
1157
9206
959
10394
3367
4915
12874
11709
9370
12295
11383
8932
13359
7809
3523
2468
5588
10378
11968
2588
6162
7958
7551
8515
82
13357
13293
355
8884
8705
1733
3246
11198
12911
1357
11129
4962
8663
12912
9255
6680
4757
2890
10245
13116
5180
4345
9196
6705
9950
7673
13351
13213
10358
1574
12797
139
10071
13360
1996
7030
4023
8428
7608
13333
2174
10662
11772
2394
2440
2268
9506
8077
4862
913
4210
6860
8564
5403
4343
10183
6419
309
6171
11714
2627
2207
11525
5961
4836
6586
9824
4544
5424
2786
6623
6925
3590
8177
5712
786
8509
8606
8409
1721
12388
12452
10129
7433
11952
4102
11733
6532
5700
3155
6058
6691
12593
13410
12577
131
2037
7694
8801
3100
4061
10493
10871
12761
4095
11502
4145
1391
1927
8659
1803
13572
680
9865
8146
12038
2642
4775
7954
1499
10432
5399
3546
1676
1692
4739
3697
7860
12707
265
6979
5365
8473
6032
6205
12398
10604
9753
2631
7925
7198
13477
146
10364
8639
3226
13364
5997
9118
4933
7329
2968
556
9502
7466
9282
1567
3418
6234
3093
4112
3979
3875
8073
6063
12431
6037
5169
9652
2117
3676
3913
13247
7250
8127
12602
310
12432
7072
10379
9389
12909
3848
13592
6572
859
13182
4193
3066
1376
13589
3180
9358
11523
12865
1931
11349
8445
1044
9665
6218
6718
12233
2765
12206
11753
858
2615
4182
11464
8459
3525
10658
8937
1757
12501
9722
4489
7184
1519
1788
3188
9089
1328
125
5054
3720
5508
244
5867
6726
3059
2458
7729
8922
5795
3836
3622
10073
10225
871
12226
3419
8337
2467
2082
10022
9680
5707
11482
10222
5791
1593
189
2928
7915
2555
5375
12948
4271
2599
6358
4430
9148
3249
10321
10529
8034
727
3045
9742
11516
4682
12976
4135
11068
54
7403
9387
13129
7988
19
8164
5356
3572
9136
1728
5945
11728
9209
12186
6761
6127
7572
8730
1479
5906
4883
5108
5991
4794
3948
6371
5055
4631
8246
12789
9553
13157
11508
10370
1059
10579
5655
10730
11727
411
8710
10533
6927
2821
3132
84
12794
9349
2331
12179
5076
5842
11057
4022
13369
8980
10851
684
10693
2912
6465
10671
7058
467
1363
9266
2257
1814
12842
7418
7874
7017
4263
5028
4099
5962
8109
7560
11397
12991
12925
6782
5511
9202
5895
11265
6514
13228
13554
6149
11617
2246
6040
12010
12968
3964
2461
12952
13586
11342
9390
5605
6912
2710
10287
4487
4130
572
1910
6708
1923
7520
6843
3095
10141
4789
1800
262
9156
1638
6815
1204
4163
7317
4903
9320
5866
12116
12427
7506
5378
6173
3469
3292
8617
9669
1441
1082
8230
3575
3809
5846
423
13564
389
8831
2736
3775
7662
12324
8254
5417
5099
99
2594
13076
13019
7192
7866
13279
7359
3326
12573
149
9
9104
3366
598
8971
8256
11221
1922
2395
320
12018
9193
8090
11358
2607
12081
11532
12767
13238
5858
8260
6416
9172
3030
12763
5797
4633
7961
1394
6593
1132
828
8905
4773
2733
2137
814
5925
8296
6800
4342
3744
6089
9816
11990
6241
11282
7870
1126
12985
1149
11796
1294
8172
4866
10989
3013
3555
10384
9631
7213
599
11644
4887
2400
12408
1635
5177
11178
1379
9511
10575
10056
451
4997
8683
455
6471
2911
11030
6618
3995
6057
2533
11553
5758
4645
8923
2855
4784
5526
8343
11182
8942
9420
1021
9170
3385
10063
11384
3148
2282
4944
12920
6183
5544
12255
2264
5860
10709
9735
1627
7825
12268
12033
2924
7743
2261
4046
1628
10030
6711
6092
6428
3547
13090
9839
7109
13565
1948
5830
3951
1382
404
9914
9978
1482
2254
9276
8088
8425
2084
10913
1027
5115
6798
9201
6724
4842
5580
6293
5785
6466
6098
10047
11457
5705
8269
552
10794
13232
13436
4105
1153
251
7061
7471
10437
1807
11169
12356
11809
9144
12363
5668
4999
10179
12330
11184
10776
12137
13435
9110
6051
5202
4225
13195
1365
12099
2826
11327
8426
8518
9157
7287
10062
3610
7474
8069
10297
7452
5756
7765
10387
10559
9538
6271
3266
9808
7230
11749
2692
5553
9701
5317
5035
11890
2390
5757
7045
9247
5083
12244
2252
12418
1288
1953
2372
10862
12012
11425
2543
4122
11597
7243
5401
6462
9040
8527
4714
10196
8419
2761
