5722
9251
4500
13094
2330
2759
5769
11335
6998
6770
13124
5412
9986
3950
13209
10949
5922
673
13602
3733
11424
10407
5633
663
13046
10856
716
1455
8251
10600
11259
9805
1756
4448
12476
11814
3412
8808
13320
5209
714
12507
2630
10069
3525
6740
6620
2325
1564
4404
11074
10203
486
10086
1241
5771
5498
7357
4563
2736
12370
247
607
1583
12418
11858
7026
10703
4230
9396
1747
3881
7342
9248
6733
9331
1880
8908
10156
10777
12223
2278
8832
8724
3445
9115
11542
9149
1207
9924
7273
7987
7258
8458
6468
10798
6553
5628
6537
4222
367
12455
9230
4550
10876
7678
12691
8594
5902
10406
13579
2882
12485
7052
3853
4741
2429
7497
5080
6402
7377
12518
12044
433
12209
10114
4843
11196
1384
2612
13333
1433
7901
10419
10490
2975
11882
10616
2666
779
10245
7938
4303
7832
12149
12622
8589
3136
9454
7007
2664
8398
298
1072
5279
3451
13070
13471
10159
4447
6624
2005
2674
3296
3771
11565
7872
9479
1379
12126
3602
6287
5523
9735
1406
5596
12212
3657
4829
4617
4975
10432
12083
3571
12935
10658
4810
9902
8394
11400
3165
10569
15
4515
6862
8563
9693
12502
4120
11721
12504
2408
8113
11934
8943
4612
4540
9101
2348
11849
606
10644
5635
5119
9886
9469
12448
8952
6141
7669
2040
11393
4838
4679
11289
12267
3910
10843
3388
13219
685
4538
1517
5698
12543
9909
2117
2836
3236
6251
2176
2004
12535
9284
5227
13099
11191
7028
10024
6108
6869
2894
9321
3433
6113
7503
6990
1820
2463
12973
8476
1764
12194
8009
5371
8091
2363
4249
7918
12255
6696
4785
11915
7347
10164
4997
1270
12538
7874
3071
4114
310
7972
12663
11282
11001
4813
11685
2512
8979
13385
13186
10997
12187
6025
11132
9344
2606
6262
11861
4671
5944
7736
5841
13117
158
6417
675
10033
9979
7019
10742
2326
11992
12618
5238
13555
2945
231
10291
13216
7348
3678
346
12345
11612
10573
3937
8535
9621
2154
1143
1902
3811
7530
1361
10318
3830
10022
1064
9784
4376
4546
12920
5959
1204
7313
7108
7232
4995
940
9211
1195
9297
4787
7739
11024
13010
8848
8473
11919
4227
12282
13504
4332
9557
4371
2952
2531
12329
3017
6304
37
8363
12859
4276
10217
10404
11657
13199
10009
7380
10714
12811
4304
1920
9914
8626
3583
7614
13197
9452
4409
916
1061
2162
13187
8419
2396
11961
5359
10429
7936
1588
834
10154
13473
12898
10663
9575
2815
10620
7405
6441
6103
11718
2361
10274
2804
11107
2916
8838
1627
10135
7059
6605
10194
8922
6352
7241
11857
5166
5589
1343
3712
7068
11207
1676
12235
10402
17
12553
2200
4412
10013
12509
6431
5424
13450
11920
5748
7578
9690
10243
7951
7064
1744
4789
7757
1377
13482
2147
2049
1914
610
2788
1773
5131
13222
8163
5390
10055
0
1715
12501
7539
6915
7716
153
2020
3828
590
1941
12111
3562
5327
8980
269
10153
7257
11268
10386
1453
12755
10310
5370
9013
9920
3790
8565
10731
8720
5223
2055
9
10860
8236
11577
13487
5105
13086
194
8604
4754
4075
5472
12808
4881
9785
11239
6243
7238
455
768
6959
3647
5610
8692
10303
8405
8146
8991
11614
3294
10610
10342
6877
9754
11570
2519
4441
4987
2499
8421
2834
2926
2608
11499
12367
6278
4305
2357
11782
13256
12385
8381
6020
10309
8161
8347
8395
6505
3286
6272
7725
13529
8203
2748
4268
1663
7338
9166
8457
5077
713
11305
6166
9428
8425
10280
6568
5824
3922
4288
6238
4339
9382
9878
4211
11894
7592
2382
5600
801
7301
11271
4239
10866
9116
4405
6526
2764
3428
12070
5073
8015
8876
12731
3344
9312
2202
8417
5017
326
8996
4023
4946
11694
5876
8407
1542
6259
11557
5687
11362
6471
1811
4738
9252
9000
1524
6639
7086
4196
8297
1049
4419
4324
5456
10191
9188
9461
3066
3934
12280
8158
6738
12084
4174
1873
222
7692
11628
4552
13190
1831
7135
3872
8634
632
5658
5558
6065
12119
7285
6871
11602
12754
13469
10272
600
7418
10957
2106
6983
11852
8753
11291
5904
8043
7466
13442
10267
5573
1235
4459
5083
7280
868
2798
9170
2156
3798
7433
6515
2802
9743
4692
11613
7724
8651
6652
9042
7624
1458
9596
9925
5519
6051
3404
10558
3334
5265
3123
8156
10417
2828
961
7123
615
6181
8216
3356
3427
13265
9536
9495
6919
293
2124
7453
4073
13277
10836
5400
8890
4442
4512
13423
9197
2021
5644
8985
934
12085
4790
11290
3182
692
3219
7456
1320
4294
7822
12260
6941
11639
5461
8336
10380
10230
12841
5790
6359
2868
7943
10379
2404
12373
8566
3160
701
5682
12702
1490
10953
11533
5503
12522
12064
4466
11986
2229
1309
5927
640
12191
11176
8584
7978
11932
7008
3623
7195
9049
898
1839
12397
9155
441
13391
11470
11014
6036
1966
2564
7651
6944
10543
8192
7215
1726
12491
6977
9091
10097
13234
5482
12620
11898
1416
12471
10872
6261
5029
7795
255
2254
12146
4130
5948
3027
8710
9159
3601
9318
9900
6271
10535
6660
9837
6887
7772
4299
7905
5734
2823
12040
5807
9191
10064
6967
4135
11762
4298
1600
3706
9238
7444
12314
5639
6779
12589
4014
9051
1075
828
8954
4432
10349
6171
178
1835
1121
5987
8862
9421
10950
641
8909
12429
6519
11684
4200
9681
11525
6742
588
2478
4242
11810
5513
4342
12641
7520
12578
12514
12061
4499
897
3713
5563
4501
9895
10160
164
4475
4931
6718
521
3406
9081
4994
9205
12338
7182
3933
11052
4320
6246
5358
11983
5521
12404
1710
6725
11838
9308
6136
12556
5675
3409
4677
2875
8730
2397
3416
12449
1385
7027
4980
9764
3169
8028
12134
10653
9440
12644
1763
5518
5794
6908
4427
7239
1331
12886
5844
10145
10281
5352
1357
12605
8756
2672
6226
3042
6900
2174
2296
13195
10252
4360
11514
5054
1770
11695
503
4306
9901
11252
7343
2998
6457
9791
7835
4201
10140
11127
309
2607
7696
1313
3446
7414
11064
9343
4756
9359
5454
6932
7439
8926
3340
10574
2279
12474
9203
4109
5830
3031
9612
3270
2292
585
2782
10096
3995
12879
2918
5720
10084
6487
10029
11608
10502
3298
2675
3385
13198
9085
3156
9609
7263
4128
368
8277
3745
13009
11341
9392
7213
725
9311
9568
832
392
13113
11399
6125
2047
865
13364
9940
5602
12020
4436
123
2712
5536
1501
8115
7731
4369
11892
4398
24
6687
9316
8713
9472
5500
5034
13360
11732
6478
2419
2565
113
8669
8789
1570
13178
5506
5766
5719
3056
8932
796
9842
9705
1829
4675
4559
9606
8682
13296
13541
9767
843
9518
13039
10323
1940
4686
3315
6174
9500
9400
7419
1968
1358
6201
7247
4477
12144
3726
7485
13345
3100
4947
9701
7531
1685
6643
2897
9934
2115
9808
2225
6404
2497
1111
10083
7383
8538
1544
6335
12010
10046
5763
2547
9970
5436
460
696
10465
2661
13603
7618
7826
12116
944
3206
25
7399
1048
6892
2438
12129
4855
8560
7462
6328
10933
10053
9317
3695
6086
4089
238
7072
5740
8312
339
6809
2936
13156
3852
5473
946
1924
3854
4699
7100
6635
3598
6493
2013
13502
6282
9315
9659
2008
6263
5726
11192
6116
10174
3345
13298
5455
9029
4824
9087
8791
4361
3202
4269
1810
1131
22
1915
12258
12023
4181
8759
2446
1340
6408
8973
8867
234
6890
1094
5599
2230
7446
1875
4381
11539
5828
4168
5208
12349
13308
12222
10285
35
11568
11813
8179
12687
13014
12558
8094
3967
6875
10089
7431
3292
13400
2948
4277
10861
6528
4913
12133
9958
3972
11660
304
2033
6745
12125
9182
12527
7726
12189
5026
7432
515
4846
12925
12762
2686
405
891
10710
904
1386
2549
1594
2829
6444
8230
9761
3878
11178
13263
1777
3673
9350
11955
9862
10776
2495
2870
5985
5437
2911
8583
13276
10387
10562
9807
7209
4248
899
7750
7778
12742
4577
6943
11126
4260
5676
3629
3439
1612
10193
1277
4725
254
5297
7034
1690
7591
3403
5336
12232
1403
4689
3074
7957
13297
7881
3899
7362
10308
6945
1456
4373
1142
6703
5039
11945
9941
12492
10298
11711
2947
11208
1459
10034
10487
11173
1540
3461
2724
4058
12201
1071
8201
2715
3005
3599
8687
2626
3111
10003
1755
11350
550
10184
1993
3512
1796
3336
7229
1734
777
10462
8215
8579
4153
5386
9656
7352
1212
7361
7843
13121
8004
2964
6255
3150
4597
1440
1102
4595
5258
821
6872
9286
8957
8782
6735
4892
10888
6230
55
3619
7998
7116
5287
8086
13266
5099
1689
1729
361
2345
11194
7666
494
13594
13317
13544
13486
6629
1958
1638
13043
9059
1921
7911
4548
450
6396
7283
10138
12478
7030
3436
6647
12256
895
12156
1650
2041
6215
3490
7493
12635
2066
5298
8519
5293
4066
2426
5983
8946
9846
3162
4121
3918
2315
9474
7279
13118
4937
9037
10042
5757
3253
5272
437
12952
13388
8955
12155
8807
835
12880
12299
9239
7759
5872
1291
1253
2781
2217
9296
7006
10585
13142
2303
706
11547
7350
6193
6955
2667
4270
7325
7975
12864
7295
8664
931
2904
9381
8698
6158
20
10538
11016
8657
5084
9692
12905
8509
6428
2324
9725
5738
8353
347
202
12732
138
10507
8806
6701
10649
568
7617
12734
7037
6728
11388
6794
10708
7230
3515
4582
4285
8319
2928
13348
4286
423
308
5939
1
13533
1999
3371
5467
11226
10756
1609
12356
7451
11303
657
13526
2186
11219
3747
2379
6270
1225
2416
10222
577
13231
8805
6410
12503
9003
11863
6099
6117
12696
1029
3063
11528
1175
11730
12790
807
11605
6653
9580
4290
12135
5577
2487
8936
11348
11359
8920
4112
4280
11818
3659
4974
10679
5648
9463
3689
7073
12506
12375
5328
10655
3577
1991
13387
3717
373
12090
13416
531
6640
5388
8211
8264
2287
5231
1918
11931
8186
5156
4472
3719
11988
2842
3197
7847
10709
10006
11033
10575
122
11778
2457
7674
6280
11447
12438
8471
5440
13595
3560
11798
6029
2461
9759
12690
12725
3389
11058
5578
10814
9751
13332
12534
6644
1842
6479
4673
4151
8706
10438
6850
8370
4565
11959
11080
13112
241
9229
3592
7620
4065
7999
4802
6067
4491
2281
9322
1735
1295
9660
5137
11545
11854
1436
9662
6880
12459
2139
10202
4050
3045
1170
3711
3231
6256
3947
2579
9966
2643
3749
6277
6617
7930
12574
8033
8384
7413
8599
8276
13475
4478
2591
12366
9347
12893
11952
4998
9083
7768
12825
4399
12433
2694
67
11269
4470
12873
5564
2471
12042
2125
10568
1392
1567
13411
10076
742
8703
12103
2105
13566
10752
7850
4579
6670
12554
5012
12591
8760
6748
8221
6082
7807
12224
11859
2631
10911
5025
11070
4764
5552
3002
2827
2336
13205
5539
9724
8196
1155
10834
5107
8488
6135
6741
1463
6562
9169
8941
3975
13581
6056
11013
2625
1911
340
3801
5202
4406
11787
1429
2295
6808
375
11026
13413
5316
9389
3025
68
2770
5423
5547
3479
5023
12414
5376
4943
8180
7294
12197
246
5320
7561
4545
5923
6292
6551
1772
146
11425
2173
5406
8042
4841
2423
10485
12767
4012
11297
12700
2100
3188
9125
10246
12834
12926
880
1994
4408
850
5566
1150
6985
5701
2098
5538
2537
6248
3896
8024
3058
6754
9275
2660
9739
12865
13278
5464
1007
836
10277
5534
9918
4761
8510
6577
849
2571
6424
42
819
2349
2797
6202
9634
4713
9841
11010
4594
2656
903
6813
11498
12809
11012
5793
2873
4804
213
11883
967
11405
1077
2367
2688
1671
9556
8424
3093
1592
2075
9898
9444
2253
635
10446
4421
5377
4336
4986
193
6724
13090
3857
2557
11674
8877
4544
6177
4922
11234
9615
12347
6000
10808
9019
10200
11693
11263
8326
2407
10150
1087
1388
319
6387
3168
8159
1473
3755
12743
11076
11954
2533
12857
10684
5549
1672
6028
4643
2459
13538
8721
11274
12066
631
6111
11521
10334
9320
837
5185
4328
11163
10794
1118
259
5067
13492
9395
11293
2914
584
697
4439
1381
6050
9198
1640
11295
10764
11456
8431
12284
4796
1176
252
938
10290
257
8637
7597
8242
833
6763
10224
5155
2218
11508
8020
11841
12895
3421
2891
1635
11632
6148
4805
13135
286
6483
4860
3800
1371
13132
7095
6244
13120
803
5330
4662
1156
13196
11285
6349
12870
11145
1119
1970
10904
3710
810
2731
1964
10853
4345
8412
6495
12531
3616
12980
2863
7786
8323
6658
12185
13269
10916
11597
3563
4026
3641
195
2683
3266
8702
5248
1769
2371
2456
907
9830
2653
679
2601
5236
8711
11492
2387
6042
8567
3913
378
10105
6037
4655
1324
524
11199
12236
3476
2963
3376
2613
10908
1523
1134
11276
12933
11682
12271
5758
3665
920
2157
6627
6294
12719
7883
6798
3109
5286
8263
5408
9993
4599
7038
7799
1390
12602
11209
3578
4107
2740
12101
6105
558
4887
12500
3469
12908
4762
839
12395
7867
7113
11093
6209
8482
7499
4743
8578
4204
12995
11775
13083
5373
9871
5930
12911
11336
7940
8999
942
8426
10415
873
3083
10624
12000
11527
979
6518
8036
4001
10067
3740
12875
11131
3709
3067
7707
4849
5015
6291
3011
13399
11760
3113
1857
11075
3391
793
7821
12928
12615
2775
4367
5782
13274
10128
11549
12093
11551
10978
3164
8727
8821
9843
3261
1907
3536
4119
2337
4397
9583
8097
3106
3140
2227
11851
2771
6354
8155
9716
8835
4885
9680
4660
91
4911
5036
7251
9264
8904
8187
11286
5167
7827
8893
3514
12104
6265
7002
4592
5685
13306
4385
13057
11713
5076
618
8779
12265
8071
13523
3549
13441
4702
8026
10885
7400
8766
3130
11053
3946
9937
6133
11022
10413
3275
12799
6713
7000
6299
10906
3352
7869
7965
274
10499
922
11164
8397
1745
10020
8310
10497
574
4028
7811
1183
9112
9961
10107
11308
10650
4973
10699
11890
1618
9589
11649
1232
11044
7879
6767
12137
10547
6743
7491
12266
1584
6520
3748
7015
10878
9718
3838
11515
9633
923
11615
8443
440
73
7244
11364
5981
1704
3007
4169
7769
12609
7203
5835
6949
13143
12812
12631
13012
2265
7903
2355
1009
471
7708
12698
1535
10122
8506
11879
5165
7173
2793
8569
9959
7527
13106
12337
11826
5003
4681
11944
10962
3155
8833
13088
9851
4518
11069
10930
11486
7248
12601
4954
8897
622
8356
5271
6852
851
4513
2937
8600
2534
7909
4452
6084
11186
322
3538
7700
3607
10824
13507
7461
3526
12592
2297
8140
11063
4282
12718
5278
5288
2878
8559
7029
125
7197
12301
10401
9927
11812
4368
3129
9509
1947
451
6
1079
6283
8976
7745
528
2121
3386
12836
5630
6952
2831
591
3759
2934
10683
9143
9668
12951
6999
6962
5007
955
7833
7463
11009
10175
13456
8690
4646
211
5892
13215
1497
3117
2958
2544
1081
11642
7172
1982
3839
10361
9432
9578
6573
11893
1834
10730
78
5154
4652
2516
1821
7576
2470
11942
196
12098
2031
8109
6377
8742
707
8330
12245
4971
5852
12677
10455
983
1795
4958
2861
9113
9601
9480
12346
10632
5522
2072
10228
4856
4543
12227
10977
12334
1859
12724
107
800
4901
6797
10713
101
5581
5842
3846
10215
10939
11233
9131
9502
4656
12371
5711
6129
10743
10590
2530
8938
12600
6673
13067
4184
602
5942
4868
10240
11299
13268
6055
5382
11563
2840
1037
5405
90
2866
2110
2219
6755
1803
8883
4766
4695
8369
10118
2453
13557
5228
6060
1008
10774
4989
885
13238
1983
9246
11089
10859
295
13
9736
4484
6974
3426
1891
1404
3213
12071
11108
4832
5218
10071
9433
9134
9413
8729
1146
7153
1158
12290
11821
12629
6960
7363
1661
3643
892
9456
10500
12775
3081
11172
12263
2406
96
3312
5344
2343
1168
2957
13249
12645
1574
4281
2854
2708
11669
10826
10735
11111
6601
3283
3332
8930
12516
7286
1045
10927
9865
477
10974
11699
6661
3099
8528
10613
6337
2747
908
8492
4311
6176
3220
8522
6864
11204
4539
8635
8002
13258
1998
7585
1000
11083
4598
11512
438
9814
10601
544
9968
2181
8342
8734
6008
48
9604
4331
263
5346
7490
8391
9594
13565
2929
737
7556
12883
10311
9648
11225
8307
8217
2134
4760
7604
1593
8446
9223
8499
3153
5334
8903
12868
3584
9640
2677
6119
3775
2372
5580
3973
4179
11573
4391
7375
6995
12729
8624
5439
7796
3848
1957
5908
11237
5121
5812
7813
13171
1513
9632
1986
11354
1419
10038
7955
642
1250
11736
7859
11489
11198
3491
762
12941
13379
9175
6298
2980
3582
11386
3667
9425
9210
1961
12657
2304
13493
7824
6534
7543
2811
8378
4694
11647
11619
5567
11031
13464
332
1975
11531
12968
3204
3700
11910
6038
11555
271
4212
2569
1630
10999
9990
11077
4560
10991
6434
6994
6044
1653
1642
6095
13000
7278
7760
877
445
9507
8493
4852
12544
12913
8665
5867
8083
1711
4188
8331
6321
1867
1518
8725
282
3885
6777
10016
10757
13330
4880
13465
11351
7475
4682
11866
11149
9028
8349
13059
8831
12934
4042
7558
8150
9410
3524
7992
10061
6521
11264
5179
901
13049
5049
8617
7633
4627
3890
10572
3722
6066
13084
2799
11248
1126
9657
2002
500
1951
3265
10287
11007
9510
12068
1124
1901
8290
10524
1412
8300
5608
1631
6412
13286
3455
11431
12567
626
3523
3894
1762
4654
4733
1646
13354
2574
7152
4618
11716
7676
7355
7186
2681
8304
4877
4219
1450
2610
8717
3963
13434
8135
7333
12389
5045
6418
3076
12179
5396
954
869
11466
11548
3697
9817
2114
4972
8861
3969
7261
3139
4867
4265
8439
4964
9676
10482
2010
3931
7761
11487
975
12099
2697
1055
8885
7974
12421
8027
10367
1407
2212
12377
5031
9746
10886
12987
10956
11221
5642
9499
9553
1916
2145
3310
4820
6375
12689
11238
1996
8870
11886
2603
13008
2466
4715
9912
2088
10412
9300
1482
11600
2589
3565
4190
1617
10627
11325
4055
9864
6980
3752
13076
3962
11015
5092
8332
8953
7044
3179
11796
11493
11823
11903
1100
12310
12709
10691
7525
3321
3075
9380
2509
10947
4124
10800
4835
7962
5140
5776
1515
2749
977
2431
3769
1784
5397
81
4136
7514
5128
8195
10784
13220
9732
7792
5361
3978
11478
2322
1398
9303
10237
3542
4669
9503
6873
9776
10564
4844
8592
10171
12402
10937
12850
5961
11620
1876
13409
6758
1092
2849
11789
9870
10807
3552
10036
736
11211
10035
12054
2541
3331
12953
3535
3977
7518
730
6600
8871
9586
2485
4047
6672
6616
7705
3448
8058
9368
11150
2709
6085
11047
4240
8681
5988
7096
11179
12585
12372
1732
12613
8796
10092
9365
10813
7685
2915
7063
9581
12315
12409
11482
8616
9006
12579
9587
9923
3222
5234
12026
5735
12452
9487
10704
6541
5284
6690
8700
3781
3595
10736
3912
13517
5332
1799
3621
177
12469
8970
3009
2342
5394
10647
13028
8907
10549
9794
4352
2099
5268
7931
2543
5533
10825
13151
11371
10268
8064
2920
823
2654
9071
7612
6275
3559
2532
9431
7942
2199
3006
2552
8856
5305
11497
7532
6516
3308
5180
198
5329
394
6147
12675
4002
11156
2073
10297
9422
11011
12712
9293
7143
11123
9883
12573
6833
637
3429
6599
1051
2889
1670
6039
7374
863
8572
10611
1658
8625
8244
8940
10779
1297
10621
13587
2943
4633
2698
10717
790
7961
4590
2711
13451
3364
13404
13233
12291
160
8504
506
7266
2493
2611
9953
12820
8601
5532
3032
4377
369
7733
414
5585
13110
4640
10746
2931
1144
5387
11002
9801
9550
208
7699
11534
1300
5148
7384
3358
5772
8062
5018
829
9576
2251
9525
4235
12009
9475
2488
8213
1067
7876
8344
5751
2175
7623
1422
8667
1439
1074
13111
896
11380
2521
9988
13160
6948
6338
6918
3226
12874
2317
4918
5056
7861
9679
4217
12025
3281
4817
7801
10909
7607
9745
12499
1316
4828
5087
1948
13405
8006
11502
4052
2760
5509
1522
9470
1418
2669
12751
2678
1285
4737
1374
12872
8731
7545
11320
12067
1214
11896
302
9449
8555
12444
9030
10968
10889
11134
6168
5273
2561
4866
12737
7681
10126
1905
3650
7058
9926
12746
377
406
223
4094
9566
9215
9872
11235
3068
12325
10706
9496
4786
6717
3507
6311
13363
99
10007
9384
8093
3953
10410
8343
6705
5717
1348
11941
12854
11791
3104
2321
5590
1526
5976
7828
7233
13376
10047
11963
10273
7546
5310
3783
9419
13445
4437
1492
11280
1231
2424
6631
845
7896
10476
7553
8001
7274
6956
10588
7854
3900
8895
12075
12970
12596
2356
4514
8983
11751
4386
5177
11419
10109
1192
8558
4253
3530
12092
7237
10589
5695
13144
6115
6774
8520
4396
11965
11079
7220
9915
8218
7774
7743
8249
7542
4723
8705
11171
7217
5450
12945
10498
402
9952
9506
4607
10327
2034
9931
853
5097
1541
8250
4218
10883
7323
9459
7207
6517
6544
7734
7017
2540
3834
8758
7097
1757
3503
11640
5894
10651
1608
6766
4945
1218
13377
6273
4497
8659
12403
6460
12081
2090
7549
1263
8075
11496
8982
4102
8988
884
8048
4629
9532
13361
9302
8454
8141
8802
1580
9178
12259
5470
11377
4098
6825
8562
6414
9595
9713
8639
5903
4530
11027
10058
5831
5144
11999
11914
7710
8531
12786
8554
9889
9146
12057
582
6131
12348
7078
7235
11637
11641
11581
8455
7205
10433
6433
10471
11119
9803
111
331
4939
973
587
6768
10093
13244
1451
715
9730
4915
5090
5979
1181
7890
7407
11373
5885
918
5430
9260
12324
4642
6804
4902
1441
13392
7268
5199
8652
3627
10712
5808
6437
731
2378
5870
10178
5837
69
6822
12136
11741
1944
9324
5381
8308
10326
5468
9077
10251
328
13567
2940
7118
2143
12472
3233
4205
1353
7373
3506
12539
6613
8337
10517
2545
8545
8383
1765
5880
3247
10914
4659
9683
11596
9467
6950
9903
8271
7181
4036
4801
399
5747
11041
1879
3870
12542
3478
5496
5392
11429
7192
3107
6786
11739
13056
10232
2344
12676
5379
11167
12748
2014
4133
4808
4148
12781
10335
13109
11829
539
5360
8743
11540
10546
2968
13041
8847
9136
4099
11195
9220
4125
1822
6885
9733
12241
7580
857
6198
396
7065
6013
4095
958
3809
12593
6814
9379
10864
3887
317
11773
6922
763
3739
6796
5789
11976
13491
6205
11073
2339
2249
4878
2995
1197
5907
2769
11862
1370
4684
3314
12862
3021
11369
1977
206
8013
6366
13365
1605
1808
11054
12668
7603
9650
3138
10177
9598
778
9541
5322
5261
8077
6693
11130
5019
13389
9874
7482
3698
747
694
13477
2629
4086
5576
6461
12401
11436
5614
10289
4149
2386
5592
12102
3483
11626
555
8000
554
12513
3685
1590
1273
5289
708
2364
9477
12693
549
1366
11994
9582
77
2765
6931
11795
11148
7662
7644
2128
11633
5052
10983
2012
3311
3955
3817
11880
4193
11935
5597
5043
11665
3380
6374
11099
5868
2381
7775
7902
5710
12117
8123
841
6072
7331
11158
7789
739
5560
2159
5068
6709
10640
4246
5607
7755
3267
12975
6991
11422
10851
1634
6173
4082
3985
1648
5524
2152
4394
11287
8382
12861
3174
2750
2640
5663
10707
5969
1767
173
8736
4537
1559
10705
7540
10206
7138
8960
4690
13600
8132
12853
11921
5072
3696
4693
5878
6881
1395
2171
12666
8918
10113
6475
4216
3459
3112
11389
8964
3768
2966
7816
513
1274
118
7316
4234
10394
7904
8303
4792
9124
8291
9875
9825
9793
8181
70
5926
11477
6370
10120
2268
686
7572
8606
12829
3028
6245
7950
8210
2417
12577
93
8317
5211
6466
12002
7683
9552
5215
2135
13048
1573
7815
680
6453
6543
1703
2205
9282
10077
10966
212
2250
6385
9664
7476
8858
2835
10501
94
8061
1465
11745
9563
13488
1728
2312
11398
6007
6843
13578
10162
5510
11546
1476
329
4611
9460
6014
12174
5252
11091
9090
1190
9462
5673
10672
5511
4557
3004
3703
13429
723
2352
9152
9298
12052
9652
11906
9965
7486
5230
10692
4037
8081
1069
7395
4137
10325
13349
1801
11503
6914
8655
12497
11687
1759
11586
7321
45
12150
2083
1255
475
9818
11927
9305
2206
10884
9139
1078
8468
7018
2790
12996
210
6024
6221
4310
1238
10754
4186
4084
7054
2119
10675
5912
12916
9809
404
2151
135
10399
3628
8925
2216
9309
5198
10004
4134
12225
11706
3163
12276
12508
13521
4259
1140
5429
2644
7793
8872
4141
4851
4927
5896
1169
9243
3547
103
8860
11690
9201
4287
3766
4698
11440
8596
2502
3784
8544
8956
4769
7393
7718
5010
11028
1095
8219
3052
8783
9983
7640
4236
7364
10134
13428
12533
29
4827
5197
7629
5666
12939
8212
6040
5832
4487
2956
8495
7853
529
3893
10333
5132
3065
6128
818
11645
6958
9132
5109
11776
3237
3186
3133
9140
3741
3804
2314
7836
9164
12843
6827
1603
11726
2244
303
9755
9448
1865
9850
5541
11443
11312
1696
418
1251
4340
8214
5680
4407
3264
5883
4904
11873
5693
10952
4536
3635
12160
11960
2208
10459
2494
8640
9769
8971
7092
13253
4489
4567
1161
4630
5339
7422
6346
9486
3482
2053
12661
3921
6694
2170
386
9831
12623
6494
11737
11279
10247
11869
1904
9276
13586
1714
9072
2687
2733
6963
3034
12357
1365
3474
8685
8359
2821
4053
12708
5441
12354
13130
5410
2638
6878
8663
6811
3832
10239
10023
2658
1679
12999
7031
10741
8963
11559
10503
11087
12033
10229
11940
9873
1477
10011
12390
2751
10700
188
8389
8154
12489
3013
9821
7959
10641
181
8246
8484
9734
8413
1470
5291
2974
12022
11032
200
11241
10633
10868
6853
10420
10409
11128
6499
5011
5692
10555
4093
5085
7838
3313
170
10385
5737
9756
9165
12422
4825
5245
12632
4948
10994
3224
3855
4888
7927
10666
10065
10850
12088
4781
9103
5169
7335
3550
6610
4803
7748
2800
13559
3351
2333
3864
12932
13424
5486
2044
4729
11815
671
12303
434
8254
7627
12177
13204
1662
3255
4613
11272
2599
10488
7600
936
11505
3638
7982
9798
6406
7310
12614
3546
6112
10685
430
5823
3400
13019
5653
11048
1335
7937
8063
7711
12350
795
12468
874
8040
1226
5207
1528
10486
11187
12199
1201
5201
789
5113
6761
7621
913
3458
12887
13438
780
4469
4444
12643
3030
11809
10366
1234
9802
2982
13072
104
8273
9004
729
10537
2859
261
379
2257
5556
12008
2366
5526
5170
8841
6382
8235
987
2646
5103
1147
6470
13552
10196
2092
532
6586
6357
5543
7892
11476
9353
3682
4357
371
6859
11788
267
12283
7762
1787
10374
994
6043
1682
13183
6821
1599
748
1832
13549
12832
30
3205
687
4279
9629
2370
9508
5290
4609
12546
11442
5303
3203
9032
6753
5143
2505
12770
6320
7996
1556
13305
3731
1931
11243
11839
2752
11059
5952
11036
12637
12599
4292
4593
8992
10790
2728
862
1620
2468
563
4661
4645
4608
13571
4426
593
8486
9892
1027
2573
8757
12240
7222
5016
3847
11418
4415
8696
7521
4850
6156
13119
13525
4924
4329
856
6076
9147
4044
11309
9357
11742
10822
8670
9404
478
7360
4897
2685
10918
11218
5362
10123
11101
1881
467
4990
10810
10062
13535
4811
1746
7124
6184
12379
2925
6192
10315
6048
8811
9255
8678
235
5955
5667
12971
1130
12901
9673
8139
8969
13095
9760
8701
7032
10151
2409
2899
2380
1793
5572
2991
2825
11509
3420
10094
7899
10875
3116
10510
8751
2583
6803
5120
6358
11560
2901
11887
5780
9184
5652
6197
6001
12750
8449
9542
1217
2201
3674
7897
12656
695
8873
5187
5485
9654
9543
3786
10357
5916
10043
13050
5263
12520
462
13510
3338
7606
13542
156
9451
13040
11717
8842
240
2377
7424
292
2575
6380
1912
4800
13036
3543
1585
8070
9189
6773
12425
10185
10054
10008
6122
9319
1205
1420
1376
229
2949
13173
1258
12785
13246
7297
5767
264
10158
10817
7033
1722
2633
7831
9063
7830
3177
1073
997
12275
6548
13530
9423
6317
1354
912
8628
11544
9224
10669
1847
1776
10338
11589
6834
12211
10470
993
2411
9698
7040
388
4988
8552
5172
5247
12198
3539
10299
2340
649
2582
1336
7628
6832
12652
7638
924
10411
5047
5962
7887
8
6167
4301
10147
7574
9642
5843
5136
6200
1623
6439
13140
8588
3274
6928
2617
1651
7798
9571
8008
13044
7706
2189
11535
12234
9204
12686
579
4502
2717
7455
11328
6921
6893
11678
8279
3462
8031
1883
8694
7584
12355
5862
13211
929
1730
10198
10605
1845
6783
3402
9016
4979
6737
2023
13182
11616
7292
1373
5742
7569
5321
915
981
6069
12079
8699
10846
5161
13191
6522
10970
1393
1548
8648
11379
6139
6781
4178
3375
2852
10189
4057
7990
2188
5046
4923
5445
13157
5432
2226
1431
6817
1622
9492
5593
12182
8475
1569
1424
8859
1614
1085
13572
5343
5657
8371
5250
2921
6598
11206
2434
4507
844
7511
43
953
7703
7254
960
8010
12555
209
7679
1011
11936
9651
3989
689
1243
1825
1771
13131
10804
4991
6721
1196
2120
1006
10587
7714
7922
11876
6829
10352
6049
2255
651
11460
1989
1720
2063
11840
3359
7812
9196
12784
7324
290
2390
7351
11038
11933
9212
11908
10362
105
13162
10617
5684
7729
9168
859
7104
7131
8386
6916
4588
5636
7467
10088
5145
3691
5173
1680
2839
8879
10841
5186
12630
318
10557
12523
4826
6840
6583
11603
11256
9055
13522
6558
957
3504
11155
5299
8390
395
10207
3256
11595
10789
11112
2334
8057
6785
8888
3980
10467
11593
245
1033
11800
1437
8311
10832
12997
4666
4898
3743
349
9335
4206
10690
4840
13223
10059
12483
5053
7921
1034
4603
7806
407
3094
2577
2215
11738
7474
6826
6818
3057
5777
12807
5887
5940
13418
4152
7103
1610
12336
5448
11731
9948
2032
5529
12674
5623
7452
13303
4564
6940
6260
7780
11733
4455
11302
9268
2401
7204
8884
5505
5921
9097
8173
10313
12393
6621
5399
12210
8763
9430
10282
8621
12140
11864
2864
13420
7094
2783
7860
7252
4113
1481
1128
11753
3327
2084
9409
3246
11786
10671
11697
10629
2996
4117
621
3826
1686
1466
2576
5651
9539
4625
932
13087
3653
1256
12757
2841
13065
2455
2178
4589
3862
2742
10630
5205
4506
3496
11831
11701
2684
2267
2919
6092
12735
7296
5463
3473
4183
4910
1733
12954
7997
6667
12207
861
2000
8209
4189
12800
2813
7790
8461
811
10631
7191
2969
13153
6281
9489
4636
676
9579
7281
10579
1415
487
7855
2981
13104
11930
2393
7529
1089
6500
2443
4061
5094
11216
6901
12014
8541
2198
2272
11329
12242
1602
6005
3390
3891
2845
9024
9840
8433
12062
9390
5004
8099
1496
9999
13185
9644
8754
3951
9645
6401
1681
2753
7615
389
439
1529
4795
10987
2235
12294
7379
1760
3366
5517
5462
6778
5275
595
6336
13230
13380
11566
447
9256
5474
2590
10719
12408
12494
7269
13235
9120
4358
6596
5749
2037
13327
10812
3073
3590
5304
652
1014
13301
4845
9789
485
8691
11585
5586
7303
11452
1967
8171
1942
2259
6886
4100
5117
9253
9420
10576
7515
2193
5081
7093
1036
3239
12363
12460
2158
1417
8822
13359
4750
12907
12738
248
4773
6837
12904
3337
10945
2140
5839
12955
13460
2979
4554
505
13295
13370
4839
4770
1598
2462
6678
6930
12793
13505
4005
3064
5341
2011
165
1946
647
1629
13261
3303
5527
11304
9710
9616
11384
3541
12413
5065
7631
1807
6393
12213
3175
4108
7332
8719
9670
3605
12688
9061
11519
4413
10389
10256
1400
9249
10696
7611
184
878
11523
13561
13508
4697
6149
12839
7443
279
1171
2809
10129
9930
13159
6379
5307
12575
4126
2054
6982
3716
9836
5786
11401
976
4791
12550
7507
12100
13194
7851
5723
1708
6584
2772
13593
5938
31
4678
9345
4401
4587
7136
9313
10594
362
9530
11249
2373
4883
2652
12164
7109
9135
4751
4541
5302
4118
10131
9763
2484
583
7198
5152
7381
11266
11984
3761
10797
112
2305
11153
5317
6398
2588
10019
3942
11474
3379
9177
12216
10241
4302
6178
12269
5900
8432
13439
268
9228
4213
666
5493
7984
88
6609
8286
13375
9200
3252
11655
4164
5815
11472
5659
677
8038
11030
11722
7159
13229
10440
7601
12165
11764
5062
7533
5762
9947
6274
11177
670
9913
13257
8595
6075
11021
8834
1925
228
10276
2483
1113
11020
761
5588
6511
12730
7567
6289
12736
23
8051
7723
7653
6720
12015
244
7022
4365
11042
3996
10899
8256
10732
12681
9685
2819
12406
8430
9712
8134
5477
321
3221
11323
5795
9466
10452
718
4854
11536
6392
140
5168
10505
3604
10167
5251
4043
6342
6218
9281
11457
12846
9217
4583
4485
5716
13103
1691
6816
6348
10115
11220
8794
7912
8118
12985
9265
8542
9490
6920
7434
5917
4438
7829
6249
11553
4732
4774
9935
10481
8770
11310
8853
781
12564
10080
11752
820
6447
6719
12445
5492
130
9960
13264
12530
3987
120
6264
9790
12837
8712
8911
510
519
12427
9236
2865
12682
7420
354
8620
12326
4008
11346
8392
13528
224
3795
3289
1021
350
12510
12321
575
12549
12817
2360
4606
8916
5889
13443
11578
12190
10146
128
3895
7968
13093
963
6674
3122
5324
8262
9867
6961
939
7001
8437
8887
278
12835
8272
6452
12264
11267
8975
3528
1001
5986
10116
12810
10744
5195
9704
3350
5313
8866
8350
8423
6637
6608
2959
12032
5242
2690
9861
3501
11334
4992
12957
5422
7304
534
10526
2924
12548
9757
10830
5728
12607
2003
8619
1038
10111
1352
148
7667
6214
5153
5138
11357
3814
13506
1533
11704
592
12802
4083
10161
691
5476
634
7523
13500
5788
3480
1187
658
12888
12398
491
9328
9109
2038
7586
10829
12671
2556
10451
2472
26
2016
2872
57
10561
7425
9064
5354
2832
469
9994
4767
12992
5459
1333
7011
6449
13329
3304
5909
11891
5393
1059
11067
2822
2668
7101
4941
4258
2395
9214
1806
8226
7489
10201
12694
8722
6061
4864
6535
2777
3686
10544
12003
12166
10292
10378
12480
4961
12727
8801
1153
3192
6964
2331
6866
10803
12890
1057
3884
7948
7522
2906
10045
5074
9592
6691
7946
50
10270
7107
4520
644
7314
10897
10444
5057
4064
7403
9963
3778
1742
11034
4498
8428
9939
6812
3940
9753
11411
6290
6426
654
5301
10301
9584
9838
5225
7226
4601
11698
10702
216
7732
10307
7947
2893
9669
13079
6815
5817
7868
2290
11774
7494
13078
7848
1410
12756
13100
5075
5971
482
783
12105
5582
9073
4568
4788
2476
8285
4091
9729
10494
4167
3820
400
5483
4291
465
6211
11142
2096
10139
7913
12115
10117
2284
12466
9145
1125
8287
7636
10279
6199
10567
4417
13169
13390
472
1516
11709
2400
11900
9429
1464
8402
11843
11000
7256
617
9464
1800
11262
10529
10121
11432
8944
72
11598
7598
5147
11797
3522
10880
5953
2869
11224
13606
11434
1123
9938
9183
3089
6480
1510
4017
12787
9559
11117
876
11724
9877
1275
9569
6865
4295
10698
2064
1824
5866
11610
8367
7655
3020
7119
5999
12477
11358
10515
10959
4038
5540
8824
11284
11567
5267
4078
117
11552
10312
969
2983
3447
12461
10152
9240
3159
13226
34
3611
1233
4430
11501
4144
6276
11763
9092
5641
5315
5030
751
2517
6194
1186
5661
12711
13148
10560
9806
13601
2498
1597
4758
10324
6669
2116
8818
9173
7165
8874
752
1675
10015
8100
9564
12792
4962
3558
5014
260
8803
8863
5221
8003
3180
8580
9014
1978
3135
9279
3095
11558
5555
8868
12178
11579
5530
8288
4909
5350
1199
13129
4079
1282
9465
5502
10264
3309
7077
297
551
1432
6668
1056
11430
3051
13407
788
6760
10747
5000
12428
3454
12547
3540
572
6634
6325
5213
186
12386
4663
623
1206
12432
1347
4482
8377
10938
3399
925
7382
11410
2650
3633
100
12272
2970
1536
8085
36
3316
3218
5535
509
4704
7368
12851
7396
6059
11143
6863
7160
12653
4027
13177
12958
9130
4746
13394
7421
11530
4731
2496
4875
5183
7702
4076
578
10842
11951
7401
8017
11441
4578
13315
8052
2586
1723
8168
6904
9511
9738
10745
3171
11333
6196
11524
9954
10891
12715
2247
3970
10855
4585
10687
1166
12080
2789
9263
3573
13200
2600
5956
5954
10996
7299
8618
2962
9174
3851
1624
10037
11464
6996
11049
11714
586
1460
10662
2056
9483
12467
1979
9813
8477
3930
11450
6870
719
3532
11972
7956
1032
11251
12704
826
10479
3724
10436
1360
8049
11275
6242
770
7267
12417
391
1972
1786
11715
2903
838
12302
3227
8598
10602
10586
4533
12110
2746
2123
3648
1601
10453
11871
5184
12536
314
3059
4942
11175
7441
7767
1754
6889
12642
814
5945
7264
10031
10396
11088
6747
1346
5752
10337
9844
3957
2009
11217
8318
8352
3681
3043
7426
6106
1930
8549
5579
3966
3157
8769
8800
3960
12977
480
12024
9141
8986
7053
1789
9106
792
12899
8935
8415
565
4517
7277
4387
1444
1259
1863
11807
12378
5851
4807
10441
8128
3325
9233
12457
2847
4349
11663
6341
5378
495
3418
9377
7993
2043
8269
5595
11222
10098
6619
1129
9723
4029
2786
2913
2028
10622
1229
962
1294
5625
4816
5389
8157
6571
4893
9562
7478
8923
9636
10527
4952
3396
4111
2951
7963
3827
8301
6415
13074
11183
1053
8012
9267
6677
1727
1888
8387
7141
9514
12949
11801
8202
13356
1174
12673
3714
12816
9708
8931
2107
3217
7083
8857
11057
3585
11574
9848
6633
5204
9815
11210
10682
2435
6223
5133
12262
2402
7315
9695
11023
9076
8707
3566
9127
13318
7966
7566
6789
10986
9273
9186
1164
3232
1397
3082
59
398
13414
9666
9847
8638
6951
6074
6071
1301
9434
10368
4161
2422
6710
7121
11332
3452
10070
9484
496
3971
9242
6729
10920
3654
11349
4976
6343
4020
12747
6957
11292
5181
6121
13436
3201
10329
9250
8137
7046
325
12369
6502
6555
13341
8939
1227
2527
11468
9819
3319
11361
7858
5229
2274
7404
8656
5182
774
2241
9041
11270
13245
4510
7155
2127
3012
4708
5499
7688
1571
2971
4963
11987
5929
9544
12604
6432
10127
2163
3450
2554
5255
1775
732
4632
10871
5002
2319
2880
5425
3383
13053
3806
3178
8066
6297
974
1136
13241
384
3837
62
13574
3054
5285
11677
3569
3882
1721
3070
8790
1866
2504
11313
2908
512
4380
1507
10840
12050
1355
3495
6706
2403
4722
3617
9257
10990
3096
8404
6322
3207
11562
13172
1934
5932
5847
5489
5342
8809
3869
5964
5178
11165
1394
8755
4535
3151
12655
11675
7224
9520
1414
6331
3322
230
4229
12878
6497
1504
11055
10772
8933
4696
6427
5108
1913
6823
4968
6488
4131
5571
13302
6529
9327
9658
13310
13515
2850
33
7720
4354
6810
5674
7184
4556
1636
10
11650
10484
11756
1530
13055
4129
3471
1185
7698
13098
991
13243
4068
7175
6195
11392
1514
11480
8737
9126
12993
6070
8590
9291
13047
7735
2876
2812
265
7171
720
1278
11607
285
1120
124
6208
13085
6490
4734
9485
7684
13406
10017
490
226
9549
4740
10680
1046
5222
9687
9478
2480
10820
7788
10223
2803
10219
12815
9828
13396
9435
596
2136
3956
9171
12319
12806
1872
1115
4384
6312
7658
10331
1319
1783
463
7758
1228
5070
5848
604
13232
6686
5367
5998
1249
10646
2335
9355
2922
2311
13481
12595
11322
4570
9498
13123
6976
5733
3425
2726
6018
1167
3658
4245
3019
12906
250
4509
7366
6874
12814
10792
12186
8815
6663
11979
10427
3693
12131
10749
11748
9287
5008
4092
8418
4784
7747
4244
1621
11444
5753
5433
39
5318
9688
8223
6514
5804
10099
3333
10695
9989
4833
10102
7488
12680
1500
8650
1132
3671
152
7596
8025
4981
1257
5899
6899
3805
567
5295
1871
518
3048
10283
2846
8032
119
9473
7665
2738
9391
7929
12109
3148
4772
5365
4007
13292
8571
6388
1781
8354
2477
12353
611
4753
4383
3301
5264
11771
1868
5865
288
12766
959
753
3668
11395
10082
7115
12123
11792
13444
13022
11681
4634
3529
4416
8942
2024
2289
6052
7330
11125
11242
13165
2427
11997
9294
6391
7035
76
12713
5990
5631
12991
10922
10355
7471
4393
11766
12984
5375
9227
10443
7889
10142
1909
3961
6347
5277
7206
9358
8602
12876
581
323
12551
5111
3432
11232
9524
12639
668
3453
2896
3923
6683
5849
2017
11105
11710
1222
21
2559
2978
5911
3260
1475
7519
11635
5069
6445
10608
4916
1088
3926
743
8793
8153
4861
6373
10890
56
2197
12540
166
12537
5707
4778
11522
2294
12226
5836
2418
10339
12482
2019
13589
13125
12047
1303
5051
9162
10626
8534
12031
12096
11977
9407
8098
683
2550
7047
3362
661
6727
10921
6746
5601
7771
7356
6839
11820
5709
10262
13592
4525
2172
12239
270
3707
8334
11845
10435
481
3866
4366
8338
12947
6585
12914
12827
2665
6646
9219
11154
2465
7291
13366
3242
1260
9890
2680
192
3782
4103
11494
1091
12532
2616
6554
7060
4615
10244
5886
13255
2399
13163
11564
3774
9700
7626
5871
3788
1423
8666
5672
13015
4264
3793
11899
848
537
4504
9332
822
13210
6301
10269
8185
3210
8278
11396
12387
8523
9855
5266
2651
10466
7557
5958
3794
8228
6790
6463
10141
703
4375
10678
3128
6969
4711
11662
5490
10463
11971
9119
12867
2621
2233
8826
10321
12621
4575
4949
4936
7862
9620
4067
8732
4920
13240
13290
1860
566
10614
12942
11212
5357
8644
12124
12505
7863
6235
7599
3365
8610
8441
13018
11144
1028
5175
12188
1935
9388
13313
3238
1224
11947
102
6942
9393
6443
9504
4707
11008
3200
1843
4350
9811
4010
3705
10721
6978
5853
6142
2837
7111
8780
3146
1344
12828
8090
2475
4316
7495
2318
11956
2985
12882
6736
12670
497
3195
11676
9415
13035
9535
5466
2595
4815
8041
3279
11926
6345
2578
5411
8224
7846
4882
10081
3928
9529
2628
9691
11576
12268
7275
852
8208
10461
2522
10967
1856
8746
12760
3147
8351
9234
6539
601
1182
4657
3209
4896
1922
12772
9307
13527
11306
9447
355
2756
809
3984
6559
7386
4899
3347
6224
461
1486
522
10330
12439
4821
7967
6250
4724
13030
11423
5551
8761
8253
2252
2890
2848
13134
5115
6153
12442
8245
9372
10693
296
2773
11720
12495
10295
13201
11889
10795
5395
3040
7228
2719
2584
7166
13168
8647
7721
1099
2696
8929
1338
12683
6309
9686
10390
4420
893
1693
3803
8937
1718
6622
3736
13155
10593
3948
8526
7081
8299
8631
2566
8274
1380
1157
2086
12778
6422
8747
3983
881
6561
11543
1391
12921
10119
5418
11082
8438
9770
13005
8612
12019
6183
12869
6145
4411
7634
12172
5822
12001
7991
757
6476
9046
3511
6565
10849
11734
5973
667
2369
6340
6749
6080
4337
9919
7003
13138
11182
3339
13154
3392
8453
10578
9655
10000
10509
10628
8479
7610
8643
6254
6506
3715
9783
12004
7176
479
6089
4062
5203
3860
5688
11294
11916
5963
3634
11469
2627
9672
12903
9416
5781
4691
6578
9741
5061
9107
13217
10397
1117
10336
4745
9398
6327
134
5924
12252
12296
3497
7196
8379
11646
420
7408
10393
9021
7167
9163
4934
6988
7023
5347
9674
9455
11707
11844
8320
7834
1269
2277
8683
6567
11056
10940
10570
12922
4081
5881
12624
3704
10980
5149
2133
3189
2883
9998
6867
1546
5384
10925
5055
12335
3384
12463
9671
8403
7041
7390
11870
1988
2989
5162
5163
5542
3241
5650
10984
9292
12086
13598
1555
169
3677
2323
914
8795
7492
6077
6698
11449
6150
10472
2184
8200
9295
4123
2624
11962
6182
12118
7013
12295
4312
8275
5122
3597
9283
10495
1252
11747
2705
5021
1558
1965
11490
2209
312
4009
11037
4403
9096
2207
3072
5997
4574
11451
11692
1788
12526
1919
8420
11653
11097
11759
2448
8151
11504
6472
12157
9744
2703
8207
7312
12045
5372
3079
1471
10892
8613
4224
4752
4814
8513
1511
3249
3656
2581
6303
10371
7227
12634
580
12249
3819
6679
11532
2912
10951
4638
2776
7637
1666
3757
3245
1070
4836
11686
12803
5508
6504
7849
11518
5189
6239
3149
5699
8222
1279
3625
7908
3908
4479
11109
12768
759
1188
3556
10213
1561
5306
6151
5873
9445
3026
12685
9740
10288
7776
12493
9245
11394
7958
12308
2103
10250
13560
8182
12586
10431
4165
2723
6699
422
7873
3348
7504
6332
6372
3877
8148
7554
5826
11136
11347
8581
1493
2442
12132
8401
3078
2058
557
5060
5809
9040
13427
9893
7670
9374
6318
3016
741
11402
11190
10137
4831
3341
12974
7464
13426
7953
10388
9054
5507
4194
10993
10172
4853
7910
10762
3198
12672
10686
5435
1203
300
126
2560
6397
7402
1673
6682
1443
9439
1607
11428
11625
12679
2275
3090
4251
5819
13357
7288
662
11331
9971
6107
7575
2657
1858
10739
4871
12392
272
7805
11215
4266
1369
5308
9334
11448
13260
9891
7074
2224
5044
10477
7411
3824
10400
740
3521
2078
816
12142
1246
13212
5257
7144
11691
6806
10816
8500
3134
2242
10304
11939
6820
3746
1677
2892
9653
10831
11803
12665
971
13562
11636
13490
1586
9361
12246
1326
9944
4346
1216
7066
7327
1656
7300
7712
1292
4085
10106
6219
10609
13503
11281
13325
5240
10783
9001
11378
6936
11213
7098
8059
3216
8149
1724
242
6575
8293
4457
11744
6801
2082
5363
8078
2693
5449
6775
2260
7565
992
4474
3907
7875
13408
13346
8577
9075
3898
10475
12206
4182
3055
6286
10857
12006
12669
1804
6791
9694
8125
3234
8198
2984
6225
1739
3401
174
7960
12215
4586
7919
6137
8605
704
3527
10210
7367
10827
6104
12127
9065
2439
10001
8037
4231
11203
4623
10074
9086
13596
6016
4914
8340
6925
12931
9816
7885
11554
8529
910
2871
10261
2879
11491
11103
1276
6334
370
51
12930
4166
13202
3272
12660
5704
11770
7293
8775
5050
4325
7969
7398
11638
9206
9896
12456
3958
5727
9078
7642
12309
4049
3751
11273
8503
3494
10235
11085
2741
10965
207
4156
5146
5554
10612
8188
121
3291
6363
11427
12082
4157
9031
6306
9661
10583
1884
7112
12521
6489
12956
10233
5102
10900
2180
4223
6769
10211
8633
1066
1096
5282
9699
12590
5668
8517
424
253
11712
6010
10534
4147
4759
7454
548
867
516
7509
458
825
6381
10372
8129
4069
18
7468
11671
8080
13556
1382
9412
13299
2597
4233
1289
8777
7156
1363
8557
12012
1938
11848
9787
13478
6367
5857
3300
4180
11157
13479
10382
7814
13564
3085
3086
7442
11352
10010
8314
1082
7129
9068
699
5134
5028
12511
403
6096
4907
6524
560
10085
12203
4965
6035
643
8341
13145
11750
11905
10060
11116
13011
11729
10018
10559
13152
4039
6762
8947
10040
12779
2030
1543
1209
1678
2228
12923
882
316
9176
7178
1389
2269
4960
840
3655
12292
12289
9737
4925
9336
9058
12130
409
6456
1981
854
2695
13425
8464
7445
12171
10296
2441
4063
5296
8176
1060
11591
8442
8906
1741
10681
464
5619
722
12073
7671
4940
9888
6836
10932
9441
1356
10165
3488
4389
6671
10552
2659
9597
698
10157
4283
1752
86
3456
12221
6448
2062
3982
2425
9274
3670
11408
6314
397
6530
12011
6012
9354
4142
3125
12703
7193
12561
12659
6390
6986
12148
11094
3849
10677
7751
1230
6041
7871
919
2784
9894
8172
4255
11725
4431
12143
3293
12311
11703
7754
9975
8875
12107
1550
10943
1138
7660
3588
10694
11465
8480
2376
10136
13031
4060
8258
4566
13060
10533
5801
13164
11151
3335
9991
5775
3692
13463
11754
6782
10181
4318
8229
750
6695
6776
7730
2501
2558
12361
4250
256
2449
1659
8898
4453
7508
8537
2641
6965
11307
7770
11202
8030
7933
8917
2454
10689
1151
6229
12776
3423
1645
562
6547
805
12910
8029
799
2460
7437
13300
4919
8574
8820
12884
12982
8494
11114
1790
8183
10169
6807
6891
7898
3268
890
376
5256
1731
13331
12902
636
11006
4906
7646
12147
13554
7388
8829
6216
2266
5810
785
12297
4000
13585
12169
9033
928
3172
11799
7140
9879
7148
4929
10437
5193
12202
12027
6063
7349
6531
8773
776
2745
6723
6356
1281
2614
1314
12569
10044
3176
6604
1643
8661
3822
6895
13239
13395
7746
8346
12380
3407
8962
6179
1995
334
4984
11913
9405
6450
10068
344
2310
1242
6641
6004
6628
11404
7500
10130
1208
9290
9853
2609
6666
3119
3302
8365
5972
8376
3943
5618
7888
1499
8427
4531
6079
3435
1104
4876
5214
3548
6285
10214
964
7765
13338
12072
917
5024
11110
8680
3840
11230
603
4451
7541
1713
4890
4054
4307
13013
12959
1213
7253
116
9218
1830
10944
8234
9262
13520
11630
11772
7216
4208
982
11968
543
9349
12845
3278
7020
7378
10148
8022
12560
1327
13575
10192
3060
6228
7979
11376
9593
4776
2388
5309
3430
218
6632
8121
3915
1485
6047
3466
12288
4605
8072
364
13311
8268
8380
3405
11473
2022
6532
11375
7050
4256
7650
11485
4170
9721
13287
10724
11561
3441
3802
2593
7410
8515
13326
2490
5270
8987
6088
2433
12446
6210
5712
12049
7415
8718
9519
8744
6185
2938
7701
6420
10912
12821
6989
3886
8162
11808
5705
12583
2767
10056
459
1805
5629
2766
514
6252
2185
7559
4031
8776
365
2440
3991
5713
2190
11658
6134
2138
5409
10381
10416
7954
4454
4488
10556
11121
11957
13415
449
5141
10654
12391
3244
6319
13026
9386
9982
6189
3061
4414
8130
3981
1421
4742
71
625
6163
6360
6368
8993
9617
7526
10073
6284
6279
9949
8728
4505
1595
239
8915
6435
9696
2144
9722
627
1332
7625
10491
9649
570
9027
1469
1850
10862
2413
13497
12896
12261
5895
3764
2153
172
9675
10112
11129
1512
8456
10701
3637
7417
3646
11344
12412
2762
9062
9860
4812
724
10821
4379
2074
11372
4006
154
9560
9608
9100
470
3022
19
3702
4410
8817
10078
6324
11387
4344
5905
10168
7021
11912
12238
1861
7537
8435
12431
10711
1882
10625
4
1971
6090
10715
1874
3190
7271
13539
6267
12298
6560
576
4503
3282
7024
215
9123
5604
7551
8220
824
5557
11868
3639
4321
10221
911
8333
7246
6799
1090
8396
8045
1308
13328
13432
1413
8516
1312
9156
10924
5936
6485
12007
10881
1766
3776
10664
11381
3115
2506
6938
3825
4953
10063
2474
9304
1489
1330
3938
10530
620
6805
8593
2923
12248
13188
7568
13368
4524
8927
11421
9093
13180
6704
4243
12368
8112
11761
4317
11779
1816
2757
13167
8470
508
3721
6987
6626
9590
700
436
11137
7221
12183
12053
6751
2374
6732
6169
13247
3273
9639
10848
1062
6217
5920
10356
9453
61
11832
1005
12646
2365
4238
10935
9866
546
2655
149
13584
648
7923
3408
775
10204
5494
11231
4209
4199
888
2503
8147
2338
4823
3836
9207
13543
1047
6015
5383
11201
4155
10929
7479
10607
13225
10176
5992
6296
7385
5192
8850
5413
419
5980
10716
4571
11953
11996
11458
11884
597
8550
12435
10958
7045
13335
3470
9383
13323
612
2046
7354
2
6144
4542
1547
8823
5249
855
1637
4494
9574
1042
11035
7477
10373
7643
5438
3039
846
5110
7472
1325
553
12327
10190
1725
4035
7211
1244
2263
3954
7483
5188
2220
3124
3184
3561
5447
7994
3105
7995
11793
2830
8068
10985
9403
1083
3843
6588
416
6032
8039
871
5755
11946
10919
2001
3395
3818
11368
2817
13440
12330
6394
11081
3553
11592
3519
3964
5127
65
13430
1025
5943
9481
12481
10926
12108
6100
5725
6213
8654
287
3024
5116
3137
653
1202
12229
11819
11090
1261
5670
8283
2094
2486
11017
10577
11189
10456
1427
4074
11805
11439
5978
9726
1107
13355
9069
5480
6802
9020
11622
12416
12927
13381
7406
8237
13358
6592
5335
2368
3630
2168
10636
6474
5669
185
2663
11061
4046
7944
4719
5821
12281
7344
2102
4739
4705
4326
5022
10257
8819
2820
10753
2007
1527
8103
9750
8199
1532
8799
4232
13604
12847
1943
1035
9974
12797
6187
3614
11911
4555
13524
2778
499
5038
9446
2341
3387
8313
1923
5743
444
3863
7202
3999
13483
7649
7099
3664
3903
10448
11181
10057
9138
8977
1899
13116
6894
11455
6587
11185
6656
9408
9043
1963
13484
139
12740
614
11980
427
9523
9727
4667
3411
5671
5616
3624
4728
11467
2500
3952
1293
9810
6968
7810
6903
8189
13343
8373
12608
3101
7158
7392
9748
13353
990
4175
5915
3500
8539
8485
12978
7728
10450
12912
11326
3914
7255
3417
11924
6828
11758
1962
13459
7510
150
2095
11537
9323
8490
1937
9600
2052
2238
2539
5696
11588
168
5064
4492
6898
8119
8436
12328
356
693
3373
511
3579
930
2132
4569
629
8023
5369
4631
650
12563
3871
10907
5488
2051
9613
5226
6533
11897
3925
7147
1237
4154
1290
7114
5697
1266
6726
2473
6484
2239
12028
7130
7630
1084
9849
5612
12838
10351
1474
4458
12897
10728
9202
12077
12628
886
9631
12247
1669
13351
1615
8074
8738
12243
3145
3295
11433
13003
12074
5729
9703
10293
3684
11735
13495
2808
13457
8658
2888
5850
9181
3199
3587
8131
9401
1939
10005
11453
710
8462
3250
197
10090
12559
10596
12447
6625
11837
12251
8785
2816
3906
5700
12824
3378
1341
3126
11414
10788
3460
2933
6510
4647
4210
4033
4658
4362
4273
12358
613
9561
9882
3437
10039
179
12983
13161
11254
4771
7970
7449
9193
27
12436
10748
6546
1841
2702
4985
7334
7450
8084
11804
4274
2093
1737
3791
10347
8289
3944
1495
12273
5632
7091
9244
13382
2359
11086
1434
1706
7308
6446
6231
2636
4486
8524
10225
11370
2087
3305
3758
758
9301
1375
12440
12286
3596
1200
13101
887
12496
9665
13001
5736
7587
8825
5879
2676
3687
3229
5561
1716
8019
9387
12794
5694
10809
5348
5799
6846
4315
1748
6143
60
6525
4425
13516
1701
10170
6910
7484
5194
8166
64
4226
11728
941
10766
12662
3631
6849
5157
6451
3414
5949
8400
7865
7727
4359
12972
2838
9362
13553
10408
2536
4900
11877
1557
10979
7305
1483
3875
12773
1853
9493
4727
8114
3457
8881
4146
9342
10344
4793
2562
2077
7844
9899
10765
7272
4495
7577
1985
13115
5402
13570
10637
756
4284
8781
9289
1154
7785
3257
6570
6651
6026
7939
2645
493
13289
7924
4025
11659
11511
11483
8921
5414
13608
9782
9929
4670
4004
306
11784
8950
8813
3046
108
1687
2464
5191
8686
1193
4720
12552
13073
5426
6413
12566
883
11909
8901
1539
8368
6232
11874
4584
11138
1105
815
9551
9402
11995
4392
4323
9009
4726
13412
4710
9517
2619
10428
864
7245
6236
11096
3965
10075
4879
4581
11078
4327
13089
2491
3468
11004
11407
9167
11188
6700
12649
13069
3897
4481
559
2977
320
11367
10525
8410
9766
11654
4602
6953
9554
5
4428
12976
7416
2045
2384
11100
3486
9684
4716
3243
3750
7704
6569
9797
2458
6403
1026
9880
6564
6793
2513
12664
483
5434
13017
11301
8804
1956
10508
11471
1641
10066
4999
5875
3431
1368
2149
11005
5504
12606
10989
10253
7639
12437
6851
1707
4938
6939
10837
12173
2179
3593
12610
3833
3041
8786
4187
7150
1163
7825
6830
9104
12462
12399
10101
1660
1926
8116
2990
1223
8316
10894
6659
2994
9084
8533
10657
13417
10796
85
13344
2421
9572
4777
2758
4434
8270
6160
7036
3062
8444
7589
2735
13547
2648
7067
5151
4435
1798
6240
10532
6353
4863
1334
12723
1954
3
501
7168
8502
10606
12961
995
6482
608
13472
3472
13342
10902
3816
11590
9241
4443
10188
8295
12069
6857
9471
5280
7976
4870
13512
9450
11340
12658
6477
299
10345
10648
9007
8309
3181
5246
2444
10554
6155
5040
12801
12517
12588
8170
4680
12450
3248
690
2965
10469
2112
7311
13513
6062
1198
4348
7779
7686
11648
6712
9972
1040
5901
2467
7137
13203
12410
6389
11550
11318
63
8591
1587
10363
1903
110
10618
1264
12091
7783
3998
11929
1568
2520
9414
5947
9048
12943
5805
9922
2642
6784
1652
11315
4933
4626
13437
7560
2713
341
12852
11949
8603
1654
2358
5640
13038
540
2194
9528
6268
9080
2029
2214
12855
4757
2398
3812
11296
10305
2993
12576
1141
3215
11484
7802
8892
5444
6057
6492
3929
4809
2177
13402
289
11510
1179
2057
6973
13319
1791
7218
5311
2967
11599
1828
2887
6330
12205
3367
6552
3879
12341
5243
10854
3796
4830
7318
12989
9333
4275
4080
664
8035
10591
10286
10133
1910
3307
9950
6098
4700
7179
7841
8257
669
4032
2129
3544
10504
9707
4101
4522
6227
8122
11582
8142
11991
12777
13421
155
428
8608
9209
4549
12313
12158
8459
4532
2941
301
7317
5520
4688
6212
9369
8348
3014
8649
410
6800
980
10642
2507
9799
6078
2191
6247
7039
950
3652
7920
11834
1895
412
4748
11670
8532
5783
2192
3103
11664
4635
6739
7151
4521
7690
3377
16
12037
9385
443
1305
8945
8961
12986
11624
8329
6351
5906
13350
8053
5931
12094
5768
2222
10634
8325
8177
7154
5495
9192
9512
10473
5171
9603
4308
131
12612
1779
12383
1785
7236
1562
9348
4970
191
12217
7219
1488
79
5855
8750
9067
12885
1317
10426
10421
12940
6576
10095
12948
1778
2351
10258
13397
7645
10992
3285
12396
972
656
83
9577
7259
13336
11475
8265
7199
12900
10254
3465
82
4228
5071
10392
1296
7544
7856
12400
9907
5606
1576
5059
2111
9537
573
446
2946
11383
12692
9232
2932
10306
12306
2761
9822
9082
12881
6395
8474
12152
4639
13410
12304
11147
5568
12988
1479
10740
9709
11113
5380
6190
12788
1885
11865
8632
12512
10249
6714
3410
12196
1780
6486
1589
5479
7427
4859
335
4701
10895
7459
10879
9992
5531
831
3821
11461
3349
8561
311
11317
5791
13228
7652
4171
7080
1639
4955
7517
12250
12470
8174
5598
9863
9367
5744
4744
348
3680
10946
6708
10839
8385
2618
11917
9052
7336
3328
3555
2972
8152
12842
6926
8511
10755
13082
504
13066
3208
4257
5746
1133
7412
8547
8339
1076
12411
6206
10144
1221
5617
5993
6045
8679
6759
11337
7043
3193
12515
201
9235
8521
9015
1908
6734
772
13607
616
9299
3240
353
8056
678
415
875
4765
9098
1955
5645
6579
4496
8069
7223
4709
1813
6917
5913
4600
227
4341
9827
3723
374
4215
40
8238
8855
4202
646
10770
9627
11040
7839
7359
2794
2065
3369
4650
2950
6438
11904
2027
5417
5860
802
1387
6650
13054
6132
8586
12823
8570
3269
605
6054
9706
8481
7632
1271
10806
8998
275
7693
13149
8489
1917
13501
2973
11696
5415
13024
9573
13519
4799
5730
13227
5027
1549
10869
2039
10964
8674
6607
13267
9897
4372
1838
9199
2602
6765
5006
11644
10877
12013
5351
12998
1797
13279
1367
5200
7051
1283
11071
3753
5779
7139
4177
2898
2604
9050
12038
7319
7661
11139
1149
11321
106
598
4162
6436
10665
8551
10635
3644
8361
5319
5910
1869
10457
2511
13569
13605
866
4263
5239
2243
11928
4159
12277
3789
12016
8530
12570
2076
12764
11168
8792
11923
2622
5427
12581
13580
393
765
13433
2679
8880
11324
6253
6924
9742
2160
13577
3271
13127
3904
4300
10540
2720
12557
8891
11827
4982
5818
12374
2555
6997
13386
1337
3720
1329
1611
1480
9788
457
12
6675
7741
13242
9887
3287
10166
7169
1552
11236
12307
3568
8984
9375
7389
11446
906
2430
4664
7276
2785
11541
1893
11881
11488
4364
7988
488
4353
744
432
4783
10955
1579
7977
6293
3489
10948
6630
1664
2346
1774
6399
6241
6614
5594
507
764
1449
8575
11066
9962
2734
4674
11872
12484
421
2858
13499
9531
1288
4335
10424
12122
6623
10913
5874
3649
12962
2572
9095
5965
5655
1311
4296
3118
8995
11018
4747
6636
3393
10718
343
9522
3992
12018
2469
13609
4382
6750
258
10132
3173
2910
468
7082
9768
7265
6501
10383
8088
13588
2101
9277
10661
8124
12430
1122
12097
9996
11
6114
3615
2280
13037
145
1043
5546
10603
3589
3718
10619
2737
8965
5333
10103
3797
11569
1287
12774
3290
12710
949
2997
11683
7648
633
3088
5634
4842
5013
8564
8905
11415
9781
6269
3997
11278
10531
9099
13137
6170
571
2362
12384
10025
5893
13466
476
12759
5553
13373
4872
13280
7595
10032
162
9942
9835
8292
10460
7457
1809
10674
408
5478
11500
9538
2068
2450
5089
7322
1667
3142
3640
4139
5833
13558
9643
9047
8440
5443
1849
11200
3485
5724
13237
12917
1323
10615
9270
4267
8573
3196
561
12434
13447
1505
1039
4614
8054
7345
12454
9154
6011
283
1219
2755
8900
5759
280
4616
9967
8951
12055
12424
2167
11806
4132
9088
7689
12950
804
2881
11668
11967
1738
10319
147
13383
1700
9285
5946
927
3760
527
1262
13422
12858
11140
4895
10805
2291
12636
6454
381
8677
12647
2328
5797
8788
8107
9605
5690
5891
10818
8771
5898
10847
4935
9476
3777
10539
10660
7563
12005
10021
786
2721
10384
2137
2568
10375
10173
9628
6681
1178
11193
5638
11160
13092
3728
9122
3845
5220
7189
8016
13224
4490
12979
10998
327
1936
7126
13097
11300
9857
6009
8190
10447
11901
3792
114
12388
2780
10988
1538
9337
3574
7071
6788
4610
1322
6883
3888
1508
10260
4072
1864
9060
2169
4730
10439
220
6847
2999
13058
3920
3212
8178
6888
8913
8496
3097
6665
1851
13105
8974
9288
46
11403
1145
11767
7562
10725
3770
717
1494
3110
8787
7894
589
8714
10942
9780
12587
7163
11438
5996
1068
10815
13498
7149
1531
10972
3053
4644
6648
13081
5970
8144
4402
5714
6006
8607
8676
1683
5689
8622
8138
10782
11214
2585
11205
10149
10028
5792
11197
4848
13192
8076
10483
5773
11651
4622
6152
8546
1265
10528
11133
5419
9667
12464
7738
13514
12486
5403
6258
3660
8194
2097
2615
9259
180
401
2907
9641
8364
4763
8429
6371
13454
2523
10108
5009
10727
10882
3299
10220
8967
3214
6992
1004
6046
411
8450
900
6093
5702
12021
5760
9607
12626
791
530
9089
2354
11481
12818
13023
9157
2514
9025
6140
9625
4886
2598
8972
11978
9371
1108
2851
11679
13213
6130
132
10668
7009
6068
12909
7941
13061
2867
10511
11072
619
1015
4798
1551
7570
9488
7579
1952
11019
6819
2567
8321
5583
11257
474
3049
10489
12161
11765
10873
12744
6288
727
12860
6344
7287
11098
5235
13610
8046
12603
3442
7744
2801
13254
11390
6023
1457
769
10182
1302
3306
9325
8630
5765
249
11382
12936
4197
10676
609
11846
9501
9346
12849
5584
734
11159
5877
1521
3613
11667
11366
3467
12293
11319
10896
7672
5206
10209
8662
10910
9997
5864
7365
11246
3780
3297
8948
13025
10941
284
5785
7971
11426
8827
4526
80
2313
13029
4289
12716
6979
782
12651
137
1560
733
2689
6855
5042
735
11051
10867
3606
11777
12717
6266
9885
11050
12667
5118
1405
1753
5770
8460
7837
7583
2768
9066
10365
3330
11106
1898
1836
9269
10982
2954
3666
4775
3513
10519
9151
6792
2141
13251
9619
4185
4016
8463
4195
6313
11981
5664
5829
6138
5761
10187
1582
2716
13021
4343
745
9956
4523
1684
5603
8345
6362
10599
4106
10236
9017
9555
7120
7980
13150
12966
921
12498
11740
7619
8087
1572
4056
5058
5353
9035
7473
4516
10656
6764
3909
5431
12043
360
5627
7157
9133
5941
8445
1892
4090
4978
8660
11769
2067
10377
3493
7609
6984
9682
3575
1116
4048
10091
11833
11314
13309
2739
12919
10030
1844
5091
8089
10464
1616
11842
1189
5984
345
5741
7200
10180
9765
9187
937
8830
4957
13532
10226
10320
3223
1894
13068
9547
1063
13281
3288
3949
4768
5095
2385
95
9905
2182
9964
2927
9105
1112
2647
3675
4977
5548
6369
11783
12342
10734
7085
1345
4959
10263
2196
3688
9022
4150
11885
11170
10598
6423
12167
6220
12441
10259
214
9190
9258
1114
2594
13181
2548
3516
2553
5244
10976
3023
8357
8393
12162
4334
6073
7194
985
4648
10905
10183
8990
10125
13007
11661
1819
7133
5615
1644
7339
6003
1280
9591
2671
10231
8240
1254
8582
435
3263
366
10354
12139
9570
6934
2843
2944
3144
3874
3183
7337
7916
9623
2763
1699
11723
4572
5224
6638
7605
3143
3001
11102
8695
7590
1695
12204
2236
5649
1002
6411
9129
8864
11907
1657
10548
11572
5840
9194
5338
1647
978
2725
7234
2673
4203
7302
6848
6033
351
3823
2211
4553
3323
6902
2754
8768
7797
3342
10332
9008
12220
4951
2917
142
10216
5569
2210
333
9053
6787
5497
7571
11902
7594
5514
3354
8762
6854
7932
7132
1814
1180
10819
1401
12419
1578
2905
3581
9117
7145
951
2035
7878
11835
6465
787
4950
12170
4649
3499
4818
12892
5928
8472
7025
10887
11356
5126
10425
1318
3154
8248
11391
9036
10522
189
9545
2283
4140
3612
1286
338
7134
1428
1525
6204
315
13458
7469
1442
7210
10833
2704
9226
7697
12863
3608
431
5001
2844
2722
10775
7657
8193
2383
3185
4163
9832
5368
9614
7340
8840
10799
1566
3927
5210
1310
2528
9804
11039
3672
10995
9908
12279
13590
5345
2662
10954
352
2234
12192
11847
4040
6123
5609
3324
2309
3727
7048
385
2300
12697
5754
74
8508
5033
1468
1454
9339
3087
4021
1306
3810
12128
8615
10563
11781
12763
7260
1472
5174
7353
2432
2791
8478
11029
9208
4857
4573
984
12051
262
7225
429
6110
13563
1792
4115
13435
2706
6692
806
5605
10963
11161
11666
10227
342
4449
3974
10917
10079
9034
4905
4433
8243
11611
9943
3132
12159
6937
3642
6538
7177
9023
6591
9515
8752
1855
6186
4388
11627
1758
1383
3424
6127
8518
8267
638
12316
6191
11416
8136
10592
13107
11166
3419
8005
8886
813
3545
3841
10359
5919
12278
4254
746
3035
956
5662
13122
8239
9417
2006
8050
7986
12525
12154
4160
6993
7346
5897
986
6884
8715
8653
3509
11856
9406
7506
9610
12654
4030
4683
8255
10536
4015
11338
6498
5217
8869
2542
6594
11406
442
1554
10212
10403
11802
12733
7914
11688
7183
5856
9411
6795
9039
11811
13371
9800
11594
8335
13174
2080
10542
8645
4347
4476
3398
6458
8227
6503
7680
11918
12270
8912
5374
9111
6756
1017
10370
7781
3738
11993
6831
7
12611
1877
2164
13369
9762
2126
5859
5484
6467
5778
5559
8740
5020
2221
547
6879
11822
5858
8851
7582
9881
11046
2987
7162
52
1247
10350
237
2299
8451
4191
13020
12333
8919
11938
13284
6102
970
11240
4993
3835
952
817
12036
190
10723
1751
1018
10454
6350
5800
7423
11989
6841
12695
3505
4858
502
7538
6512
681
13324
11816
11855
7794
2953
12584
12487
12056
4519
9637
10761
4145
6300
1484
127
9458
5129
6440
10340
6101
3187
3880
6612
10928
2327
1870
8102
1284
2551
10414
5041
3586
3554
11538
4214
11708
8978
7555
7915
9418
10768
6234
109
12967
6333
6545
10398
8133
6589
556
10811
13272
9310
1101
4874
5646
2240
8501
7694
7498
9352
13042
4314
3708
13147
712
4527
12112
4104
13071
1220
3353
8764
12219
9663
8556
12918
12938
8708
9779
12769
2015
2806
6416
12937
9854
7906
2187
6913
5312
3939
11506
5428
2833
674
9011
12063
8623
13312
2729
5164
5869
10395
8505
12726
2988
9018
11937
8252
6339
6058
682
10973
13248
10516
3484
8491
6386
10960
1152
889
10248
7142
9527
7127
5957
8836
10513
5982
526
13250
5326
11141
6146
5937
5112
6064
2732
13158
4003
54
12237
7656
6684
8241
766
12965
11228
10348
11785
3622
2070
3756
8568
8167
8928
594
8540
10445
12381
2855
1248
13362
13468
13033
8206
2992
1299
4034
7608
13453
12287
6590
12423
6711
935
7438
9906
10496
13032
11339
13128
4873
11244
5774
7512
10638
8899
7882
12765
7891
8105
8845
6527
3003
8034
5366
4313
417
5974
5082
6481
2857
9231
8322
7125
847
9341
3911
11184
12312
10823
10582
7691
1889
9719
12060
2203
12699
1022
872
9758
225
11970
13568
6118
5565
11120
3976
4621
9980
6323
947
13052
3701
7719
11327
10100
6154
4450
8259
1697
721
4241
3092
4511
6536
10763
2213
171
6581
3676
7282
4822
10087
8247
12426
2856
8641
1997
10786
3397
9180
9161
8328
6582
1896
8366
2302
11397
5820
1932
8636
7766
1827
2885
4780
5385
7056
9773
8281
794
7945
12753
5401
2048
10369
6966
6757
9221
11606
12145
9521
11365
11316
8231
7062
943
3600
665
4011
452
9876
1148
12465
10376
336
10358
4930
13480
11169
7673
9792
9833
8543
8816
12969
7394
5647
2183
5364
2508
2089
4819
4794
6780
358
13455
9513
1613
6876
7926
5637
10048
6702
9717
4714
4561
9626
13236
13398
4173
9611
1702
6083
2649
11950
8968
8067
10767
3754
3831
9957
12915
473
13139
5816
3492
12095
2414
13536
3662
7934
2026
9622
3534
9772
8671
6361
2637
8294
1478
13179
12257
10903
7547
12138
12017
8934
13540
6611
53
9179
11948
12891
8260
10643
12228
3618
5196
12833
2774
4429
7817
3343
12894
5487
11516
1239
784
5269
5254
5233
8126
6689
11964
10898
12415
5679
1974
11162
6563
3580
13511
6603
1106
9142
3127
2122
12029
3235
6188
12749
639
13597
3382
10758
8949
3663
9070
8422
12034
10652
4059
4651
12831
9752
4928
4110
12981
98
11888
1430
9442
2692
1887
5101
6540
7102
12994
2900
11743
3651
2060
6405
294
10961
8411
6091
2353
11445
159
1236
7777
13293
7501
6838
909
7447
7866
10623
7012
9749
8512
3808
14
12944
3464
9638
3475
4558
9079
1692
3699
3873
1719
13452
8843
12541
5977
4969
4562
9110
5037
9074
8483
233
10981
11629
3481
10186
8018
1304
11583
2271
7740
6430
6929
3131
6513
2025
3394
9677
5337
12822
6772
2976
12214
525
7535
1080
3443
10639
305
6971
4685
8865
8672
10346
5442
5471
7524
3787
251
6305
390
1467
13062
11479
5458
1984
1933
2104
7800
9397
11330
2394
4247
5620
13340
827
8716
9457
2069
8597
12545
13419
6844
2436
11958
8092
12473
8110
12761
11092
4908
10580
5262
2744
4460
7185
3901
10050
3008
6716
13051
1350
6459
12617
8704
8854
12633
9795
4779
9868
8007
7146
4641
13496
7654
66
1950
5158
5811
10971
2420
2691
4330
3355
645
2347
9858
5918
9330
541
9505
12488
10155
5391
10553
8498
12180
7084
5404
129
8587
13448
1929
4422
12479
8914
11413
3763
307
7884
7635
4591
7440
3080
8576
10750
2700
8774
4493
9630
7090
7819
13096
11768
6868
2580
2810
161
9526
13283
7659
9128
5135
9558
13403
7581
3121
4022
4755
6022
1949
6164
4665
12065
9351
5656
12181
1591
2701
10936
10072
11828
2529
2081
11374
7550
4143
12317
5691
11245
6021
11417
12789
1846
6597
13321
1268
6654
3230
5890
6002
12720
10493
996
44
5452
10931
6923
4462
7752
12030
6824
8452
7840
2860
10975
11288
6442
12844
2623
6162
4668
13509
3326
599
13207
8611
10328
5398
9438
9424
10458
2204
1812
6315
8467
705
3842
12741
8305
12359
7664
6124
4013
10322
3228
11118
141
6159
12739
7935
12771
8096
1565
3765
13027
3988
2412
9845
3531
8296
12244
10049
7436
9824
13474
2329
12168
3889
10901
12529
10670
2862
7371
5665
5715
4192
2515
13208
3564
84
6845
9910
4105
10844
13166
1339
4869
5481
7306
12087
276
1408
1372
3844
3994
12376
8282
6909
12568
11247
1906
2699
7387
1823
5420
11609
8184
7370
1426
11604
5088
4461
2071
7513
12964
10218
998
7502
10550
3108
11617
9951
11643
2288
2714
1342
12382
8108
2146
167
8688
5845
6419
3161
13002
6911
12619
219
2481
13534
6469
10726
3730
1537
12819
5960
6954
8497
8044
6946
12035
5745
8388
5260
9338
12782
7989
8302
6657
6835
11746
4465
3683
4889
7687
7460
926
1815
12684
5274
6933
797
1298
3259
9254
7105
12706
3280
4471
12758
7243
3320
12163
3317
1359
1761
4894
2059
11084
3734
11749
9678
12826
6771
6425
13271
3779
4576
5575
4319
672
7981
7110
7593
4071
9585
3141
10845
13282
8772
9237
12365
10787
2796
3477
5854
13114
4221
3114
11780
12153
1960
10124
1596
4672
4717
767
5325
659
7174
4956
5613
2682
3572
8814
277
8101
4355
4378
4051
10874
9376
1973
6618
4551
6464
3858
12722
3735
2935
4395
6580
12184
13449
4534
10565
6120
2451
11529
12200
12580
1837
4374
655
1058
8924
11975
8745
2142
8469
7852
1900
11495
2293
7089
12089
1191
9548
1694
11998
13063
426
7709
5882
9378
9057
3015
1709
7262
8120
5888
9437
3669
4996
7641
9720
12889
11298
8409
7240
6364
4309
12323
2955
3694
4463
12300
8668
3415
11462
7893
2282
2743
8111
13372
728
1632
4045
8205
7465
6207
1023
13252
4703
6157
8627
12305
1782
9995
9306
11571
2389
7548
1953
8536
32
3935
13461
10791
10838
5813
12320
372
8849
3742
6316
9278
3098
4604
2248
8106
860
5703
12332
1534
7309
2592
13576
489
12791
133
2108
8882
10266
8073
2148
3603
7756
13262
5784
13064
4884
6664
363
4891
6972
9820
9468
6688
5035
2489
8839
1003
2524
7190
8145
10302
9364
8675
7895
7170
10002
3329
12340
8434
7341
10275
6081
9394
11943
4834
10360
1019
10284
3372
4932
10316
9936
4464
11146
3284
4363
11575
13016
2492
9711
7201
9225
1712
7328
6429
8487
7784
1848
4721
12565
8689
11867
484
1520
8374
5066
684
1768
13146
6180
5276
2050
754
12796
10737
3361
3632
1438
1445
4237
7391
9056
2231
8011
10514
5106
11152
3744
13136
6655
12176
2779
11875
3044
8060
13175
12405
8021
11265
2161
545
9981
10405
12231
2232
1396
8466
8896
1024
5686
8055
5660
5838
383
5525
10801
7188
5925
4272
6523
7713
11435
10759
4926
9834
6557
4718
7016
7749
858
4019
12929
11580
8127
2306
9026
2710
1498
12625
3610
3576
6542
1447
10720
13431
7061
7818
1705
7161
11115
2707
11261
8981
6400
9160
9859
11513
1688
5994
