3675
3591
4441
1833
2360
2909
2206
935
1263
2106
4481
622
3830
2151
2709
208
3
4888
3973
2433
4027
3808
4588
2001
3846
171
2596
1167
3702
1831
221
1775
4070
2141
2094
2039
3572
1946
4195
4538
3566
1733
1291
1205
1553
1744
2185
563
746
110
4247
2204
4447
909
4130
955
1643
1617
4543
2449
2864
1211
1064
1142
2644
81
3980
4480
4378
4443
3967
4597
1959
1878
3271
1974
1346
2977
928
3531
3965
1691
809
4059
2221
4854
2667
3999
1123
1638
1454
1077
2674
3305
1635
538
253
4052
816
3259
3917
3993
4741
2038
4575
2863
4414
721
3114
3019
1172
3386
1054
476
3921
599
619
3915
1649
3322
1062
2051
4452
273
4881
2027
4680
1459
1559
3747
2121
4739
1518
3490
948
2287
2213
3636
1460
4057
307
1776
2072
2611
4412
3319
2838
95
3512
2065
2509
4434
3218
4024
3868
4618
432
1662
2120
1605
2063
60
131
4415
1298
4734
646
3390
3407
3042
4719
1426
2973
2136
4039
4274
2117
3097
3515
3038
4359
3925
1495
2776
2698
3236
2882
1324
4298
1935
3157
3950
2112
482
4673
2391
2945
4400
334
4028
3580
4847
363
494
1242
4778
1226
4015
1134
1025
1071
2875
956
1352
1389
2991
2318
1601
4178
1286
240
4214
54
4071
2219
562
1420
3408
2
1139
1861
4328
3025
2705
2524
1864
3509
4345
1609
604
621
1589
4887
3605
4754
4587
514
2859
364
1842
2555
15
1036
4268
4444
2511
1380
3560
4665
613
3471
2488
4797
459
4863
2484
2399
522
1758
1215
1492
3669
1672
964
301
502
1080
3575
994
2238
201
2929
4354
887
3884
454
18
204
2797
3358
1809
2163
1978
499
771
79
4108
3193
2246
475
3916
3893
3040
1708
2871
1254
263
1125
4256
1111
639
3098
4841
1082
866
1554
3721
4183
1896
2775
882
4732
286
3981
4768
2998
2245
4322
1972
2414
4621
1400
3998
4374
1795
748
4356
2522
1430
3395
742
4068
2191
1004
3171
676
857
2517
2175
1699
2438
3777
3235
2821
895
3506
2658
2913
3330
2660
3483
2363
1849
3964
4473
4053
2944
4546
819
3963
2877
3194
2986
1427
1834
4299
4535
2808
1378
4200
3988
4773
3598
636
1192
2018
30
1395
248
3055
1796
4808
4845
2714
2079
2862
1792
1505
297
822
3710
4022
1146
4145
1293
625
4656
3997
3401
3984
2312
3399
2167
1993
2813
1694
305
1640
2789
2553
3104
4133
2841
4646
3593
1396
3057
2542
4069
2150
1576
380
1787
2548
2341
1610
4189
238
480
3879
4653
1915
1914
1399
4058
2046
473
3044
4483
3679
4198
3003
1177
3561
4875
2559
2408
3437
1741
724
350
765
904
3855
1734
188
982
395
2466
3927
2143
3530
3303
192
2177
4301
4484
319
4442
848
417
374
2544
3163
2578
831
2064
3883
1097
3801
3270
596
4
2125
3405
1379
2467
4098
1393
4712
1440
3788
4406
2718
3393
2777
3734
4555
2832
811
3513
3704
3599
576
3028
1739
1162
1990
2220
2324
3976
4413
1923
2346
2890
4106
186
3839
3062
85
1716
3265
3045
3316
3488
4065
1752
1581
2183
3874
1451
140
3892
3522
82
4826
3946
4219
84
61
907
1069
457
3732
2925
2482
4181
3368
1722
2149
3543
4408
4325
1986
3349
659
3450
4688
3601
2188
1516
527
1061
2926
4437
4613
4829
581
4542
3620
655
3949
4630
3508
3720
3361
2802
1306
674
4785
2350
1144
4787
3172
1302
1740
4620
2010
781
327
952
1745
911
127
43
3589
3242
2992
3380
2019
2326
1354
3972
1619
470
1402
3911
452
1945
3924
2012
4224
2271
62
57
2299
3379
594
597
958
849
4694
875
4465
3503
2410
3179
3148
3423
3626
3564
2190
3029
477
1950
2726
2293
3705
4208
4872
1548
3077
3439
2577
3301
4893
3058
611
3860
4063
2792
1992
1723
707
1382
1406
3876
764
1951
4167
1479
1364
2583
755
3632
520
1664
2826
142
155
643
2382
488
2080
4834
4428
3872
4435
656
1630
1660
2367
1685
808
384
371
529
2398
4866
4017
1871
3966
392
1387
3191
4852
5
4643
2052
1703
2952
2968
4215
466
4104
4035
995
4489
3370
3761
2584
2554
2040
3348
370
1127
2759
282
4559
337
1902
3220
3286
2389
2463
2486
1028
133
1133
585
4765
3404
2668
2574
4440
111
2942
4185
4450
236
820
2002
1527
3810
4243
1746
2267
1012
2377
4467
4667
3652
272
3056
2335
1155
696
3138
71
4738
3741
4384
3772
44
102
101
460
90
2361
3612
4540
556
2835
642
2647
112
2138
458
1847
2450
1189
3475
584
2670
2446
1031
1290
4603
242
4135
312
1367
4297
737
2123
1713
3246
3576
3597
3853
3672
732
3638
3249
1970
2013
2917
2384
2845
920
2164
3551
4583
323
1715
3011
3096
1478
1471
3105
953
851
2649
1590
1160
1583
2082
4568
4242
3621
504
209
2958
713
4780
3017
2784
4654
3460
3822
3183
969
2780
2560
4273
1041
3765
1187
3524
1500
261
1519
650
617
3962
1136
4737
4046
4237
729
998
1806
3457
4724
1623
570
768
2960
4499
3433
4702
2392
1773
4082
2400
4708
614
2233
1161
827
3409
2252
3849
3969
290
226
4799
741
4429
3953
1447
961
2216
4539
2083
75
3581
411
401
1615
1439
4628
2710
2403
1196
1656
2878
1493
1918
463
3221
3318
1149
773
1475
838
567
1900
4091
1754
1580
3082
1171
324
4749
2504
2096
1783
2284
1166
336
3690
540
1264
1693
3940
4466
4519
2316
2444
984
3429
1736
2848
4125
3444
468
4858
2066
1159
4564
2540
1920
4244
2663
1255
318
3288
1577
2625
4525
2074
3263
1933
897
3738
1726
1604
1206
4599
1585
3778
723
430
2590
4635
2687
1296
4693
3466
660
335
3649
76
4463
4371
4557
1912
1392
13
2434
3628
3054
1698
4640
2253
2854
846
108
2152
940
2576
4632
1597
2402
3272
4608
1816
3109
426
93
1101
3494
3069
1413
1244
158
919
1637
1700
1829
2100
1350
4761
3546
1294
1485
4835
455
3607
1799
2733
86
680
3890
2491
1015
4005
1854
1805
2700
1081
787
4245
4380
2097
2931
1957
143
467
4648
2721
3526
2224
627
2656
4827
3203
571
4253
3603
3685
922
4288
4833
4459
4565
4728
4668
3352
592
2495
3032
2628
3456
4157
930
3133
4284
1803
3812
2609
2634
3832
183
4238
3709
3994
3491
3792
3978
503
587
3372
2268
4367
2767
3002
3755
2395
788
1977
4786
472
4118
3745
3166
3485
3552
4865
2803
689
1078
441
4090
4744
359
782
580
4896
1231
547
2732
3819
3470
664
1848
1525
109
1711
1965
550
1209
316
4731
4176
3195
180
1369
3842
4487
2521
4103
2657
3595
4592
1236
3027
1059
132
486
120
4056
681
4617
2342
3323
1680
1457
4339
1465
2205
2612
4417
4306
1511
4047
4717
4126
2239
3736
536
2723
2922
3374
4000
3139
1561
2352
1879
1362
2116
3311
3051
2248
269
960
1683
2605
355
523
891
1462
3793
3031
1487
4383
431
852
3346
3173
2905
1223
423
4140
4334
1828
4586
1104
834
268
157
2510
1719
3968
347
1228
3651
2746
2085
3079
717
901
2927
4706
1568
98
1537
3285
4165
2004
2846
3274
3428
2688
1221
107
684
1875
3869
362
4672
2957
4300
590
48
1067
4262
2536
3769
1381
1884
3751
2430
1908
2513
4612
4164
3730
1235
2464
1667
1165
2200
1550
3015
4789
1092
3549
1760
141
770
207
1939
2380
2607
4426
647
3342
533
845
1135
1308
832
2676
4740
2738
4771
2729
2160
4120
2412
38
1988
2995
968
3532
1530
3170
3426
2976
4461
761
4828
734
4792
1398
1612
2843
4758
1116
3039
1728
1634
2962
4817
2451
3918
3202
1826
4747
4099
2719
4405
4049
4326
4393
2084
1873
2124
3676
2669
1563
1928
828
23
1056
2295
1675
3290
1996
212
2691
1641
3021
864
3160
1622
871
4553
3277
880
446
2537
762
1818
4402
321
2730
3768
564
4295
4820
1771
1650
3659
2652
2745
2888
2049
326
4698
4172
4151
1599
3889
150
4029
2011
1397
1328
1954
214
260
1916
996
1766
4114
4625
4832
2783
1838
4711
3273
3103
32
914
11
4142
2225
2782
4505
2855
1229
2234
2417
4307
1336
4801
3026
1863
3773
3486
3150
525
3245
1962
3909
1817
1202
3353
4418
267
3958
3164
2884
3182
3850
315
1151
3454
2195
2264
26
2344
3363
1313
2348
2031
1815
2988
2599
117
3478
2836
4609
934
4666
1130
3388
3637
4190
1203
1309
2786
4710
1089
152
4267
4141
3859
3527
4674
4548
3175
1118
784
3951
2381
2277
2307
2479
4210
3844
3224
4303
259
790
2706
445
2873
1253
2496
2887
4776
3061
3613
3910
1980
2532
4762
1416
3656
2908
4682
4506
2870
1669
2779
2401
3862
2965
1009
1194
1157
2921
4571
4701
4522
4453
3142
4234
1072
2533
658
3633
3127
1888
921
4849
4347
4064
4864
3934
160
886
4187
195
1137
376
2000
3931
1911
2192
2581
1269
4794
4389
3018
2610
3711
4353
1661
184
1266
1930
1791
853
3074
4077
972
3009
3337
161
2874
2173
3678
2824
4556
2030
3367
2254
2328
4287
733
1677
516
1512
3005
786
1452
1314
2110
3583
1124
4470
2283
4074
4689
139
3213
4777
3804
532
63
1851
2525
959
1275
4496
1404
3759
2042
1948
332
2235
3215
3553
3227
2692
1932
631
3240
4650
3763
3455
4333
4191
4422
405
2411
2087
2621
526
3578
2713
1288
4231
4547
3640
856
557
4610
4285
2659
1434
3436
4433
3302
2356
3671
1020
3728
511
2546
2592
1886
2549
1798
1148
2107
1562
1743
606
2228
4421
1331
3735
1181
2817
1769
1755
4409
1345
510
1676
2061
4735
456
1808
3151
756
2187
1065
1265
3143
1819
691
3584
4113
501
2168
2429
1038
1021
4012
3359
1508
210
3579
2081
736
2426
2894
4425
3377
716
2497
3267
903
1334
3467
4119
1102
1030
2961
4037
4369
1668
2416
1106
2520
3228
1624
1383
2212
4512
4627
944
2404
507
3210
2003
1788
4213
1120
4652
2405
772
1695
4566
1219
4351
4404
1556
3898
1539
4424
3116
4811
2035
227
2615
3797
2853
2795
2558
883
1000
1208
1665
1093
3520
4241
435
2806
3537
3555
1757
4248
1718
2289
578
1687
1633
1410
2062
1083
3320
2108
4036
1540
4229
4750
69
1925
1029
923
3717
3534
2987
1922
1411
219
156
1323
4087
1489
745
4073
406
246
3376
1976
1782
1814
629
349
3737
4622
2477
2550
1256
3001
3542
4038
829
4448
1114
2834
4001
975
4582
1780
361
1901
4270
1158
1409
1412
1720
339
3746
4725
3715
2227
114
4664
710
4290
3643
1154
1768
4657
3147
1812
2805
2300
2948
1287
4432
1164
4810
2971
2989
2321
2672
3673
865
1466
2090
3119
1174
2595
1435
902
1455
3253
354
3725
3152
3008
3073
515
4560
2589
3214
3570
699
2297
2043
1374
4637
4010
1011
2739
3697
1300
3446
3625
2159
4462
3535
3955
148
2741
4550
530
986
4107
4168
4193
4102
2680
4363
4633
1941
2436
2627
1292
358
2340
2954
33
329
3229
3749
3691
3713
1536
1887
3469
1386
2156
2771
2624
686
1261
4490
1405
692
2898
4072
3440
4202
3502
4715
1763
1987
673
4033
752
4822
3498
4163
3514
4259
4315
802
387
3174
1006
807
652
1670
2045
1893
3782
1152
4889
3004
2334
2552
2315
4528
951
2413
3325
3402
1421
967
4790
2058
3848
3831
665
1357
1438
2755
2257
3219
2689
3492
202
2048
4123
1866
758
14
3118
813
2934
2896
2242
910
2569
2645
3479
4203
3945
4232
3533
1859
1882
4395
3875
2936
2597
4844
3100
4774
2847
8
3936
310
3992
3813
2357
861
2637
990
2728
37
4705
4361
6
2693
2515
4026
176
2137
2044
1820
1338
3688
2781
3094
3222
1442
404
4521
2262
2076
1488
1892
3425
2193
3387
1419
2869
4269
2368
2029
194
1035
4137
3067
1850
4138
3922
1704
1688
2131
3902
4500
65
1689
4660
3141
4111
232
1095
287
2975
2198
528
836
4083
3126
3338
4050
1732
2006
1666
237
4517
1586
1437
2981
3156
1751
2336
3190
3036
113
3655
3692
4008
1767
1403
3304
4127
256
1502
3081
4358
833
751
1329
3300
3355
3159
3682
615
2103
1388
1636
4271
3252
3378
1868
2707
66
2551
1727
3180
3472
4859
3536
4088
3733
1467
4472
3422
601
2041
3205
1272
855
344
2331
1464
167
2650
2298
308
1934
2924
730
3041
2527
769
2263
2822
977
2614
4144
2022
1259
291
3280
1729
4569
1250
541
3324
4060
2171
216
719
2683
3211
633
173
2964
389
1237
3821
3571
4032
2371
400
4670
753
4714
2474
1027
4080
1697
1207
4264
356
1424
3484
2702
1050
3112
2294
200
2154
763
4233
4783
2397
2717
1737
4876
2215
1431
2202
2461
1865
271
4003
2724
3693
3901
2648
1200
2502
372
806
1312
3516
222
1658
3828
600
2364
1674
3866
4590
1616
4537
4821
2774
3684
4838
4745
3726
2664
3438
1003
2500
2478
931
4337
3315
3480
4152
3582
695
3278
1872
4086
4457
3496
3047
2654
4662
1749
3424
3167
795
4545
4201
1846
1973
3681
4655
99
4385
1632
2353
3904
1332
565
3695
2833
4094
3189
36
1453
4308
3336
825
3414
123
4021
1702
4551
365
284
487
2218
1248
4154
4321
1981
873
2303
3499
568
3814
345
4173
4066
2165
2439
1422
3845
4096
2016
598
4798
2662
1088
917
1811
166
3770
840
2320
1268
3308
1549
3896
4390
539
694
4043
1514
2447
4159
3596
4676
2109
1823
779
1185
2736
4312
893
3092
2829
1567
3661
1853
3954
2468
1995
3562
2487
3727
1639
4006
1877
777
292
2507
34
542
1564
997
2304
2418
80
4855
3187
1594
496
728
1651
4607
2749
2937
3987
2493
2840
2538
3569
2020
1681
4756
1262
4161
3418
3201
1008
2480
4839
1960
2323
1046
1299
2594
281
70
471
1359
4552
1654
1526
645
2757
962
4397
4493
2383
1517
3851
2953
2588
942
382
2530
4772
239
726
1005
3165
3383
2972
2251
2766
4227
4871
1786
3149
2098
2290
2457
2616
1710
2374
217
1555
648
3550
1415
4696
47
3022
4436
2641
2804
145
288
3629
1348
559
3465
58
1938
796
367
220
1230
2279
925
2912
146
2623
1843
3392
4166
83
243
3577
2291
2818
1076
3764
4316
4320
181
794
3489
4100
575
3345
2938
1131
519
4451
3186
4175
303
3794
4860
4631
898
785
2135
211
3145
4843
3897
4779
1821
2735
1481
2053
2473
3826
2618
2512
2359
1810
4206
2314
3941
4497
116
1867
2508
1506
4805
620
3427
3935
4034
3132
1547
1016
3600
4403
3948
711
1184
2452
429
1476
3241
4651
517
4217
2816
2920
2093
3707
2025
4894
583
2758
2492
1852
1533
3559
1944
2857
2737
383
757
985
4468
4061
1023
3920
1804
1551
1653
306
481
2209
2837
1344
4162
1490
2899
448
1043
651
3977
812
3914
3168
1797
1529
1074
608
4567
3137
1325
2959
2088
4004
1789
1999
153
39
2078
2798
4501
1779
1943
3712
731
3983
3209
1626
3340
2217
1770
2865
2435
244
1066
509
2424
2462
2296
3799
4030
2373
2091
3608
2503
2997
4678
1570
1477
715
414
1436
4494
3885
1678
2162
1827
493
3795
4011
1376
4626
3013
3528
4515
4117
890
169
2796
2545
2531
2570
4250
3314
712
1356
1315
1220
916
2851
3937
2572
1486
4600
2769
4614
2793
4431
2518
1432
2385
566
41
3670
422
4081
4112
1241
2673
915
52
2302
3449
4755
644
2113
837
3540
3833
1156
4392
398
2024
783
4723
3891
283
4226
4330
1252
3268
1273
3110
1199
1906
4781
3312
3016
3481
2951
3196
1712
1141
4212
4748
1714
3341
4558
4601
4716
552
4699
197
1040
4697
844
4317
3818
2101
4261
1143
3373
1618
4236
1026
4623
602
1629
386
2620
4349
3093
2034
1335
4332
804
3000
492
4479
2744
340
1109
2983
165
4110
2483
3248
3477
484
3653
4511
421
154
3107
591
1571
2390
4230
378
3075
4416
2172
1051
2114
4574
2050
3790
4366
179
4751
2459
3995
1596
2940
3442
4541
2885
249
637
2394
2580
3445
2319
343
2325
465
573
2327
4584
2415
22
759
51
835
2133
2892
3823
3933
1186
3435
4382
2557
1140
2617
3873
352
4373
1696
4726
1642
7
3421
4014
513
1448
1195
3185
247
2678
235
1017
3192
3400
949
4842
3698
3989
2586
1870
4498
1068
3366
4423
3289
3900
708
3880
4661
4510
2811
1108
1246
4048
2919
2582
4329
1542
3269
3023
1784
888
1890
4018
1701
4143
3200
2454
3870
632
3223
4816
3614
2933
1098
3974
2189
4016
1756
815
1090
4840
2203
3088
945
1671
2720
2866
3554
2979
1748
3836
2231
610
4862
1898
2928
3161
3276
4223
2366
4365
2208
1214
2409
1075
4788
94
4644
4837
1279
333
4554
2506
640
4471
2716
1320
508
331
447
4850
974
778
1565
1044
3635
2292
653
346
126
2974
2387
2895
4460
1018
1469
1800
1725
973
4579
4804
1358
1520
2598
4009
4002
3766
3647
483
2935
2448
262
2362
518
991
3687
2868
2519
3292
943
1591
450
3545
3049
4186
3796
1355
1924
1311
4136
393
4807
4139
675
823
1613
2923
3952
3609
2349
3198
3529
4278
479
3510
560
2911
3090
1876
2622
2820
2023
1212
3153
1342
1168
2230
841
1569
2671
1730
3344
2036
3257
1210
245
2947
4311
2765
40
4802
2343
4156
662
1014
3882
4636
285
3169
4314
3264
2406
3858
1407
3789
2900
104
234
2742
2241
1855
616
3798
1048
1055
453
3204
4276
1940
2681
2432
1213
2897
4292
2761
1541
950
3458
1582
89
3960
3753
2355
1310
1371
3618
1170
3410
4634
2969
4401
3262
2431
690
2756
3939
402
2026
4703
701
4309
4132
3046
2849
1735
543
3255
3567
403
2244
3130
4222
3867
1929
2489
1523
2715
4304
3177
1532
2606
860
3181
1501
1895
2946
1753
67
2134
545
4449
462
3843
814
2901
4346
4150
4671
233
394
2236
4025
4594
2661
436
163
3696
3266
1807
3247
2867
1546
2562
775
1468
3970
424
2534
2379
792
913
2630
577
3459
747
3767
4197
3701
4379
4884
3754
4275
579
670
1289
2850
2306
2505
2772
115
3841
1103
1841
4721
4251
1297
4335
4718
546
3665
1007
2007
1964
2465
46
309
877
720
1282
1524
3043
946
3723
3398
3748
149
3260
407
1747
1339
4398
1955
4580
805
3501
4687
624
4796
174
1032
2240
330
2169
4252
1429
3431
311
3129
3811
1042
1936
740
1762
2930
4576
4692
3451
3775
1984
3864
3907
17
353
257
4869
2910
4598
4663
1528
59
1611
3919
4456
1094
4205
2469
3617
859
12
3888
3820
2419
388
2199
419
4344
3714
4870
1566
4171
1731
937
2009
2541
4387
2067
2685
427
4704
1307
1373
304
1377
908
408
2763
980
1441
2967
3354
87
4504
1648
512
2157
679
4364
1724
3648
3085
2005
2445
3321
4873
1891
2148
3865
661
3232
3602
4020
4124
4803
3742
2785
2122
9
1781
1461
3382
3500
965
3847
1856
678
1557
821
3774
2089
2008
3328
2260
2819
2370
4882
2814
2978
978
302
3144
3784
1869
3307
2139
3091
3412
3254
1621
21
2490
2996
1105
3299
1534
2470
2963
2222
4527
4684
498
3805
2118
1391
634
1958
2145
4729
2068
1684
924
1037
612
3357
3403
4752
1515
4818
1983
3838
4095
2891
128
2073
3474
4265
4647
4362
4324
1603
3837
1742
1096
2712
2501
4769
881
4685
1019
4474
1845
3563
3887
2567
3809
177
1917
1249
203
1655
4277
1365
1126
1129
3760
289
1989
2095
159
3568
4690
1899
4853
932
3243
3065
2115
3434
1132
3521
1997
4360
3861
3645
1414
4350
800
4438
2453
2021
3351
2333
706
2993
4814
2014
3744
1039
1183
3646
2140
1153
4394
4255
3385
666
251
4146
1545
4177
4207
4516
1692
2651
3033
3199
905
4381
1985
1897
2573
1193
2918
3703
544
1913
506
4753
3881
4272
1907
4616
4182
1652
2105
705
1224
672
2809
2425
3037
4784
1682
4266
2791
3115
1497
1860
3504
2701
3258
1825
2704
867
348
847
3558
1091
1112
2180
1443
1510
138
4218
325
2388
553
3087
3230
53
2144
4293
4179
793
1278
4825
4225
3944
252
4391
2686
2375
1433
2147
2376
2393
3250
1971
2643
1538
2638
999
2872
1417
314
1163
4846
727
3332
4031
4572
4331
4079
1573
1579
4513
3125
2886
1927
182
2422
4595
2210
4013
2626
1034
4286
3099
3991
789
357
941
172
2421
3641
2378
2999
2535
2844
2276
3417
4877
4679
593
3816
469
4743
4352
4775
3447
2369
396
2396
3739
3468
2273
1647
2955
4129
2830
164
1484
1813
250
3487
1084
2249
4475
4830
2827
399
801
2839
2861
1968
4192
4544
28
641
2800
3293
926
1608
4430
1060
4577
3961
451
1956
2427
2762
2033
2174
2226
3419
1931
1824
2980
3415
3071
2753
3975
3663
3188
4727
1949
3329
379
535
1761
1574
1840
351
293
4158
1115
4336
3070
3662
1227
3206
2571
0
1645
3497
682
4372
381
1491
4041
704
618
4194
1644
1509
223
4529
572
3592
77
4445
1024
439
4211
2684
3505
342
474
3623
2345
2593
2591
3886
2642
1858
2860
490
3680
4327
373
2442
685
4683
254
4279
1
4812
1874
4464
2456
1222
3731
295
709
2059
4478
3495
2329
2994
4585
2970
2666
2196
4260
1942
1351
189
3594
4399
1372
1295
2485
555
1110
1188
3719
3627
1217
3827
987
2047
1707
667
2423
56
3694
1053
2528
3034
3420
4093
703
2768
3557
16
134
4097
437
3634
4759
4503
3758
444
2566
3239
2747
2256
1191
4895
1086
425
3982
1113
274
4305
1180
3666
2523
3064
3624
1535
3817
4806
2695
3835
3895
870
767
1953
4746
2237
1204
4767
1121
2902
1961
4720
3473
3776
863
2722
1274
1319
3708
50
4257
4216
4549
1316
74
1967
1216
4092
843
2338
2740
1285
1994
478
3461
4170
574
1456
3668
4076
2365
654
3806
4291
3740
1233
2309
4007
3718
2561
3384
440
983
1880
3448
205
4793
3360
2104
3756
1408
4782
531
3722
979
589
2285
1904
1450
1173
605
1785
175
4638
1480
3482
412
1390
1341
4861
2077
3743
3630
4791
3371
78
2907
4188
3824
264
1598
2322
4733
4407
4561
1178
2070
3786
4562
2386
2275
1340
4760
3237
2640
4220
10
438
1366
971
2460
1482
669
2914
2893
4221
2305
4707
1926
1337
3587
3076
4294
628
409
4695
1198
2636
3667
2679
1201
4109
760
3106
3610
4078
4563
1600
2211
3416
1593
1458
4419
2178
3111
2281
693
1578
2060
4681
2984
2351
2613
3930
3716
3063
1370
4249
4763
42
1240
1418
878
1483
3779
2471
55
879
1318
2633
4122
1238
1513
135
2258
2828
4722
1862
3928
3231
3956
1498
4149
4757
2941
178
2788
4880
3212
300
3275
1663
4606
1001
3261
4174
3590
228
818
988
29
1657
561
3464
4891
225
4101
4089
3443
4128
3010
668
2943
3006
4596
3539
151
1802
4318
702
4675
1444
2950
3517
854
1832
2881
3294
4507
4209
2337
206
1147
3136
3297
3238
4878
1245
4084
3852
2731
3333
2665
1982
869
1659
3233
3050
4514
2677
3397
3078
3985
1138
2694
4235
4534
4310
4669
3369
2179
4410
2186
2639
4730
416
2086
4054
3986
2754
136
1474
1122
4131
25
657
3942
449
3432
3296
3124
1401
3282
1258
1270
1449
1052
2825
2437
3990
4340
276
2441
2158
588
2207
970
3184
2708
4240
3334
1759
2181
3757
4263
2272
3825
927
3226
3068
4868
24
4815
443
4246
4736
2142
754
2265
1047
780
900
3035
1952
2760
1197
100
1049
1627
4764
2831
3800
2443
1271
4645
2748
766
1889
3660
3060
168
73
2653
4879
2985
1883
4044
2166
2568
992
3216
1905
3086
1384
3441
1738
4619
1503
2564
1631
3724
2102
266
1033
2631
3586
2585
1844
4836
4611
2214
144
4427
3959
4343
4469
4476
2547
320
1587
1584
3573
3699
2282
4526
1010
3913
3024
3996
191
1175
4531
1690
1280
3350
2232
687
638
569
3654
933
1169
1360
4629
3287
3462
1822
2790
196
4591
3089
3785
2428
2075
4491
1705
147
797
1750
623
2286
4067
2028
1473
722
1361
106
4446
4485
3052
1472
1117
554
299
170
3326
3803
3674
1276
2354
3619
415
4524
4282
3053
3923
1839
2956
2317
2915
630
162
413
1073
2017
876
817
2255
2734
872
4341
3683
229
906
2056
896
3871
2153
791
1910
1327
2308
2876
698
3083
3080
1717
2579
894
3020
3541
4153
1979
1057
3309
3518
2330
3658
92
1234
1013
3863
947
1793
190
1531
2682
2812
3894
3588
3176
2111
105
3413
2801
1963
2301
774
1232
858
3154
4593
4848
3430
4160
4370
725
1679
2201
3943
1363
410
830
3781
912
2092
390
4357
2243
3123
3121
3957
718
3452
2440
3256
3108
3411
3048
420
2197
4105
3877
3912
3117
1937
1119
4115
534
548
298
3362
3729
2170
1385
3207
3135
3899
4795
4184
3158
97
2099
4605
2259
1969
2794
1045
939
607
2526
2539
1070
296
49
224
1774
1243
3279
1921
850
1225
4658
2852
4700
3317
442
2472
2587
2815
2916
187
4502
2799
3903
4075
461
4766
3131
714
4520
635
4085
4624
2266
4040
4042
1765
2347
2903
609
485
1085
2129
4420
3538
3128
19
1673
2856
1790
96
3155
2494
4570
366
1721
3657
1909
4856
918
1425
2807
4488
3565
4602
4530
2990
3391
4886
4228
3122
3310
1588
3664
2498
31
3283
1375
1326
3780
1349
255
3642
3622
4147
2727
3700
124
2778
2879
2773
2635
433
4770
3335
1099
2514
3606
2575
