1105
526
1809
4305
586
4343
2002
594
3058
3136
1648
1844
1790
2614
3708
814
3795
2528
4540
2114
884
2383
1714
3739
3410
4706
152
3657
975
1963
4230
2215
4278
979
1266
3785
815
4632
2401
4366
1422
2857
1874
3197
2046
3042
3624
976
1774
2721
4775
2163
1186
608
2626
142
2283
418
1745
4133
2995
194
2720
3683
1497
2984
4548
716
796
4445
2066
14
4770
3092
3733
948
928
4395
49
791
3668
3239
4106
4740
3957
1965
4867
1394
2425
1445
3635
2020
1709
422
4716
2678
1545
601
133
1072
2260
2030
4024
3913
4627
3528
4297
4096
4879
2629
789
1308
3684
3833
2469
3447
4500
2808
695
4108
2970
4688
4657
2968
3390
4035
2098
2512
1444
1170
4886
2656
3456
1803
3634
342
855
637
2200
4659
3962
4588
4837
2845
3424
4895
1500
2956
3385
2715
2731
1071
266
28
2585
2941
2976
4122
2400
3972
1439
4739
2095
3488
2640
179
1216
1225
3627
3484
2967
4667
1123
3873
4388
1768
1415
1220
1902
2430
629
3064
2257
3955
3190
139
917
1528
769
2123
4763
2248
1972
3034
3517
4826
4166
674
1606
1654
4246
947
4156
31
378
4742
1098
3658
2156
95
4423
4215
4116
173
1891
3129
2681
2343
1039
865
325
1262
1020
869
2364
3810
668
4698
1340
4238
959
4072
4020
775
2621
2873
2323
4330
3888
4155
4068
175
4861
2442
1333
3979
3630
4887
3633
3975
3458
4554
3613
4621
3464
2790
2239
802
1513
3428
4409
1454
2435
4107
2582
2866
2498
3772
4584
1546
2012
1658
390
4295
97
2290
96
4104
1619
4040
1420
2815
685
4082
3284
444
2691
169
2267
350
3414
4316
2386
2957
1985
1575
1635
1698
3022
2520
1389
3614
2748
3491
321
4043
3134
1986
1892
447
4545
4649
2871
101
722
2208
3192
2321
476
958
3314
1218
1748
2008
1236
3605
2955
2693
603
3010
1564
1289
3379
466
4896
47
3597
564
807
1959
4615
4018
1469
3875
3542
4319
2662
184
4556
3490
563
3954
4522
3100
424
2759
1282
4856
3860
2837
2174
1964
2986
51
2969
3084
191
1511
406
1990
890
3625
4062
2761
2322
2913
2264
816
3713
245
4751
2962
2549
4576
656
3293
4581
3112
4648
3087
4521
983
4860
3734
2261
2440
1751
1852
2752
2029
4431
831
3926
2648
560
2466
2751
3476
661
994
838
576
4323
4398
2872
3435
6
2828
4527
1886
4866
3001
2250
1478
1682
1065
818
1484
53
265
3927
2810
2749
3802
2164
3599
684
3787
4760
871
2139
4078
4501
168
3670
4146
329
4427
39
3167
2820
3024
2543
3946
4645
735
2225
3714
2860
3325
2927
1465
1315
2446
1650
2217
1994
3640
2556
2646
611
1973
1330
1935
394
3171
3539
3162
1323
4701
73
314
4313
1630
437
3530
3288
3961
1320
470
1312
3622
805
849
4738
89
3401
3377
4776
3967
2341
4834
3937
619
4131
2353
1154
2701
4851
2309
4486
2804
963
165
3881
2019
600
3195
359
3840
1900
2819
3645
231
2233
416
1677
3748
1582
3072
2892
4462
4559
3798
3021
3732
234
3618
3610
1962
3043
4746
445
2342
653
2557
1128
1522
2679
1332
2315
953
1108
385
703
2854
2911
30
2733
2437
3916
4533
2942
3440
3048
825
3031
149
4658
4461
3779
4286
1309
3565
1386
853
1887
1092
1521
4677
781
1036
1456
1566
2476
4165
1773
1314
874
189
420
771
2130
2922
580
3849
3154
3855
3574
4863
3035
1449
1343
411
952
4073
163
544
146
4033
2933
4123
857
2843
2278
3143
3513
3826
3900
4049
324
4467
966
3869
4037
1532
4878
3940
3857
4600
1911
613
1736
2540
4042
3305
1252
1405
1156
3335
1961
4139
711
4764
1157
2919
3814
900
1002
2571
1338
1455
1132
714
4821
1482
3158
1163
3463
130
3656
2666
736
59
4154
1847
1977
4025
3219
2456
131
4046
2954
4674
812
2168
3176
3564
3280
2708
2717
3731
3554
3405
859
2365
4542
1553
3050
20
4400
4027
3191
2605
4241
3186
3667
2152
2385
2226
1103
776
2591
2119
4044
985
3267
1402
4699
4567
3306
2550
3541
2327
1192
4444
3522
3939
3890
3571
2496
4582
1430
1841
1820
2303
4237
2089
1919
3233
1021
1801
3148
734
3372
2262
3245
3322
1675
3499
3548
698
1811
3598
1757
4696
2901
2155
1639
3005
4008
1711
4010
2492
2192
3896
4194
153
1828
2433
4229
338
428
2881
1814
2867
3387
4094
4152
2597
401
638
4541
4184
4733
2328
3208
3126
3218
503
269
3822
2043
4489
700
2623
1598
1269
3408
1149
1321
4385
4741
607
1004
2985
4031
159
675
3573
2153
3139
4666
1167
3056
570
1383
1653
164
4191
4447
1930
3286
391
4404
1538
3891
3976
388
1764
531
2235
126
878
3227
2508
3813
395
2040
2677
412
3969
3765
4047
2273
1789
2932
3987
4872
2320
591
2800
1371
748
1173
2334
1788
3252
4614
1796
2299
2484
482
2711
1815
737
606
4320
4016
4868
1151
3481
3365
363
3489
1006
2945
4814
4564
2060
2491
2126
2616
1431
2675
4640
4232
4873
4809
1542
2596
1317
3784
355
1095
842
220
2091
3671
650
3866
2259
2816
2443
3612
2931
4503
1062
4625
1705
2515
4531
473
1155
4080
2705
2113
2195
248
1056
3446
4888
4610
2960
2485
1975
4724
2743
1089
366
108
1096
3995
3175
2224
3537
1587
575
845
3386
2348
699
3243
760
1160
1015
284
3344
2527
3416
3247
1013
1869
1708
3847
1800
3807
170
3773
755
12
4791
4620
3750
4413
295
1872
1180
1135
1174
3897
3427
1662
1693
3821
1446
4218
2188
833
3924
3248
541
744
3760
2367
1550
2151
225
3736
4532
1548
1712
1732
3062
2511
1378
3719
2083
1695
2243
1329
3938
1831
858
2396
4684
1433
3483
3023
3260
3746
2289
254
2354
426
2839
1418
4419
4
421
499
2408
3853
2964
2403
1367
132
665
4803
1486
749
3974
3695
3215
4159
3801
4762
1116
2598
1462
3836
1920
1425
4374
2647
1778
840
3466
3442
4766
2128
3919
2617
1031
2314
4704
1761
896
3273
3756
297
1110
964
4530
2951
2588
2059
399
927
3214
3631
1491
1510
2665
2460
2541
1827
3455
2645
2604
517
2947
32
4392
2713
2395
1139
523
3423
3204
3057
2716
4129
4767
2287
2652
1904
353
129
1795
124
3165
246
1328
2141
4745
2181
3413
1048
2003
3755
4539
15
1342
2191
508
4060
475
1130
1922
2736
1951
894
3101
3027
4676
743
3289
1838
4798
4426
1813
1050
446
3231
739
4686
4687
3105
2242
495
4492
4771
2888
230
1276
1181
659
448
4014
3274
4318
4240
3380
2637
4362
1641
1034
2673
5
1064
2137
472
4536
1296
516
1607
604
3910
376
4498
2071
2212
4524
1856
1485
151
4411
1507
1541
2318
1938
3177
2345
3093
938
2005
3727
181
2894
4220
1885
115
258
4277
2928
4796
183
1881
4085
1882
2581
3434
3818
767
3752
834
3493
2668
3675
136
2481
4822
2606
1875
3677
3019
3593
2909
3510
4167
3790
2593
3895
3300
2594
2812
3985
4117
3044
1250
251
1652
2651
3395
3650
1101
1722
1896
3438
1271
3257
3383
3726
4350
1895
2420
4857
2658
2553
1688
1719
1202
480
4118
2779
4694
932
3098
232
4336
3596
2992
3918
4066
2900
1634
3430
1519
3514
3460
3882
1624
847
347
3081
929
3583
3266
3244
3287
4813
2852
2255
521
3381
4634
2987
478
1293
4529
1144
4577
1805
3291
4226
514
1804
1348
3688
3014
3558
3008
1614
690
4639
4216
2368
3393
1176
1286
186
301
1615
1570
52
3127
1292
3157
2730
4308
946
3355
86
2849
1878
3032
4303
4571
2903
1152
4772
4836
4846
793
4516
409
3256
4544
3402
4017
280
3990
4758
4301
4663
2782
1242
1189
1200
3391
2829
29
2230
1561
4482
3196
1396
1335
2495
4864
3121
4635
3761
3839
872
2729
3238
3082
2497
286
311
4340
75
981
4777
583
46
4128
969
1906
4876
2889
3568
1070
3478
2234
3901
477
3479
4855
2526
432
264
3662
3441
3351
1307
3375
1623
2940
4207
1461
1818
2241
202
525
2760
419
1997
4457
1649
1010
65
2198
4496
1453
4519
2244
293
1591
2190
4757
1423
4800
1324
2914
4730
4880
2470
4894
464
1685
3497
2702
120
3872
3711
3620
4175
4244
579
4782
3131
4351
1129
3722
515
4842
2547
3452
3572
4607
3646
221
4327
3262
4270
1411
919
2988
1914
2537
709
2275
4611
626
3911
1118
87
3396
2213
452
3789
1728
3492
2474
4874
4288
64
4558
998
2329
555
1970
4102
2421
4334
3065
1107
288
1232
4484
2426
4630
4662
662
2423
546
4479
797
2638
3691
1504
1734
1665
178
533
1518
2567
443
315
4309
2742
3006
4456
4074
3420
3403
1581
1067
1488
4259
4811
3723
1263
4389
2294
623
3378
1551
2577
4099
4784
3920
68
945
1991
1531
4555
2165
4692
4452
792
4219
4695
4097
345
1829
1603
219
2454
430
281
1494
463
2084
2844
1612
3832
1341
374
856
4869
1427
2050
4214
1134
4590
649
3324
1578
461
2825
2560
1877
4421
1979
1929
1657
2788
171
2097
1730
2203
4150
4405
3164
4322
3029
819
273
4153
4884
2728
3950
3156
155
3945
3725
2601
1993
4371
635
156
1636
941
4825
2806
2786
2745
2301
299
1631
4036
1178
1517
885
1306
1608
2355
821
2106
1334
3960
3672
4204
4055
733
4282
1414
2280
414
469
2370
2069
2274
4100
99
3587
3815
2489
3585
1753
3922
3049
4736
2592
1219
2088
3519
4689
506
3449
4206
3949
806
2011
4560
1622
1437
3674
2918
965
346
1720
1700
4565
1214
4892
773
3096
2584
587
1165
2641
2391
990
4274
1969
2740
4720
4231
2934
2565
704
143
4235
520
2193
3879
4203
852
727
602
2052
331
4357
4265
2654
681
404
3071
2813
2714
69
1100
4865
4617
1177
2649
687
4086
1888
4234
3054
992
4644
962
3341
1355
1057
1403
680
2824
372
1412
4845
1807
3180
236
1912
2468
160
4473
3819
1090
2351
1481
2399
1780
3928
4376
3629
88
483
4830
3699
2912
2619
4189
1703
2210
4449
2361
2081
2160
924
863
3544
2500
26
2373
2554
223
689
2063
3569
2439
45
3187
2099
4222
3254
3467
2428
182
4437
936
2228
487
2880
1106
34
4415
519
3364
3867
1201
951
2661
3296
357
1508
2062
2455
2189
1316
199
3786
2602
2075
4727
573
3970
3389
2073
567
2936
3135
1432
2080
3825
989
2472
4885
1387
2296
2402
3210
2154
4681
3211
1175
2777
4408
1001
1239
3753
2609
3700
4849
1733
3936
1237
1595
2569
1408
4065
4294
2007
3151
2930
1270
2312
4637
4787
2529
3230
4378
3770
618
501
1907
3103
1787
4298
187
2695
4125
4005
1610
3404
3047
4373
4438
1771
4196
1000
4693
4328
326
2676
3655
652
4605
3228
360
3728
935
4827
3758
2441
3988
3642
2
2478
4442
3002
3004
1683
1833
2266
2657
4260
4077
262
1083
1470
2416
455
4176
1689
763
4718
226
2552
2473
2775
1671
4712
1897
441
3687
292
4797
2586
3009
2317
4788
4075
486
2422
3838
2611
4831
4394
886
2477
3146
3485
903
333
4753
2859
908
1093
2214
3991
1983
2576
4862
4169
543
907
103
1949
3757
828
3681
4299
811
484
3909
837
1558
7
1968
1721
549
3120
1792
176
4315
1102
1352
3161
2418
4683
3045
3864
1318
438
2487
442
3265
4679
344
4749
1143
4258
275
117
4379
4015
1037
1045
3511
759
1569
3680
3234
3871
2737
2032
772
1932
2380
410
4177
3984
3400
1428
4326
1150
260
1737
1629
4713
4602
3323
1104
783
701
4390
1120
4120
4425
2394
1127
610
4329
1388
3122
4029
2352
4365
2902
2118
3904
2284
977
3362
1976
2978
2464
3808
4013
488
1058
17
3861
3144
4512
2245
1076
4806
3586
1147
4680
4469
77
243
1119
4157
3217
2953
4338
1443
1463
3198
3124
114
4436
2306
3669
1457
2120
988
3516
3835
1300
396
3902
3425
1747
4580
1536
2822
1724
2884
247
4011
1365
2135
1438
4287
3980
2886
4714
4801
556
3536
4755
1934
1568
312
3715
1005
1741
197
548
615
627
4410
2172
2795
1834
4292
4815
2551
2263
78
568
71
3459
1049
4171
208
3294
72
4111
2622
4304
3358
2546
949
1468
3505
4612
762
1625
1704
2371
1893
2792
3942
1763
1397
2861
4459
4091
3474
3174
4182
1391
135
2282
942
392
3097
3268
4201
1191
3113
1618
2185
92
3616
956
693
2187
2659
2024
2572
4789
1112
2447
2415
3653
1363
1901
4284
3811
4063
2946
4494
2204
4552
137
1368
973
3033
4056
2835
474
4458
2908
3560
4650
1298
4134
1257
4549
4021
3589
1557
4553
4252
4515
3111
4854
10
408
1749
1840
751
3083
4061
3133
2092
3933
1161
1227
663
2382
4070
669
3601
1686
217
509
3524
2977
2755
3515
1588
4871
370
4502
3981
3477
1516
3696
915
259
2893
1697
2724
4690
1740
1998
3189
3959
1611
1502
121
1987
2078
3930
1046
2732
2862
4269
1011
2265
348
4172
4262
361
3989
991
1524
3384
492
4883
3226
3594
2082
4669
2827
984
1138
158
381
518
4466
2771
1141
4004
1188
4276
2523
3028
215
724
3232
620
4183
2180
4279
2980
303
4142
343
2055
906
732
3531
3854
4138
465
4245
3003
3308
3603
747
2148
3546
666
1379
4140
3283
3431
633
3145
3367
4141
3205
761
166
2410
1424
3552
2006
2548
2111
1617
433
3251
1475
70
3893
2169
3350
780
731
4381
511
3392
119
4668
4242
2220
334
2104
4361
3360
3486
1995
4526
4273
3299
1656
4480
4103
3845
823
1376
1199
2797
440
1910
3301
3689
35
4795
2580
172
4579
2630
3907
3588
1325
1643
2479
2028
300
3781
2305
1246
1087
2923
1602
1626
94
2295
2445
2801
3615
1040
3504
4162
2413
2031
1580
3465
2667
4732
1003
4546
1212
1442
2247
2590
3368
2136
1984
1853
1600
3412
2561
3132
2504
1033
4041
1556
2333
3535
721
2324
3923
1088
4464
249
1451
4450
3471
1406
100
2438
2085
539
1204
1498
1547
1735
2671
4370
201
1310
2308
4333
43
851
1
2905
2558
2467
4543
2906
4723
1836
3856
1742
3433
3453
3846
328
1097
4608
3887
997
1109
4769
3944
1554
431
3422
754
2182
3201
4038
4721
4296
2411
4671
4045
1354
2855
4346
1825
283
3977
50
368
1441
1260
2879
304
1012
4192
3203
3740
3903
1946
1599
3521
3632
2475
3099
1077
3067
2972
1659
1024
2963
3140
565
2524
2796
1075
2018
1359
4685
2530
3303
4728
524
2877
3138
90
3611
3797
449
48
1666
1744
888
112
1213
696
3707
4655
4703
3706
1018
940
513
427
2056
612
1350
3000
3110
4722
3883
2575
4331
104
683
3850
2384
617
2277
2787
2336
2229
1235
830
3451
1044
3702
4002
237
1115
479
2014
1655
2758
3965
2270
4161
3892
2272
2376
3271
1647
660
2517
2831
4285
1198
3859
3556
4064
4009
4368
4700
4752
1690
3417
250
2307
3418
1958
1842
291
4307
708
4652
2709
1356
4306
2982
1351
98
42
1673
4875
3115
552
1283
316
1382
968
123
1672
362
1525
4568
4293
4302
3842
2304
4067
3075
4383
2232
1632
3652
4412
3436
3809
2991
2858
4424
3292
118
2997
62
1460
402
937
3894
3678
3549
676
3170
4233
2184
3061
2660
3592
4418
4702
354
4799
4019
116
540
3397
787
210
4268
1638
664
11
2600
3908
2108
3697
369
882
4661
1290
3562
3947
1085
2157
4000
1346
3834
2363
3013
2624
1750
839
282
2338
4670
4434
3388
1646
351
4396
4807
1254
4520
2093
277
2222
4651
1777
707
954
3992
995
2378
1277
2542
4805
1718
1145
893
2451
4076
4030
1042
3076
534
2805
4439
1113
1358
3576
504
3202
820
3116
822
2794
1126
4786
2958
3079
1142
1512
2776
1016
4026
746
3496
2170
1644
1957
3874
1549
1240
2610
2929
1061
1837
4345
3584
1514
1060
3743
4364
436
1447
3943
458
2039
3142
2412
1217
2094
253
2302
718
3527
212
2103
899
4517
235
4164
785
1605
3159
4137
1967
3011
1280
4656
145
921
4844
2101
1824
2563
4793
2509
1027
209
3851
3738
2579
4087
1765
993
3275
4363
349
2452
931
862
2840
3457
1492
2599
4228
628
3533
3567
4023
263
624
2486
13
2034
2292
1022
1489
1281
3540
4841
3886
1209
161
3319
836
826
3551
1890
2684
206
2639
1859
529
3312
1926
1680
4547
2644
3026
3759
3547
2199
3793
4583
2897
3701
2131
3742
1879
3184
2176
3188
1014
770
213
3794
745
723
3791
832
4416
4083
1616
1826
2124
3077
322
4280
794
1794
2789
4743
2033
1621
4451
4779
4247
3921
238
4197
2171
3469
2519
788
3917
1052
3710
335
3721
4069
3495
1417
827
2683
1701
702
4342
1381
1822
3269
4084
2253
2841
4121
107
1754
193
939
4573
2747
2147
1231
3607
3941
454
3304
2237
157
574
4678
384
930
1866
3059
364
1404
3406
2682
636
3311
655
3347
810
4665
1691
4761
1208
3769
547
777
1082
616
1937
4032
2783
3339
2785
400
4432
1172
2381
642
2375
1055
2133
3333
4778
2570
379
3682
1121
1259
4135
3608
3295
3354
3858
4050
4563
3578
2494
3472
2001
4186
1229
4726
4202
756
1295
3508
4098
2850
3507
671
4119
3352
2178
3906
1410
4188
1326
581
3330
1222
1739
2288
2882
2890
551
2196
3805
4833
4592
4622
310
3724
40
2409
2372
4550
4818
861
4551
3931
4170
2453
23
2072
4352
4130
4523
1303
337
2807
3012
1166
3106
1954
3086
2762
2431
2132
4453
3353
3246
386
4174
2434
4059
1503
1759
3932
715
4355
535
3628
3529
1667
1699
1756
4446
4158
1187
910
1197
267
2359
489
1729
2105
1245
3259
3498
892
1224
4264
3445
2950
2246
864
1284
1353
456
203
1552
1171
3095
3279
879
3703
766
2291
3346
4748
3074
2998
4636
1913
4691
4275
2392
2870
1766
3025
987
2236
4407
4430
1884
1609
1706
4290
4034
1223
4794
4593
4747
3206
4393
3862
4348
803
3877
1835
439
2177
2780
365
4819
1051
1336
2436
4829
4485
1996
923
2009
677
127
327
2625
2925
4654
4838
779
2566
1613
1543
1017
3518
37
2620
4148
2814
798
3089
3147
4051
943
561
2407
571
2613
1131
631
3804
3382
1832
2429
1727
1717
3343
4217
670
957
21
3340
3480
1802
1483
4254
1452
3889
128
4569
1124
3053
138
61
1876
2432
8
3036
2057
371
2419
4168
692
198
81
2921
398
3868
817
3639
403
891
3415
2471
3698
1398
3
1030
3334
383
308
3327
3994
2994
654
2706
4180
60
3820
1436
3241
3342
648
1620
4497
550
4847
577
1251
2350
4012
3109
1390
1158
323
3767
2562
296
918
996
2920
904
1676
1857
3369
1294
4227
318
3532
1723
4609
1539
3117
1858
926
1344
1637
3647
2023
790
2167
16
57
3929
1584
2207
4136
2406
4785
3730
3153
2583
1799
4508
1945
2781
4195
341
3020
3648
1585
4401
1819
1579
2821
545
1707
4538
2036
4597
4601
2143
3885
2833
2502
3999
970
2627
313
4525
3331
2686
3297
339
3080
218
2414
195
1812
4266
2996
4557
2017
2734
2140
1936
4491
3359
3370
1471
2979
3363
3704
3462
2332
4386
1905
1992
196
3018
3817
462
4173
1305
2444
1007
2965
3685
2544
106
2010
1099
3348
1035
3948
870
1384
2516
1971
2939
1207
4257
1974
58
1091
2149
3799
3038
2424
2975
3749
4729
2201
358
1364
2830
4697
3557
562
2631
3958
3326
3229
800
3237
2722
3824
4513
1915
1889
2643
3686
3249
2545
3069
3509
1268
2704
867
1264
3277
3966
2887
2269
3782
3366
3016
4566
1244
4824
1395
67
4402
85
592
2738
2876
3172
1345
3523
4143
1861
1956
2325
298
2276
3329
1153
1117
672
3712
4317
4792
80
2427
1009
657
4877
1846
3619
2739
4249
691
4780
1327
1243
2694
481
2615
1573
4832
1767
3925
2041
1080
1871
2689
2826
2107
2791
1265
2297
2482
3193
912
2522
3285
1746
4314
2076
881
2869
554
3735
640
38
4882
4443
375
405
1464
3052
2818
2725
634
4562
2555
2692
4271
1529
3225
3315
3665
3409
423
3563
471
4591
4463
2457
2503
3831
2766
1981
1493
4471
1760
4048
2632
3461
3720
93
1477
2853
494
4870
1544
4095
2741
3829
4052
1786
3114
1571
4250
1078
22
3128
1596
1851
1592
1362
841
2770
1357
244
24
2628
799
719
1041
3426
4132
4053
3357
4594
2753
3577
450
4109
4181
2360
1319
2061
241
2096
3399
490
2754
1908
1769
1687
4092
1923
590
4804
1473
2179
682
688
625
1535
726
1808
4007
1955
644
2574
3570
3777
1247
2175
4765
3935
3168
2298
595
2037
4001
2025
287
162
289
4613
1467
2145
352
3500
4483
1258
673
1530
1960
2703
3673
4889
330
3545
880
1360
4835
224
3398
2961
3666
3160
2044
961
3953
705
2159
1645
2397
4586
305
1924
2117
4187
3091
1784
3644
2379
4750
3040
1084
113
2974
916
18
1495
4664
3884
3636
497
3800
1401
4840
3737
2027
3878
2346
3617
4211
4375
2744
3419
1942
4283
3978
382
1331
1079
686
2952
643
2757
1775
4090
1880
4710
3194
1426
2981
3250
1256
4472
500
2636
742
1304
1385
1466
3209
1369
4816
1347
730
868
542
2573
2698
4193
2389
2568
706
1684
3763
429
367
2680
2448
2216
2642
1505
505
2026
204
2989
2823
1146
319
4312
2357
2763
4810
3356
4391
2990
3823
679
1416
4574
1806
2507
1164
1681
3270
2685
4490
4417
3718
1440
4783
553
4735
537
4495
2513
3373
3487
4114
645
434
4267
2891
1253
4382
1783
4144
2772
1868
3899
2874
2202
3149
4440
4384
1776
2534
1377
4291
1950
1560
2538
4022
1755
558
1640
407
1285
4850
2022
2608
2293
3394
4126
485
1839
2811
4358
873
1063
774
1506
4225
2603
109
1162
2211
1589
4127
4808
493
1817
3660
2856
1380
2578
2090
2038
3199
1299
2450
1193
1939
933
808
3007
4198
2218
4039
1988
1480
1863
3580
56
3968
2286
4717
2449
3223
596
512
134
2971
4596
3692
4251
4575
3775
2938
1038
4673
4623
925
3470
4465
1133
3235
1594
4768
530
765
4537
3520
3051
3525
950
4759
2699
4435
3582
876
3848
3030
813
3108
2848
3591
3816
3041
2285
1366
200
585
4619
647
3638
4205
2227
4349
630
3963
4253
4812
4773
2533
2935
2100
3432
214
2377
2784
2802
3876
3651
2070
2832
3914
2521
1947
3766
2337
1668
3964
4598
66
451
4848
3088
2258
125
4239
3502
3764
1797
2764
3179
3550
3747
1627
1194
4185
3298
972
1692
1182
4028
3338
2339
2618
1978
2311
2878
3880
140
3986
2510
1501
3745
105
2774
2937
4599
3222
1520
4893
4744
3374
4499
1148
2319
4006
4372
4475
4145
3654
4149
1586
2883
2064
1567
639
1604
4347
25
1429
2125
1409
3183
3566
3017
272
3659
3063
905
4406
3125
4337
2943
507
1086
898
3444
1179
2326
4353
2633
764
1515
4369
306
3345
3993
2110
4356
3015
3754
3998
4506
502
3553
1651
2047
3376
252
3526
3073
4310
4660
2769
239
1221
1233
2116
895
4653
1953
1211
2042
2112
854
415
1337
4224
2488
4428
3207
1043
4725
2750
3803
3806
829
1122
4455
1855
2417
268
4802
1540
3078
3439
1664
3320
2865
4603
536
605
4414
1927
1407
2405
3602
1898
3242
380
1249
1210
2058
1710
3102
1140
3600
1593
1793
717
1238
4221
3905
2917
2926
3118
256
4493
1577
582
91
83
4112
4790
3255
3119
2205
1374
1770
1565
971
658
4478
1731
2138
3830
102
2505
3060
614
913
3181
2532
4518
593
2086
1136
1999
588
2501
2463
4256
1169
3150
4570
2144
1339
4589
2836
2924
2898
4477
3278
2863
1301
1785
2369
4708
2490
1527
3501
750
2398
3971
1989
713
397
389
3236
188
320
122
4163
804
1810
3173
2279
1375
373
271
2362
1669
4335
2271
1917
2710
2690
1854
1966
3590
4647
460
3090
3263
2461
4595
2048
572
1779
3776
609
741
1185
2387
1206
2252
55
2087
522
3336
4587
4311
1849
1322
538
4731
3768
1261
3448
3595
4101
897
2316
4248
2127
3313
844
2393
1916
174
276
2209
694
3130
2310
3240
2129
185
738
3982
1870
2162
1694
3166
2161
725
435
4179
2349
4115
4281
4429
1255
3983
4604
2838
2875
2719
1782
3310
2122
2388
307
4737
4089
922
4113
1743
2115
4325
4719
1860
1226
2773
3690
2564
4843
4511
3559
4058
4359
393
3837
846
4387
2653
3163
3621
1399
4476
4003
2240
967
2726
566
1026
4631
3843
2999
4643
459
211
3482
3717
2221
1311
192
1928
1137
229
1241
597
2809
154
3475
1205
3066
74
4510
1459
1230
2688
233
82
3841
3661
1054
290
914
1111
4210
1572
4561
3780
4263
920
1555
598
3762
257
255
768
2539
1726
110
1679
1696
3272
3068
4054
712
1479
3705
1019
2707
3641
3450
3778
270
63
1094
3606
778
36
4339
4178
3332
2993
860
4468
1850
3094
1361
1234
3744
2595
1862
2767
4572
4321
632
216
1053
1883
2885
180
2966
2793
2949
2142
4734
44
4360
4624
4853
2944
4190
3973
332
3104
2079
3307
4470
1421
4504
3771
4781
4514
1413
144
1574
2313
986
4110
528
4487
801
3997
387
835
190
3693
4460
1159
4341
274
147
294
4420
2847
2587
1715
3182
2000
3898
2053
974
3216
4199
1921
41
377
1278
2194
3709
2004
3503
3137
205
1068
3152
4071
3185
4300
3792
2718
2672
2459
1982
740
1032
2121
3046
1725
4079
2254
2915
