3852
4259
3026
2437
893
100
1689
2664
1645
564
4723
3513
2803
205
1521
2611
4290
4436
4211
3978
1193
4803
1045
813
484
1437
3713
3101
3976
1013
4836
923
4775
3401
2013
263
4801
2849
2145
1334
695
2769
3074
1885
2157
3474
2862
4890
334
4009
1529
4771
498
175
4454
2881
1007
2305
2570
3392
2088
2529
1213
434
686
324
1427
4068
2976
4627
4797
2850
2222
476
1582
1071
4057
3356
4513
1233
1062
2274
623
3348
844
2675
3801
3828
1491
3618
3462
4698
93
3897
3691
4334
4586
4503
709
1737
3527
2131
2438
4039
2955
2959
2162
488
634
3670
3941
1060
2655
3640
3202
4332
4167
2919
2923
3429
177
2322
3416
276
1834
3648
691
715
2360
1352
2933
929
2791
1604
140
4835
4705
1528
3446
2540
1358
1256
2609
2299
1504
1399
4066
3240
428
4529
4347
4763
735
687
2262
3471
1335
608
2285
3823
833
4604
1571
4603
4113
1555
2720
592
3957
3062
1999
380
643
3229
3968
1136
307
2782
4744
762
4137
712
80
1156
2774
1254
2553
2963
150
293
4199
3176
2981
2436
1808
3206
4161
2746
810
3533
197
2236
3911
2626
4017
4754
287
40
47
1393
3637
2233
2049
1372
502
1011
773
3821
4552
2505
2894
1727
764
359
2653
1899
4780
3492
3589
573
1714
4212
2525
2167
3291
2551
2564
1755
2382
239
348
176
155
3397
1317
4074
3299
2638
3699
4471
1841
578
4567
2158
3965
4245
3234
1915
1227
3729
3096
3494
1019
4708
3586
2214
999
2639
4796
4438
2747
932
25
1576
4702
1718
4558
1096
2164
1447
2939
4287
1716
313
3845
3716
2354
3439
3111
456
1701
4704
4662
2419
841
1350
2180
2087
4707
3458
3460
1285
4502
1445
3079
4629
1563
463
3747
1459
1630
2717
3770
782
3628
3952
549
3173
593
3929
1568
1201
3655
1622
847
2011
3661
1926
2806
2969
4117
2063
2925
2779
2922
3878
1705
4737
4312
1409
3664
2836
4069
4568
1663
941
4788
1206
1938
308
4800
3321
3112
3515
4229
4376
2073
1900
4028
2940
1079
501
4712
891
191
4625
3243
2101
4049
2995
1135
1699
3562
178
2728
3338
1942
3453
3988
2847
3731
3930
4605
4864
193
1167
512
1338
2502
631
4232
809
4675
271
1641
4696
87
4467
3634
270
925
776
3092
4874
4383
868
4715
4294
960
3113
1951
4506
698
4150
4532
1094
3822
2943
3069
3757
2311
3443
221
793
3763
554
2810
4617
4269
2954
3053
4321
2463
4374
4198
274
2961
4267
4464
343
3974
2203
3942
872
2308
2314
4716
4747
450
2648
3028
2690
4201
4596
3955
415
1552
4327
4814
4562
3263
863
4151
1180
1383
596
2024
2562
4537
811
466
352
2231
664
997
624
3119
203
2399
4578
541
4742
2496
182
2520
535
2898
1500
2443
2020
1261
280
2196
304
2052
3892
4322
4250
4570
269
4116
732
669
4757
2146
1853
20
2783
4671
102
4591
2362
2574
1625
4615
689
2420
2242
4253
2650
1501
4187
4444
2429
225
3358
949
1664
1787
2668
791
2757
693
1275
4441
2930
2971
186
2754
1747
2124
1898
4256
4767
4108
2944
2686
1822
1290
2598
3672
112
2330
2600
3007
32
2628
4540
2079
3067
555
3679
16
652
4849
569
4044
2674
4098
4001
4651
821
4209
1746
644
4428
775
2139
2910
2654
2662
1537
4600
1750
2099
2706
4641
1770
346
4687
1955
2820
4393
3109
4141
220
1040
3519
1565
1287
438
1281
2813
3052
3271
1993
2513
1497
3656
387
2519
4180
697
3675
2893
2112
4794
4179
1602
3621
2573
1081
4413
3959
4787
2498
2023
738
4215
2980
1784
350
3346
896
2909
4738
1406
2121
3752
48
2290
3297
3868
2123
1327
1067
4668
585
1805
2319
909
2415
2482
1301
2644
4781
1112
3154
4107
4033
1925
2752
1034
4646
3480
1684
3163
2788
1098
4478
577
3681
4059
3859
478
587
2134
953
2620
407
4480
136
4649
553
3227
4769
3381
1232
4449
570
1658
1732
2528
830
2138
3587
4227
4442
2080
2663
1091
4894
1110
590
1594
2861
4887
947
1559
1872
4382
1362
2802
4822
1662
3947
4281
1414
2634
4755
3838
2204
2652
524
2469
4831
1231
2344
4475
1944
3599
2558
4818
3627
3374
2215
662
3178
375
683
934
117
1654
318
4845
907
1454
2801
1225
4892
4474
3190
3131
4106
3982
4840
1368
3926
1137
1411
3956
4693
2621
2884
2043
3683
4533
1481
3404
2452
2732
2361
1726
1930
402
4665
2929
3544
4632
4658
4080
3451
1818
1078
1389
2431
4221
3537
3727
796
3616
914
2200
1129
3033
81
3600
2879
1168
2323
2499
904
1417
475
620
2277
3161
2086
1024
4853
1886
4418
1912
4711
4170
3700
3862
1777
4873
4169
4194
2032
2284
1846
4184
485
3642
3601
21
1644
2632
4447
2744
384
1241
2425
2793
2408
3785
2577
1715
1099
2708
898
3792
3195
981
4667
725
3145
37
4120
2815
1533
1517
1255
1337
2814
3023
3466
3564
408
3376
2667
381
1247
1097
2455
3728
3939
1420
2302
3629
2643
3488
1265
2265
2404
2184
4473
1875
2296
3970
223
2027
1619
4846
4844
4096
2150
3128
4087
3755
4208
3250
3928
3264
3696
468
288
4521
3293
3660
142
843
617
1863
4469
133
3490
4189
3151
492
4365
4324
2913
3689
3787
3422
4359
2199
4223
2402
4477
2841
852
2375
1527
1613
1972
3322
1970
3788
3410
3507
2545
4566
1461
1790
650
1238
4594
1057
1556
4432
936
1671
2756
3060
1219
15
4751
579
2951
3963
439
567
3214
994
1316
3808
4634
181
3504
2582
3420
4377
2949
1546
1398
3461
3724
3224
4590
2904
3940
219
658
2241
3813
4871
603
91
3368
3177
4056
3719
3005
4647
128
3107
1051
4379
1893
4802
3215
3035
3383
237
2163
2405
4829
376
1008
2297
2527
1842
1159
2739
2590
2464
3170
4581
2697
819
489
3355
1973
2945
1551
1914
137
3408
306
636
4158
1076
3936
453
2970
2906
273
1649
576
1704
612
2633
1176
4064
2318
2103
3002
3400
2019
2541
11
1977
4305
1611
1493
2999
2334
3840
3167
4451
2608
3380
2901
4055
3895
4585
3174
4743
3996
4054
3025
531
1678
495
784
729
1598
3886
707
2213
1932
4407
2625
3281
85
4857
4315
3393
3717
4782
2750
4018
1260
210
4272
2931
4262
975
2210
3578
1222
1086
1039
756
2113
2156
357
1089
1478
957
2407
4118
3595
2176
2859
1402
3491
2421
1475
3413
526
3498
1854
4607
4242
1212
1573
2767
1935
2171
4183
4824
3680
831
2465
1874
4677
4125
2072
374
2122
2135
2039
1637
1424
525
3558
4392
4148
1429
938
2216
673
1707
3673
1539
138
1442
2497
4313
2422
1988
3585
4694
4710
3302
1813
1847
4109
705
1672
2287
2934
3146
95
3313
3082
3353
2018
2369
1465
1093
2473
754
3237
487
1661
4409
3768
783
4554
41
1169
706
266
4010
3407
511
2760
615
1313
3210
3144
2378
3276
2409
118
3185
2569
1142
2025
164
857
3669
4062
92
853
3789
4851
3962
1956
1163
4837
469
4344
56
3046
3433
4583
2531
3441
2723
3248
1913
1934
2489
4621
1921
218
298
169
321
4727
3921
2132
3933
840
2835
4847
3709
173
4439
979
1742
937
296
1315
1907
3934
1113
1476
2656
3056
2875
545
583
347
908
4159
3654
4036
168
3991
878
4298
1963
509
340
2259
3040
2448
3625
3325
2316
156
3342
4140
192
2017
876
4236
2745
147
1115
4366
3147
1105
792
1037
3125
4005
3223
1694
0
4162
213
4299
1579
4363
1892
2339
4516
2722
2637
3545
2392
3754
4283
1485
739
681
208
1840
3164
1677
1144
166
1971
2475
638
1719
2696
3251
1185
206
1785
1817
3208
413
2883
3725
2279
4666
2147
419
746
3000
1431
1360
2108
2439
3012
4577
4060
3896
1669
3879
2857
703
1028
1629
1146
88
2116
3932
1545
3047
228
2998
4526
595
2595
2953
2843
2078
3812
3031
716
1614
1029
4815
1448
2842
1118
199
2897
3329
401
1296
1656
243
3496
1631
4624
2735
3445
890
1026
4139
4891
4852
2352
800
2335
148
4535
3057
4002
2677
2689
2586
2217
1897
3790
4280
3579
3856
4185
1148
3084
394
2597
127
2298
4839
494
1700
982
3858
106
4720
1583
3989
431
4248
2781
1590
2556
2905
4614
3958
3121
3685
1789
4777
2194
4364
2307
2819
452
2753
216
344
2327
2356
497
3888
1608
4828
2880
685
961
4670
254
1224
992
3512
2848
190
4882
834
3133
3369
2248
4202
774
2805
4230
2353
1425
3619
3447
3463
845
3021
1809
1267
272
3106
4789
336
2418
2636
1833
717
607
633
2614
2346
2809
22
403
905
4746
1083
3200
435
816
3108
2957
3159
1405
499
4519
916
132
1952
1273
4400
4850
2093
4536
3434
2294
3702
723
993
1992
1318
3582
4688
1127
3860
701
1917
3295
3244
4143
2136
1087
1243
1945
1968
1000
4190
3184
4419
235
939
14
3824
885
640
1771
3010
645
758
721
882
1492
4500
4326
1207
1259
3459
1820
1462
2601
1580
2289
3540
3230
1436
1558
4264
3743
1251
1291
157
1289
1660
2603
4356
1990
4484
1450
3470
1456
864
2907
1796
3409
3569
2846
1634
4178
1323
4701
2975
2183
2983
4408
829
2751
4598
302
440
4880
3465
2169
2758
51
445
3330
1791
826
2110
3261
799
4238
771
2427
2796
319
807
1293
2484
3777
4655
4067
1449
328
3099
2616
889
378
90
3771
3479
1979
2270
1165
972
363
4406
2669
2701
2566
3213
332
3487
1355
2503
1036
3943
2524
3715
3573
2042
67
4219
1211
2738
2295
4848
4481
3520
1359
4482
2867
3714
1725
373
3511
4402
1452
3568
3837
4257
506
3065
360
1681
4573
3659
1933
2481
4375
618
1816
581
1599
854
209
906
4362
794
2449
1687
180
2585
851
3583
4266
2313
4255
2762
3705
2789
4524
2292
899
3674
1856
605
1347
4086
3415
837
4310
162
2083
3294
1621
2823
856
4724
1960
3960
3
4134
4092
1284
4862
4664
1324
2666
2340
2837
4390
1453
3054
123
3081
3238
1515
1432
3567
4153
292
49
4762
4626
2583
4003
883
3509
2960
1451
3893
4599
865
3186
867
3565
2804
3746
3260
4276
1339
3080
2932
2494
379
888
3782
1109
3973
1472
2278
1825
2549
690
3280
1880
3723
3403
4459
4819
443
988
7
1421
1006
129
3749
4842
200
4638
2715
741
1887
3653
2035
3484
2472
1373
3510
827
1795
1174
1976
1873
1264
3817
1483
2624
4495
3017
2365
3201
2565
2115
1542
3953
1859
3328
1378
1768
884
4776
3671
1765
4872
4340
574
4094
3802
1348
2474
4404
391
3542
3288
989
2170
4355
2521
1202
3626
3999
879
2985
282
4684
422
1950
1548
3597
1679
3831
4293
1
3379
3309
3390
3649
3890
12
4275
183
3402
3703
4378
2899
1751
3588
464
1370
4886
812
561
3630
361
4165
3867
1588
3576
3489
3273
696
1557
3253
1680
2224
702
2015
4337
1811
1578
1745
2433
933
2709
1985
1998
1116
653
3003
1325
55
3255
4739
1035
1919
527
751
4082
3971
286
1311
4149
367
2657
477
4830
1286
4817
2834
616
3207
4593
1857
3686
3810
3138
4798
71
770
4320
1653
2201
1936
1221
1748
3117
3344
289
3518
2450
171
3071
2428
1444
632
141
2459
1235
3043
665
1799
930
2371
1643
1901
1802
1924
4261
35
767
3477
2332
849
2376
4214
4370
1184
600
43
1815
246
4613
4833
2671
460
2182
1292
742
3766
4653
2568
2424
3464
4584
2258
4460
894
4302
3377
4147
2430
399
2515
4466
1575
777
1902
670
1778
627
1164
822
3730
3633
3819
817
3937
4821
1299
4765
3882
753
2477
1891
679
2591
3704
1065
928
2364
862
3032
368
3438
2622
444
2333
437
3935
2535
36
1810
1341
4434
2766
597
2228
31
4681
759
421
4050
113
3495
322
4589
2892
3682
1130
2817
1849
3531
3741
2844
2304
2085
4197
4609
1946
4423
195
4415
1430
4736
1050
3350
3946
3606
75
1812
1032
2069
1269
2495
3127
562
3919
2066
457
704
3363
3308
114
1438
1703
4450
1510
3086
2785
1595
3085
1025
1470
4292
342
2007
2159
3423
1214
886
655
1617
160
515
204
2426
2852
1434
2492
2454
1058
824
4832
3636
3874
3387
3608
1312
3437
2687
1419
3912
766
2154
1518
3411
917
3793
4195
1772
3061
4860
803
2385
26
983
3124
1584
245
3639
4429
3829
963
606
3268
4620
3894
4386
504
2384
4311
3217
4795
663
3014
1188
1072
536
3534
4204
474
3663
3598
1756
2630
1829
3807
1103
1468
2401
797
1711
2026
4539
3607
1905
59
2665
4868
4472
4879
3382
2840
2206
970
1780
2056
482
3123
1823
510
2232
1916
250
196
4550
4657
215
3997
1270
1534
2997
2379
3077
3055
3800
4048
3950
4295
2016
4243
4252
4635
3168
2853
1151
836
405
2345
174
3187
2942
3254
3732
718
420
1280
4335
3992
3644
591
66
4791
383
3611
2338
4090
2034
2544
3650
1642
2771
3242
3389
4759
2946
3165
4492
2759
3581
3024
2649
1342
2877
4793
3312
3635
4037
2872
2647
3143
3969
1433
107
3612
1423
3923
3738
1070
3270
1351
2508
3748
1839
1766
1330
2775
630
3483
711
1958
314
24
1821
4100
4372
733
4361
1596
1332
2237
2780
4490
2550
1587
4510
969
187
2916
2355
2661
1177
1469
2828
1760
2700
1253
4352
1708
4213
3160
3481
790
1249
433
4029
4157
2133
2581
1385
4389
2249
3925
1041
3869
688
1779
2777
1046
4555
2908
256
3688
4861
163
349
2764
4369
3137
3984
1175
4518
167
1150
678
1246
3539
1141
3169
2386
3843
1741
4303
3011
3624
248
2293
2799
3505
3259
749
1526
2197
3916
2036
2534
1403
3827
2064
4288
45
656
2476
3360
2536
2926
4289
179
1797
1688
1064
152
962
1570
1191
3365
3221
1307
4748
4709
1540
4247
3136
2514
3130
4078
2490
4025
2680
2320
1982
806
1268
4186
4462
4453
4142
3592
503
4437
1170
4783
4734
1888
3122
671
3275
4574
565
4549
3887
1440
3412
1848
1503
3220
1776
42
2226
76
3362
2512
4119
1512
3799
1388
2081
4394
4339
1957
3647
4089
2488
1636
682
3499
255
3870
3468
4637
4622
2309
4726
2673
2741
3476
677
3566
1160
3596
2712
3906
400
3695
8
3008
2446
4123
1005
2798
2403
3194
4761
3134
2000
3027
2444
4760
4421
1981
3009
4764
586
1666
3574
2130
3457
4652
4560
2127
2606
1179
951
1092
2022
1304
2324
4217
2152
2329
3341
2973
3104
1523
4155
412
4127
1620
3475
3279
2896
1535
4630
4528
311
4053
637
4663
4
935
3677
2092
2161
842
3614
1781
1390
2878
3745
2947
3803
4816
3834
4038
1192
1183
1052
985
1229
1380
1890
2255
1031
726
4488
4021
1374
2175
3156
6
1524
2048
1744
1577
534
1172
2956
2770
1686
4718
657
3182
3232
4012
3304
1918
2993
1648
3881
619
3781
514
3814
3944
4019
3375
902
4414
1495
1868
2900
4494
1023
3668
1731
4077
4368
1245
4254
2380
4228
3078
184
2994
86
976
2704
2006
4855
2272
4717
743
4601
1717
661
3609
4813
1377
4027
2238
4525
1252
3830
3339
1995
780
3486
1490
2792
958
1117
1418
594
832
4888
4285
1239
2067
4065
4527
1675
2141
4174
2511
264
3478
4674
3949
3774
2571
4612
3651
1569
2100
33
1257
2507
1080
2253
1983
4883
2209
1066
277
919
3455
214
1860
4856
4885
356
238
660
1282
4740
2868
2808
2610
4809
666
1734
2635
2891
769
815
1554
1965
1609
2685
1404
1162
1303
3473
3212
768
3740
1133
3909
1764
3902
1735
3267
2979
1762
327
1835
4241
3615
4020
2271
4224
4485
116
3632
1216
2055
2336
2964
1967
676
231
795
2451
3204
895
247
1181
2009
2936
3371
4483
1413
2967
3773
580
365
242
79
358
4804
3711
3289
1309
4517
2702
1416
722
2397
2827
3332
954
58
4207
4136
931
436
1850
2267
3986
4699
990
2763
3865
4176
4543
672
4446
2903
1962
1866
4425
3550
3306
4282
4654
240
1882
2768
892
4328
2140
4770
1763
3015
4304
1633
4391
122
1867
3861
490
4006
571
2629
2434
1498
110
4231
1100
2522
429
341
4628
505
330
2223
3553
3560
4534
752
2567
667
2370
3915
798
1203
72
2886
1581
1667
3554
4111
881
2220
3922
4497
2349
3395
2193
4504
4779
185
1845
1396
1607
3855
3721
4203
4397
3508
4733
2149
2845
1047
4346
4553
472
3851
1056
2044
2978
4308
3591
4538
1322
2731
2177
3903
2737
922
694
1002
2882
2286
2486
649
2021
3761
2001
1806
442
4051
224
2179
789
3900
4542
3089
1152
377
4398
4826
295
4669
2895
1698
528
2592
1585
1410
2816
4452
1131
2391
119
4333
700
2275
2917
4729
850
4146
621
648
2982
1691
4233
44
3181
2090
3183
1308
3305
1369
1827
4692
3538
1218
3866
3526
1426
635
4380
1463
1161
3399
3692
2776
802
4576
4546
1073
3603
3516
2539
4440
611
629
1639
1277
3158
3349
757
1943
2726
4587
3198
2552
2114
522
4858
4875
130
2478
2358
1283
1020
1217
161
1941
3300
1858
4608
2871
4251
1651
3918
1740
4297
2989
2778
1234
329
124
3301
724
3764
3756
1272
4218
4643
3665
4827
3274
588
3454
4274
3087
2822
1400
4156
626
2389
4676
3472
4689
2869
305
4358
4133
4200
1387
4181
2500
910
1484
761
3769
3209
1279
3833
4618
2695
3779
3842
3977
1852
3347
1767
4505
2417
2596
1125
2563
98
4678
921
364
2560
3153
1696
1793
4270
1889
108
3070
3783
3493
1049
1520
1242
1690
1187
537
3359
3548
566
2068
143
371
2833
1384
2350
818
4470
4895
1395
3804
4336
4679
4486
4745
4595
3594
4085
4273
370
628
4700
942
2028
4752
3222
4101
4329
3762
3758
39
3983
2839
1345
1119
2359
1702
3908
2393
3551
1659
1706
2651
249
2773
4426
3022
1589
1297
3883
73
540
1826
3149
2368
2832
198
2256
69
3678
755
2526
4331
496
144
3966
1354
3037
1200
4792
268
3765
3863
1326
115
1333
2219
2
1455
3910
1911
1061
2921
2165
668
2915
4154
2487
2688
2280
2325
2094
2106
2485
2605
1356
1038
1502
974
3105
2742
2572
1102
3500
3042
4834
4843
550
2119
2730
427
523
1458
3726
508
1603
1783
2506
409
1572
950
991
1353
4317
3034
747
1220
880
2366
4579
3485
3398
3424
2312
3667
4411
4431
3662
2480
3426
2729
3110
4004
874
3336
2038
4306
3284
1154
589
2153
2091
1876
3303
3990
353
261
4512
1366
1759
2825
1471
291
539
1298
1782
392
1122
4639
1053
2579
2718
1978
252
3444
278
121
3693
3832
2273
1140
4509
4455
2640
3269
3256
1012
2561
3927
3019
4623
2996
1908
1210
869
331
2749
4741
303
4384
424
2593
1278
3811
1851
2457
708
4373
2247
229
257
3529
3083
4286
454
3298
1601
2991
4531
3140
2576
4088
3091
2396
1743
1909
4173
34
2310
2181
801
3917
1158
4838
3854
4766
3631
517
3742
1801
2363
27
1861
3735
1173
315
604
4721
1792
1536
3815
1375
2414
2456
4314
2205
4032
1344
2542
2075
1752
4416
430
3690
4476
3115
1262
2244
3094
785
1367
1295
2040
1974
241
2235
4070
4093
2790
966
294
3891
1975
4091
760
126
4277
977
4114
4565
1108
3235
1724
299
1480
516
646
2269
4371
2516
1428
158
53
3849
4316
4177
1407
2889
2811
4878
462
4115
1612
1489
3899
3171
3706
4445
778
388
3152
3528
3876
4461
4493
2447
2547
1940
1305
1674
325
2410
89
4682
4569
1446
165
3287
2291
1738
2300
3116
2645
2580
984
4237
1606
4514
3750
1111
2537
3075
2435
1828
2051
1230
3684
1878
3421
4016
2854
3038
1610
4079
820
2818
4808
4859
397
4785
861
1271
4300
1626
2714
3311
1754
3228
2682
927
1101
2693
1505
1710
283
4443
710
3753
426
3985
3440
1408
2587
3904
1467
1435
2143
1244
4058
2918
3645
1683
530
1652
2554
4448
3370
432
3044
3018
2787
3914
873
1904
1997
1069
3780
4501
1695
3844
4258
1712
560
2442
674
2471
2189
312
4806
654
4557
2557
1276
470
870
2343
1709
3430
544
4659
1844
366
4026
1928
823
4015
2374
3172
3652
4680
3707
4318
2743
4301
3141
1798
3733
551
3864
2225
2902
1494
3058
70
1693
2065
4685
1022
2748
4278
4820
3139
1541
2927
3357
602
3786
4786
284
2612
955
2559
986
4296
3354
4291
1300
1422
900
2491
333
2962
441
3954
4889
2483
2830
4249
520
1104
4750
1824
3199
65
2230
1054
651
3048
4556
4732
1877
493
2724
744
3320
1525
4695
4244
2972
3980
46
4325
61
3482
1033
1954
2518
3718
2988
1496
4799
2441
2684
2509
2373
4427
4031
4166
4479
120
1139
3751
202
4222
4075
2510
808
2326
2173
3710
3036
4323
1775
4841
4507
4083
1969
875
1586
28
3521
3098
2328
772
3378
1884
4284
416
3880
3853
4520
1077
3885
2888
3816
2623
1464
259
1947
4319
998
1843
2054
2260
1986
3450
1106
3530
3323
390
547
507
4040
2208
2681
4773
3307
2276
2646
4561
2532
3998
94
647
4405
924
201
4541
78
1605
4582
1386
2351
2263
3218
2795
1003
230
2096
2031
3386
3388
3245
2251
1862
4188
1466
4435
2125
3972
458
4268
2160
4030
3391
1412
17
2155
4097
2317
2077
1894
1994
4551
2061
1729
3216
1258
4523
1623
1340
3524
1980
4341
2719
4499
4387
4351
2914
4007
2698
2691
1668
3262
2288
2948
3871
575
1085
1736
2617
2010
4035
1730
2734
2348
2388
4719
1670
3225
4753
3884
3543
226
1531
2229
1538
3552
1143
2523
4611
2589
3456
3352
3497
1190
2873
3278
2794
4013
3064
2111
3118
1364
3739
2453
1906
3327
4011
345
4648
2952
4463
448
2660
3898
479
1903
3467
3981
2984
968
1665
2144
2303
1883
4496
2885
1145
3850
3239
4367
1237
3277
4104
337
2740
1511
765
1739
2800
3666
1989
480
4422
4580
3406
736
3396
3694
920
2357
3563
2755
4045
153
1769
2445
3613
4357
1401
1646
3102
1513
1566
3097
3503
483
2860
3257
2003
4706
2613
3759
339
13
2058
1564
3020
1896
3252
2807
2974
4128
4547
23
1720
3593
1837
559
1138
4168
4530
4673
2089
362
1959
4420
135
659
2966
4805
188
3657
2727
805
3193
1075
3784
4047
4870
2151
2014
1397
473
4572
418
839
3314
3602
2347
1226
3877
967
1320
4279
385
915
532
3351
3197
675
2221
3428
3938
4073
2578
2406
2703
2413
2950
720
3051
1516
4354
533
4774
4854
3620
3920
2493
4348
3142
4588
4683
838
860
4071
1544
417
2707
3577
275
625
3414
2772
2281
714
2041
2856
2725
601
1321
582
3296
3063
4234
2057
211
3967
301
354
1832
1836
1920
4640
2266
866
4144
948
4660
1014
959
2202
3367
3517
1178
4103
3191
740
3523
2468
2186
3776
2588
323
82
4725
355
692
513
1733
3246
3006
1357
2937
471
1063
2890
2053
4564
4345
1004
1758
4722
4636
2166
1574
139
1879
4498
1996
4023
236
2174
2470
3580
2394
2440
2268
1314
913
4210
372
4343
1991
309
3522
2627
2207
3333
1632
2786
3590
786
317
414
217
1721
4196
4260
1937
3760
4102
3541
3155
4401
4385
131
2037
609
3100
4061
2301
2679
4095
3310
4145
1391
1927
4672
1803
4869
680
1673
3846
2642
1499
2240
3546
1676
1692
3697
4515
265
281
4206
2412
1561
2631
4810
146
2172
447
3226
926
2968
556
1310
1090
1567
3418
3093
4112
3979
3875
4239
1460
2117
3676
3913
4656
4410
310
4240
2187
1197
3848
4881
859
4193
3066
1376
3180
1166
3331
1931
3157
253
1044
1473
4041
2765
4014
3561
858
2615
4182
3272
267
3525
2466
745
1757
4309
1530
4489
1519
1788
3188
897
1328
125
3720
244
3059
2458
730
3836
3622
1881
2033
871
4034
3419
145
2467
2082
1830
1488
3290
2030
1593
189
2928
2555
4271
2599
4430
956
3249
2129
2337
727
3045
1550
3324
4135
2876
4644
1195
19
3572
944
1728
3536
1017
3994
538
1479
3948
4631
54
4597
1361
3316
2178
1059
2387
2538
3535
411
518
2341
2821
3132
84
4602
1157
2331
3987
2865
4022
4731
788
2659
684
2501
2912
2479
467
1363
1074
2257
1814
4650
4263
4099
3205
1010
3073
3425
2246
3818
3964
2461
3150
1198
2710
2095
4487
4130
572
1910
1923
3095
1949
1800
262
964
1638
1204
4163
1128
3924
4235
3469
3292
425
1477
1441
1082
38
3575
3809
423
4866
389
639
2736
3775
4132
62
99
2594
3326
4381
149
9
912
3366
598
779
64
3029
1922
2395
320
3826
1001
3166
2607
3889
3340
4575
68
980
3030
4571
4633
1394
1132
828
713
2733
2137
814
104
4342
3744
1624
3798
3090
1126
1149
3604
1294
2797
3013
3555
2192
1439
599
3452
2400
4216
1635
2986
1379
1319
2383
1864
451
491
455
2911
2838
3995
2533
3361
4645
731
2855
4784
151
2990
750
1228
1021
978
3385
1871
3192
3148
2282
4728
4063
2264
2517
1543
1627
4076
3841
2924
2261
4046
1628
1838
3547
1647
1948
3951
1382
404
1722
1786
1482
2254
1084
233
2084
2721
1027
1009
1855
3265
77
552
2602
4105
1153
251
2245
1807
2977
4164
3617
952
4171
1987
4138
2992
2584
3945
918
4225
1365
3907
2826
3135
234
326
965
1870
3610
2105
2195
2367
1346
3266
1616
3557
2692
1509
3698
2390
1055
4052
2252
4226
1288
1953
2372
2670
3820
3233
2543
4122
3405
848
335
4714
2004
227
2761
