2584
3156
891
3534
117
4488
1906
1430
3160
3701
3892
170
1066
2412
1118
4298
4359
3774
4372
1161
383
1391
3213
3276
3909
1002
4314
567
4798
1813
3071
4518
1525
1666
3832
727
1122
4837
223
2879
1829
806
4050
3405
496
3508
4022
189
173
2433
3803
1299
2436
2131
2644
3138
1523
2052
4471
1934
666
4465
410
2498
2729
4711
1245
1116
3514
3386
3539
2211
1654
1380
4310
1411
4506
4505
220
1410
2308
2540
4385
1420
2543
1326
4426
4270
3442
3151
3050
3680
1835
4390
379
517
2648
3287
751
481
4702
3479
1082
4288
4880
162
3488
45
2938
2565
4188
1001
2649
2486
731
2795
4249
1139
3474
2494
2134
3522
1855
4810
2864
4344
548
843
4619
933
2974
3029
1688
4674
2702
1951
3412
1960
3979
3058
2299
4213
4303
2984
2384
1376
1533
1343
1750
728
2012
538
2505
3343
3490
2149
2916
543
878
4042
1043
2067
1224
1721
4565
2629
4672
2497
3150
1783
2626
2250
3608
2373
3307
4292
1757
1448
895
1888
2447
1974
135
4576
526
4739
4277
4375
2201
1431
3471
4366
3978
896
1738
3904
1367
1567
799
1185
1065
3254
70
1109
1085
4583
3732
1887
472
1202
660
57
3682
1281
1657
246
3194
2378
1160
735
271
4715
3938
294
2518
2189
4543
3542
195
514
1746
3639
4780
1705
1869
3265
406
3346
4371
2590
3354
2928
3683
3917
1939
1119
3044
521
2782
1108
378
4690
4868
2459
2445
776
4356
3520
4618
2400
1232
1804
3103
862
4771
2234
253
4514
3538
3206
2263
720
122
1433
3038
87
2858
528
2650
1259
883
161
4218
3274
545
1450
3725
3859
4540
263
2301
4149
1551
4021
4778
2814
2379
3323
849
3559
684
396
2826
4027
2124
2048
3951
2088
4203
1489
938
4539
1815
559
4497
4834
2270
825
4064
2470
788
1712
3901
1695
775
217
3457
4838
2137
872
630
2450
4388
1196
156
2816
2484
3810
3640
4521
3819
4644
1487
3080
1422
4357
4494
1861
3382
3628
3872
3021
2204
3420
1916
3076
2036
1366
3141
942
1368
4480
3226
3501
634
3592
1563
4466
3270
9
3960
1736
1290
2165
847
4415
4061
3610
326
252
4002
1005
4782
910
3618
1432
1593
30
3200
4010
167
4823
844
4069
22
1115
1474
773
3502
2846
1928
1330
1521
3786
4639
2178
888
3911
980
4742
3407
2577
4531
1526
2818
34
1894
2255
4406
2735
581
683
1389
2244
3403
4691
1261
2315
2658
2655
2350
2612
3098
3446
2770
3422
2602
4783
1907
1755
690
1091
3840
3171
4766
3369
4796
1338
1246
1865
3925
3919
3083
1718
4312
3777
1172
4678
3425
3746
1581
3518
854
2779
452
613
4135
3771
1511
4830
3569
241
2802
1545
4707
4620
1358
4183
3552
2382
2016
4058
4068
2672
3360
2111
1828
1256
3335
230
4316
4588
2700
283
1014
2788
446
3319
3822
1262
641
333
33
3927
1625
3498
812
3923
4247
2358
2970
3266
3245
3636
88
3849
979
3721
4607
3493
3535
3060
2239
1412
4795
3391
648
3231
1239
995
1771
829
2381
2078
3992
3152
3469
4722
4185
4477
667
3933
3447
1670
4008
3400
4538
3581
2929
3603
900
2618
3053
3835
2796
2265
1237
2734
325
345
2647
4394
23
1
2807
708
4128
2526
4775
555
3056
4554
2214
4106
2277
4698
4486
3389
4661
4081
982
1696
3675
3309
4555
927
4504
4811
480
3349
803
2606
536
4666
3238
2102
4300
2799
3318
3016
3558
3635
3334
4005
2551
4254
2370
4632
1972
4315
638
185
3282
1922
680
4055
2184
485
3462
1329
2621
4638
1958
3184
1141
462
2070
1393
1754
2027
4748
1793
3583
3709
553
2703
2009
2982
1564
3001
2967
286
465
4130
2006
2946
4560
3249
4720
4256
622
1642
3573
4252
4696
4447
2112
4287
1399
2620
4590
4059
2905
408
4653
3012
1077
3390
1760
1540
3350
4194
429
4793
3940
2906
2223
2231
4138
1127
1390
1351
4331
917
3408
2878
1163
1826
2673
2537
4755
85
4874
248
3158
2625
3883
712
2177
1615
2931
809
4349
3362
501
4109
227
3379
3040
1068
4251
1499
1652
620
621
2797
1839
3453
4877
748
3371
1698
3876
685
1867
3897
221
1298
203
1009
36
3237
4200
3411
2531
1819
1021
4803
4018
1852
3827
2776
1662
576
836
3484
3414
3578
569
1643
1687
2491
182
382
3201
3955
3530
2071
4822
706
1726
2899
3711
206
384
2760
4324
2635
3964
457
4641
3019
1986
2200
3731
4550
3374
2394
663
2285
2287
2103
4193
3784
768
3093
2661
4116
3654
4516
3196
3432
2242
2300
3788
2971
4399
841
1327
1658
3438
3124
3615
4238
857
1836
2657
925
4760
2150
1590
2013
2072
1651
2471
4154
1784
4073
4893
3127
1377
2840
1273
1288
3637
1675
4609
2942
2869
2752
3028
687
1742
3135
2994
4036
3255
4026
527
3690
1230
2841
3757
1982
2630
794
2062
4890
2490
3656
2886
2843
2148
3600
3506
4548
787
2986
4291
3006
3289
2615
3671
1324
546
615
2806
4599
4250
1073
1480
1357
3429
4124
2076
2374
467
4352
276
1046
4438
2164
2707
2966
4425
1170
3149
1359
2212
3910
1490
1280
1891
2462
1047
3601
3602
4160
2611
3616
1941
3239
2439
53
516
1877
1722
4174
985
2507
3327
1370
2777
482
2604
4440
3063
1933
2327
3234
1514
1515
692
2453
289
2676
1977
2215
3417
2898
1697
3852
1437
295
61
1800
1889
2848
2364
1547
4325
2534
2592
1465
2962
3326
2533
3157
3482
3431
589
1791
590
2972
1144
3122
4738
3461
2217
2385
3410
3814
2744
3065
1961
607
296
587
4086
566
4271
4520
2455
2736
3594
934
2803
3364
3870
3677
196
4551
133
2517
3034
321
118
261
598
2203
905
3856
2272
3670
1522
1056
4770
322
3097
4418
149
4430
1953
579
421
2636
4592
2772
3880
3051
1875
1190
1266
1969
226
17
2409
3324
4737
2493
2106
3908
1206
3824
418
1772
988
1062
3132
3526
3325
572
229
2460
86
440
1774
1427
2743
288
4582
3759
1300
4225
242
3755
2915
1382
422
4751
2992
1989
2810
3043
1182
998
4266
832
4295
944
935
2477
3059
1292
880
4487
996
4085
346
558
2193
3537
3227
695
3081
1504
257
2075
3491
3283
1148
1708
4734
4096
2108
3375
1824
4276
953
3967
2024
3365
4517
3550
3333
2985
2443
2764
840
3332
1150
3652
1513
1458
1649
4031
1445
2483
92
3072
1669
1765
2600
1566
234
3031
2706
897
3023
4111
961
1285
2964
983
1336
2877
3253
2839
1269
4871
2885
4882
3546
3473
2337
1120
3007
2260
3961
635
2753
444
2049
2033
868
3002
3666
2715
389
4296
1473
436
4217
4433
4763
3889
3662
4035
2553
109
4063
3339
3713
3022
834
4204
2340
1283
443
4129
2530
4459
2759
643
570
451
1197
1070
2216
4508
2825
4636
2868
2081
3222
3294
3
3684
2519
989
306
10
14
3460
3890
1895
4
682
2339
3564
4162
3981
332
3617
1282
285
1759
473
4335
3008
1749
2678
3519
1542
4133
1837
2805
3054
4852
2513
3119
1990
3905
3048
4258
4710
290
3597
729
4082
3487
4846
1601
914
4725
249
3606
4095
535
509
66
188
219
1404
1242
244
835
2058
1276
2425
1766
1991
1129
596
1284
758
654
1496
15
3311
2528
3996
4224
879
2651
4790
4733
144
388
4602
4495
3236
3110
4765
2791
3464
2357
1503
3613
3846
1174
2619
688
317
3950
2761
2172
2693
1644
2171
4671
1018
1436
177
50
958
64
3548
2087
4809
3095
3066
1573
1191
4208
399
4236
2920
3497
3776
3540
4860
3576
2487
1999
3914
461
4091
3812
1870
4719
2318
2368
899
4176
386
4676
2921
2959
2940
409
3946
2998
191
2047
2240
1957
200
3663
4826
3566
3703
3175
2100
565
1386
4053
4020
1744
426
3795
3328
4611
929
4450
4706
4655
2639
1240
4148
2294
1287
1574
4354
1373
959
1768
71
390
2579
1334
169
743
2892
2232
951
3353
190
4600
4526
3188
4705
97
3609
4842
1183
368
1936
2943
4320
1640
1997
4338
1577
4522
4070
3173
3225
3140
1093
3574
2829
3848
316
2580
132
1770
3595
1494
2574
1667
299
137
3976
2346
1180
4656
616
2194
3088
3586
1059
3235
5
2397
3030
1493
4441
4136
4744
3881
4156
4434
3710
703
369
1128
2091
4093
2417
4165
4492
414
3338
211
2065
2140
4284
3817
2828
4367
4401
2281
1710
1646
940
1451
2696
4030
3673
4769
713
4730
1078
3378
3631
4159
361
3251
1955
2475
3207
779
853
890
1270
796
2324
4411
2188
3269
519
1912
2585
2566
936
351
2448
2303
1733
365
2755
3166
4888
2714
4173
1015
1081
1087
2247
2369
744
686
963
677
3809
4396
725
4617
3352
1536
1414
4029
2730
1235
4150
37
2952
4209
4084
4533
1236
3634
2817
1715
1037
3131
3440
4684
4275
4839
3241
3377
458
3229
4322
955
924
3648
2278
2329
1342
1789
338
1507
574
2224
4784
719
1195
4457
1074
305
3959
2063
2228
2359
3147
4452
4472
1553
2404
2909
1032
1856
4113
547
793
1501
1572
3288
330
3785
2465
1713
4346
2089
2367
710
2196
1101
4761
3660
356
3302
493
2875
69
1313
4382
2399
1618
2944
1535
175
981
2141
826
1254
2884
2010
2407
3312
764
4700
1600
2
800
786
2832
4818
674
2969
2351
2377
3924
238
427
3970
204
923
240
2332
1927
3691
670
3247
4608
694
1023
2945
1044
366
4658
1140
3858
259
2939
2849
3630
1214
163
4578
1583
264
385
1943
4613
3111
701
4392
4499
272
2616
4131
1395
277
1151
3025
1886
1446
4211
2900
2143
1094
2758
4721
4189
964
4692
179
2913
3169
2480
3697
1952
2157
105
999
488
1341
3565
2041
2139
4885
4215
2019
2748
3619
1602
1157
3108
1052
1149
1762
2617
3036
1994
2293
1225
68
2042
1555
4245
1660
4587
1548
4581
975
76
3144
1560
3427
3906
2004
4585
1899
2406
2440
1948
1255
1728
3831
3073
2057
3443
1911
3720
618
1310
4046
2117
3845
4646
3355
4792
846
3348
300
4445
1732
51
3005
874
2338
4219
2110
4206
2550
2466
3199
3766
1898
1079
850
228
2085
4669
4233
4857
2866
1914
1699
1048
235
1751
3556
2039
1347
1811
297
2501
2889
2185
2457
353
3761
1775
3722
856
1917
3503
3741
2365
1554
4230
3658
972
419
411
2258
2101
4699
4205
791
1317
1693
1647
657
2031
3243
4768
4740
943
4545
1656
1036
1703
503
320
3481
2174
1311
954
4455
2372
4833
2146
4785
40
1832
2708
3209
2161
454
4307
722
2527
2155
2815
3385
3120
4537
2451
681
1100
2865
702
1825
1397
3567
1112
652
4175
2983
1110
4853
3866
3275
529
3926
3368
1388
413
937
1184
3727
3507
3139
1860
4127
711
3798
4772
3584
3712
1945
564
3857
4024
746
4704
655
2682
323
3126
2895
1137
2664
425
2464
4240
1947
4323
2975
2523
600
1798
2481
4593
4332
1038
783
1268
4694
3698
4788
121
778
984
3551
4402
745
3376
4221
1764
3570
2768
1171
2623
1425
176
2718
4088
82
805
2794
2094
1878
141
2000
2423
1318
1058
4222
3118
515
1199
2169
2310
3212
4640
3027
2254
838
1739
1194
232
4306
4034
2361
1355
1462
2183
1818
1424
2835
820
886
393
2669
1780
2509
4535
476
3944
456
108
4092
762
4347
2198
789
4098
2319
11
1138
3068
4892
1278
2902
672
1944
1905
2025
3202
4110
2587
700
3828
3281
669
2362
119
4361
274
2926
1396
4561
2842
3195
1633
4562
215
1587
1231
392
27
3948
752
1810
2591
478
2694
3790
909
4274
4569
4041
3902
2485
2545
2151
2180
2331
3320
563
3787
921
4529
969
1212
3256
913
2542
4591
2594
2411
3804
723
2126
2933
2123
1027
597
6
1061
1449
4603
2911
997
4358
2571
3767
2578
653
3039
1467
3737
48
318
4077
3180
1609
1950
3305
3210
340
4825
4781
3932
2961
3434
1215
2415
4510
3561
2727
518
1724
3861
2717
766
3833
1168
474
3536
4227
268
1049
3340
2686
4542
4597
107
4616
2824
1983
2573
4642
4152
3435
3568
1426
2873
4594
2709
2784
1694
2554
813
1476
1158
2558
2953
912
2252
3426
2535
3061
438
3956
609
2882
3258
4080
1055
3820
1354
993
2095
3983
2728
2142
4750
1603
3009
1296
1808
3882
2838
3679
459
254
1920
303
3878
676
1550
2192
4519
4045
3459
41
4791
1549
1264
3688
865
3259
2570
1663
4764
3681
3916
1041
1612
2888
2438
187
932
251
4564
357
278
1717
1463
2771
2280
1923
610
4145
1374
328
781
3341
3689
1962
3301
2854
2476
3217
3035
2420
3572
2115
2955
2560
784
4557
3046
522
3920
3260
1210
1083
1017
1403
1723
3228
3588
1244
3995
4003
145
8
4850
4197
4012
80
1978
2210
2876
1106
1444
1846
4198
331
359
1915
486
1187
13
3082
3321
2427
3756
3496
1610
2226
757
1063
90
84
4435
3941
3161
966
4713
3931
4004
59
4143
1918
1976
4442
4147
3935
4281
2688
1673
4862
4643
439
2488
477
4668
1117
715
2074
3416
2741
4598
2054
1372
4458
3145
3667
2756
3014
3045
391
2268
1238
58
568
4299
4448
3669
2751
26
4177
3772
1897
4120
1293
4827
1173
1136
1626
717
1748
1025
2432
588
3074
1854
1477
3079
4800
4681
4573
3783
2556
855
3699
3791
3433
1737
774
859
1785
3895
819
3381
4121
2948
455
52
1806
3672
20
3726
194
1213
3939
1086
1346
1217
2312
3477
3758
1454
3295
4414
4746
2627
3154
3624
2096
1756
4683
1735
3943
2271
3884
585
4237
360
603
1727
3779
4001
689
2907
1599
468
1315
1147
1686
2334
1222
1714
2080
4243
2145
1099
3262
4567
4580
795
3738
3010
3966
557
4787
4865
315
1604
926
2181
1035
3380
602
4479
1103
3174
1592
67
157
2005
3397
1959
1980
4350
4794
1648
3099
344
1352
3373
442
2923
4241
2205
3754
1636
4429
505
3629
3646
18
4645
2248
646
4391
1930
772
47
3456
2856
4386
1929
3705
3763
4717
1485
4398
3770
1773
2774
3562
1743
2705
1637
3100
4364
1045
1211
1252
1010
3342
1627
2461
2302
2675
1260
4896
2348
1885
128
4714
1054
3220
4015
1257
1105
2894
1925
2833
1541
2434
3621
2699
4570
2055
2853
1845
4812
4248
4114
1301
2132
3987
4048
3089
3843
1263
3314
2506
4736
767
1394
1030
3647
3972
4886
2249
1857
1512
1709
3197
354
2213
1543
876
4789
2209
2597
2297
4571
884
490
4500
4501
3263
4195
1142
822
492
665
4524
4474
990
327
4244
139
3278
2622
3575
250
342
4090
3598
3954
2390
792
1000
2628
441
2837
1302
4473
1314
2583
4049
916
43
3936
4410
2128
3744
270
3907
3921
511
475
532
4264
1323
893
2871
267
233
1286
2330
4799
2064
3620
287
733
2950
512
810
3735
3714
4817
3853
1679
815
828
3532
279
1844
4308
2298
2403
3650
2419
3162
1883
2079
166
4728
2891
3529
4302
2697
2890
4286
4273
3521
4278
2588
4534
1578
4097
309
1827
3582
3428
4216
1981
818
3984
1779
2896
4612
111
1539
1758
3015
3515
1538
1165
892
970
4062
4336
1188
3064
4196
2569
3394
4756
2441
3764
77
1417
262
198
2288
721
2220
3351
3836
3106
3653
2847
4246
431
2429
950
2859
4688
3084
1617
4633
3947
106
2133
1226
1039
2522
2413
3887
513
1725
3668
1678
1822
3524
633
3233
2677
4164
1964
1339
4536
3743
301
2393
4502
1817
3155
2642
3750
1993
310
2783
2235
1322
4463
4179
4007
4873
4467
2564
4807
4340
1588
2342
1753
1096
904
642
4821
4282
4126
4408
2887
2430
593
3315
2563
260
2880
4112
4025
4596
4482
1966
3896
3869
4677
4729
3303
2416
2801
4864
1570
2653
4675
4422
1840
1247
2001
2468
2408
3211
2668
4119
986
2082
2738
2632
4017
2424
101
3424
2043
1486
594
3659
946
1901
1258
1683
3830
2158
1455
506
1453
4584
1205
4181
2109
1175
4697
3847
1251
46
3687
3164
3719
2567
3452
4056
147
2968
2572
3863
4530
2073
1786
2084
4100
3871
1145
2241
3899
2190
312
3885
2410
4490
1192
3805
3554
1369
4558
3218
2014
1557
152
3000
4257
1611
3450
1381
3121
1639
2090
407
2053
55
4623
1677
987
1067
1375
2559
1304
4351
1335
3826
2674
1665
255
1279
3977
2147
2941
1801
3937
915
4727
2521
3994
3033
335
551
4083
2114
1716
1942
4171
2029
718
4439
3625
140
1880
1097
1029
3130
2935
2918
4708
583
1841
91
930
907
3517
3167
1628
102
1866
4239
1884
4421
1416
1155
2326
2144
2233
2704
208
1193
4294
4532
724
1007
19
3198
2516
1316
54
3261
1859
2295
1088
4134
4235
4389
2313
1537
3839
3185
3993
750
3495
1126
2130
2170
4319
3580
2037
2979
2662
1350
2482
1568
4072
3509
1345
4104
3696
1558
2737
1146
3117
2262
193
3651
38
640
4170
2698
3370
1076
2844
1401
4559
339
1528
2363
3879
2207
293
2366
1676
2765
1113
763
2238
4774
978
3439
3614
3423
3867
2168
1661
3627
4679
4454
811
3182
2582
4626
479
4132
3242
974
3101
1295
726
1421
870
3406
3740
3801
3112
4723
4137
1008
4589
1228
4629
2456
434
3873
2267
4805
3706
2320
2136
2113
2861
2914
2279
4553
2316
3480
2529
561
3553
205
1682
4416
1516
3974
3476
4139
4279
2395
2656
3193
658
2638
1619
2291
3499
89
3181
644
760
1050
2225
823
1234
4801
3192
1893
4680
4079
1520
4311
707
143
785
2050
2680
4348
1864
2156
2862
4153
1121
171
412
3807
416
3415
3768
1294
4368
4624
3248
364
3401
2398
4731
740
73
4339
4395
1265
2208
2360
1988
4000
4446
2426
3649
1492
2202
1216
4381
4234
3545
2099
1565
2978
1998
3159
4575
2356
3049
631
2191
3013
4759
4614
1080
1405
632
1456
2035
3587
1851
4489
3003
1802
2229
178
498
2388
484
4166
4363
2246
3760
4797
877
1166
1689
1340
4155
273
3387
4428
759
2218
1597
1356
2821
1249
3094
1598
992
2093
3345
2515
3178
4716
1274
1843
4178
1466
3544
319
184
4060
4844
3975
3862
4141
3773
2028
839
3739
4493
2792
539
1154
801
2245
3990
1135
3605
3470
210
4309
2512
65
863
374
3949
4832
1132
3733
3069
2557
1026
2328
341
4280
875
1506
3168
372
2624
2990
2259
2568
3523
4476
889
4337
4563
3875
4229
1325
2402
1579
96
3834
3250
2637
4665
4709
129
2561
2119
1635
1985
4819
4023
4374
3555
1398
4579
370
1788
2504
2773
2116
4210
4157
1820
994
881
737
231
377
1413
2910
2007
432
4169
3707
1361
3042
4151
3483
1378
1591
1143
2643
172
1876
2654
3296
814
2256
2266
948
16
2026
2020
4405
367
1406
3176
2932
3367
3436
4650
4741
3844
3527
4033
4515
1848
4283
4881
3850
4285
1935
239
1624
3032
4380
542
2851
2725
2454
1459
1668
1903
552
362
549
3018
4847
2086
2988
81
3838
2836
1730
4752
2925
355
3724
3607
3347
2936
2083
2449
3913
2690
3986
554
3004
693
1181
2834
3599
649
4424
1333
4190
420
2641
4895
4552
1229
1089
2780
2754
2746
4105
1534
2336
3492
2305
960
3313
1164
371
1306
2993
4019
3541
1575
3742
1484
2548
4649
1858
258
769
2061
4118
2018
4453
3344
114
1816
1594
957
2973
2289
4214
3402
3818
679
2325
56
3300
1435
435
3829
1057
3203
155
4123
2883
3409
1016
60
2077
782
35
428
3494
4870
1650
3358
1060
358
1123
4854
4509
3708
3782
524
1200
2785
4326
265
3257
1585
1664
1968
3363
1518
3985
734
4125
2514
336
2596
4574
1156
887
3769
3020
494
580
1970
4117
4634
2479
1189
3277
2652
1133
212
4267
1064
3293
75
747
3796
1312
4547
1031
1004
247
1595
3728
2159
1500
1919
186
4094
2015
2716
2845
3384
2056
4016
1622
4102
1075
4635
4577
2341
1781
2422
1655
3153
32
2182
1124
4144
445
4013
4549
464
2503
3267
4872
3657
3047
2179
1681
2314
1809
2800
3215
1946
4572
2581
243
1704
401
2032
1984
3543
4383
4863
4140
2695
3388
3549
450
1227
3230
1659
4313
2333
471
4172
3685
2819
1297
1348
1674
3982
2352
1787
2919
2809
1833
611
4028
1407
2474
3232
373
3874
1685
3062
3998
3752
4327
2122
4255
4074
236
3718
4054
2726
3092
2321
2991
1218
1776
1498
3113
3792
3641
4586
4606
2097
1729
540
3716
3794
110
1631
3485
510
1613
1995
1623
2045
4044
2092
3163
3317
4304
3372
1719
1607
1812
78
4400
2317
1996
4397
2874
313
4376
1307
3399
4662
911
3855
3478
697
2386
466
1019
363
2912
1842
1153
1344
1360
4527
3806
2069
3142
4460
4848
1524
1034
2733
4889
3577
4625
2831
83
79
3359
3813
3136
662
1439
324
919
1440
754
4523
1130
2253
2376
808
1510
3244
3105
2593
2576
3329
656
3070
1921
1442
749
858
1383
4431
4168
833
2927
1614
3797
4546
3356
213
2520
131
3087
4884
2524
3467
3800
448
3765
699
103
4507
523
3017
3851
1102
1821
1415
165
4541
3308
4158
3189
2555
3383
3962
2499
395
625
3997
947
761
3430
2739
1443
4039
645
1882
3802
4659
2598
2541
4451
2822
4334
2286
4066
2827
3268
183
3316
4057
1169
4330
4556
1711
4329
1178
2129
2532
397
1291
3661
3971
3458
1630
3096
4087
1289
3747
4184
901
3748
571
4894
4355
3366
2309
4654
4682
4667
1874
2742
3271
4820
2167
3437
4328
3525
4767
3115
3952
1937
1321
1125
2511
1527
2458
2495
3877
4648
1408
3272
3137
4689
2264
3749
2589
1502
2538
1320
1233
2236
1629
2789
123
2634
1796
3102
2710
765
1409
4437
2428
1745
3336
4647
4622
1873
2614
2138
798
4845
626
4456
1616
1782
2206
1890
790
7
2414
4753
2276
2960
4412
417
742
2127
3593
1909
824
4470
116
1481
1904
3216
4777
4407
3799
1024
592
4360
4528
2022
3980
1107
3825
2508
1797
1508
127
4693
2437
403
150
4808
2444
2442
62
2544
4191
3109
3557
4343
1576
3632
3590
3285
2153
3676
222
4754
120
2380
3134
4289
2283
181
968
627
3330
4804
3454
1365
4006
614
3078
266
3841
3973
1932
2199
3190
1807
225
4201
4855
2068
2098
1186
2963
4038
2489
2186
4512
2870
2349
3730
284
3306
920
4831
2392
2354
4875
922
4686
1402
4758
4263
2469
2273
4108
1546
617
1092
4186
612
885
3444
777
1638
3252
4615
4779
28
3280
3604
3393
74
4078
3505
3143
2609
2227
2002
1584
1517
4212
3148
1072
2691
1799
2820
4242
2633
3958
3404
4664
3246
2684
115
4384
4762
4481
3702
3596
337
2687
4142
1973
753
1938
673
2712
3511
1201
4260
424
3715
664
350
447
709
1924
1221
3922
2766
387
3547
1337
3205
1608
830
4627
3418
1734
4883
4841
1006
400
1253
21
1305
237
3107
3665
671
845
4468
1353
4829
3451
869
3686
604
3868
902
2904
1747
3310
2051
4047
3928
2757
4876
4417
696
1179
4732
2173
1090
848
1769
3808
3745
605
174
2269
2463
100
1243
741
334
2908
2881
3292
3463
2987
4423
4043
4712
1468
1838
3123
3674
460
1562
1975
3290
738
1438
497
2750
3945
375
1209
404
3778
2467
93
3513
3204
2221
1849
827
3187
4378
343
2683
2786
2547
3146
691
0
1582
1707
2021
3221
3591
2003
1131
4695
3717
2304
4637
2375
3395
2261
1731
1159
4342
2120
4657
2685
1671
4701
3273
1971
4461
2296
736
4122
4099
837
292
698
3969
4621
4835
1963
2274
3441
1868
2387
2671
3516
2502
3988
3999
63
1384
4333
650
1967
112
3024
804
577
126
3331
3793
1400
851
4660
3057
2665
4103
2995
2679
3893
2977
1053
4503
4867
2405
3860
153
2391
2353
2660
4630
280
4726
3821
3128
4496
1479
3811
504
903
2040
1672
3751
550
1862
1805
4806
945
3642
4259
1690
2107
4813
3125
3398
449
2903
941
1020
1532
1847
4011
3898
437
3445
739
2867
3291
586
2989
4444
1028
3279
3208
4816
573
4040
647
595
3396
1308
4566
4776
281
732
2763
2999
1908
3085
1111
2195
160
2798
3165
952
4232
1331
1219
606
164
1040
3968
209
3612
329
2546
3929
4297
1429
433
860
4370
967
3729
3486
3734
3623
4869
3413
3695
2813
4652
908
2562
4605
4317
146
3361
1777
3186
508
4419
1561
4272
2852
168
3419
1392
2257
2237
136
894
197
1483
1792
4814
2850
3116
2389
1447
199
4525
3611
3466
1823
1795
730
3886
4393
2121
3465
807
2595
2997
1198
4403
821
2711
1241
4051
4786
623
4075
1162
2603
2775
3781
4387
1740
2282
3026
4163
24
216
2860
1910
4089
3421
4262
207
3510
2322
591
1720
1863
525
2335
469
2811
928
1896
2721
1469
2934
1913
956
1488
25
1134
2197
3224
1552
1645
2937
3533
2646
2187
3854
2371
180
1434
3912
4703
3091
2344
3298
94
770
637
2536
2492
1208
275
1152
307
2059
4182
2610
4305
2787
1987
931
4226
3455
4651
2418
2431
201
2965
2023
4464
973
1634
2435
816
1954
3762
256
3678
1472
1605
560
4469
2957
2767
3299
1684
1167
3918
1204
4866
1071
4420
2251
4180
2681
2956
1589
2659
2446
4187
430
3191
3942
2105
4009
4071
4353
3114
1641
4484
4369
756
3560
3622
1956
4856
2176
802
1207
2930
3531
2723
151
2292
714
544
4735
2745
3337
423
3219
659
797
755
2008
99
2496
1871
2046
4851
2163
2893
537
1701
2897
2222
2135
2599
705
3468
4373
1033
4859
3264
1653
2607
2732
