4103
973
2715
3607
659
3424
4412
2755
908
3421
2312
613
44
4803
2217
4025
1463
2877
1113
2599
4847
4409
3891
2857
2656
15
2902
4712
3228
3386
993
1741
3800
3257
1970
2209
3993
203
4314
4650
1204
3907
4358
394
3522
4220
1141
2511
2179
1421
3830
3946
3527
2120
1718
2862
4610
640
1714
603
3267
4352
4475
1286
2486
1843
362
4137
710
102
38
4826
430
3948
3187
1138
3327
4810
90
728
1271
1061
4519
281
3224
67
3240
1116
1797
3216
1200
1028
2861
4317
525
4182
1768
2566
4751
1129
863
1671
4567
630
1457
2232
353
1883
3120
2749
4174
4246
2783
3283
4846
776
4135
1673
901
828
1685
1253
2073
4170
497
2382
2459
4664
644
1723
3130
2007
2530
1806
2284
3258
3519
1503
4848
1984
1413
3807
1691
1534
2205
2084
4037
188
73
3481
162
4581
3778
3281
4764
3075
2544
2932
772
3309
4895
1029
3944
3667
4720
2747
1460
862
1587
2693
2754
1163
2270
1669
3919
1031
2328
2777
3152
1929
2064
4524
1926
3067
247
3098
889
1803
3461
2156
1617
4779
485
3256
1287
1015
454
4042
1800
3026
3501
2061
280
3974
3191
1044
1871
1540
1693
3744
2121
1009
894
428
530
4889
4740
1997
4045
2139
2565
2203
1220
20
3445
2222
1189
1551
4583
1756
401
2427
4691
2760
3366
4843
1125
3541
643
2515
1791
1007
1898
4631
2122
2028
4166
990
4046
1035
3369
258
4613
4075
2744
4161
615
2138
3476
1879
1872
3728
1030
1878
309
2635
4789
370
2141
1410
2135
3263
491
2653
2446
4027
4711
1277
2432
2104
1481
2424
4131
3881
650
3166
313
2835
129
3618
2684
2231
1777
2296
8
486
519
1172
2043
1279
4008
1046
688
4674
4357
906
2352
663
2439
4793
509
1151
1594
2019
4145
555
4299
3597
4680
1787
1112
3235
4251
4774
1415
2402
897
2881
2275
1490
446
2448
2000
1218
3925
2898
3500
3477
4584
4709
3521
106
103
4318
2525
3608
4820
1695
1661
4337
4285
2329
476
4728
1681
4379
225
125
738
4184
2025
3962
4687
2387
92
4116
2272
2278
681
4112
1329
1268
3539
3896
1430
677
3145
1321
3665
3824
3180
4405
412
2978
1472
2454
3034
2440
2880
493
1894
1998
1979
1710
1423
2801
3284
2197
4361
2679
3151
1464
1604
2551
1002
3225
2765
3641
1177
3460
506
1101
2588
2411
3158
3342
3864
3787
268
3629
629
2212
2526
1010
3991
669
2003
1659
1055
1032
1297
1105
535
3364
3326
1342
3611
2654
2484
2814
3602
4242
3160
1988
2343
832
4439
406
3972
3483
4433
4164
2908
3333
387
3048
2647
72
3156
683
4487
774
3826
3255
3997
1948
2911
4797
3921
2751
3044
3546
2337
4893
581
3013
1792
3842
4149
2419
2342
2916
3311
171
4506
1744
601
3654
3869
1331
1131
504
682
1300
3732
2264
2816
1176
4101
895
4814
3115
3672
1877
1305
2997
4028
2782
3073
2119
4073
948
2973
231
534
3707
4578
2126
3133
3773
4341
3023
3738
4390
4140
1070
1692
4402
921
4877
590
308
1618
2211
4518
3400
1496
1322
4713
714
3810
3781
767
1123
2529
3300
3331
4234
1582
4110
107
1428
3505
3968
1157
4746
2685
429
3064
411
2723
792
1839
1168
4066
1469
515
567
1225
1142
2596
1314
930
361
2906
1272
1863
3675
2386
98
1644
2980
1887
344
1706
3566
3573
4001
524
77
992
3961
1445
3423
2433
2109
4824
2545
1323
2351
3194
2347
1224
1250
1318
422
356
1003
1808
3980
4657
172
4422
1269
1052
4758
2996
1392
4010
3765
2227
2333
1397
4772
2243
2875
217
3690
4621
4780
4257
686
4326
4129
3609
1037
4187
4280
3561
4549
2130
675
809
2094
3755
151
13
4715
2806
1380
3904
1536
3035
2884
4024
1525
2263
2652
2740
4649
2317
3949
620
2943
3039
2193
1974
769
2850
1798
2634
3205
4757
3571
4235
1047
88
3245
2501
3827
1369
1244
2535
49
2592
1986
2726
1920
2447
546
1514
4548
1162
2373
2128
2787
4311
3895
3484
3953
400
1431
1387
821
780
4698
315
4151
1820
286
2080
731
2281
3466
2649
2819
1045
160
2431
1349
3368
539
294
3793
4146
1334
116
614
4853
3913
1867
4147
1442
1214
1930
1307
1153
2468
2688
233
1940
3795
2697
3325
385
3640
4678
2420
736
3979
1267
3590
4168
1832
523
2987
2683
1687
4221
2608
3360
1519
1875
1707
3387
4302
2405
639
2354
4498
4563
4798
1011
2831
3321
608
1021
2988
4554
289
4393
913
4872
3335
784
4471
1357
3661
2113
759
2154
3051
2824
2945
934
2730
2770
1497
2540
2796
4512
3742
2315
826
751
927
3184
483
3695
4735
261
4098
3663
4325
3780
3747
2546
853
4188
3832
3344
3847
2822
3649
3748
1399
2630
2612
1501
2496
3930
2410
4645
2644
3550
4389
183
1609
37
3069
998
2363
3868
1473
4388
980
3185
1215
3270
68
4290
2230
1378
2294
2152
4708
2944
3249
36
3006
2429
3242
283
2982
2651
1622
2500
4102
2338
3686
4298
3749
2159
1914
382
3613
2706
2095
2499
3701
2995
3450
2507
2483
1012
1429
2145
2020
1048
398
1862
1
2516
3900
307
2925
1364
2720
169
955
4321
2214
265
4094
3598
4552
2742
3988
3942
1725
2615
1804
4106
4338
1675
1480
3889
4115
1978
2355
3901
4156
4175
409
331
1280
964
1679
468
3131
3392
3909
1672
312
3182
827
1382
3042
3817
2927
3542
3792
2321
1033
2349
4071
2082
3856
4262
4441
4599
2561
1649
1160
647
2475
2428
2603
3788
1202
4004
229
4769
3911
3260
3208
3752
3287
431
1034
2206
4002
2395
3934
3413
1432
4550
2841
4434
4414
4520
3136
147
2632
1677
179
254
3043
2077
4356
1539
1489
658
1327
314
1701
4784
2163
4119
2594
3083
1222
717
749
3415
2994
2974
2150
764
3576
4130
1542
4455
2010
1859
2993
4020
3079
1652
753
1567
82
2098
4804
712
3157
3164
487
637
3985
2798
301
3709
2261
1310
2741
3456
3004
2057
2079
338
3196
3809
277
2118
2903
1243
825
2637
4874
4750
2236
2267
2710
968
791
3142
4646
1964
3444
2250
2856
855
101
3109
2992
4123
3422
492
4431
1554
3696
4306
3831
2018
2038
2677
3648
2757
4597
542
53
4658
1876
2712
4677
2872
3976
2115
1903
4343
2574
4021
3929
2295
1164
1544
2065
3126
3719
1167
3540
3096
3086
2659
4675
4865
4705
499
2070
2224
1999
3303
814
1259
3468
4654
1726
3893
2309
2620
4107
2613
3025
2869
838
1232
2194
1256
1040
295
4277
1246
3451
495
649
1252
1508
3616
115
4544
563
1772
1438
1400
276
1778
3849
3882
3910
4525
1394
1946
4633
2252
1645
141
667
2184
3110
4293
549
3189
2764
2409
671
3754
3937
1278
4369
2017
2575
4582
3851
4198
2976
834
81
335
2385
3594
1057
2180
3818
4183
4394
2009
4504
2453
2366
196
1816
2438
2336
4806
2624
1109
3967
3610
3437
3892
1637
920
553
3332
2456
4111
511
252
813
2784
1312
4052
330
4681
4304
1856
2097
4138
76
3147
989
4501
392
4331
1022
4891
3875
856
2220
1754
75
2707
262
4080
742
230
2866
1954
594
434
324
1181
3535
1458
2345
818
3111
1509
3702
702
1549
154
2117
1546
2100
4565
1147
2334
1656
3288
1838
3859
4695
3998
1051
3186
4738
317
1209
1143
426
3395
3564
2158
1923
379
3520
3858
1370
1922
1802
3438
2016
1573
2503
306
3371
4763
4216
852
4180
4729
3924
3149
4268
1386
1241
1905
1106
3662
2623
1152
2938
182
3673
962
3617
3865
2174
78
1207
4362
3383
4551
4259
4618
3724
3637
3016
4850
1550
264
4428
4777
3041
1949
3743
2187
3458
1646
720
500
861
397
3918
4718
3169
415
4399
2591
333
4255
3286
3019
2788
4542
672
1161
4189
521
4733
1640
4766
120
4227
2673
2292
923
3823
376
4635
1108
819
3933
1166
128
573
1263
1414
2626
2986
1908
4616
275
2569
423
4240
4218
4157
4598
310
1568
3722
3786
1614
2805
279
1790
3139
1017
3407
1666
1381
1543
1436
3970
2701
4875
1638
4286
3756
4600
3324
3684
3011
3275
4710
2778
3101
4397
3118
1700
810
2648
1354
744
2495
1100
4651
2201
1302
652
2645
2022
1982
3222
3703
2265
1090
4491
829
3884
1625
1136
1779
363
3345
4854
3854
365
157
2049
4546
218
2979
595
2809
1065
2479
2595
1050
2078
2791
1590
4692
210
1091
1906
2682
3941
240
2175
2223
4776
2642
918
4545
2371
1786
598
416
1483
2802
550
1580
1304
403
3348
1409
3710
4879
1064
1958
4627
323
452
944
3198
2040
4580
3589
138
135
4882
2257
4476
816
754
4048
4873
2378
3375
3358
2541
4426
3625
3733
2443
3414
4836
2089
805
2578
3954
3528
213
4416
2847
2583
1631
1326
533
3833
4529
87
3516
4231
4038
1350
2998
364
4056
3584
4739
1635
1670
34
3343
170
2977
4453
4833
3308
3074
3943
657
3393
867
1133
2168
1564
531
2481
4659
3022
1575
2277
1520
2611
4300
3886
2148
3593
2926
4667
4012
1828
2374
127
4386
735
2494
1107
797
836
4033
3232
31
235
425
1891
3739
4834
651
2192
4249
2789
479
4067
3474
2301
3174
799
2828
3163
907
845
1757
65
1199
2966
4662
2780
2300
4459
1612
3312
2619
1191
2636
4737
3816
2820
4039
1537
2210
1219
585
803
2975
785
2667
19
1096
1654
3960
3799
1338
1651
1888
4634
516
1149
273
2381
1249
4143
4006
1084
40
1896
4190
2560
52
3894
297
970
665
2753
619
4861
1311
3496
2318
1094
1005
1511
3676
3714
3455
3759
2935
2103
3276
3322
4730
4122
2014
3815
1705
3430
4683
2234
4869
1853
4896
4226
3339
352
876
2964
3490
726
1498
1812
1814
3951
357
716
3569
285
4359
3558
3835
3873
1586
857
4468
3950
2894
2676
4884
3268
662
2498
518
1284
4515
69
1371
2874
732
879
1374
2717
3487
4370
2375
592
4719
449
3471
2380
3347
4782
3879
1518
3359
299
1389
4473
4614
2001
909
2843
2196
4624
4461
237
3768
70
291
24
4773
1059
2348
898
1780
28
1794
3553
3172
545
2614
2482
4253
3124
3173
830
2767
571
574
2759
2124
3352
2398
2617
2556
2249
4844
3285
3906
3449
71
144
1056
2059
3958
4493
2622
4377
4531
208
7
1058
2474
1097
2878
3052
2557
1745
3518
4527
4330
3497
1205
3
914
110
3525
2543
935
4023
437
1019
2838
4263
2598
2096
3088
2136
554
2008
1533
2390
3547
3127
4446
1512
824
1346
3878
3588
2769
4040
1592
501
1709
1563
1975
849
3630
2171
2462
3802
3646
1683
1468
1643
965
3297
2680
4287
2362
4500
4822
4141
3210
664
3867
459
2521
1620
2833
79
207
4059
391
1682
2237
1854
4305
1317
482
3877
4867
4885
840
1860
635
4310
316
641
1715
2972
1420
4693
4589
498
661
1229
1285
4655
3595
3753
798
33
844
609
3627
245
691
4258
3825
654
1734
3219
1211
3731
3635
161
1572
4117
4176
347
763
3272
250
1120
2779
3507
2738
4329
666
1711
2167
3634
2478
3596
999
1653
4858
737
2610
4573
3730
4332
3811
1137
1190
4507
433
83
3669
722
1043
1759
632
4835
1359
2303
890
267
1633
4208
1023
1193
3914
4415
4686
136
1485
467
4604
1081
576
4195
3723
602
4062
4068
2177
3659
45
540
3119
2602
1655
405
4090
274
2169
3887
3054
866
2306
1639
3622
3955
114
4266
4007
3291
679
1087
1817
3606
4838
762
4342
3935
3726
2582
4642
2666
4486
2836
3498
3470
74
4671
3314
4022
976
4380
1404
3757
4095
4385
441
2573
1932
952
3926
2053
3121
2489
1753
2493
953
2461
1098
3029
436
3433
1226
4365
322
282
848
582
3631
878
975
2093
4099
1319
469
870
565
2882
3578
3908
4219
4396
3621
1738
3866
4413
1362
1530
3259
1074
1408
4070
4767
3560
389
2562
2056
2166
2072
1306
3170
1230
2365
1435
2640
3860
4523
2958
1173
126
2901
3774
1433
2039
3411
3804
266
2600
3647
3956
1967
869
877
1212
1899
1596
1470
164
787
1724
130
517
4254
2490
4230
60
3677
604
153
47
1593
1752
580
995
1610
3782
342
3510
66
2406
4376
3822
3047
2718
685
41
2670
1233
3499
1686
1049
4018
3615
1236
1148
1283
1782
1674
2274
2341
2590
1632
1845
1827
1373
925
2852
272
3176
189
3708
1557
4452
4312
510
788
3397
2564
3912
3081
292
1941
3050
3735
3475
117
58
257
4194
3204
3982
139
2844
209
4892
1020
4173
1953
3591
3834
4818
3072
1348
4477
256
269
1122
3246
1928
2523
1262
4223
329
3305
2840
1165
490
2105
2775
113
1186
238
528
2970
4878
2671
700
2968
30
2616
4744
2323
4689
591
2713
1850
4443
2641
4222
2743
336
1332
4089
3279
3405
4391
1944
513
2587
2618
1751
4316
1524
1343
3760
388
3107
2195
163
1115
4494
3024
2325
4201
1996
2928
599
2464
4887
966
4233
1942
1624
3410
3791
2101
3574
3378
971
1265
1467
3416
4043
4526
3302
105
3230
2863
2952
1739
3517
1099
4228
4256
4592
4590
886
3897
4144
1295
4595
960
226
2665
1366
924
977
2434
1626
1036
1690
4449
730
2522
684
1822
1722
1510
4400
4609
1815
2655
1650
2933
559
104
1175
2235
1789
3215
3736
465
3718
936
1132
1989
3432
2068
1893
214
4771
3513
2913
242
2851
885
2488
4647
4696
3418
1042
4707
2157
2099
17
4378
63
2834
4535
4398
3885
4470
2931
846
1014
1475
3233
2763
4243
4418
3138
2417
2045
2923
3776
3295
3644
2173
3076
756
4011
4801
11
478
3446
4152
2827
3623
4217
3478
4193
3557
1290
4250
3549
3538
1487
2146
427
4197
2690
4229
288
2397
740
2830
883
4558
358
1761
4841
4670
178
2423
4510
4661
4084
626
1796
148
569
3643
1201
2889
1368
3870
3940
4150
200
2074
372
1721
3080
1506
723
1235
2086
232
4754
4212
3737
1242
4866
4430
3036
508
1579
1601
2399
1904
3063
1746
1008
3511
900
4069
1911
4060
842
4124
3376
3683
2331
2238
4890
4450
3764
1783
2965
4003
4842
2577
1502
544
988
1581
4762
4722
1231
1237
3515
4271
1089
1951
1238
2137
2063
4741
2542
2985
2959
1352
168
2900
4700
617
2241
3614
3179
1441
3504
2817
3838
2512
1182
1288
1127
2981
215
2554
579
1018
4065
2161
396
2102
4629
837
2254
4734
1818
912
3381
2917
2416
2273
4540
2165
25
2960
3691
1069
3503
1921
4307
2936
414
1749
2047
729
3049
2991
3009
228
4088
4371
891
1353
1187
2441
1071
568
3491
4557
1398
2792
1925
3155
933
2286
3212
293
3296
981
3583
4704
3543
2291
3808
2555
942
660
1861
4839
3898
1696
3642
2692
3391
4163
2067
2299
3963
2473
578
2950
4770
1844
3939
1434
2132
1437
4411
1156
4202
1616
2864
1345
4364
3195
1188
4571
4133
3148
2123
2517
377
745
985
3361
3969
3380
1874
346
3341
4660
3492
986
1558
132
2186
3227
3636
872
3784
355
705
2240
733
3568
3031
4333
4702
2279
4349
3370
3819
2370
739
2509
2368
2800
3220
4717
1766
3261
1000
109
2854
1379
146
4092
3766
2425
1848
4335
2570
786
4547
4282
1418
4019
3548
2259
408
919
1184
1466
2888
2435
939
1532
4466
1842
4297
3062
1983
3575
3447
3123
695
2327
3014
4421
3772
1076
4870
586
1993
4214
1347
623
191
3117
3317
634
2897
1913
4427
631
2147
1762
413
1234
3105
2131
2421
3053
4553
4082
2335
2853
4083
1126
473
3947
3612
3125
3783
860
4057
4488
3175
2181
4205
290
298
2955
2129
1293
64
3229
4447
3454
1486
3134
2709
124
2873
1615
4374
1916
4725
4786
366
3717
3978
2604
4047
390
450
2518
3473
1254
3084
2815
3251
4669
2675
3697
3740
954
4860
2821
2060
4538
278
1216
734
1728
2383
3318
4136
3721
1770
2724
4284
4721
3250
1121
4165
223
2750
1118
21
327
1124
284
808
793
2155
241
3509
4726
624
55
4160
1577
1294
899
752
2092
3401
2455
3106
1476
4108
2930
1513
3264
4035
4373
4238
2253
4521
2384
2510
3843
1608
2466
4437
3253
4440
4490
3729
905
3032
1340
3846
4749
1488
648
1114
2041
4706
3745
1315
3211
440
4586
2422
3071
4462
152
3572
596
687
575
1479
2774
1446
2766
2304
438
2956
3857
3266
2625
1699
4566
1093
2271
1504
4350
4555
155
2002
3122
1776
3408
1973
4054
2372
4511
888
1516
1868
761
4464
611
2357
1140
463
3058
2922
3577
4005
2204
2689
199
3313
3565
4775
54
1758
4139
3363
89
757
2026
3812
1210
4408
4273
2708
3820
706
2633
4186
39
2282
4417
4142
4505
668
566
1873
2369
1765
3420
1158
3252
1360
1324
1697
339
3144
4429
2954
2870
1119
3448
2550
3469
2415
3803
1526
480
645
2848
2476
447
10
1328
1960
3137
4420
3853
4894
384
1826
1453
2660
4372
1450
690
4014
2691
4508
887
4605
1583
3977
3028
2396
259
303
3382
3046
1760
95
2140
2058
670
3840
2929
577
4278
606
143
4347
4334
4759
4497
673
758
3085
2661
3694
3582
3797
1599
4058
1763
1192
4209
4672
4701
1880
678
3112
4752
704
3425
514
134
3713
3082
782
502
982
2949
4159
3338
4606
4309
4620
3357
622
3698
4260
4537
381
2030
4172
4348
2285
3916
3750
5
1990
4532
2607
1667
1289
3143
2172
1531
4533
2989
4113
4785
2288
2643
3436
1313
928
3480
1079
3715
1425
2215
1134
3248
1658
1274
1406
2860
484
3995
2467
892
1641
850
4516
1676
2191
1344
994
3746
2297
326
1665
1482
3986
812
2302
2442
3372
3761
3482
587
2585
2044
2004
3206
1275
3534
1628
4472
3316
2050
2669
2367
3805
3880
94
1505
3365
3141
1976
2160
1333
4756
3693
724
4576
3165
2307
3706
3351
2401
932
4410
2571
3135
4684
3485
1292
4289
605
4294
2969
903
3506
3682
2239
1810
345
2786
4812
4308
2520
3087
4199
2183
1660
496
3320
3959
2605
2646
4211
1991
1439
3536
4438
1365
4541
1719
1642
1144
3814
839
3007
1603
2725
3340
2198
556
621
2394
2054
721
1957
2344
195
2628
1704
588
1465
3994
1559
334
4432
2414
3957
822
2527
1384
1866
4353
2066
166
655
3199
1301
3922
4153
4502
610
4241
380
2260
197
3639
2353
956
3299
341
1947
1565
2133
1663
1901
2698
3770
3100
1444
1363
1545
593
4407
3581
1870
916
2319
526
14
1727
2907
3290
3457
2593
4148
4424
4628
369
4787
2485
3685
547
2213
847
527
3650
2178
4556
3385
100
2904
386
3154
2572
2948
2107
2042
3192
304
718
2506
3243
4081
868
896
4639
2785
4871
1196
917
4823
3033
474
402
4694
332
239
2732
646
4248
1835
3989
3319
435
3150
747
1227
4499
1179
743
4608
1454
4731
2568
1907
1529
4181
3167
3771
2879
4679
442
4079
1824
2668
1351
167
3091
4799
1159
4207
3404
2905
3116
159
3813
1890
3658
193
4016
884
1086
2733
4688
2953
2287
701
2339
3066
2081
1145
4032
1492
2340
4745
4085
3362
3417
904
4086
4755
4155
676
3587
3983
399
548
481
2127
3604
4570
4880
1584
2458
1892
2069
1585
4192
4125
1793
963
607
4344
4811
3310
1602
2531
150
987
4120
3601
3883
2672
958
1335
340
407
2110
3402
1729
4404
2083
4626
445
3767
689
2389
4026
3346
1735
4564
2090
1261
1636
1060
1774
4640
3307
2714
3821
696
1720
564
1062
3579
1128
3379
2276
841
3017
2055
3293
3508
1130
270
1956
3848
2537
4796
3000
1630
4206
2305
1395
2255
2823
2519
1075
4753
4319
1538
489
1303
2756
3828
206
4100
775
1561
1552
244
3095
424
768
4064
3845
4158
4485
319
1730
1239
1185
1548
911
512
2941
778
3555
2818
2532
1178
4465
3600
4479
4460
3863
1647
4053
2867
804
2189
642
1939
2580
455
1831
3055
4638
4829
305
3238
3928
1139
50
558
2914
3262
2006
4383
3638
4474
4179
477
858
1555
1945
937
3027
3045
3670
584
4454
2711
300
99
915
1006
3699
557
1589
4808
4244
3502
2176
4301
3493
2200
251
815
1001
4543
4534
3020
4375
2939
3763
3852
833
770
2971
1085
1367
800
368
1851
3207
3725
4127
1784
1393
612
1968
1895
831
2202
3705
4324
3999
2032
4328
2842
3377
1886
3057
2052
1027
4093
4381
419
2412
3700
2629
4463
873
246
4132
1836
4881
4017
2984
2361
4513
1291
4366
46
2773
3097
1072
3902
2298
551
777
3223
3213
536
2727
2062
2403
871
4827
4444
3001
112
4185
2762
1522
3841
2330
4072
794
2957
1569
3443
4481
4478
4445
1969
790
4832
108
2153
59
1358
2376
3419
2703
4315
1933
1668
97
3917
3374
2808
3114
1376
4575
1245
118
2228
4104
1013
636
3936
1915
1562
3890
4272
4
2218
3712
1813
43
503
4055
3652
4177
349
4530
4815
2910
4210
2426
902
2216
4617
1689
2909
1716
4087
4572
1535
2915
3552
4788
2735
3465
1248
538
1841
2046
1495
2664
4384
3624
1309
202
1865
1846
3796
1748
1426
3544
1203
3061
2825
1383
961
1298
2505
2621
2149
3512
2326
1556
3089
4121
2921
3794
3964
1403
51
2576
969
1206
1419
2553
451
1266
2311
3078
1155
4034
3221
4126
1771
2242
2771
418
471
3741
27
1805
1260
22
1606
1811
4623
1528
2379
3554
2807
633
692
1104
1515
2951
1919
177
2563
2023
1213
1591
2813
2937
1731
3146
1066
3090
1183
1422
367
1931
3271
3010
2858
3632
4354
287
4288
2795
4652
2037
2794
4458
321
3462
2885
3162
3488
2606
2125
996
3435
2772
1889
1494
1388
1330
2262
3070
4794
2868
3353
1541
2199
2631
458
4856
494
910
1570
18
3927
2358
3981
2702
1547
1605
4883
541
4403
2005
1980
522
3108
755
1527
2940
2310
3874
4169
4668
3412
2609
1764
1775
2388
62
974
4495
801
4560
781
1217
4742
395
4091
1412
4849
1809
180
1825
3915
470
4619
4015
2144
3349
4320
715
4128
249
783
4245
1578
4831
4345
811
343
3193
3704
122
625
3354
1416
3472
3231
4528
4732
4264
3975
2268
2248
1478
271
3674
4269
3030
3292
713
2256
4611
2719
2029
181
3399
3183
1517
1077
4569
1452
2024
957
4859
3453
520
198
3367
4760
583
1417
3237
4036
3015
3396
3350
3239
2699
184
3806
1477
93
4716
2729
219
2134
1240
4281
823
2162
4862
80
931
1950
4096
3666
3973
2886
2837
123
3056
4723
1088
2087
543
2471
771
4000
4483
192
2251
2108
475
4360
2190
4213
3129
4050
3628
1972
4845
3992
806
697
359
212
3592
4204
4267
2589
176
351
1900
2811
760
1447
2314
320
4863
854
2316
1607
2947
4363
3306
142
1273
2990
378
4888
1961
61
1702
2829
1847
1095
4821
4118
628
3241
1611
4593
773
383
1733
350
2705
4562
3945
1092
1402
3524
4876
3315
3716
4517
4480
2225
3567
4077
1966
864
2051
263
2480
2552
3018
2694
2445
4031
4577
23
3298
2492
2584
3556
3159
4296
201
3599
1281
1038
1869
3301
3586
1500
1150
4637
882
699
3171
3531
4768
3217
4078
140
3388
32
4367
1680
820
1917
1025
3389
2430
2322
3065
6
3903
3489
2258
2170
1747
4097
2413
3533
1788
940
311
234
1801
4196
1634
1198
318
3277
2451
2437
2151
4292
2638
3406
941
1698
4663
1574
2182
1623
1755
1952
3214
410
2346
4632
3373
2716
464
1934
3200
2208
3428
4051
2728
3605
3177
2283
85
0
2280
4467
16
572
2392
4225
4778
1884
2142
627
4813
4291
185
1356
2290
1103
2091
4840
3092
205
4496
3278
91
4009
1316
1629
1174
2899
1484
4178
1111
1627
4368
4612
4435
2832
1375
1063
2781
96
84
817
2804
3494
2810
711
3464
3620
4630
2758
3523
1965
2681
1507
1834
3244
1943
2245
638
851
3789
2469
1385
978
3273
4236
1336
2962
48
3440
950
3168
1833
2289
2076
3304
3514
959
3850
4105
3132
3777
12
3871
3996
3987
3093
173
4727
1781
2320
3938
2721
4392
4761
3952
4425
4482
561
302
2601
360
2695
3202
3655
4442
4451
1462
1819
2895
1703
3209
796
4313
4076
453
2558
3905
3486
3899
1228
2855
2736
2883
4625
2548
2891
4423
1840
3439
1799
2963
1337
938
2696
2247
2536
3653
1247
2528
3356
1829
2768
1821
2687
3441
3254
1566
2942
1935
2233
2579
2737
2812
2893
1258
2533
296
3479
4469
4656
4703
2999
1427
466
1474
2164
2845
3336
1270
3289
1135
2761
2085
1390
3190
1257
2071
2650
2892
2924
4636
1401
1571
255
4303
4239
3762
1955
4665
121
2502
4596
4492
1795
2408
589
1523
4743
3390
1459
3711
1830
3060
4852
972
460
1785
2332
3094
1251
1026
4644
2013
4594
2890
3529
3077
3559
3104
421
1995
4252
1897
4615
2918
4247
2658
4682
4355
3727
2739
3280
1684
3971
1857
4387
3836
1073
1912
2734
3681
2034
1339
488
2639
2790
3463
2686
4215
4456
2048
653
86
2219
1852
865
2075
746
748
1717
3563
2627
1276
552
4828
2983
3844
3203
2674
4030
1732
3197
9
1102
2961
1078
4484
1694
3965
4346
443
4261
505
4203
1083
3876
4574
1621
2547
439
2514
4807
1767
2246
1080
1355
190
1987
3294
3532
1712
4283
4825
4049
4336
145
562
4351
1977
2143
1743
3442
1662
4522
4339
680
1440
3002
3394
3633
3720
1054
4270
4802
56
2470
3785
149
2581
4279
1024
1411
1588
946
2871
3678
1082
4489
456
3671
709
2487
174
1146
