1002
3864
1327
896
987
777
3697
1888
3076
2178
3170
2454
412
4722
664
3220
4354
4640
45
2150
4010
173
3931
1469
1765
1212
2251
3308
4727
3758
1221
1458
3407
3858
1128
1337
1060
4739
4319
2398
3093
15
2522
2912
4495
4170
4656
1079
891
2326
2728
3242
1602
2160
4665
2179
3621
1243
4271
4153
1270
1056
1732
2238
2094
2415
4411
2054
3644
1125
1857
1962
4008
1638
751
1160
1904
1855
1853
3771
27
296
4740
2734
3541
1881
4023
2161
4574
440
4566
2335
866
53
3387
403
1868
1894
4147
4687
345
4058
3738
2490
4141
1794
174
4239
3989
3841
4698
4219
4110
4801
3902
1953
3856
3765
3563
319
1618
3996
421
992
4277
3970
51
71
3540
2751
4889
4499
1526
60
2159
195
3097
2585
4404
567
2568
308
2387
295
2800
904
2479
258
2722
3730
1421
3887
3326
4766
2746
3994
686
3530
4460
4012
3824
3945
108
476
2243
2995
58
3859
1809
3433
1034
2310
4408
704
3252
1465
2140
977
2147
2003
287
3951
3187
4850
3315
995
4157
2435
2596
2452
4135
435
3179
4201
3269
3089
4124
3740
865
2162
1617
2814
1766
88
4182
2835
3204
4836
3819
1758
1217
3515
4371
2087
1847
4808
2486
1558
2359
1279
3035
4563
1370
3172
4827
2508
3047
2457
4679
1143
2068
1348
309
4682
2233
3385
1494
164
2790
3475
1001
2274
361
2375
140
1711
3684
3904
3333
2534
2640
573
1463
4049
4770
4255
4759
3108
2210
2668
2383
4840
1774
2451
394
780
85
1725
2650
737
4768
1009
4208
3319
2885
434
3075
3054
3218
3249
1762
2146
2266
104
4694
3801
4370
2341
148
2660
3538
1028
3057
18
2156
673
3592
4594
1414
1985
4188
2865
3717
578
742
4303
2690
4491
4550
3721
1675
2894
2552
2643
4704
4202
1655
3966
3369
1591
3543
4236
1652
3014
3251
3552
3457
1482
4793
74
106
4028
2174
893
3280
3932
3466
3356
1364
3444
2521
4868
4558
1780
998
1174
4421
3614
344
4721
1615
1488
3619
824
1598
4610
2264
209
3184
677
1563
4020
739
418
2303
2184
3284
800
916
4464
4281
3450
2427
4441
4732
1471
1051
4654
486
1467
2123
4254
3474
1564
621
3689
3102
554
1791
3208
4025
286
1058
1672
3321
1267
1950
4874
2910
3337
178
3309
1873
3416
4186
725
2922
3155
1424
1314
1294
2904
2494
4875
1720
4849
1144
158
2333
571
3886
2762
4760
4828
1124
4223
1867
1313
3509
1546
3632
283
2848
4389
1814
4678
3336
3025
1800
143
2988
685
3353
4001
437
119
1956
2069
4628
2322
1435
618
1699
129
4199
2715
1233
1607
2144
2847
591
2942
4074
4383
4754
4006
1300
2422
4260
2277
289
317
4213
4242
2308
953
2053
1368
4437
1537
2556
2533
2866
3866
3800
248
2058
700
2854
3424
87
2365
364
3604
1105
790
4705
2
379
392
2886
3921
1859
3379
3091
4695
3557
3501
1545
2256
2665
1147
2948
2044
3171
3460
1927
2423
715
515
3185
3918
4064
668
4481
2101
4707
3401
194
3229
4658
680
1788
2778
4892
226
3247
775
3944
3795
169
2686
845
1539
3502
4050
1120
2553
699
1885
3278
4034
1620
2972
225
598
3613
1713
1914
874
1897
1042
3635
2344
4307
4045
2212
2903
1081
3669
3776
1682
321
1022
2261
1415
634
4313
4427
631
237
1392
1334
3969
4615
846
2472
656
4652
430
2470
4608
68
139
150
871
3490
2493
242
884
976
4842
2822
3734
2461
4479
372
199
1502
1136
4621
3350
3031
3103
2794
823
1712
294
761
1470
2796
499
605
4274
2764
351
1388
305
2779
25
580
447
4043
3779
3063
4120
2496
1172
822
4047
4613
989
3329
819
2297
1236
1761
4264
3272
786
4463
1381
3200
1772
4712
4355
3039
9
2502
2163
2621
1562
4062
323
4588
2916
4871
2712
3791
3983
4261
1518
3331
4002
4848
2825
4145
1455
98
1132
2538
4595
4533
1600
3617
1446
553
4482
941
3115
919
731
2462
2618
807
3815
3070
942
3253
2074
3650
1196
2227
3228
3351
4334
2386
849
1006
679
630
2780
163
951
1442
910
4189
709
450
3394
4099
2915
2708
4625
2744
457
1657
3126
2107
1073
1396
927
4397
1854
1452
2273
4792
3673
2287
4590
4311
422
529
156
47
3504
2402
2726
357
1107
2700
4744
4296
3037
4506
3849
1631
2919
1190
2875
4764
402
494
2009
1371
1122
3044
1275
1286
246
1091
2613
3381
2455
4338
4717
4735
2526
4521
271
1987
1789
763
1812
2252
3988
2604
3458
109
3936
1100
152
1390
204
2753
789
1840
640
1266
3957
2955
4256
4811
1104
1972
3546
2954
3459
4215
4096
3188
2667
2743
665
4676
3361
75
1876
915
4835
2368
4603
950
2685
2464
506
2624
3372
4690
4797
327
1405
442
691
861
2220
1622
2595
975
4007
2033
1145
1255
503
4209
1296
2035
180
4877
1316
3903
3478
2471
358
1065
1460
3950
2481
4172
4244
4809
841
1760
2914
2563
4056
1704
1403
3151
4785
3928
1456
2982
2923
2282
2295
3688
770
3568
3244
3948
1822
1567
2964
585
4251
4451
1486
3594
4015
1171
2466
3100
1010
1555
475
1304
1952
1895
2777
3712
2477
1891
3664
1996
3182
2008
502
485
1474
1677
105
4009
907
3507
4017
4818
2187
2395
3508
2374
220
1575
479
1597
2786
1186
4579
2434
4751
3225
2832
3744
3558
2949
1021
2658
4473
4266
1852
4125
3118
4686
2268
1487
3731
1594
939
281
4478
4435
172
2935
2190
232
2842
2004
2240
484
2198
253
3049
3718
2946
4581
33
1947
3707
1204
3059
24
4683
2361
3672
663
371
62
3933
1019
2771
2428
4368
1185
2819
3736
1406
4505
4376
3243
3096
3055
277
3352
2258
2818
456
3226
1254
1436
2834
3386
4262
4077
4231
4791
4597
1473
2692
716
3176
3560
3130
141
125
4391
2070
192
2019
1889
587
629
1476
4614
1593
1322
3472
1126
1990
1942
1547
2928
1743
2809
2332
1505
64
970
1959
3821
4152
3874
1925
4378
4185
3899
2229
4329
3790
4084
3828
1612
2774
66
3486
4221
1230
3360
2034
4108
4648
3598
511
3907
4556
1924
2317
1483
2128
4245
815
4250
3847
52
4528
624
2175
3649
2516
2561
3917
2393
4548
4341
2076
1318
4163
3113
3870
1839
2546
489
1336
962
1997
3685
2941
3193
2385
2519
210
639
1338
3696
2482
4061
4038
3367
2892
2279
1152
353
2260
4805
2225
2152
1500
1510
666
4459
3678
3396
1606
2677
764
659
4369
4148
3469
4861
3168
369
257
2645
3178
584
20
3223
4838
4456
908
3906
2022
2567
3930
3405
2614
2911
3339
2036
2443
2362
4183
3774
3814
1933
557
4761
803
42
3645
3901
3292
2541
551
2763
926
2275
2104
3778
4217
2605
2600
676
4653
2067
1936
2223
2381
2449
1138
4452
4164
221
583
610
1536
1101
4216
730
3480
3348
2880
3551
1335
4178
4146
2090
3751
4455
4578
2907
2143
3279
3287
2301
3733
1426
4568
2016
3304
3811
2669
1799
3750
4197
273
2536
2812
4065
3415
3117
3653
4306
2172
2608
3027
3838
134
2511
1863
1480
3848
4377
2257
2588
1995
1448
3577
1965
4230
3839
269
3597
2406
2682
1290
2598
3590
1738
160
448
1324
3638
4363
2843
3690
3975
1499
493
2424
1084
1402
4483
2433
1748
151
3666
3802
34
1693
2958
2342
661
4580
2638
4248
1192
2698
1269
1973
2775
779
1257
3175
490
1308
3833
3550
2120
2465
1071
2696
1992
1164
1793
2938
3692
4853
214
3017
732
1548
1262
1478
3924
81
847
2824
601
4322
622
2587
251
346
2642
2079
1818
2991
4708
3658
2460
4041
3889
722
3803
3984
3618
692
4730
3073
3797
3845
4286
4412
411
2606
4493
3378
77
3854
3043
2186
282
504
2164
2215
4160
4294
3873
525
3578
4600
3106
2420
2836
3436
487
3148
3473
1608
2737
1673
512
3167
1086
2444
934
4577
1183
4344
4393
863
322
4406
1920
2382
2066
1376
4638
2929
889
1838
991
1640
3701
4585
2116
234
4790
1434
352
870
3357
1242
2126
4798
1702
4501
2337
3976
734
2396
4667
1400
2176
2649
4634
516
207
3145
182
2889
272
3437
795
1531
4883
609
3135
3982
3384
2346
4193
1710
4504
4800
1023
3846
4161
1350
2855
2338
2530
469
3668
292
3529
370
1943
1372
4826
4359
1328
3245
83
747
1166
2528
4778
2416
1280
4725
1485
2575
254
543
4513
2298
705
2989
1951
2241
4681
1153
838
2024
2844
4664
1506
1966
4512
2309
1532
3700
4312
4659
3255
1921
2062
1551
1139
3293
2250
3861
3194
1801
1433
1083
3169
3548
3968
138
575
3131
233
1014
3745
155
1911
4611
2811
2064
3020
483
1689
4090
579
84
4052
3533
759
755
2300
3452
1887
1118
945
4832
2978
4169
1666
1156
1030
4417
792
4207
2939
2925
4151
4112
2372
3181
4133
2431
2761
4646
3640
1740
2529
459
4617
2203
1520
2717
3389
4866
1613
4633
2110
3390
3359
2673
398
1170
3683
3909
2934
3973
2193
1507
4602
1945
1380
3676
1387
4299
1374
974
1783
4604
4601
451
938
4837
1440
949
6
417
4175
4870
1999
1910
655
117
4476
339
4511
3691
4774
597
270
1651
1222
4748
4324
2052
2627
3042
2437
894
4395
1362
1980
3302
675
4529
3581
4542
1733
4847
1205
1649
3423
3487
391
4777
758
2947
3763
438
1670
4649
1148
102
2441
2168
1184
3399
2850
633
337
250
4468
2571
330
1797
4228
4488
930
355
1080
1641
3851
1347
436
255
236
4622
2926
1757
2080
2930
2740
2063
4822
3703
1815
3196
4095
3742
781
2513
3180
1744
2629
3101
3661
3173
867
1639
2514
2918
1576
1795
2121
2153
2617
2369
2390
1596
1585
528
1099
3572
4098
368
1786
4443
404
2697
1691
1140
507
2962
3807
4733
2228
2681
3705
1332
2048
1723
3161
2255
1816
2899
2450
1870
4503
617
4787
2707
1429
1979
2158
4779
2795
2456
3048
2637
2122
4374
1578
3593
2921
2327
1970
1714
837
3915
1311
1900
2757
4674
2358
856
2823
1519
473
315
2971
2628
1513
1404
3371
1252
3365
393
4076
206
1802
2754
446
1224
3817
1319
2092
3003
3004
2704
1605
3260
2182
3325
4143
565
1375
467
905
4232
736
3639
1048
2237
3026
3355
4003
2557
1445
3201
2623
124
844
1219
1944
3481
2626
3888
3034
3880
3434
2439
4206
131
1724
4671
55
1792
2798
3879
4856
3202
4591
1053
1361
197
1572
2134
3124
1790
4237
406
2607
880
1763
147
1256
329
980
4554
878
3030
4392
2046
1587
1858
2574
2194
2259
107
1931
2539
3642
2937
3606
1844
303
2349
3107
1584
2510
3699
2817
1245
4486
1623
724
2112
219
4155
1877
606
513
3273
1359
881
2313
4713
135
1072
4553
4224
1062
2438
797
1771
2244
3620
1883
1398
3852
3586
4803
3876
1754
1439
3268
2612
130
2870
1628
1542
3943
3813
1645
3402
3485
935
1496
110
2296
3203
681
3912
318
825
2666
4162
3427
2987
1240
231
3934
1413
4449
177
3783
4757
572
4526
2459
2578
917
3769
2394
2969
3643
3584
2793
3066
3449
4571
1344
983
247
3964
2861
1941
2769
4510
4453
2360
1041
2205
2125
1182
3143
37
533
342
3217
3925
4285
1175
1464
1011
1462
561
749
2118
203
1684
1958
3072
623
4799
3137
3720
4598
2232
4385
2816
2833
3633
4384
2306
1178
3773
2209
4569
1043
470
3923
1922
882
4114
820
3198
2299
2890
4187
922
3324
4776
1330
990
4509
229
1103
3603
3553
4518
788
2037
2425
2339
850
4872
3114
480
671
2320
4321
4093
2580
4235
2284
4741
2148
2770
1211
1698
3212
1621
266
4881
4876
4559
3743
2191
4168
1923
4539
1165
1729
2189
356
4416
3062
1331
2002
2887
923
17
2957
4771
4775
1428
1719
1533
925
4192
3150
592
4819
1810
3140
3166
2102
1102
2723
1367
2518
3116
1610
745
2005
4247
2410
302
3535
4433
1232
1287
122
853
2487
4257
4372
7
2882
3681
537
1180
589
3186
1759
1461
933
2851
2503
3798
2269
3295
3012
4814
1647
4087
2550
4289
316
4489
3099
145
1098
3314
449
4780
4465
4309
1220
2543
2351
1756
2810
1582
3855
4226
202
3837
2709
1432
2558
4693
2548
4380
582
708
2760
3971
2196
1916
4029
332
3723
1832
1669
857
4063
2050
3667
1627
478
35
746
2155
4288
2132
3090
2724
4158
4685
4543
4176
2211
955
103
3521
3216
4167
4632
3735
4831
3561
13
1737
1449
3962
1353
558
1329
2622
3804
3300
670
3354
474
2117
1930
383
3587
3088
3995
2879
612
3979
2838
984
2564
1244
721
3127
712
1197
522
4117
2562
3914
4731
1530
2706
1133
3199
2597
4750
4362
2032
1752
3919
2353
2905
2086
2639
495
4027
3009
2959
1123
4498
4458
267
4845
2371
2527
1696
325
2340
3637
519
1879
3522
426
1872
4106
3068
727
4508
674
2082
224
4205
3144
2057
65
544
2913
1694
312
4860
2720
3935
39
3125
783
514
4118
1573
445
4173
1096
509
1586
2953
3582
1550
3084
3484
3898
1683
4060
1261
3092
1341
611
3222
2027
4211
3605
217
1969
4670
1386
2389
3310
2430
4375
2242
3496
2756
4159
2145
3991
4051
2699
3482
858
89
2871
1251
560
3233
649
3261
1305
2985
2676
1527
1662
3693
4439
4314
1310
1111
3987
8
4635
2318
2828
3238
1070
1849
809
3518
336
2307
4305
733
3340
3282
1169
1955
897
3142
3510
1146
3809
4716
4000
4204
2315
808
4267
3023
1200
54
2997
497
2900
3503
833
791
4852
834
2888
1974
3213
4399
4536
3881
3380
1438
4343
4136
4878
63
4445
2130
532
1538
1281
3860
3454
1595
3328
1674
1040
463
4418
3439
3953
3532
1521
3623
4710
3591
3531
3445
2944
3710
3575
1727
1892
4701
1063
2129
1742
706
2891
3682
1552
2474
3850
3417
3327
2619
179
3732
4379
492
3376
3022
2226
3432
1026
1278
2411
2379
4758
2328
887
3041
1282
1898
4586
4301
4582
4259
767
4816
3406
4184
1391
3456
2208
782
647
3349
3709
1484
3285
2056
2473
1057
798
3024
3149
1110
2951
4719
256
1692
696
966
132
213
2445
200
1288
59
1301
2883
4032
2872
1315
2207
429
4419
1141
555
626
1668
762
3711
1247
616
3977
4072
1498
1273
794
4115
3493
433
2727
635
948
2981
4122
1934
3629
1817
2183
2136
947
4227
2501
2635
2559
3992
4325
653
3746
768
4315
2276
1039
4783
3320
1154
4360
2247
4862
405
660
260
1157
625
3471
2895
4763
1905
97
176
875
4121
419
2432
2906
3836
1193
113
2616
2099
3574
4086
594
2073
2960
1735
4078
693
187
1829
3346
562
1580
913
2047
3719
4241
662
3544
1831
2998
3421
4283
1836
1991
4660
3985
3183
3435
454
2547
2970
530
3570
1964
3893
1475
1907
3305
1764
1850
2565
1492
1312
2782
3657
3615
1481
2693
2137
4295
1508
1127
3294
101
568
4440
2549
2599
840
3283
3317
3368
818
2010
2705
2808
859
1291
3248
170
1837
2133
4054
4113
2352
2577
869
1716
3298
4272
1075
3413
3554
3805
423
4650
1342
3363
4711
1658
1529
1173
3820
843
1385
2657
3739
300
3291
458
1811
517
4551
4643
4552
3772
2963
2670
1690
462
4830
2367
1199
3960
1708
2355
535
1874
4807
570
2419
2391
510
3465
2248
872
239
93
2214
1271
4661
2876
3913
2397
4804
2185
1781
1968
341
4073
2384
4345
4318
4555
2648
702
3078
1751
3111
4538
3477
2231
3786
4019
914
1893
4040
92
3926
3191
80
632
1861
3890
2815
3665
4747
3079
3829
3330
2078
2271
2093
1213
3589
3271
390
4540
3313
828
1490
2029
4035
3420
4651
1939
1906
1978
854
3946
682
2797
946
2620
599
1093
313
1880
1721
564
4304
1176
3232
3120
2537
972
4523
1571
3210
268
137
4825
4156
3001
3920
4647
3231
4480
4522
3565
2509
324
3737
772
4039
1259
2413
4684
937
2113
2294
3766
2343
1635
2902
2933
1457
637
1700
2977
892
3862
2325
757
965
1988
2525
126
3109
2507
3488
2846
415
304
1703
4347
2272
3053
2731
2630
3929
4238
3868
441
4102
2329
265
3374
4353
2634
4461
2877
3128
1842
2400
4609
4742
836
2072
1807
1017
4150
860
1052
4333
2908
3136
3343
4639
2725
297
428
314
2742
1241
4402
4423
2166
4854
3494
3464
252
4405
2589
2845
3195
2858
1784
259
4290
986
3153
3322
4109
4515
1352
2999
924
954
3038
2007
802
500
4390
3152
3607
228
380
4466
3942
3447
416
3257
2141
4428
1960
2749
2979
1423
2119
2655
753
2688
2370
1377
4843
4784
895
900
740
4316
4431
466
981
4279
3105
2201
1534
4014
536
615
2286
1218
3462
804
717
3383
142
1495
1516
3959
689
3086
363
4802
4031
760
291
1833
672
4699
2363
2570
2091
4196
4729
1129
190
159
4720
4154
2806
1142
3005
1875
3129
3032
2081
2732
49
813
1284
3990
1466
3426
744
4079
3077
877
4762
4198
3911
57
4753
4519
1976
2500
3905
4013
1408
2662
4706
223
1309
2524
374
4447
3393
929
1407
3045
2216
4599
4220
978
3080
4243
4475
261
4454
2075
3555
1092
2281
902
1541
4021
4350
826
774
3491
464
3000
1890
79
2586
3159
596
4276
2758
2654
3016
3516
723
1077
100
1416
2324
381
3727
3414
1263
952
4657
4644
636
1477
785
2579
460
3254
4083
542
812
2554
898
2014
2380
2331
3505
2222
386
186
453
2776
4253
498
4388
3461
2018
1701
3395
1181
3571
4782
4246
3999
4127
527
2111
427
2544
552
1108
1528
669
3425
4446
311
3654
1177
784
1718
230
1206
2059
4636
2167
299
2399
4415
2453
3479
2100
2429
4749
4225
3708
1025
538
4795
2711
2560
1549
3442
1215
3095
1581
796
3764
2077
4855
1418
4212
3514
3162
3274
2417
4607
3967
3160
3941
4218
4234
1616
4487
4046
2765
1819
3877
4105
262
366
1717
2719
1776
2042
4308
2689
2001
128
1798
4462
46
3716
531
3303
4342
1472
1268
4869
1397
3865
2497
816
4895
91
2249
657
4132
4190
2653
3241
2984
2418
1393
2752
2262
3741
743
90
1033
4400
852
1274
4737
3713
2378
3094
4823
3219
2357
1068
2108
3662
4884
4448
3812
3897
3307
3978
347
4882
4812
2105
1820
3215
3573
2088
2663
389
1929
331
2852
335
196
2468
123
4557
3754
3364
2791
1688
620
1265
2799
4879
340
1946
2311
2388
3656
2495
4645
1824
2015
10
4055
2254
3624
1827
2966
2218
4517
4865
2012
274
4756
667
766
4018
3831
1514
279
1235
1497
2878
399
1753
1869
3082
1194
2000
1189
1046
1767
604
2990
1216
2647
4203
2802
3972
4477
38
4103
888
198
4037
3674
4229
1366
1340
3192
787
1770
432
1223
2950
3468
1624
1264
244
1728
1323
1967
4434
3885
2884
3818
1078
4688
3110
2523
1292
4507
2267
2239
2392
1088
2827
2285
1896
4534
181
410
1903
4287
2881
2492
1069
2656
3323
1918
4873
2350
1566
2592
3611
1782
2051
958
4140
3939
4310
3051
968
2098
4596
3679
2414
2610
1739
3033
1601
3275
4348
4004
3061
4429
1948
944
2213
2840
3843
111
3448
967
4567
2675
1444
2837
4191
1808
2703
776
1285
3974
3211
1846
4620
524
4195
658
3616
4894
4351
4662
86
1709
3947
2476
4016
1468
1195
4123
3686
298
30
40
3835
2768
4424
1745
2291
3566
1161
4541
1665
3040
1778
1565
1540
4723
414
979
1167
3602
2065
4126
491
973
1796
1412
2856
590
574
1394
4525
227
3123
1382
3755
642
3785
2839
1919
1524
4824
3234
3112
4626
1975
4851
1736
1130
982
754
1203
1198
3534
1201
1365
1695
2932
3759
4101
720
4527
4258
1035
307
1678
3463
3993
409
1659
2499
1031
3163
284
886
4075
3064
2659
1383
3827
4724
1633
3154
1360
183
3028
1634
2165
4413
3895
3520
3141
384
1625
4066
2601
3006
2135
1326
4470
2750
425
4171
1094
2789
2085
3071
576
3659
2661
4414
1188
4696
1660
1843
2498
1983
4323
3775
1249
593
4887
4367
4806
4520
3784
2788
3451
2803
2936
1214
4200
4130
3267
3761
1234
3081
940
3894
4663
3497
4821
1343
1804
4082
3840
3483
2236
472
23
1237
4069
4081
1425
3580
994
4327
4893
4320
4263
2968
401
1089
2863
2973
2039
3938
613
1454
3680
3583
1501
444
4128
2483
2347
3608
3567
2801
534
556
1047
603
2469
3916
1
3922
4142
165
963
1351
602
1570
4426
1604
4562
1825
1317
3453
2151
3547
3825
1544
4107
350
3221
855
832
1044
4332
3010
2491
1686
3341
1592
3777
360
280
2377
120
2992
3677
801
3808
2061
1643
3524
2221
3019
3065
3205
3366
814
2651
1932
2448
4642
36
4669
1588
496
1882
61
2304
3810
2813
3262
549
3788
1358
1626
29
566
3826
31
2898
1998
3165
243
1909
1064
16
2965
1805
683
2739
3312
3663
2475
2583
3058
3391
3660
4718
1258
2625
3963
1614
1726
359
168
2421
3536
4637
3470
1451
2611
1431
2721
2031
2714
408
3882
2045
971
4292
4094
695
3230
2748
375
750
3871
2920
3980
1954
3694
1856
2292
3237
3636
3177
1583
2747
3297
1835
3986
906
2632
1005
3631
3542
3747
920
189
2868
3316
3276
862
3857
4841
3290
829
4570
4561
3634
2975
718
245
201
455
4174
1248
116
1479
218
2154
3956
205
1076
4469
707
4546
3513
3883
2181
4788
3083
2609
1437
1443
2348
2631
1228
2263
4789
3628
2505
3342
2283
4137
2755
1012
4233
3119
799
2615
2551
3015
1277
1346
1865
2364
771
1349
1730
2095
1755
3235
901
4709
4680
4284
4743
993
2083
550
2115
1681
44
4616
2636
810
3388
4467
793
4070
1008
2893
1553
3495
1226
581
3724
4576
3652
1379
518
1685
1561
1741
32
4773
2773
1826
559
3955
1949
1630
1003
1680
2356
2874
1523
264
184
911
1231
703
918
1632
2713
1574
1417
3440
2463
4891
3625
4048
4104
4864
4472
4641
2641
3937
1238
1834
2733
4560
4422
2312
2701
1061
1354
4067
2535
4100
3227
1293
1937
1024
14
1982
547
1427
3523
1971
883
2759
161
99
112
3796
2089
3
3961
690
4765
3770
146
1775
1114
1609
1363
1559
4033
4813
4022
1806
643
648
3256
2772
4116
2026
4592
396
4535
2594
3263
1522
2581
848
3965
4438
2909
2096
1113
127
275
1636
2741
2197
2407
4624
3757
11
3146
3264
890
2224
4373
4166
1106
4270
678
4490
4265
439
1828
2321
1208
3875
3258
241
2041
2603
1202
2952
769
1830
2199
2573
4119
3949
2672
1289
2458
2336
912
839
2084
4516
94
4734
3655
4846
3844
3842
2738
3816
48
2114
2702
3286
1864
1648
320
1087
1851
1731
2943
694
931
2849
2245
2171
652
373
3749
1298
3799
3526
4144
600
2188
3722
4138
4269
1131
3122
2316
1409
548
397
3345
4755
4672
2545
3306
1082
4549
2040
482
1378
1389
2572
4398
2783
1913
608
3562
2683
12
4500
2767
873
3651
1705
3599
1097
4346
627
4358
4834
1646
4494
4044
95
4844
4702
3270
3892
650
1603
1599
2246
149
4180
2195
4867
999
2409
4492
2862
1016
1430
651
586
4630
3288
2679
1926
1179
1637
3164
1321
3087
2280
378
3499
569
276
67
4857
26
2710
4769
545
1373
1239
4623
2204
1821
1994
4700
2956
1117
28
387
1355
2290
4564
3806
2131
1928
985
546
3822
1119
212
3695
4524
4575
4111
864
2049
1611
2219
1325
4689
424
3539
465
167
3007
420
729
2873
1512
2025
4366
4668
1845
3408
76
1989
521
2896
1773
3147
1013
235
4573
1878
4403
1823
2917
961
1619
3021
3069
1687
1871
285
4059
2021
4888
1055
2931
1447
3528
2412
377
4091
3289
2043
2860
3056
2149
1841
3780
2569
2829
932
2644
4631
4268
481
2330
1866
385
2097
4436
2646
4746
1090
3687
3884
1963
3830
1656
4485
1253
4131
2334
4410
3609
3787
1137
2366
4677
3476
3338
1556
3158
4858
1886
2109
452
1676
1535
2678
162
1168
728
1395
2405
1399
96
4340
526
1450
2792
1109
136
2060
4011
1908
1187
4619
3358
1785
505
2038
1306
2540
293
3910
4302
806
2288
1981
713
2864
1915
2127
1935
400
3569
3537
157
3726
4587
3891
4772
4387
4068
1734
4497
3377
1410
4275
921
78
3782
4240
3506
2784
3715
3781
2532
3767
3896
3596
711
3940
4886
133
3190
2694
899
2202
1029
3752
1339
115
4692
2023
4036
3958
1357
208
2766
2633
1032
468
3334
539
835
2576
1940
4335
1577
688
4337
2467
263
1938
3748
2967
1961
4745
2478
4273
936
306
3240
1225
82
348
2206
4181
4249
3714
2173
4618
3670
1749
3612
3375
3189
4715
1007
710
2996
738
2401
523
3214
4839
1722
4381
2785
3139
778
2531
3011
4471
4394
1272
3335
2993
4092
3545
4401
2901
43
2169
2020
1569
1067
1579
4752
698
2671
4129
4781
0
2986
1159
1489
3430
1560
4880
3585
3869
22
4339
2314
885
2517
4053
3174
3138
2857
1419
1356
3422
1491
1977
1746
3671
2924
2945
3492
3794
928
1227
1706
996
144
290
3281
2736
2354
2730
2217
3438
4450
413
4326
4336
2447
1650
3527
2253
3443
4386
4097
1984
328
3579
4484
3060
4357
3823
388
2192
2488
842
4736
2234
2403
2293
2820
4530
2230
3564
2781
3789
4885
2106
443
3725
2408
959
3209
3347
395
2787
4024
2177
3768
1036
2940
830
3549
4042
2520
3259
238
956
3036
3489
1653
3832
2289
3834
4532
4673
1149
1787
501
4444
382
