3357
617
3711
934
1054
1229
3264
992
4396
4169
977
2499
3211
2413
377
4787
4151
2702
3658
2509
3638
3409
3833
3679
1749
873
1365
549
2494
3733
1464
4556
4601
3163
1723
550
463
3202
1619
2826
4785
938
2541
246
1073
138
2033
940
869
2208
125
3790
3177
1646
4091
2537
725
1992
3960
1037
2021
4291
2937
626
3334
232
1766
577
4127
4751
4430
849
4827
1943
4467
4740
288
920
685
255
2121
1032
2370
1407
1839
1698
3786
2930
4536
490
1125
853
86
3999
4179
4701
1970
37
1120
4843
1724
2480
3997
2250
1316
1998
2651
1176
2948
1100
3637
2601
3283
893
4369
1545
602
4315
406
4267
4076
4677
4005
2382
2190
4266
4594
2326
226
1767
1558
4448
434
382
2019
3305
4227
4866
4049
325
4639
3510
1171
2870
1344
3881
636
832
4350
3273
4416
3974
3556
2997
2357
4864
1091
3445
3767
2818
4215
4415
1912
2829
4285
879
3671
3668
1976
4324
2100
1235
4212
4708
387
581
2746
2848
618
3985
696
1074
566
4488
1174
4191
1103
2878
1868
3304
2773
460
1044
2584
469
1993
3071
3521
2466
4097
3647
4238
2235
2419
3956
2409
2093
334
1860
575
1886
4777
4414
2703
2399
4769
1224
1543
1556
3785
3892
1934
2212
4855
2767
4044
1555
4476
2437
3687
3597
3050
3963
1489
1275
173
3117
184
498
1213
2384
2408
4582
1432
2505
1799
3261
94
2368
1070
2582
1203
1352
701
4857
796
2392
603
932
273
2448
3470
2831
3116
2155
1099
3540
3432
4062
1547
3518
3086
116
2563
668
1218
4340
2772
3577
4481
2868
2635
3389
1720
3538
112
3487
3356
2307
2565
486
2380
2925
303
3845
4834
2258
4183
2665
3657
2317
3631
3240
281
3639
3411
2426
2424
1011
1985
3196
4308
2260
3884
1918
1831
2470
3602
3949
388
3279
328
160
1127
3438
4749
3780
3857
810
3565
3813
4859
2147
2003
323
3405
3924
1843
4806
1971
795
4767
2836
1921
3255
3162
2825
3959
3336
2742
994
4370
3977
1731
41
2181
533
2951
2560
3568
2942
4525
2591
1620
4730
1212
836
4260
3034
739
1710
3741
4389
3180
3267
3351
719
4094
4878
781
509
718
1374
2532
1879
4025
2294
2640
3788
2125
4332
898
2433
1624
4254
1351
3945
3478
590
3916
1182
4074
2359
1259
3152
3420
1009
4231
3140
4673
2099
3517
4603
1675
21
312
72
2150
3456
23
3846
175
4410
495
3167
3604
4472
680
3879
899
811
1400
318
2004
4786
4715
4746
3794
1281
8
71
2984
2463
3684
1736
4728
1196
228
2570
3954
1241
1173
1204
1852
1379
2008
3749
140
4694
3544
983
4056
3309
2663
2230
536
409
1069
2679
1790
967
4408
4773
1655
1119
1188
350
3181
2982
1370
4649
308
2968
1680
3781
1059
3611
741
1012
835
445
563
3000
4807
4178
4002
1637
2479
2252
4409
3869
4112
4667
3294
4539
3186
2778
3689
4269
1734
4114
3969
441
528
264
4879
1386
3219
3645
4133
2822
2530
62
2379
1902
2261
1871
870
1404
637
2053
716
724
2828
2398
2891
3938
1681
2454
2107
3828
908
3245
4099
3792
2659
749
314
625
3739
3083
3802
3251
3095
4744
1622
4012
134
4360
3318
243
2475
2895
1050
1496
1686
2823
123
3500
2581
407
880
3643
2310
202
28
1094
4886
3489
3233
4704
1087
4335
4347
2687
911
4567
4421
3834
4874
1872
4032
964
542
3307
914
4447
1231
4519
3041
458
1610
4262
3291
2957
4259
3850
4742
3313
3609
4117
2611
1944
2882
2441
2245
2179
4283
3341
3705
3829
2457
3791
4500
3731
1504
2381
3203
2312
278
3195
3369
692
1228
3367
3737
1207
1947
1729
1787
2215
2887
3570
4726
1631
2001
1842
3840
4632
4365
2428
478
4652
2355
1862
3123
3761
1005
3995
2733
392
317
3716
1584
1376
4814
2055
4339
2440
3428
3109
4203
1661
149
4890
1783
2134
2105
2453
3335
2193
3579
2073
4007
4497
1201
2898
4826
731
1863
2465
1047
3692
2811
1132
59
3429
3119
2608
3473
370
404
3010
3359
2375
3886
4550
3648
1806
3661
3296
4018
2873
1206
4146
1546
2574
464
2757
1656
3057
4516
4592
3904
1999
3393
3070
4377
3078
0
3231
4764
1153
4622
3768
4731
1477
2629
1414
2688
2850
1410
902
1884
991
3574
4766
3627
1456
1668
1460
3200
2950
3824
711
371
1847
3784
1968
1092
3094
2852
2458
1136
1601
122
1377
2439
25
2274
1057
973
2072
2241
1211
4176
1083
2634
2719
3387
1822
871
805
4193
3030
1364
3629
3964
357
422
250
1303
1115
4061
4605
3688
1031
4145
1881
2335
4593
2672
3878
1754
69
462
2614
287
4803
976
1020
215
1089
3981
2296
4713
4158
1533
2924
4136
3471
2054
2909
4499
1865
1561
510
3504
3595
953
2007
3064
895
2539
3549
2765
2311
4531
877
658
828
1166
4078
2030
144
4075
3282
3502
2120
4457
4379
448
4343
1706
1931
4216
1959
2730
3913
640
330
2425
185
1569
2578
1627
1373
4641
2364
3457
643
70
4529
186
4821
3810
1727
2547
3859
1796
627
3212
2449
623
4219
3973
3158
2012
4892
1503
1035
4224
1651
3488
4564
1878
565
4252
1289
1506
730
4544
1417
499
2670
942
1679
1390
2971
4307
3246
121
4257
857
2298
154
1261
2098
34
475
2075
4419
2331
4736
785
61
2011
750
2188
3113
2902
2963
1216
4815
4294
2846
183
695
3375
1135
3422
2237
3513
2180
3340
1597
4372
3665
3625
1691
3352
2958
632
537
3258
1048
1293
1866
120
4527
2884
403
181
4548
1825
1053
1014
1027
4602
4692
2455
3620
2886
3444
2103
216
3673
1626
293
2244
4676
148
2277
583
1111
1740
2915
2259
3495
3686
4144
3448
4505
1776
1113
2493
3079
150
1343
1585
1131
2462
3159
298
4126
3628
3216
3160
1925
3635
168
4163
4893
4665
221
164
4839
3149
3848
2397
244
706
4147
356
1834
2290
2815
1441
511
4299
4591
4838
3085
3909
1922
1273
4082
4895
535
650
2956
3347
532
1392
1567
3932
1130
30
3912
1013
4755
4521
4186
2786
4086
1735
1501
1290
3472
4077
4195
4741
2278
4154
3462
1769
3885
4666
1084
1516
4187
3217
3929
4089
515
2606
2486
2875
1328
615
1938
2351
862
1010
2674
321
3390
194
2645
1875
210
3529
2040
234
3328
4326
2334
1841
2087
4275
2308
126
4479
1511
1773
2205
2943
3649
867
760
788
2488
466
840
455
989
1742
2666
1816
1459
710
270
3596
2119
3278
1088
4636
197
1243
1914
1920
1167
481
3855
593
768
3862
1493
2798
4822
1341
4711
3266
1793
2916
1412
4776
885
4057
990
2144
3851
4797
1403
562
266
177
2337
3826
1369
3120
1389
76
3796
683
2993
4166
675
3764
2289
1001
27
2945
2636
4552
517
300
2504
402
654
4159
1190
2605
3319
3693
1324
2561
4021
3875
3142
3782
97
3719
3153
1536
3944
3493
1052
2429
93
3975
4297
4629
1164
398
222
302
87
1008
1371
1969
588
4255
1979
1978
1358
2845
4698
2770
1876
1109
1375
3906
211
1548
1200
2761
1406
3700
1481
2497
4276
1072
2102
3703
1685
1443
3923
265
3633
1741
628
3773
128
4016
58
1465
3724
1670
4832
4205
1295
1151
1082
1598
2214
2314
1252
414
1703
3168
4382
3617
1748
4150
2893
2589
4835
4889
4171
1340
891
1098
2332
4207
3646
3563
2320
4249
4663
3740
4558
4610
1061
3130
3706
3800
2367
4310
208
1165
1721
1583
263
3239
3029
3571
1170
2496
2720
4860
2819
1270
4042
1391
4362
4390
901
1161
2032
3863
2705
1301
631
4625
4066
1409
4033
1476
1989
689
1038
50
4165
2118
373
3978
697
2985
29
4175
2047
3463
1604
3536
4080
3137
2874
2165
4304
4723
3302
3252
4716
693
3021
1187
188
1948
2677
2219
1097
4565
2933
2023
1209
1747
2934
4368
3526
3507
2256
4572
597
4734
493
3795
4707
3286
3218
2341
1820
2965
729
3650
2207
824
2995
1590
3520
574
714
2639
3040
2041
1439
758
3312
4684
108
3713
2246
1095
413
3105
2286
4288
1708
3926
3691
3951
3166
2741
269
2123
883
3157
2325
709
1539
176
3434
2202
3774
2686
2620
1105
2257
4660
206
1210
1079
715
163
4300
505
77
2502
1690
726
4624
630
1251
4693
2698
491
748
4451
614
1325
2807
3269
4847
4109
1269
4026
3118
4345
3937
4841
691
1883
389
783
2764
2676
2920
2556
231
4442
2287
1420
2564
279
2360
4106
2374
1964
2853
4562
3525
544
3189
4391
2536
166
2842
2285
2058
170
2352
4196
506
3814
1362
1327
3830
2506
332
4612
929
3704
3100
2559
4503
1492
620
1195
4302
3427
3272
4228
1282
3490
3972
2284
1605
2573
3345
4015
2421
1026
1081
2052
4589
1732
4048
3226
3310
546
649
465
2377
1595
4475
1338
4490
1541
3371
2922
1956
2343
2078
4286
3777
1398
3453
4526
2318
2817
1368
3222
1483
2491
1830
4598
4135
3823
4758
3068
4720
3384
2009
1495
3553
4682
3025
1707
2889
2305
2588
916
3943
4180
91
1163
3431
912
3316
2964
1909
1660
3715
4412
2597
3148
124
3112
3281
2174
4280
4685
3009
1380
4058
1042
4107
3027
2064
2133
1055
339
3333
3360
4508
723
1954
3607
3
501
1807
310
1227
4046
3097
3400
3697
1592
3599
2403
1945
1049
4583
347
1996
103
1279
4700
3717
4831
1258
2816
4245
3128
2664
2697
815
117
4812
2577
2911
4880
2871
944
1158
584
2316
2717
3760
3090
1966
2194
1198
252
4561
2793
1500
256
2410
2376
3247
2804
3028
2794
551
2616
2961
2037
399
4774
2338
2940
4642
1264
1924
4647
296
4384
4568
1222
3006
856
2821
2814
1730
4553
1652
4654
1150
837
892
3987
2983
2444
2610
3775
1654
1544
1571
3277
540
1336
2172
888
2029
4129
459
2630
661
1462
2113
2223
3958
700
1348
1961
4739
3666
814
822
2632
4264
1532
2543
2538
3242
2991
3821
3062
3459
1791
1215
3077
1060
1828
2472
3093
4226
3374
3562
3876
845
3232
1141
179
664
3151
3849
1941
3042
235
3836
2507
604
65
2487
2129
1515
2077
5
4733
2131
4784
3455
3847
428
2378
472
3967
361
3950
3074
267
436
301
1424
3762
2116
2228
1177
4706
156
2658
2365
4445
4428
410
974
980
1607
1982
2753
2151
4352
3899
412
652
3169
340
1687
4152
3467
4092
4155
425
16
1193
443
2824
3720
3991
753
4328
3111
3271
2267
2972
4805
4719
1835
3653
3439
1672
586
362
3812
3155
4789
3506
2323
3928
1000
3917
2281
1075
1411
212
131
1779
3056
1785
1562
1156
3297
191
3815
4533
79
4560
558
2485
4402
2226
1317
3523
2387
3416
4437
1903
1524
3306
4188
2625
3007
4753
2477
1986
4055
391
972
656
83
1574
3466
4156
73
4413
2062
82
3150
975
2200
3039
2386
1715
1510
2998
963
2111
3450
573
446
4727
2861
4586
4387
2766
3060
416
2114
3934
1630
890
4398
1512
4014
4060
4664
543
2061
2782
4103
3769
2648
4316
1517
2513
223
2876
2938
2094
1885
1942
440
2459
3018
4070
4431
2132
4201
1780
4214
4320
2802
4696
2418
2832
2186
763
335
3408
3621
3227
592
1800
4588
4329
2947
369
2776
2661
3519
1639
859
4119
1502
1671
1175
1648
3406
3707
3882
2474
3265
3476
2621
4418
319
2501
3134
4401
135
4762
1650
3215
3634
355
2904
1076
4073
4802
2109
3171
2656
3014
3479
4356
1897
4653
2680
2812
3485
2777
329
823
4232
4083
772
2840
365
3605
1107
4732
3748
3043
2903
2295
669
3887
2016
1955
2554
2483
400
3047
613
3099
4279
3757
3004
1817
504
227
1755
245
1635
2550
2002
374
119
40
3447
663
4064
646
1435
2525
2657
2065
755
554
2342
4618
3970
4293
3339
802
1387
4047
2036
2962
4357
1818
378
793
605
1958
1514
289
1271
3548
4557
3012
4578
297
1917
3501
1319
4153
3249
703
1634
2694
3614
1549
3508
482
4771
2604
4888
4597
4248
1007
910
3133
3877
2049
3413
1255
2813
224
1367
3436
3089
1853
1283
1930
3045
2544
81
4875
3587
1673
4209
2797
106
3750
4469
3363
2473
2959
2249
359
2443
169
3832
1926
1223
3616
2731
2265
1859
1192
3370
2511
3522
4194
866
4411
3532
341
1143
4240
2243
3452
290
3907
3888
3558
2912
2076
2809
2644
600
3446
2622
1331
393
3524
765
4380
688
2800
2157
1402
2760
2160
3088
4617
204
2348
4836
4181
699
3348
3900
1873
1722
4122
2555
2830
1951
1337
4268
1611
1480
4813
3395
3583
12
2579
3547
1904
4348
2176
1552
3982
2877
851
792
1183
2931
4486
906
3197
568
4506
3582
2490
3020
3229
2269
1893
4405
3292
4290
488
257
744
432
687
3220
2197
3315
4633
3207
2346
1774
3659
4202
1397
2145
2518
4882
507
764
4236
3136
1770
4478
578
1609
3392
2079
4132
3237
1798
4489
4595
1288
239
3962
1745
4084
1599
2527
2946
1778
2572
903
1448
1869
1559
555
1311
200
803
4404
2540
2526
343
1330
3238
4030
3275
2820
3776
3091
3115
1940
3385
1576
2405
2191
4881
4783
3695
1540
1085
2469
1550
4842
1122
4626
3656
1804
1040
11
3678
3401
3365
4510
2280
2728
3965
145
311
1043
1450
487
1535
2411
2427
2737
1221
773
1237
1911
3770
1287
4327
949
4230
513
633
2220
2980
3865
917
4775
713
3512
1589
3298
2339
907
4085
571
3955
4318
1194
4037
1833
1797
2587
4798
3535
4314
4628
3728
4896
4877
4305
4580
1840
162
1750
1643
3550
100
3527
2456
3543
2482
408
1382
1346
2990
2450
993
4894
2401
43
1737
4865
1451
139
2043
3503
4174
3449
248
1347
1849
4385
4796
2603
1649
3811
3072
2423
3771
4239
4852
770
561
3803
3722
1505
3204
518
4662
778
3364
1915
2088
283
3936
2755
708
1663
2918
520
1775
759
3423
3308
4182
3861
4657
36
26
896
2863
85
4444
3433
2881
3165
4522
4811
1738
2127
875
147
1700
1093
2112
1850
927
527
3983
3667
3331
799
2613
3059
4616
3640
381
485
4846
2328
1701
3176
1102
596
3578
4650
1594
492
1795
2626
579
1802
2655
606
3902
4093
642
4477
4344
2468
4760
1829
4101
2721
3193
2137
3674
4289
1981
4669
3051
1178
397
1542
3172
450
930
3641
4631
394
4748
3585
3615
1936
1437
4788
4541
3330
1913
2255
3421
114
88
4043
3033
1181
4680
1538
3031
948
2975
3497
3528
1322
2787
2726
1508
2068
1864
868
96
2169
634
2247
220
2751
2999
4584
2792
3293
2084
304
4072
1851
2066
2712
3268
1096
3922
46
1145
612
3276
4298
2533
717
1494
595
589
522
2750
1588
4200
4429
78
4725
1068
3107
4229
3377
2780
3993
1217
2552
4532
1874
3067
4485
1618
1910
415
3075
1683
1593
3260
2590
3986
3022
2585
3013
1957
3301
1696
4336
3005
752
2291
4251
1677
3539
4164
4160
354
1064
3170
4446
3613
2336
2941
3827
1475
4115
4833
3914
4100
2
2097
2615
1067
4426
180
146
629
2808
401
2461
1104
2907
2654
1449
3799
172
3894
667
4197
2275
1813
4453
2523
1916
3440
2535
494
2690
4545
2028
775
2896
1004
2251
4470
411
258
900
3362
4246
1606
3567
1664
1523
1415
3947
791
530
4031
2354
4354
4496
965
2514
833
3349
1395
4868
1433
790
1784
2598
780
3511
1179
1108
2199
2851
3178
1144
4609
3940
2476
2435
4810
2913
4096
1972
2417
607
2867
2319
3209
2880
4331
619
1015
2013
3254
702
1551
1296
1952
2827
2723
421
2363
3652
4487
1487
3065
610
2085
474
559
3626
3789
3743
1923
3274
1980
1579
2681
1987
2192
4023
508
3793
2430
4460
3191
1499
2906
1139
3300
4206
2801
1305
3198
1927
1457
769
1990
2345
1302
218
1133
4
438
1669
249
3190
4434
101
4000
3139
609
3368
1309
1154
4375
1488
3418
734
2967
1781
4659
467
4752
3063
3915
4449
3682
1110
2017
4338
3311
2718
1805
4891
4837
3054
4210
756
2749
284
2163
4681
42
3234
635
3860
80
2313
4258
4498
193
4124
2883
782
3931
3174
137
4367
733
2689
2759
946
735
2859
2675
4468
2170
1693
3921
4253
4220
3942
1405
1753
1674
3125
1294
4063
4235
105
2229
4157
874
2173
2914
1898
1836
4282
1077
2790
4819
2727
679
3460
3201
959
470
621
2696
1717
2141
3011
1521
1427
4261
271
99
2217
2966
4763
3514
1568
1733
3854
3101
1665
3874
1582
2716
2557
4494
247
745
2747
1764
427
4277
3468
1507
153
4554
3710
3957
10
2044
4439
825
1363
807
3024
3721
4455
921
3839
829
4142
945
1572
2340
962
1257
1636
843
420
1711
2546
2464
2668
4161
4177
3591
360
1531
3061
846
941
4452
253
1892
4341
468
3465
2185
4265
2888
1490
1116
1899
3122
4041
4688
4538
1838
1844
3338
3623
2018
2272
1616
1189
1888
345
1645
3104
1988
1573
1458
995
4098
4035
4403
3295
2034
2128
3223
1894
4524
1928
1355
1063
4661
3288
3515
3555
999
2385
4876
1713
804
2182
324
4575
1772
2927
1728
913
1112
2647
881
1452
2273
3979
3537
3592
2989
1345
863
4613
2196
92
4770
830
4168
2978
2406
4088
3752
4816
1357
2138
2067
1385
214
4615
1066
4024
4443
4029
2548
118
2553
4782
4004
4278
2784
4383
3082
957
3023
165
201
4851
238
1977
4779
985
552
2713
1991
798
4438
4483
4830
3469
1819
3037
4824
1644
4871
1907
1280
1399
2671
2039
48
4705
1254
4883
4761
3263
366
2162
3714
1378
2838
2843
740
2944
3144
1919
3183
3241
2268
514
2198
1739
1431
2763
1699
4574
4750
1128
3919
3725
3143
3001
2910
1633
1809
4747
503
3494
1695
3798
2236
1553
923
3566
2315
3753
4671
3102
396
1657
2415
3908
268
2356
3380
3893
4817
3709
1242
1647
3980
4392
4644
2869
2673
107
3206
2752
1937
1413
1256
4648
4611
3927
457
3323
4745
2754
576
3342
2140
816
3930
4795
855
2917
1025
142
2865
3530
2024
1473
2210
333
861
4473
616
3941
4397
3498
3896
3354
570
2758
4172
931
327
1814
1180
2627
1401
4081
1578
2905
3581
925
3441
3049
951
3804
2292
2369
787
854
3755
4722
3179
3499
4020
4406
1832
280
1124
2929
2695
4651
4090
4311
1030
2233
2932
1318
3154
4872
56
3199
844
2330
3866
771
2303
1353
2283
4537
3612
1286
2391
1811
338
4456
3038
1428
4482
4790
315
3807
3192
3373
207
1442
368
4683
2641
2704
1381
1034
3601
3681
3608
2849
4141
905
2844
4596
178
1006
2583
3491
608
3561
1
2383
3185
4233
1640
3718
1422
3244
648
2607
1002
3872
187
4765
2279
1310
4887
1612
774
1272
2847
3575
4579
3672
2803
1716
3891
2022
1249
2662
3729
2762
352
564
386
2234
4829
3655
3386
2027
1513
4342
2309
3727
2952
385
2300
3918
1658
678
74
598
1725
316
937
1468
1454
1147
3933
1306
4068
3990
3589
4542
4317
2683
3164
1845
1267
1285
1472
3046
1078
3257
2432
2791
3680
286
955
152
2837
1016
761
477
984
2795
262
3129
429
2014
2297
1564
1792
19
4781
3819
4346
2224
2596
806
1509
2771
2969
2866
3474
2035
342
353
2568
2725
15
4646
4717
842
2612
809
337
51
3852
4038
3132
2841
3642
1497
2442
3081
831
2495
1323
3019
560
2239
1855
2090
292
1905
3435
1758
1383
3424
2031
326
430
75
3299
638
3948
2095
155
3224
2400
4546
2974
4069
1867
2042
694
3546
813
3545
3026
3841
2167
4608
3890
158
746
189
3035
4185
956
2899
2101
4222
4364
1995
47
1225
4301
4028
1861
64
2897
2642
3250
1801
986
2788
3573
523
954
461
3509
3664
1214
3410
2722
1418
1384
1965
4241
886
3378
839
1238
4217
4111
587
63
4079
4381
3058
3146
2402
1121
1307
677
1021
1320
4870
2542
2498
2858
3214
2143
442
1554
2020
2211
4884
4295
3818
3496
1421
3087
1760
2921
1219
4607
1071
4208
132
3619
4735
1608
3402
143
3210
1469
2080
2350
453
4432
380
3398
801
2362
35
2407
3584
254
3726
2894
720
1278
919
3910
2660
1017
2178
3685
3738
3801
2735
7
4856
1877
2164
3736
3381
1786
978
1570
4459
1262
2919
2126
1763
3126
1388
1140
2371
1682
1463
548
924
2221
547
4543
3630
2115
2484
1762
4691
3486
1689
1332
2854
2987
3236
3066
52
1247
2158
237
2299
259
3458
747
3194
95
4502
45
4198
727
3712
3746
3454
1479
2006
970
3048
897
3835
952
817
4325
190
2531
1751
3533
1018
2262
3110
2254
1704
3327
2139
3797
2745
2586
1939
4271
1436
3505
762
502
3442
2416
681
585
282
3624
4361
3698
2953
1678
4134
3864
423
3419
2057
4845
2569
4170
4555
1484
127
1266
4825
2344
4793
2005
3187
3880
4863
4709
2516
2736
2327
1474
1870
4006
539
1284
4517
2551
2222
3586
4643
3346
3516
786
1226
2576
109
2206
556
2619
1118
1101
2240
309
1160
4507
3708
4577
712
3920
4104
1220
3353
572
4027
1471
364
4423
4436
516
1587
4322
2015
2806
4435
1662
2187
3939
3314
2833
674
819
3871
431
4690
2729
4218
313
4292
2988
826
3745
60
682
2781
4645
2324
3484
299
2768
1152
889
2056
1335
644
2321
526
2949
2732
4003
54
4511
49
766
3036
2156
3593
3622
2070
4333
376
736
594
348
2253
2855
1248
4729
4800
4393
4211
1299
4034
4095
935
1714
2304
4501
3147
4563
3052
2446
707
4670
653
3003
417
2857
1039
130
847
1149
3911
2992
4120
2631
2390
1889
1527
3868
2203
4274
1022
872
1566
225
3778
2928
4581
1788
947
4491
3701
3135
1908
67
1697
721
3092
2571
4861
171
3676
1895
55
4234
2856
449
1997
2594
3397
988
969
136
1896
174
2302
3205
4687
444
1827
2885
1581
89
794
2048
2177
1029
3414
3953
1329
3173
3124
39
943
3600
665
4011
452
1684
1148
4273
2184
336
2166
4808
2977
1600
1641
351
624
2183
2508
2089
358
1321
1613
1856
1525
1434
4638
4754
4678
1419
1702
2649
3758
776
2575
3754
3831
1765
473
4570
3492
3903
2414
4849
3662
4614
4371
3534
1580
479
2637
102
1478
4600
4065
2711
3946
3825
742
53
987
3756
68
4712
4036
3618
4366
2774
3343
4407
3324
1239
784
3772
2706
4223
1974
2970
3580
1106
950
3127
2122
3837
3235
639
3382
2566
757
3663
878
230
4559
2460
4059
1560
4110
98
3696
1430
1250
2692
1887
4655
4454
3551
3651
2060
294
2769
4630
2353
3253
159
1236
4675
909
2431
1557
320
3808
14
4440
3464
1446
3475
887
1692
3699
4515
1719
4794
651
4349
918
882
291
233
2789
3437
3481
1994
1304
3391
2271
3131
2025
3394
1485
2976
4513
525
1080
3443
2447
4637
673
480
2154
3787
251
390
1467
4518
3287
1984
1933
2104
1205
3138
2394
4247
827
524
1265
2069
405
4353
4768
2436
3766
4281
2900
2388
4520
3901
1858
3008
4512
1350
4425
512
662
4441
1603
1676
4820
66
1950
4853
2420
2691
4330
3355
645
2347
1666
1138
541
1313
4296
1963
2361
306
4571
129
395
4791
1929
4422
4287
722
3221
3763
307
3080
384
2558
2700
582
4493
4844
4885
2580
2810
161
1334
936
1366
4757
3121
4022
1949
3873
1159
3989
1591
2701
2744
1880
3636
2529
2081
3182
4143
4125
3053
3225
1846
4695
1268
3230
4528
2301
996
44
2739
4462
3838
260
2860
2783
3096
2623
4828
3326
599
4619
419
2136
1246
1232
2266
2204
1812
275
705
3842
4549
113
4167
4013
2130
3228
2926
141
4547
1565
3765
3988
2412
1653
3531
104
4052
1857
4756
4804
2329
3976
3889
2709
4337
2478
2862
4192
2515
4620
3564
84
1718
4105
2652
1339
3895
276
1408
1372
3844
3994
4184
90
4376
3055
1906
2699
1823
3417
1426
3412
4461
2071
2026
998
2358
3108
3425
1759
3451
2288
2714
1342
4190
2146
167
496
3161
4427
219
2481
4848
2534
3730
1537
4627
305
3843
196
1146
4590
110
3554
4465
4854
926
1815
4492
797
1298
3259
1062
4514
3280
4471
4566
3320
3971
3317
1359
1761
2059
2892
3734
3557
1486
4634
3779
4576
4319
672
4071
1393
3141
2653
580
1045
4173
2595
2796
3477
4221
3114
3588
3961
1960
1932
1596
4672
767
659
4699
3572
622
4724
4355
4378
4051
2682
1184
1973
4551
3858
4530
3735
2935
4395
3992
4792
4534
2373
2451
3337
4008
4388
1837
4374
655
1058
732
3783
553
2142
277
1900
3303
2293
3897
1191
1356
1694
3806
426
1186
865
3015
1709
1245
3669
1528
4697
3106
217
4309
4131
2955
3694
4463
4108
476
3415
3270
2282
2743
728
1632
4045
13
1023
4703
435
4113
1782
1803
1114
3379
2389
1953
344
32
3935
2599
2646
4128
372
657
3742
1086
3098
4840
2248
860
4140
1534
2592
4873
489
4599
133
2108
690
2074
2148
3603
363
1628
1276
2489
647
1003
2524
2110
1172
483
1810
3329
4148
242
2083
1202
3751
2168
1019
2092
3372
2124
1744
4464
2954
3284
4363
3383
2492
1519
1033
1712
295
1848
4721
4373
497
3675
484
1520
182
684
1768
2050
754
4604
2545
3361
3632
1438
1445
4237
864
2231
2322
2960
3744
3984
2779
3683
3044
4213
3073
2161
545
1789
2213
4039
2232
1396
274
704
1024
383
2609
4272
3243
2567
1642
4718
858
4019
4737
3388
2306
834
2710
1498
4433
3610
3576
1447
2528
1705
2923
2707
3069
789
968
1667
3321
1688
