4801
3928
846
4353
1094
3318
2118
3642
4261
3416
1498
82
1217
2781
1714
1723
1427
3375
4663
190
1916
2722
3113
3057
3108
100
1297
366
486
2289
4731
1571
4249
358
1882
599
4732
1748
1041
646
3241
1140
3929
3727
2594
717
1296
823
3044
4677
1352
587
256
4384
1787
4709
119
996
246
749
3112
13
1939
1160
4201
343
4880
1542
3917
273
2512
874
2667
99
2933
839
4078
4024
957
3977
40
2088
4446
3601
1030
3568
3987
1537
3282
4091
306
1141
2414
3881
998
854
553
4862
4465
17
188
4198
313
494
3899
3651
4762
2672
2617
3470
756
2951
1159
1828
1559
2949
4556
589
1232
4118
3376
1758
316
331
2318
1435
1614
3262
758
330
3299
2327
32
3842
2537
2320
2838
3043
2076
1587
2925
2755
1885
3265
834
858
221
3178
2950
2193
3218
1946
745
724
2761
2634
3547
4400
3868
1034
3307
891
4090
2959
4323
4279
3839
2652
2418
2815
2671
582
3165
3665
4743
2054
2423
2274
4864
1494
1123
579
1579
3135
3815
1669
4344
4068
2586
796
4223
407
134
2349
1113
1703
2910
3866
2451
3656
4213
3659
3177
3861
729
1406
3721
4019
1924
1117
3399
1683
2093
28
2459
3200
3411
4080
2535
1403
1185
4366
3783
3558
2456
2675
2497
2387
123
2738
4616
1410
304
4600
2105
2943
329
3232
4144
1857
2809
2378
2415
107
3816
3403
120
1533
364
4423
4638
1225
4129
2640
2514
1011
3072
4060
4559
2942
2245
3948
4531
4388
141
3680
3922
3908
4393
2821
2851
3176
1206
4488
557
4515
1147
4633
4474
3745
1989
3143
4526
3709
1991
2253
808
55
115
2595
1565
3740
2816
2352
1458
1004
703
1832
301
1272
1624
560
1246
2565
1672
1381
4721
2338
4250
2157
86
1508
1525
4553
1822
2027
4534
1519
187
3690
1373
4481
3079
2725
3010
1906
3978
778
1355
128
2855
994
3582
3595
344
1995
2470
2421
4299
236
4221
4082
1441
448
927
3021
4236
3880
2474
1573
2040
205
3077
2837
607
420
895
1807
1928
1301
4337
4063
687
4119
4106
2037
280
563
2801
418
4036
678
4245
931
3602
3658
987
4241
4563
3949
2701
457
4517
761
1941
2550
1564
1050
1992
3876
1960
2601
4020
3194
2374
1735
534
3121
1596
2864
1660
899
2234
3468
453
2501
2135
393
1045
1949
3766
4165
2024
1752
3786
4137
898
4784
1038
2685
3882
4432
518
4230
1401
3512
3345
4893
1432
3652
1550
194
2635
4231
909
1810
901
3900
4470
1395
3475
4571
1987
368
2025
4123
1724
2625
45
3869
1777
3316
1586
2321
1273
3205
216
1552
4637
4205
3943
4189
1195
2856
4300
1426
4219
4272
870
3359
1155
1921
1179
700
460
1852
4872
2340
111
988
2723
1126
1098
2874
4617
3570
3958
1718
769
4254
4478
4135
58
3608
3941
1162
3255
840
2668
275
1
3544
3991
4304
1884
4865
2914
4851
3480
210
671
2641
3155
2461
438
1518
4608
79
3158
3414
1248
1055
191
880
1546
3844
763
2549
3688
1008
2579
2276
4270
1042
4558
4653
4569
1364
385
1766
3408
3042
3443
3897
3719
2886
3249
2262
3123
4117
1438
1891
1463
2909
1417
2010
1549
2068
2610
1213
2247
613
290
3988
4619
990
2445
3781
2969
4363
1375
1584
4324
650
4038
2233
3502
1608
2000
1477
345
1942
3213
2996
3415
2361
4461
2911
2653
913
2429
794
960
392
268
342
1333
3672
4041
3777
3266
3852
1524
2906
3528
893
695
4493
4668
4312
4795
443
3445
1399
3924
4714
3737
2078
495
3263
1235
1526
2607
3789
54
1999
2275
1707
4586
3639
3573
1545
632
577
3463
4210
787
1080
3383
233
1642
1291
4093
2633
4513
1937
784
1725
2046
3289
785
524
3961
1897
3127
4145
3803
3974
1959
4320
857
1444
292
1823
561
2775
93
661
3555
1061
3061
2858
3975
2569
657
4657
2351
1236
389
101
3493
2480
4142
4143
3837
6
1063
1652
3831
1103
224
959
2947
436
3202
1043
1233
3694
1768
2878
2448
1751
4367
1675
2741
2930
548
3142
4095
1690
4396
1793
3317
1626
3730
3892
1433
464
2043
2065
2719
2965
940
4195
231
2471
2720
3858
2048
1143
1035
1380
2987
2295
3643
2621
1328
1915
1977
1794
773
2954
1736
4758
4605
201
3630
3426
3085
416
4761
1973
3467
3486
338
260
2918
719
3817
568
1620
1702
4456
1896
2891
2236
605
2457
2769
2256
4514
302
3575
2527
2030
4836
4535
362
4088
1379
4430
3207
953
481
3684
4154
3755
710
4815
2390
3201
709
3258
4130
2883
813
130
3357
4713
2416
490
1420
1922
1657
351
186
4149
2636
1344
1729
399
2772
1635
1563
1049
1100
2650
3782
3335
2860
3537
421
1386
2902
963
2735
1163
1412
2517
4768
487
2960
1249
435
4354
255
1387
829
788
2070
3211
2107
2702
456
3835
3951
1012
1128
2533
1105
2881
398
4437
1919
2646
3447
2938
3195
4018
3500
1334
3461
2490
177
4680
1734
4006
2347
525
3431
1253
1578
1145
1847
321
664
1721
2346
4659
3551
1825
332
2927
2697
3667
3909
598
4418
386
3531
4665
3343
2487
228
1028
2017
498
1499
902
3610
701
3159
2394
2560
4632
3888
1783
1237
2513
1238
2991
2912
3741
2644
4592
1914
3171
1424
3586
138
3675
3846
2305
3834
3735
4524
4889
4341
2296
580
912
2229
367
2159
3599
3498
3295
4636
3611
3167
2941
110
3532
3041
4867
1089
929
1338
1938
1848
936
3084
2500
2747
1250
2645
4798
4076
2097
2488
3636
2536
3020
705
1197
2807
3579
434
3617
2481
383
4202
2146
4896
3993
4260
432
739
2661
1621
2523
3329
4895
3252
3313
3
4417
2794
7
2754
4574
4669
403
4746
50
4546
1953
4334
558
726
4603
3757
1151
4516
3025
545
3504
4537
1071
3765
716
4445
4821
1396
3905
3450
2478
318
3274
3491
427
1613
2101
480
4673
546
1298
262
2312
2334
3172
666
171
1176
1077
3273
2576
686
4451
3628
693
2165
4266
2382
2606
3931
3891
2700
2822
2008
4242
3849
781
3954
1715
541
711
4435
2336
4661
630
254
1615
2372
3747
4649
1962
3953
3715
4837
1710
1171
4812
4873
2268
1893
2343
588
790
2185
1144
1329
4756
3362
3492
75
4140
3312
3373
2998
4227
554
1784
1466
4156
1101
2677
4357
1686
945
2476
842
2637
2263
2015
4884
3324
3297
968
3923
3925
1281
225
3590
755
4288
3432
2201
3508
3609
845
572
4248
4377
1678
1131
3518
4346
154
476
4485
81
1039
4325
3729
551
4536
4857
1087
2839
382
1099
3391
2136
482
4501
2243
3886
2090
2079
918
984
3485
473
4148
1120
2698
4860
89
850
2045
2889
297
3505
527
4286
442
72
3073
2217
1138
3100
2303
4504
2226
1006
4693
4187
1475
83
3523
4866
3081
2270
2430
2223
2365
47
2150
1792
397
1507
2389
2785
4421
3401
2854
4339
986
3945
3059
484
237
3338
2823
1956
3244
1104
802
3773
4690
2577
2213
2538
1742
104
4580
2609
3682
2740
2692
3092
2868
197
2385
3514
2427
4258
817
564
2155
3935
4040
855
309
1947
3539
4199
547
3798
3035
1745
3382
2354
1158
1680
720
291
4097
540
2197
2670
1036
4361
1047
1881
2316
267
3693
689
60
3281
4877
1189
1488
2779
4305
4287
3970
4
4160
2861
1925
535
3664
4765
3290
2011
602
2739
581
1437
3310
195
1263
172
2680
4239
1833
3361
1409
4612
2104
924
702
1013
3371
4214
1173
1562
2388
1447
1641
3600
1300
642
2695
1430
3942
2850
4053
2618
2605
2328
2133
1239
437
415
3381
1918
4518
982
1164
3976
2928
4447
1821
3705
586
595
3984
812
1070
4609
1167
1221
3542
3214
3620
1933
3484
1065
462
1692
4707
1859
2678
1309
774
1335
305
1504
911
439
713
4487
1986
2031
1501
4278
1024
2748
1082
2479
3867
3759
734
1674
2805
2857
2166
1074
1796
2117
3402
1330
2717
2279
4190
65
2123
4651
1900
1643
3985
1219
1604
357
2583
530
4634
1909
4887
1093
4585
1765
4726
2611
4728
1377
4104
396
1277
985
872
933
3105
4428
2555
4852
1610
2019
1990
3836
2174
1497
3529
2544
2113
4715
4816
3655
4125
1288
4037
2358
4678
137
973
797
3853
3472
1648
4157
3133
615
3277
3076
1858
516
4174
2916
3792
220
4769
4723
376
4805
3150
3921
2098
2126
1366
414
725
2498
3763
282
1534
4096
192
2706
4750
2156
3198
1040
471
2241
4296
4141
2115
11
4243
3997
2708
4002
1875
885
3191
4863
1781
4167
2603
3883
4355
946
2369
3456
2161
1026
3116
4332
1961
543
3189
4783
223
1637
2852
4639
1402
770
3206
2624
3678
180
2408
2064
125
4479
730
616
1836
3756
1322
1135
34
1856
3811
2842
539
2379
3409
1398
289
3157
1521
2032
975
3305
3340
3287
508
1231
2330
3957
41
4180
4326
4506
232
3239
4666
2982
4780
1666
882
2038
3091
4492
2360
1899
4387
876
335
1391
3304
506
3306
4009
387
2424
307
1336
1863
2936
4206
1255
3296
340
1801
4529
3183
4298
2712
3687
747
2528
3350
2053
1503
4044
4602
1780
2473
765
925
856
4767
1270
4200
2964
1114
4624
2520
751
4075
3101
151
1032
4352
346
1670
706
4554
2612
3758
1400
1017
2181
1649
2290
1502
87
521
4614
1556
4122
2812
3625
2192
1201
3660
3704
4548
3378
3326
1142
2961
10
2282
3319
3583
3003
4725
4674
1845
2099
569
2756
4112
1408
3369
3509
3007
3902
3023
1332
1647
3068
688
822
2183
4370
2300
1677
1149
4070
3308
4061
2114
3219
2907
3242
3278
3828
4469
917
2441
4491
2383
559
4004
707
3455
583
1208
2257
422
3459
875
4395
4301
2972
1566
3355
227
826
4381
1636
4005
3225
3247
1190
4735
3670
1569
2917
2134
4043
1808
825
499
4222
3927
816
1316
4238
509
146
4583
3692
1536
4699
1196
2294
470
4830
2362
1789
4007
204
2005
4550
3248
1754
1215
2711
4338
3821
1451
2215
2404
1903
979
549
4683
3564
2984
1425
3960
576
1452
3915
445
3269
2894
627
347
341
3753
4727
777
3577
2937
303
926
2977
675
4085
584
2012
2981
4507
2932
241
1862
1479
3806
2890
3587
3490
170
4808
896
2308
1376
3152
2721
2849
4664
477
2999
337
1895
320
2129
3285
635
620
2684
2293
1658
2102
2940
3585
4656
4582
3379
3096
3479
2997
681
4058
3541
1261
3315
3087
1950
4302
3137
3553
735
536
4046
3588
1349
866
1127
4774
122
4522
1767
3540
2873
1607
2095
3163
3473
1797
2703
1506
4066
3676
4652
1193
1220
1194
3933
1698
4263
3739
2190
370
485
4510
520
571
2281
1943
947
4494
1489
2581
2543
1096
2124
2506
3454
510
3700
2686
1359
1107
533
3420
2168
3641
4402
4098
4694
3144
1730
4375
1002
4033
2608
4525
3772
883
1688
1347
2665
1708
2673
4824
670
1266
2948
1551
2325
4401
4655
3405
4441
3444
2975
1365
2225
4351
2442
363
3330
2359
2333
4136
614
1760
91
1644
4050
1964
2529
4700
3327
3106
3713
1661
2401
4382
3552
2903
258
1496
1602
4147
4103
3889
2323
4051
970
4408
1305
4048
2284
1782
1363
1468
1945
3015
4100
270
4840
4886
1696
4291
1911
2762
1819
406
1805
2472
2593
3125
4358
4551
3120
1544
463
1223
4257
3774
1091
691
1241
103
3185
1631
2764
683
4067
3256
4568
2833
3616
4124
2080
199
4849
3466
2121
3516
1813
2350
39
68
2410
2182
2778
679
4031
3887
3732
365
733
3040
2341
2071
954
287
4818
2167
3683
2425
1581
2028
2062
4667
3052
2311
4570
3019
2066
4365
793
2728
4166
1732
3231
1097
1597
1293
4407
3032
3353
2657
2056
2130
4778
828
4588
3323
3749
4776
3638
1595
4311
4186
764
3939
2525
1592
3186
1421
654
4194
283
2819
4110
2259
2026
4790
3128
4540
1445
981
2946
1153
2630
674
468
3423
2887
429
2820
1555
1129
1210
916
166
2966
4466
4627
2494
1000
1178
56
208
2111
3124
1307
3973
425
697
1265
2730
2600
1593
2301
492
961
1860
4215
4360
978
3022
4054
1826
3147
3940
1467
4139
621
3193
4285
1778
4870
336
1083
390
737
113
1068
937
2299
1873
4519
1015
257
2921
1339
1152
2264
992
4011
2558
1009
4251
2704
526
3204
132
2462
35
441
64
2029
1668
4348
1282
2175
638
2804
1224
3964
4026
1218
1598
4789
3584
767
2572
4108
1294
2993
1108
1659
1744
1278
3446
4155
129
2255
3743
2687
4234
3138
452
1234
4832
1719
4671
3180
459
3819
680
2009
2466
1747
2818
1954
361
1804
4035
2905
202
934
3301
4618
3841
124
4416
4644
1965
2515
4055
446
3818
3854
3751
3808
3626
3963
1588
935
1450
4062
4394
1353
2707
1188
217
1415
4146
2733
4467
877
3257
2022
66
3033
1481
4374
736
1846
272
1490
3332
4013
1944
660
1446
4856
288
1776
1357
3536
2968
3253
4589
2872
226
760
514
3696
1605
4771
4775
3276
3856
800
768
193
3336
3998
2776
1454
612
1870
3488
401
3703
849
3622
1728
374
537
3767
2945
1007
4688
3657
3226
578
692
1611
2734
4788
4259
655
444
1829
2934
1228
3294
3349
4681
590
1575
478
4733
2656
2396
3698
4692
2660
1871
3674
2620
465
743
2751
3398
182
242
2716
1394
1053
3950
653
148
708
3271
23
1285
1957
2260
1532
1436
919
1199
2216
4440
469
4718
3197
106
1484
4267
350
1509
1260
48
238
712
1443
4555
4833
3264
3645
4290
2663
2718
2613
4810
2511
900
4557
3779
1931
4597
3862
2771
3279
4701
3055
2971
2254
2125
30
2306
1226
3090
2329
173
2676
3016
4505
859
4021
1917
3840
4542
3527
2491
4782
807
1469
2006
3027
3776
493
1623
2651
4315
1001
2317
3358
1951
3754
3179
972
1308
3685
2489
3440
3507
3334
4247
2811
3563
2963
4490
4871
2642
1663
1701
16
4092
1058
640
2659
2169
2813
4084
4606
1186
2662
4057
3419
1716
2469
1966
1920
4369
3731
585
2985
36
1072
76
2238
3746
997
3366
2368
3451
3920
2049
1407
1905
639
375
3458
2170
3865
1327
2786
2793
4175
4738
1384
189
1515
4703
4538
3430
2059
353
3872
3809
2248
3650
1383
1628
3607
2973
2495
3944
2326
3111
3919
2929
1470
1839
3681
240
1517
2163
676
4171
4581
3005
3793
1382
1205
2454
2919
3251
1027
1019
1816
4410
3397
4309
2830
3104
2392
1483
3031
2373
4105
2367
3635
2623
1292
852
2814
3051
1617
2826
2614
4544
4476
2867
4463
3074
4850
140
1589
3388
3669
2437
4828
820
4169
2745
4380
3067
2532
1136
1817
229
999
2715
3384
2580
3934
24
1118
2149
628
1471
261
1388
2553
2422
1695
8
1606
1066
1902
2411
4797
1713
400
4197
1994
1539
4158
3873
4329
38
2292
3093
864
4708
4168
3594
1434
2440
2433
2375
4150
4464
207
3972
1069
4163
2096
3894
669
851
3728
1654
698
4741
293
4730
894
3982
1325
2297
983
1112
631
1967
4572
212
4484
1609
4785
3004
1287
2990
3203
2376
198
4203
4340
3695
4426
2666
4814
1442
2271
3160
523
4705
1934
4803
4687
4111
3668
2631
3736
2876
3259
3300
4883
4079
821
1204
3699
3649
2446
3000
1664
2439
2939
4443
3354
4802
2085
2509
2307
3489
1645
4584
3710
4330
750
2420
1161
2596
2885
2570
4528
2074
277
158
4115
1146
294
3663
977
259
2206
1761
3018
2639
1168
2314
2893
413
4023
3070
4576
1369
3724
904
2530
513
67
2585
3778
3848
3230
1726
2357
4349
1790
4262
3604
3722
4087
4502
2173
1936
2116
3435
1397
1244
3679
149
1172
2348
1192
184
887
920
1818
1487
2926
4113
3275
1872
4047
4216
667
2899
672
1908
2108
1646
2035
1681
2231
264
1323
2504
596
92
1411
4577
3030
3804
1691
209
3686
2696
2250
2395
3619
1500
3966
3707
1084
1267
1109
2749
2978
3589
634
3339
2882
4128
2315
2232
2162
3107
809
3170
3028
2875
3254
3029
4772
4532
3691
51
2353
4643
2128
3884
1037
4604
2774
369
3154
1969
3268
2713
1482
1362
1514
2152
112
168
2322
3706
1599
575
3393
4269
4450
3926
2602
160
1245
1354
1289
3141
139
1157
4183
4854
1115
2483
853
3770
4335
2435
4468
4228
2258
53
2827
1493
2705
2434
4398
2177
2194
4028
4427
619
995
3404
3787
1601
2841
2557
1212
3780
167
3810
2001
3513
3634
4322
4640
4820
4621
2765
2828
3990
515
4813
2709
356
2866
1431
4462
3341
2710
4578
529
3320
3875
59
948
3771
4670
281
1183
4008
1629
2782
4235
4622
4562
4734
3807
451
1326
3229
2732
2901
3549
1276
1283
4591
1530
4405
805
4646
1529
2554
4319
3644
49
1570
2691
1558
3054
1746
801
4297
3986
1310
3714
2897
424
4702
0
3565
4425
4314
976
2034
1269
176
4376
3469
512
2584
1286
2967
1462
2409
1812
3291
1139
3569
1855
4331
2384
766
1348
2482
3895
1054
1317
179
3788
2578
2455
1262
2356
2344
532
4316
4448
4350
4406
380
1866
4422
3346
3037
2681
4152
930
2626
2526
4389
4847
4892
3530
419
625
2087
3215
1480
4742
1059
1970
80
4543
73
3506
3173
2604
4072
2880
1252
3752
3546
3495
3501
1894
4071
2589
1864
1461
507
1181
214
488
1124
1257
1541
388
2265
3065
3293
4770
2211
1290
2510
2450
2995
861
4672
2552
455
2331
815
1086
2920
2638
4065
1576
2112
3130
4773
611
1279
604
3725
2777
2222
352
3001
3448
323
4541
4178
1998
3389
3427
1655
2198
2082
3784
1405
25
1699
1705
2913
2067
622
2992
4073
4475
782
1831
1274
2207
3129
163
1753
2047
3791
3224
2870
2246
3280
3360
1198
408
142
22
2252
4016
1770
4172
1005
641
4593
2654
1343
384
888
1557
1085
4244
531
3632
1853
1935
3387
3153
2447
1075
4817
2688
2931
1932
2767
1671
2438
2983
2109
2186
1148
786
1585
3166
266
4881
360
1460
3421
952
2160
3708
4804
3243
3372
2699
1574
4134
1955
4347
3337
2176
1313
4890
1331
1842
2208
2979
3436
4777
4049
754
3761
1378
4757
980
2100
286
4273
3533
3088
4397
3571
4753
1154
1079
3008
1511
892
135
4017
4404
2191
211
433
3164
274
4094
88
2798
2324
298
2545
567
4460
315
4371
2151
3288
3117
522
2020
4246
2974
1275
3181
2413
2752
528
4724
308
1505
3598
2496
1374
2619
1134
1203
3220
1318
2647
2332
3814
833
2989
2110
1682
3034
2287
2380
4598
2004
4271
3823
2616
1166
629
3812
4126
4379
727
354
2140
2871
1861
1222
4748
4177
2508
3785
159
2787
1982
4181
2103
371
3482
2970
2131
3418
3424
1538
3554
4740
2475
2337
2744
1553
239
1429
1978
3245
2817
3671
2449
4133
2202
618
2381
1090
295
430
279
3524
2629
949
3351
27
116
3014
2766
3832
1656
722
4831
969
3647
3896
2746
3024
3151
1774
3386
4265
950
1211
1428
4530
426
4811
175
1923
4704
593
3395
4625
3593
4720
404
491
4486
3494
2081
4161
824
2542
2847
4878
3673
847
2790
4030
3515
4283
2935
4749
1711
4503
1788
4424
3126
2291
3813
1370
2187
3298
2145
3712
409
2060
3847
4179
2452
3246
3145
3267
3471
4523
3380
1841
951
1304
1209
2391
974
474
3871
215
656
500
3235
3560
2519
1583
2285
1634
2036
538
3910
1130
3646
3038
3352
2063
3056
964
2922
496
311
131
251
2014
1314
3566
3095
1341
2184
4207
647
594
908
4449
2632
810
4313
247
4545
278
2407
29
1119
3363
3066
1731
3474
3311
2398
3477
4107
2286
2792
3169
2075
1877
147
659
4204
1974
4116
570
4131
46
4711
649
1886
4217
868
4081
890
1320
4127
3099
4607
827
3069
1543
3517
867
1662
2023
33
1843
3559
1416
4307
2503
1057
3567
597
3058
860
3689
9
2138
4253
1984
789
2310
2759
2531
2879
3223
2196
848
1243
4888
4685
78
4498
3979
2406
3045
2083
1180
3460
234
4077
2371
2
3078
4766
633
1755
1476
3321
2863
1048
1240
1418
938
395
4630
862
3863
4276
714
2551
1757
4838
2431
3797
310
1618
1092
1940
2952
2568
1440
3825
3738
1779
4333
3434
1229
4327
3857
2724
759
1811
4806
1367
2237
1733
4879
663
3750
3063
4573
2622
1393
3701
2363
742
4226
4737
4527
2834
1512
2405
3009
26
762
3348
1014
3890
4719
2304
4303
3168
3437
3260
3261
966
1600
4429
1972
3314
3441
682
2736
4552
863
2546
2089
991
914
4045
4489
2147
4184
185
1764
922
4281
74
3556
4224
2768
1619
1830
3322
2484
3148
740
4317
971
1743
2564
819
3962
4459
1116
1709
156
2803
3511
2467
3860
831
1358
835
2825
502
1121
2364
2598
3140
989
3937
923
3272
2397
2044
1980
249
3911
1056
2683
1346
4477
2366
4192
2591
3653
355
744
3097
2541
3012
844
723
1976
2955
2214
3648
3870
3292
4120
1258
2988
85
746
1867
1315
3898
962
265
2428
3086
3139
2069
1800
2235
3543
3062
2212
4763
4613
1985
1371
2122
3907
4698
2057
4696
3947
2058
3711
2904
3838
4390
4846
284
95
4675
2664
3955
3442
4164
4807
2649
2280
2521
3613
1284
4022
2003
2153
3764
2239
3932
4710
4151
43
3956
2802
3089
4473
4392
1809
1003
3859
2393
1076
4277
3855
3412
4717
300
2898
2507
942
4252
2370
1259
4255
2522
3156
4101
841
1868
326
2436
3208
4549
1464
3131
2061
2571
3103
3333
603
865
1890
4042
4499
4587
3367
1280
830
3149
3799
1904
2050
1302
328
1704
2493
4843
4025
479
3629
1175
4482
2957
4010
117
2862
879
1029
466
4240
3083
1901
1975
776
1786
4378
4844
84
1665
3487
2789
2143
2199
511
3209
731
2220
2783
2002
4751
3666
1633
2757
2859
1184
3122
3184
2055
4083
127
164
4642
1510
3199
1319
2540
472
1997
18
3952
2956
2042
2137
1025
97
4391
3114
2835
3161
449
550
3744
178
3654
1340
4754
3548
3520
1591
1516
741
1769
4539
483
4594
2810
2021
4841
1910
2485
780
77
1889
4520
673
2203
458
2865
752
121
3637
699
2924
4679
1492
4827
1948
2086
3365
31
2154
2758
69
1449
3175
3627
3877
3959
4650
3221
3146
1531
2432
3574
3182
1912
504
339
3580
4590
798
4595
4706
61
1775
2845
4826
2460
4237
1567
4289
2848
1689
4153
2986
2419
4626
1568
3965
2339
2094
2041
2200
2272
381
3864
2412
3912
1390
4414
3914
1952
4162
2915
2342
4209
245
1439
1022
3233
411
2261
1062
4212
4800
4343
3561
665
4825
4560
4188
4835
114
3989
2302
2477
3250
118
1981
2180
162
263
4342
775
4444
651
3723
4419
1170
4512
3011
4845
3874
4839
1368
897
928
14
2548
967
1106
4495
4336
3968
1254
2648
2923
4264
4848
1639
1133
4579
3519
1878
271
1473
1547
4310
4564
838
2195
1835
412
1712
4438
2795
2221
377
1491
738
3377
3615
4511
52
4114
2269
3094
1389
3188
3478
3433
4191
2309
3222
2590
1632
4275
3174
2976
4280
467
4676
903
4654
71
3217
1898
3995
1207
2077
1590
2844
2205
2980
658
63
1838
4000
3036
454
402
1472
677
3356
1616
1251
1983
3425
3843
1033
174
939
3102
2587
334
873
2853
1486
4293
296
4752
4689
3845
4218
3760
378
3110
2770
3918
4138
2210
2172
2599
2052
915
4855
4686
2335
3820
956
1887
4891
3717
4027
1182
4885
4452
1423
4874
2400
2892
3596
1722
1667
2884
2994
886
4056
4682
333
153
721
373
312
1849
1622
42
2693
417
4793
4567
704
732
944
3614
1806
1018
907
1693
2791
4368
519
814
818
3449
1522
1638
3557
4610
1700
3526
3734
3046
1883
2592
379
3775
4003
2251
4439
2148
3726
2144
2566
1803
3621
3967
1594
4328
1706
4809
3790
1820
2562
2559
4208
1582
2547
319
4321
3364
1763
2843
4629
2141
213
4433
3497
803
4132
105
4458
3805
2806
1465
2953
565
4882
4345
2524
1474
3236
2829
2502
317
1200
2278
652
70
2658
1174
1088
4861
410
4064
4792
2386
2091
4635
601
3013
2219
2465
837
3325
624
1627
806
3115
637
423
1996
4472
4620
2486
150
3109
1580
626
3002
4601
3796
3481
143
2574
4662
4014
1880
3452
3605
3342
4697
2171
2780
2832
4876
2230
617
1324
690
2288
3302
1350
2729
4561
1187
1191
145
3572
4420
3742
1762
3800
1834
4794
1111
2127
2277
3795
2499
1824
2788
4196
4386
3827
2492
878
1455
391
4182
2283
2714
2958
475
1694
1295
2092
3050
1137
2072
832
591
4658
3592
109
4318
1052
1311
668
253
2690
4641
843
4159
4509
3374
3394
884
4547
3996
1879
1485
2417
2737
2267
4173
3368
2808
869
2468
3893
450
1979
696
1741
3718
811
3284
2189
505
3303
405
3640
183
4799
1876
609
2674
2033
3981
1968
20
2218
2224
327
3270
2518
1874
4362
1756
2178
3410
4796
489
606
3212
2464
1738
152
889
4842
3082
269
96
3824
3885
1799
1572
4628
1067
2760
715
4059
4859
4565
4660
1798
461
2944
1795
1869
1345
4791
1214
1372
243
4039
2799
1679
3850
1312
648
3238
2643
4409
155
3428
3453
1303
1150
3047
1046
1640
1306
1927
3439
4121
2244
3136
15
3538
2669
1360
1844
3098
1612
497
2840
4611
4868
3633
1478
1095
542
4729
4074
431
728
4412
2561
1337
3606
2877
4415
1031
1110
1888
3550
1527
753
3049
2628
562
4764
3562
252
2516
2962
4453
1202
3462
2797
4225
144
2895
2763
905
3980
235
