575
103
703
437
590
351
728
210
673
181
50
267
531
222
487
567
142
10
68
573
580
499
723
301
579
214
404
263
482
709
648
346
211
662
636
456
354
113
236
251
49
406
156
255
122
663
457
37
172
48
365
318
268
18
521
415
76
64
582
52
293
389
443
470
261
279
252
483
118
566
688
266
504
239
97
503
642
498
303
570
250
17
595
240
547
325
285
672
652
701
493
45
548
62
530
313
588
140
294
520
127
204
352
358
144
310
21
650
424
35
452
337
509
77
451
231
331
109
412
101
489
641
230
708
278
468
317
344
720
258
505
165
188
316
34
532
593
726
334
439
645
155
391
571
306
200
235
524
12
161
556
502
473
722
501
159
363
409
229
78
92
690
66
693
500
435
302
668
403
395
564
649
15
401
245
497
6
362
71
434
436
374
492
104
683
516
402
90
416
375
312
218
691
283
205
364
190
460
355
194
592
132
233
173
178
706
608
206
96
627
315
622
89
380
179
0
46
171
583
350
107
133
418
223
549
102
108
213
481
408
246
605
542
125
422
526
385
591
224
26
538
514
327
3
134
338
186
458
295
665
400
577
657
225
598
666
491
490
697
463
478
367
713
112
427
643
20
65
298
126
259
695
635
339
612
137
466
7
342
670
309
506
185
353
428
153
54
30
397
651
100
484
601
692
237
56
60
467
262
407
264
680
715
208
465
417
167
38
496
630
597
300
471
586
620
163
124
154
336
59
714
304
729
628
343
719
311
441
158
51
527
494
480
361
425
454
219
308
74
282
479
4
587
664
453
644
5
141
535
135
477
378
654
22
660
276
284
270
426
698
281
420
220
661
320
372
120
81
716
13
447
725
700
160
712
238
379
474
710
440
522
546
195
191
116
558
721
164
106
16
63
384
676
105
519
687
329
345
638
405
545
93
540
433
83
678
348
568
455
198
145
414
150
585
39
536
534
667
563
322
253
653
533
717
357
69
2
340
221
681
146
289
241
29
602
114
517
508
724
603
176
168
347
376
634
658
624
561
189
136
446
614
254
646
290
689
619
232
33
88
44
341
61
699
199
429
394
297
73
393
541
625
609
615
217
539
604
421
138
212
616
613
671
234
67
24
381
216
129
349
111
166
207
438
552
274
621
584
525
287
469
326
121
507
228
445
117
464
25
110
149
152
528
461
139
260
323
656
248
450
410
19
328
296
269
226
94
515
280
286
589
682
444
184
371
640
711
275
685
182
32
80
307
11
43
86
36
58
41
411
562
209
148
594
123
574
98
377
130
23
637
555
370
512
383
201
368
554
610
387
292
256
606
197
95
704
169
581
305
560
373
227
143
180
131
696
47
324
203
84
633
565
611
398
91
82
430
119
291
57
321
257
694
442
42
617
388
335
273
488
550
53
686
128
28
183
459
510
675
151
244
543
544
639
265
288
423
147
659
177
99
448
431
115
72
537
677
718
174
87
551
486
705
314
396
600
472
70
599
277
9
359
707
192
629
559
684
