76
312
180
273
612
328
92
678
623
131
525
50
608
208
183
234
224
196
680
539
420
157
545
724
66
223
284
626
313
287
638
274
314
437
552
365
401
188
644
521
577
636
414
686
421
228
25
256
64
207
671
725
308
245
219
590
486
53
496
641
253
587
520
286
1
200
449
613
181
579
250
531
33
332
553
298
149
148
461
116
478
0
710
650
210
58
342
74
660
130
300
371
526
302
27
16
22
373
518
305
240
698
617
163
125
350
546
235
63
517
353
511
522
487
176
628
631
591
615
327
244
529
107
459
506
294
629
348
5
232
320
159
565
701
368
411
455
397
498
12
398
630
684
8
162
218
597
84
120
246
592
158
695
392
330
607
370
621
702
427
283
400
675
182
718
369
146
693
263
319
556
122
729
679
669
236
303
272
429
676
658
83
91
490
444
516
640
468
374
407
666
717
307
395
292
103
439
366
682
260
127
507
540
384
470
606
186
705
358
195
338
534
481
119
462
610
335
663
282
190
532
71
96
509
472
580
47
599
203
699
306
279
3
627
134
15
68
73
44
289
467
711
97
692
442
55
714
471
558
59
656
503
352
230
502
514
4
648
100
227
37
72
661
495
43
129
154
276
584
726
524
251
238
254
704
318
266
601
95
479
544
67
278
309
694
344
101
153
11
413
499
239
290
166
415
364
508
295
654
87
49
574
535
619
211
723
404
431
609
402
691
622
13
576
659
197
323
443
17
728
164
441
389
689
583
141
93
243
390
225
505
668
453
662
651
36
79
24
65
114
331
719
222
633
258
177
593
696
510
588
377
231
600
488
325
635
568
582
430
296
475
104
571
179
45
191
135
202
569
469
333
156
445
257
602
255
329
40
438
464
424
536
155
721
317
504
99
69
549
727
288
259
168
247
716
589
249
554
70
672
406
567
720
573
337
316
652
708
562
124
90
605
110
537
647
138
538
596
57
193
501
137
566
618
356
187
52
581
88
665
189
484
34
60
301
291
221
201
94
386
29
132
513
113
242
543
241
268
405
542
489
21
237
62
26
388
77
139
229
385
673
625
23
425
171
262
657
343
336
42
212
585
299
142
399
38
339
82
709
359
261
497
128
86
277
416
216
198
321
417
551
482
435
209
448
480
642
687
275
457
396
178
460
474
649
643
285
378
362
677
616
172
681
117
121
214
452
447
324
252
432
403
326
357
271
434
10
54
683
664
712
140
690
541
572
205
14
297
463
152
280
670
184
560
192
419
561
341
697
150
418
519
454
493
161
586
144
169
611
688
527
555
380
375
700
570
147
473
456
220
174
267
75
483
645
412
6
226
215
98
248
105
118
206
112
528
304
19
426
393
382
7
160
351
646
46
634
423
310
550
466
450
363
293
603
614
217
376
123
548
199
422
2
394
559
28
533
685
20
31
598
575
491
347
476
81
494
381
9
322
410
170
563
440
713
102
270
530
315
354
349
143
61
269
620
667
458
115
85
48
703
360
136
133
361
340
451
