159
409
27
588
130
10
527
45
106
471
493
152
441
663
520
44
70
412
283
116
68
41
55
258
16
195
415
725
194
359
197
428
200
228
444
594
189
614
47
233
124
524
297
706
176
211
710
259
568
223
565
623
602
678
563
132
694
601
32
288
390
193
689
367
94
71
542
4
2
722
579
383
502
674
495
668
308
72
112
178
255
567
361
641
316
521
713
546
439
323
334
480
604
165
302
433
572
145
349
181
529
576
164
88
21
682
410
448
221
369
364
107
134
489
337
553
50
532
146
704
36
141
17
397
394
460
637
210
277
561
173
51
98
392
109
482
659
693
595
488
398
38
544
450
281
123
610
630
644
122
456
581
254
672
702
611
341
73
531
550
6
13
143
660
271
625
560
727
184
511
265
80
280
175
252
487
475
131
256
684
138
279
63
329
384
185
701
147
317
231
587
373
139
74
166
442
506
227
155
368
556
578
570
459
57
276
583
387
218
26
114
150
569
559
609
160
215
105
321
698
437
425
81
93
414
28
619
292
681
18
346
615
541
362
34
714
95
212
111
345
15
490
336
691
423
23
647
365
449
167
551
313
270
675
652
327
505
309
643
284
126
351
237
75
378
494
584
325
695
657
235
24
554
352
342
650
287
83
538
151
335
666
582
411
605
31
356
217
717
726
516
673
685
729
191
101
42
509
196
402
269
220
700
418
119
199
84
69
649
665
172
149
236
476
330
385
697
648
635
180
100
432
127
566
466
627
103
396
300
431
324
246
603
120
76
389
53
229
35
591
110
314
7
25
458
452
318
720
310
499
301
404
512
207
622
20
642
705
9
86
690
633
61
140
525
188
162
454
514
216
593
667
363
683
357
634
586
96
244
113
14
242
721
426
479
429
481
562
597
416
708
607
427
585
340
372
163
391
11
537
286
249
264
282
293
617
206
294
232
661
445
558
304
379
549
370
662
671
400
171
612
157
533
491
307
548
608
716
339
213
557
518
519
377
401
447
589
156
386
179
78
645
656
92
319
484
198
104
620
438
686
133
118
407
564
5
278
315
115
535
580
333
208
8
222
468
262
539
515
528
239
272
718
457
419
590
79
59
430
202
183
320
177
651
168
201
82
728
158
85
153
154
405
724
522
547
692
381
540
303
117
508
711
353
29
435
523
142
646
285
67
483
338
375
298
248
592
263
473
305
19
598
121
545
136
43
596
707
555
687
606
654
639
226
470
291
33
0
135
465
358
677
712
225
326
513
190
628
243
266
636
48
204
102
66
22
703
463
510
332
350
253
467
469
161
374
599
64
420
203
526
624
680
670
224
209
676
497
306
169
366
573
354
688
413
230
46
500
240
399
626
247
455
205
371
108
219
290
1
328
507
679
552
403
536
261
388
144
440
640
186
52
355
245
719
434
575
182
492
715
58
443
653
360
49
312
137
631
486
275
395
129
696
214
274
12
632
234
477
472
187
238
417
347
629
241
296
571
436
534
577
125
56
501
638
348
382
