441
548
580
229
60
572
644
552
375
110
466
305
674
437
256
209
228
159
704
715
570
128
221
660
109
633
74
576
523
278
186
498
482
306
99
140
64
300
63
193
235
308
66
411
244
142
252
493
285
70
478
358
447
148
401
296
504
638
492
222
270
204
294
319
726
473
22
595
553
2
618
467
649
626
547
115
272
65
232
352
508
360
592
728
509
695
485
487
425
251
223
465
248
505
480
593
54
381
418
46
357
220
407
132
217
307
472
48
134
625
696
610
55
271
414
141
710
629
188
323
120
108
565
718
328
3
697
101
709
602
567
52
17
510
146
50
662
155
239
559
605
277
403
684
721
596
620
30
25
573
699
117
682
116
273
601
590
27
125
51
261
362
200
350
518
621
641
655
582
445
58
688
24
574
192
97
683
549
249
665
719
679
471
23
424
154
627
530
392
367
376
262
82
390
712
38
534
10
321
32
395
650
371
652
423
484
281
336
89
213
608
612
7
387
568
187
122
40
611
172
284
640
240
723
368
651
513
245
56
318
71
544
145
90
166
399
170
643
543
243
87
214
173
291
561
118
119
635
417
412
385
609
162
320
114
158
150
717
562
31
663
20
113
628
0
556
422
351
470
258
700
314
616
135
585
4
388
324
330
673
339
297
80
581
26
551
216
541
343
691
408
364
458
147
14
174
86
370
165
637
335
59
630
435
164
354
419
292
41
361
329
617
79
514
28
527
477
449
706
378
254
457
383
313
84
62
708
136
111
194
340
178
43
532
347
409
293
129
656
431
218
96
124
690
226
177
268
702
397
689
500
103
81
507
207
372
264
451
337
382
227
301
464
275
126
455
263
647
199
253
171
237
36
139
303
267
322
659
526
212
384
198
405
355
542
404
15
163
577
302
241
342
37
386
624
454
206
295
657
558
73
93
104
496
545
16
439
91
88
310
396
450
205
102
238
654
430
246
426
520
157
479
326
133
614
598
359
453
18
667
121
639
149
515
274
433
299
648
311
694
607
181
184
406
380
410
369
591
546
78
578
713
603
666
416
727
67
77
105
724
634
658
676
564
490
716
613
363
69
160
11
144
517
427
176
440
521
632
680
231
210
143
519
722
298
428
669
8
156
539
506
436
266
461
338
255
587
619
560
208
287
1
341
269
265
594
597
95
698
42
586
720
606
45
161
288
589
646
687
575
315
230
600
76
701
247
476
85
469
225
331
233
588
475
645
599
421
182
332
438
49
5
529
234
486
653
497
106
443
488
12
190
282
29
169
180
100
197
495
705
373
642
460
413
131
39
434
215
555
566
474
456
260
35
309
276
636
622
393
107
685
524
47
203
671
631
21
402
83
130
415
286
123
33
516
19
672
219
725
481
356
661
224
92
151
711
317
448
522
279
583
604
349
374
400
257
72
195
483
137
494
550
462
201
312
290
189
112
183
152
325
703
44
444
6
250
75
512
391
432
68
167
554
366
345
584
535
398
185
348
615
211
579
502
537
196
175
