136
404
467
725
499
389
31
10
243
572
579
617
271
58
201
428
14
347
514
170
247
557
112
78
338
417
393
412
216
163
478
188
304
630
469
232
45
401
105
101
109
400
445
532
155
272
665
102
687
144
342
547
229
177
598
329
143
623
355
606
169
111
577
626
615
407
450
37
505
106
548
95
676
362
264
134
460
448
602
702
373
199
506
53
180
634
377
151
324
157
564
554
233
419
534
132
571
346
209
523
293
442
142
108
576
515
61
567
395
266
230
284
73
686
488
410
67
64
288
319
431
639
330
215
4
669
447
459
392
235
116
131
237
27
608
263
43
130
30
214
114
283
327
569
596
323
336
270
121
238
592
590
28
129
700
529
137
251
645
210
351
591
294
51
40
458
457
584
312
204
701
211
239
16
8
443
397
432
472
456
475
633
224
381
303
446
607
269
722
501
384
79
621
49
250
147
693
57
388
350
55
333
682
296
356
517
530
25
470
174
582
59
153
453
161
244
158
575
326
378
527
440
555
629
54
558
371
168
464
492
385
675
24
424
599
573
18
570
254
565
87
354
376
537
600
465
218
706
479
589
698
409
193
709
477
66
430
71
433
661
601
15
666
535
390
352
703
135
29
181
227
683
104
321
268
359
620
657
720
241
486
399
203
646
83
118
96
166
437
189
658
655
92
366
315
261
361
138
642
276
56
578
716
88
580
485
280
370
139
360
415
287
637
391
411
340
365
23
345
164
723
334
310
718
128
353
490
696
240
452
318
539
262
98
543
667
635
89
202
3
255
331
494
674
533
146
439
19
328
549
260
298
305
364
290
190
522
679
196
140
82
122
651
110
84
525
678
179
562
498
99
656
74
7
536
668
273
279
396
154
521
191
649
673
187
50
38
449
418
727
208
375
463
5
75
715
248
47
302
70
387
542
695
225
286
11
680
150
462
612
115
281
253
585
195
719
526
671
65
524
301
219
454
425
487
369
512
69
93
482
68
21
77
692
726
236
691
222
314
125
228
42
374
205
708
6
493
689
688
259
282
648
711
455
320
434
299
436
594
438
325
403
265
597
278
556
587
653
231
245
167
502
332
426
541
162
149
226
94
221
473
724
707
34
217
72
220
213
632
394
367
12
705
343
198
234
420
704
574
297
63
13
435
17
717
348
207
90
307
341
380
344
471
613
551
32
684
172
624
652
408
610
663
200
292
583
636
510
670
619
647
712
489
644
640
133
60
26
100
531
588
520
363
309
604
252
544
481
441
476
22
62
148
483
710
257
52
242
173
35
178
120
275
44
300
76
368
212
267
311
444
503
495
33
9
160
285
295
616
625
277
729
603
484
496
182
694
36
156
2
508
497
308
289
560
414
421
141
223
183
685
672
511
611
117
1
113
697
165
184
677
372
274
0
566
540
500
383
405
561
20
176
335
379
545
171
519
507
152
618
413
609
622
581
641
316
258
662
474
337
538
504
398
423
605
660
480
422
119
650
681
714
659
256
643
249
664
