285
506
433
558
436
288
660
179
531
163
665
112
668
212
104
710
554
268
694
380
357
603
136
139
133
350
216
701
539
559
65
365
270
476
70
674
464
62
155
326
180
124
538
31
261
521
274
254
600
659
239
153
588
184
306
546
471
271
345
654
524
260
716
336
90
427
541
154
249
8
420
209
708
330
639
669
108
383
45
440
612
80
715
628
682
472
437
468
569
545
11
434
262
18
625
348
475
170
166
25
13
55
582
474
726
722
462
555
169
75
317
526
467
224
120
127
92
299
338
693
631
138
68
584
477
178
276
236
175
290
690
637
698
214
643
620
688
550
247
213
700
286
381
616
3
607
507
202
300
319
311
661
497
191
572
363
226
303
24
228
177
617
389
417
15
267
604
14
77
229
542
220
644
411
263
657
147
675
512
678
99
203
251
451
681
557
592
57
395
385
144
621
158
117
278
88
316
455
6
4
40
237
210
729
211
697
684
64
340
530
265
573
98
703
356
277
103
196
358
307
642
397
341
520
449
231
720
134
310
382
188
192
142
409
333
301
595
503
379
128
160
123
428
168
469
100
378
102
105
529
679
235
504
353
691
431
489
724
46
362
574
129
269
602
685
465
459
634
293
115
1
195
522
61
332
242
419
35
442
406
85
289
20
535
206
280
423
292
93
405
374
152
82
461
87
687
141
651
256
556
413
441
430
50
696
517
39
221
425
219
84
304
305
230
34
244
200
671
583
622
652
518
314
392
162
36
372
401
432
667
658
596
150
43
298
172
673
197
714
339
205
655
361
452
201
140
79
312
402
48
463
630
96
257
479
513
241
28
232
266
641
97
60
193
12
601
287
719
496
444
536
21
458
384
640
173
38
549
578
272
712
354
349
692
532
69
635
245
344
581
368
329
94
386
613
302
571
511
570
135
130
71
346
186
355
585
438
528
283
551
167
525
342
215
110
137
16
523
560
508
544
91
492
689
686
453
415
321
611
101
618
614
204
295
176
323
17
568
670
327
367
400
718
41
351
199
589
619
223
480
580
514
369
627
182
185
132
234
485
577
19
407
702
403
666
450
636
116
148
645
246
217
111
575
37
366
118
233
576
23
258
309
540
377
418
547
683
207
143
81
662
121
454
494
26
500
396
624
516
663
318
435
218
335
296
633
677
284
22
227
2
445
548
29
498
457
5
605
281
32
421
615
156
713
519
717
586
259
297
502
470
553
650
10
7
208
375
598
414
291
49
609
448
52
308
315
488
591
391
501
119
725
394
711
527
86
171
27
510
491
579
252
552
647
131
626
565
125
9
78
543
484
656
587
54
388
352
487
566
250
443
165
505
264
51
107
59
478
597
695
499
181
727
466
198
704
279
331
672
190
534
222
114
151
460
187
73
240
145
562
255
95
610
371
370
515
412
493
638
161
426
243
680
416
343
322
561
648
30
373
728
56
486
509
422
149
533
183
0
387
564
126
294
44
676
313
606
109
58
393
456
599
360
709
439
174
122
