3
663
635
661
172
65
710
717
374
585
57
301
638
104
223
611
379
35
241
671
154
245
41
16
539
185
727
649
0
207
533
364
74
392
596
66
216
117
285
632
233
148
650
538
195
426
722
84
345
655
85
273
447
13
428
725
603
92
584
460
274
361
436
496
382
132
608
349
634
510
694
40
528
68
76
615
713
139
552
439
118
331
425
34
201
522
723
678
467
119
82
333
335
181
107
17
526
408
523
202
214
352
385
45
647
189
378
11
88
415
628
147
429
262
546
299
600
305
218
173
121
49
31
581
394
397
658
347
664
524
116
472
720
95
614
334
259
289
481
372
62
400
242
486
434
540
589
135
626
554
311
312
560
516
675
90
247
592
29
605
716
355
644
453
403
310
483
558
530
160
484
329
579
604
103
304
146
395
474
314
165
437
80
571
9
556
363
573
179
711
402
482
5
197
613
412
261
570
404
464
38
624
706
277
162
67
124
39
4
33
705
280
99
629
549
236
343
686
307
696
527
452
186
518
659
260
323
502
712
200
695
78
531
42
133
371
594
250
697
414
709
192
487
386
366
555
422
480
157
521
491
701
375
306
640
102
52
509
373
377
97
419
128
177
110
543
479
353
525
142
587
6
267
565
237
689
58
232
667
598
203
637
284
693
2
726
388
217
360
46
700
225
18
168
228
292
227
609
692
328
283
677
684
544
406
93
213
258
337
291
567
106
115
158
724
441
36
495
362
427
204
244
221
246
365
473
506
702
529
351
249
122
620
164
622
591
602
239
83
501
295
666
70
535
432
98
455
672
359
30
340
435
94
127
610
1
445
27
89
308
73
184
449
171
417
226
577
551
488
91
507
370
630
125
423
707
410
315
376
12
631
438
625
729
537
559
238
114
442
582
309
409
143
504
14
687
463
54
430
208
344
440
131
380
174
575
191
270
407
517
123
138
669
51
220
112
265
275
272
342
256
182
105
300
446
718
553
240
230
153
326
205
458
541
294
150
156
465
163
167
145
206
500
188
324
617
651
79
636
656
229
563
100
290
444
691
53
391
704
728
251
499
475
271
44
113
24
211
169
520
32
109
136
330
222
28
287
55
642
654
48
714
545
477
547
63
413
384
646
322
451
601
234
557
462
424
641
303
643
219
690
296
21
420
325
199
450
137
536
212
703
681
670
505
593
231
405
568
317
183
623
676
485
278
20
170
401
673
566
176
327
198
470
612
266
492
130
338
619
489
572
606
193
140
416
476
152
652
10
269
96
210
721
569
548
688
532
680
332
75
77
263
149
679
514
685
469
564
461
253
369
321
151
302
190
586
348
243
87
662
418
288
648
166
595
683
155
356
381
279
126
22
616
665
282
471
367
25
196
64
15
466
297
621
336
26
588
43
497
515
698
561
454
387
71
542
456
633
431
627
653
264
209
316
513
313
534
319
7
393
141
86
478
503
215
580
562
398
668
490
252
468
357
254
276
178
281
390
508
583
129
144
645
715
72
235
37
