606
109
643
205
549
315
678
476
128
668
272
89
409
465
449
605
661
427
318
157
391
141
641
489
623
67
523
430
613
314
642
142
440
448
524
499
369
453
212
84
55
711
532
137
472
479
595
693
164
602
441
682
426
213
143
289
705
192
436
16
156
342
582
206
704
204
309
719
176
463
651
514
280
644
375
32
683
376
505
328
381
273
116
317
10
3
529
178
13
257
416
40
226
65
72
284
484
113
706
511
335
182
684
399
185
130
346
120
7
694
203
633
543
12
171
356
566
480
673
467
481
101
123
198
180
161
510
152
117
462
638
333
676
457
221
275
352
134
155
598
139
248
231
60
540
556
165
573
267
551
236
370
686
583
393
131
58
423
444
521
160
701
38
541
250
146
53
640
136
258
194
456
459
437
520
655
708
716
193
66
447
589
281
52
418
458
239
246
28
388
244
103
110
311
159
235
297
112
322
634
700
262
223
720
294
546
429
167
288
241
330
688
24
400
526
675
150
41
94
312
475
557
23
268
292
200
173
100
531
91
710
344
696
222
412
188
372
414
76
242
729
73
715
495
702
692
544
365
471
451
5
494
347
69
14
78
202
373
4
455
554
464
536
575
293
71
431
2
25
308
216
343
637
166
488
601
331
177
247
533
470
712
728
563
691
307
48
515
535
54
490
234
114
522
329
191
379
151
179
654
154
256
363
559
452
567
175
29
126
508
70
417
145
591
645
603
215
552
286
513
230
196
266
537
17
647
565
27
402
277
119
395
354
228
586
320
169
147
285
214
111
689
398
596
383
518
519
106
350
496
664
389
93
259
42
163
646
170
254
617
504
90
439
306
35
726
252
428
610
580
486
396
666
269
355
608
473
118
438
162
413
690
577
625
6
612
305
310
665
291
174
721
626
99
229
264
394
368
631
384
632
620
217
653
714
353
403
530
279
98
189
374
332
303
260
144
662
621
186
283
407
627
425
11
597
378
667
181
568
382
460
469
127
616
579
57
443
386
33
237
671
282
362
243
92
210
337
301
85
190
39
500
507
516
104
593
233
105
341
253
408
422
208
713
581
82
497
669
569
87
64
270
274
650
153
571
410
517
44
390
220
140
349
357
133
261
278
79
709
115
599
614
380
677
184
578
358
36
339
615
420
149
9
45
95
658
725
548
560
298
290
415
313
421
122
618
600
361
336
135
624
367
699
660
8
97
707
348
509
695
21
482
703
405
717
478
590
491
46
364
296
49
487
224
219
685
718
201
562
622
722
63
604
245
442
639
574
0
539
187
406
148
26
461
59
326
424
477
43
635
528
483
218
724
672
609
485
125
659
61
81
324
385
723
56
19
697
86
649
316
34
138
588
498
538
555
96
83
446
474
366
585
680
401
392
681
271
506
727
434
648
561
207
319
132
50
238
564
592
450
31
121
211
351
454
302
88
325
323
255
570
545
550
359
51
102
195
679
628
124
404
287
47
587
607
433
674
263
360
75
466
299
534
584
493
527
168
