661
404
724
299
714
193
33
409
286
66
151
513
3
483
630
395
132
52
368
651
558
117
623
565
427
141
564
295
462
359
45
293
240
358
42
89
581
664
529
283
28
346
481
406
619
443
35
123
330
176
413
438
7
620
366
40
384
121
99
288
662
312
302
124
448
563
486
423
478
21
253
342
49
354
242
597
232
456
369
641
432
282
667
452
609
640
554
577
509
149
589
129
203
300
347
386
501
383
53
310
138
212
726
392
503
498
573
341
155
447
625
416
461
275
541
50
440
560
62
614
587
477
723
425
583
705
363
421
285
331
523
537
598
572
627
197
492
68
571
591
445
126
357
633
153
187
140
179
356
165
634
708
273
505
107
279
593
484
194
325
653
488
224
616
51
681
75
219
222
514
536
596
698
611
451
482
12
322
4
433
396
111
365
248
495
457
599
56
349
594
34
716
170
639
186
426
85
454
420
575
115
711
189
116
281
508
57
450
296
361
712
424
379
590
125
489
256
106
728
326
545
485
390
317
515
694
47
157
646
648
234
574
628
218
353
578
195
90
162
506
316
54
475
526
16
480
156
382
43
469
444
522
388
297
305
617
145
674
198
592
665
289
470
467
663
604
98
472
338
570
303
348
660
605
277
678
321
139
323
127
613
629
422
650
555
493
201
370
188
586
626
602
128
655
122
9
719
164
292
687
601
101
546
351
373
59
48
652
615
109
499
635
133
239
677
76
223
381
150
595
318
463
551
6
436
311
18
191
441
419
280
328
0
60
684
683
540
97
610
458
394
339
460
718
269
96
561
527
55
350
693
259
504
10
517
304
215
313
298
371
26
549
184
237
376
88
11
518
696
385
268
38
152
79
429
241
249
658
666
345
521
174
618
709
24
161
93
182
725
119
466
262
266
58
502
168
81
490
703
226
656
334
580
221
524
645
668
352
272
557
213
607
83
92
301
19
46
185
227
209
333
544
15
231
399
428
314
715
278
315
689
39
159
246
238
137
25
510
567
643
340
61
307
158
471
17
67
559
692
112
675
516
682
102
415
487
473
533
612
291
263
251
582
568
1
375
679
553
367
402
2
95
535
496
644
284
211
410
173
287
556
142
412
192
717
401
229
217
154
430
403
181
335
600
74
414
435
729
233
20
622
642
30
290
252
69
87
114
548
91
465
167
407
320
669
585
77
566
531
257
255
497
130
100
171
680
707
453
695
200
202
455
136
520
569
378
270
606
63
393
70
534
271
543
160
636
169
36
243
82
260
372
22
337
308
706
507
220
13
699
584
511
177
276
547
476
225
632
216
29
180
459
654
638
713
474
264
64
672
214
685
671
175
398
172
332
32
31
235
374
397
408
418
389
697
550
265
14
94
528
391
78
603
387
183
449
380
491
190
721
621
364
135
245
274
147
105
294
324
539
691
676
110
5
144
103
210
446
41
362
649
377
254
146
637
86
542
431
65
205
44
27
80
437
113
204
519
720
670
624
411
8
73
400
118
701
206
