222
188
659
512
568
508
619
376
2
32
323
179
593
432
583
343
630
190
231
534
317
8
658
17
91
153
288
412
698
211
249
705
690
605
686
624
296
88
587
181
482
162
135
723
457
478
348
232
122
344
10
95
695
565
422
207
689
653
287
669
40
459
581
635
561
37
535
608
212
12
239
311
492
452
435
615
178
219
51
56
15
196
299
7
509
504
638
138
691
228
22
242
169
589
476
300
379
461
229
493
111
707
121
98
112
394
657
273
160
525
340
363
349
708
496
505
187
195
367
681
87
465
118
444
366
427
247
257
309
436
374
141
416
114
616
502
241
199
596
53
27
477
524
382
649
500
73
594
499
610
48
223
13
240
80
586
399
226
243
217
185
463
164
401
539
557
614
446
390
693
158
506
132
573
488
83
386
558
441
570
201
33
350
464
166
46
454
332
28
331
530
682
41
448
238
315
674
372
507
137
521
620
640
572
497
418
279
654
140
156
131
470
523
265
447
722
703
501
25
71
245
30
128
146
660
662
154
489
486
715
248
419
286
298
66
709
90
522
551
351
291
143
724
69
92
282
578
666
676
314
310
44
595
529
173
109
712
440
360
655
579
142
259
387
85
253
20
405
671
61
205
55
86
200
498
520
221
631
16
726
116
304
566
487
136
72
437
388
484
49
381
163
543
650
540
345
716
224
721
564
145
517
569
480
670
4
702
230
218
159
679
601
189
368
65
445
371
255
148
663
175
407
214
334
177
81
612
439
373
215
14
252
74
176
714
316
434
235
421
171
329
308
19
560
202
192
729
617
706
105
642
155
717
274
275
359
528
364
113
728
443
54
337
357
244
377
354
711
35
471
627
183
411
6
293
271
261
645
84
514
283
403
210
588
305
438
400
276
550
629
100
544
518
321
431
719
402
467
339
50
209
278
672
250
571
361
167
420
648
330
429
392
133
675
511
126
667
96
516
263
1
577
428
395
426
267
490
5
110
542
198
408
442
621
168
634
413
152
590
78
174
611
47
391
34
599
23
646
262
21
180
67
556
576
582
186
139
338
609
29
397
220
425
453
417
673
58
38
503
353
423
683
389
639
647
696
297
99
546
24
191
254
285
652
661
170
294
236
628
64
258
347
320
94
598
526
559
268
694
479
668
272
688
537
370
449
108
184
89
104
369
246
97
18
102
456
541
665
532
270
547
483
144
415
45
380
352
727
685
355
295
725
451
491
455
327
563
474
718
289
549
406
151
710
313
120
301
76
680
39
656
424
216
469
519
603
172
575
213
604
494
567
687
475
623
684
633
466
358
404
458
206
60
233
36
3
157
580
460
149
692
193
585
77
552
554
101
124
9
677
70
251
125
303
701
68
545
720
548
42
536
123
553
82
129
341
63
234
326
119
538
306
57
555
284
636
597
147
319
322
127
194
592
62
700
644
433
485
197
626
342
473
527
410
637
450
31
204
130
264
324
622
161
495
26
697
333
75
513
281
318
362
335
365
618
227
713
