957
267
863
342
416
644
1001
717
384
704
422
977
795
807
1024
762
409
750
980
142
251
903
588
800
685
356
729
261
65
310
940
596
495
604
678
652
661
823
60
299
936
630
615
493
731
898
737
418
992
230
8
549
1009
101
568
399
811
331
583
974
632
1007
54
34
471
30
605
836
467
786
622
406
239
890
513
601
352
712
894
781
462
521
531
603
1025
264
524
822
145
855
625
708
692
848
947
457
144
793
624
987
424
889
249
741
638
993
279
796
240
204
941
5
706
703
746
821
1011
150
319
856
351
830
278
956
272
686
817
538
913
113
634
37
412
1029
927
395
158
154
40
720
320
270
557
491
236
646
613
626
942
18
453
906
757
875
62
79
193
367
181
711
1000
9
363
434
667
671
262
494
266
955
38
979
834
283
271
140
650
194
317
500
361
443
330
435
50
162
715
295
484
983
958
172
683
478
372
975
887
924
39
582
943
156
222
665
210
306
772
997
724
167
764
501
362
10
105
68
923
775
658
258
926
432
304
839
973
959
505
20
452
953
527
447
285
71
49
179
533
530
116
293
76
48
891
263
1027
723
761
332
64
825
52
813
124
674
436
451
988
506
118
12
157
337
127
46
235
558
241
608
466
378
995
878
688
325
931
809
350
687
17
186
964
338
206
520
904
345
313
242
458
170
187
933
133
301
994
919
318
78
765
346
1020
198
389
385
895
503
949
609
618
546
21
669
742
545
250
243
808
35
81
159
893
333
866
620
695
109
841
379
844
905
92
810
804
535
567
390
832
1023
969
211
171
165
238
188
571
643
344
561
914
482
670
859
155
851
592
972
125
456
66
939
233
224
268
161
479
529
700
178
721
415
100
1028
748
229
334
649
788
981
489
954
220
391
946
427
309
801
1006
15
518
245
886
6
635
553
397
745
758
576
104
303
569
753
208
302
1017
51
90
354
654
460
22
374
218
526
564
707
205
985
497
516
375
185
404
676
401
627
680
441
132
173
428
587
1005
783
648
96
614
499
74
89
590
0
392
476
826
519
107
732
656
223
327
102
728
475
213
135
246
1008
743
641
629
365
843
26
666
417
585
580
3
134
355
907
794
865
917
818
225
1012
369
877
339
419
858
986
454
63
784
360
237
112
664
532
577
126
259
766
733
137
7
502
860
725
922
407
790
353
153
566
542
343
918
612
651
854
56
400
572
473
468
915
693
504
769
819
966
300
698
689
570
163
336
59
998
968
490
814
449
785
437
563
744
921
219
702
586
282
348
710
4
833
463
803
681
990
517
653
573
647
820
925
534
935
276
284
470
426
281
120
593
1019
13
679
455
584
991
160
1015
787
885
768
195
191
628
536
911
164
106
16
575
960
736
540
329
480
498
900
405
767
93
433
83
873
864
657
414
662
1016
754
752
945
934
322
556
357
69
514
509
340
221
963
146
289
29
114
508
838
1010
176
168
347
376
789
967
883
798
189
136
446
930
254
912
290
1004
876
232
645
33
88
44
341
61
989
199
429
792
394
730
297
73
393
547
579
541
884
862
869
663
217
539
852
857
623
668
920
421
694
138
212
616
871
867
944
727
1002
701
726
951
716
234
771
67
24
381
216
735
129
349
111
166
948
207
438
552
274
879
591
827
837
525
287
469
326
121
1026
507
228
673
595
445
117
464
25
110
149
152
528
696
621
461
598
139
749
260
880
829
323
929
248
450
410
840
607
19
328
296
269
226
94
515
950
637
280
286
589
965
444
184
371
902
1014
275
806
970
182
32
80
307
770
11
872
43
86
778
36
1018
58
41
782
411
562
209
148
739
594
123
734
574
98
377
130
699
23
899
555
370
512
383
201
368
554
610
387
861
816
292
690
881
256
606
197
95
999
978
169
581
305
560
853
373
909
719
791
227
660
143
846
180
868
131
996
47
774
324
203
84
938
633
908
565
611
398
896
91
82
430
779
119
870
291
57
937
321
257
888
982
442
42
617
388
335
273
756
488
550
901
53
932
971
128
802
28
183
882
459
510
675
151
244
714
543
544
639
697
265
961
288
423
910
147
659
797
1003
177
984
99
850
448
431
847
709
755
976
115
916
777
72
845
537
677
849
1021
174
87
551
486
705
314
396
600
472
70
599
277
763
835
559
684
