597
782
742
937
523
99
389
792
747
146
431
365
881
806
361
666
285
958
801
900
578
920
185
1028
110
649
57
492
1006
630
620
834
43
540
63
569
771
38
471
1029
877
997
564
220
756
783
164
170
216
985
449
702
887
567
445
889
828
334
61
603
377
933
928
736
577
739
677
528
591
423
767
109
232
513
733
962
814
148
442
571
624
277
547
447
23
336
128
625
924
600
864
807
623
858
968
817
259
562
384
504
587
134
720
15
308
159
482
417
760
48
270
74
172
256
609
526
284
857
493
635
326
518
653
54
775
97
878
894
418
314
127
729
452
397
446
237
1017
403
409
80
158
455
454
663
701
682
905
754
875
357
242
715
435
758
713
344
316
556
680
507
385
122
849
903
585
868
820
626
1007
271
831
375
818
876
396
419
714
147
541
791
420
51
848
351
22
305
650
324
209
917
142
50
166
642
659
81
480
837
955
66
725
679
289
1001
1020
283
459
531
64
668
264
412
510
525
20
805
793
724
296
1025
988
261
408
673
785
856
915
796
980
188
251
71
472
655
731
362
983
544
643
961
508
330
938
800
707
498
836
484
700
426
367
207
909
218
239
795
355
595
192
280
191
372
395
399
132
866
969
252
694
530
263
70
272
996
327
115
323
991
686
1002
778
641
798
478
491
580
485
825
278
810
669
2
229
466
956
804
883
862
199
371
885
671
65
509
40
568
788
514
989
776
975
611
273
717
897
662
781
177
300
37
353
202
236
149
217
696
712
565
821
499
302
882
943
755
951
388
922
422
387
553
390
463
352
193
235
473
859
55
503
96
141
718
886
929
830
586
120
616
582
62
780
874
453
751
414
3
58
223
1019
101
941
221
1027
4
465
52
17
765
935
306
683
155
681
942
658
248
249
358
511
430
441
838
872
30
613
281
695
994
117
542
116
534
685
291
27
381
307
558
790
200
734
930
505
786
340
154
884
572
748
808
322
618
601
82
598
464
896
333
10
470
32
590
901
382
621
570
926
934
378
89
213
861
133
346
7
839
320
802
187
552
304
31
627
240
746
174
245
56
770
145
90
392
310
359
93
893
769
376
243
948
87
214
1004
173
425
794
118
119
652
0
394
401
404
632
773
162
114
150
602
594
925
368
543
477
532
1010
971
981
258
867
135
947
651
592
913
501
538
845
581
343
693
752
293
364
644
14
86
370
165
902
335
59
354
424
292
41
329
614
429
79
28
254
768
458
383
313
84
574
136
111
194
178
906
496
129
337
608
124
982
226
268
999
1023
103
593
873
676
227
1018
301
275
126
405
910
36
139
303
267
533
545
212
468
198
672
527
675
812
241
342
549
386
879
206
295
789
73
880
104
706
728
986
16
439
91
88
450
102
238
740
246
732
157
479
645
865
972
18
723
121
984
722
274
433
918
311
777
854
546
181
184
406
719
606
692
520
380
410
634
369
829
852
987
78
573
637
607
813
1015
850
945
416
761
561
67
536
77
105
1026
799
638
559
779
690
888
993
890
735
898
490
1021
863
605
363
69
548
160
11
144
517
427
639
176
440
521
952
964
688
231
210
640
143
753
519
348
298
766
428
612
950
959
8
156
539
506
436
266
461
576
338
255
1008
870
665
560
208
287
1
341
269
265
833
840
95
992
42
822
398
853
628
45
161
727
629
288
589
914
976
575
315
916
230
809
698
846
711
76
633
1016
247
819
1000
476
670
85
469
225
774
331
233
588
475
912
892
599
421
687
182
617
332
438
49
899
5
529
234
486
974
497
921
106
443
488
646
12
738
726
190
970
832
282
29
169
180
100
197
495
721
647
1003
957
710
373
678
907
648
797
847
460
413
131
39
434
215
555
566
762
474
456
811
260
816
35
827
911
309
276
636
654
622
835
844
393
966
107
973
524
784
47
203
953
631
21
402
83
130
415
1013
841
741
697
286
123
33
1005
516
923
19
954
219
891
579
481
931
356
661
224
759
92
151
1012
317
448
803
745
522
279
583
764
604
1011
349
927
374
400
704
257
944
851
72
195
483
855
137
494
772
550
462
201
312
290
960
189
763
112
949
183
152
824
325
703
44
444
787
6
250
823
75
512
940
391
895
432
68
998
167
904
730
554
366
345
584
535
919
211
502
537
175
