283
100
253
461
762
868
686
204
433
334
894
619
651
696
653
531
401
486
197
504
468
799
893
609
56
131
595
244
35
236
101
922
208
265
991
91
292
627
689
950
869
365
235
462
286
926
794
392
469
284
233
631
736
576
975
471
193
367
966
791
812
43
833
763
345
254
276
601
506
126
317
567
553
111
1010
596
540
353
500
704
854
165
346
632
931
282
558
465
124
30
835
145
1020
878
348
863
183
830
477
427
864
816
670
296
157
125
109
524
584
538
472
610
390
391
66
39
521
544
612
801
727
485
246
621
546
130
503
890
79
127
912
562
979
50
813
771
883
302
687
479
207
153
4
430
289
73
16
372
737
884
319
820
387
305
892
185
663
745
379
909
300
939
607
57
604
919
714
431
665
505
826
32
439
413
840
83
374
176
89
1002
644
421
935
478
974
330
554
587
224
677
752
770
807
340
344
76
822
368
163
93
728
366
281
404
167
764
442
848
263
692
768
194
599
955
1013
543
273
987
529
871
444
859
718
162
294
311
335
119
953
488
568
509
615
518
825
329
502
779
740
997
947
928
59
428
223
637
303
287
990
985
710
1025
8
108
847
750
496
585
414
542
724
818
258
5
25
320
15
852
545
429
195
734
53
492
411
175
635
1019
697
787
810
781
1005
898
1
753
844
534
441
523
924
352
33
499
188
866
149
230
654
148
639
409
186
180
116
573
256
617
498
862
314
592
74
1014
726
977
923
219
318
668
711
27
272
228
22
49
913
904
658
666
984
942
983
899
804
589
398
308
63
446
196
682
600
240
350
298
709
213
547
238
593
338
652
1001
790
996
333
107
355
60
71
211
891
574
629
782
845
234
70
415
537
988
146
65
680
755
443
739
222
141
227
937
759
655
264
882
817
773
84
691
958
556
158
313
232
625
370
784
520
96
384
1006
918
751
786
606
182
90
1029
402
943
772
342
122
191
932
785
623
358
688
733
164
549
643
95
925
952
579
135
722
373
260
395
557
743
708
778
850
638
775
138
190
420
888
838
915
802
693
13
1028
221
944
47
522
203
963
565
766
279
914
459
3
889
371
1023
895
68
44
97
507
976
55
1009
982
383
571
929
189
698
959
729
516
37
72
896
369
400
154
449
1027
973
968
487
251
993
266
464
780
67
278
309
69
11
52
239
290
166
364
508
295
87
876
815
424
535
796
24
641
526
225
1017
532
900
525
255
933
911
511
467
323
17
881
389
867
247
731
243
720
946
938
920
36
591
536
577
114
855
746
177
445
980
201
470
831
377
231
566
706
325
897
957
824
694
104
811
179
45
647
202
156
257
885
719
552
438
453
259
155
798
886
99
581
774
481
168
1012
967
972
582
594
406
1016
814
337
316
921
1003
846
602
514
110
683
910
650
842
793
705
879
137
356
187
564
823
88
672
701
484
34
858
301
291
713
94
386
699
29
132
513
605
690
113
242
916
241
715
730
268
405
765
489
21
237
62
26
388
77
139
229
385
717
951
630
887
806
648
23
425
171
262
930
343
336
42
618
212
999
934
299
142
399
38
339
82
673
628
1004
721
769
359
261
660
497
128
86
657
676
277
416
216
901
569
849
198
321
417
597
588
551
482
435
684
209
448
792
738
480
907
969
275
457
795
396
178
460
474
917
908
285
378
613
362
853
989
172
960
117
744
121
214
452
447
808
758
324
252
432
403
819
326
357
271
434
803
636
624
10
829
54
962
940
1007
140
998
541
642
572
205
14
297
463
152
800
865
280
948
184
700
560
192
748
797
669
419
561
341
981
716
150
809
418
776
1024
519
702
454
493
161
586
144
169
611
971
527
555
380
375
1026
880
872
570
147
679
473
456
220
174
267
75
483
659
834
645
412
767
6
664
226
215
98
248
788
105
695
756
761
118
206
112
528
1011
304
994
19
426
742
393
382
7
841
160
351
646
992
46
634
423
310
550
466
450
363
293
603
614
956
217
376
123
548
199
422
2
941
903
832
394
559
735
28
712
533
685
20
31
598
575
491
347
476
783
875
81
494
381
741
9
870
322
410
873
170
827
839
821
949
964
563
777
440
1008
102
270
530
315
354
349
143
61
905
269
620
667
458
115
945
828
85
877
48
703
360
851
136
986
133
361
451
