481
748
354
829
195
565
812
404
28
657
562
697
692
356
246
121
682
244
8
85
840
883
426
384
12
902
467
942
334
667
425
309
964
208
866
843
133
148
434
979
622
312
953
908
166
819
1024
59
438
439
201
940
561
492
578
230
193
1011
832
97
984
336
303
684
269
1007
176
636
388
792
802
212
1023
956
344
600
104
250
580
126
626
831
997
57
733
1027
1002
861
451
773
586
358
872
627
123
878
717
865
808
138
936
592
419
784
281
669
424
821
258
889
512
746
299
688
117
683
581
1006
93
887
939
876
596
165
40
286
806
563
4
789
978
347
199
196
288
71
162
153
436
992
623
591
794
228
360
620
737
37
579
316
151
970
247
84
833
776
399
283
108
433
322
267
743
698
441
275
452
365
343
406
664
178
1004
823
988
305
945
139
513
479
877
931
7
432
634
851
1016
937
960
680
1000
731
564
786
179
848
42
760
552
118
355
807
500
134
52
259
370
841
297
839
501
129
651
213
292
718
884
416
282
583
658
530
555
132
973
610
703
66
149
544
892
556
143
1025
612
261
652
184
353
804
163
982
45
545
349
120
448
89
553
590
107
156
954
962
266
820
689
593
249
668
749
1020
296
140
423
648
1010
462
486
150
533
99
302
619
509
895
124
515
955
348
368
141
554
21
514
464
588
49
817
836
482
630
50
323
537
326
601
944
595
568
470
856
26
753
253
723
759
828
613
385
611
772
639
272
502
240
750
310
53
346
916
394
472
445
386
977
285
338
882
232
155
475
278
959
1026
458
443
863
917
306
273
477
62
880
661
525
757
489
656
485
735
111
728
654
855
813
454
739
787
540
599
681
469
628
325
197
709
68
494
521
674
557
417
822
409
187
396
858
921
421
330
342
115
577
363
313
128
742
440
194
932
924
495
987
224
767
51
967
242
75
219
222
317
810
842
359
319
631
369
926
885
6
763
248
526
701
318
56
383
357
510
573
170
736
903
186
10
650
811
1009
189
116
567
909
771
714
48
957
125
46
256
608
756
845
16
559
405
629
47
157
696
686
894
541
382
218
869
814
90
604
935
54
695
457
922
127
109
484
43
422
673
738
796
679
912
874
145
958
919
834
653
289
694
315
602
468
98
226
450
381
800
461
934
277
321
711
747
483
442
503
582
985
849
576
663
938
765
741
188
825
490
928
122
9
734
164
101
713
351
373
571
560
871
969
716
239
961
76
223
983
518
666
460
311
18
191
413
1021
791
280
499
328
0
572
809
910
339
182
493
1019
96
55
350
39
522
920
844
304
215
298
371
538
774
237
376
88
730
529
991
268
38
152
79
429
241
943
345
174
875
506
764
24
161
754
854
119
58
262
570
168
81
707
816
221
968
915
775
783
948
83
92
301
19
558
185
227
209
333
607
527
231
508
428
314
1014
617
551
755
238
137
25
797
1018
340
61
307
158
523
471
17
913
67
785
790
721
112
852
725
618
516
949
102
415
766
487
473
752
971
291
263
251
605
671
818
798
1
549
375
963
966
367
402
678
830
2
95
535
496
846
914
284
211
410
645
173
287
782
142
412
192
1017
401
229
862
758
217
597
761
154
430
403
181
335
847
74
414
435
1028
625
640
233
20
898
769
906
803
609
589
30
290
252
69
87
114
548
91
465
888
708
167
407
616
320
947
585
77
704
566
531
598
690
257
255
727
941
705
497
130
989
100
171
965
702
899
453
986
655
893
200
202
712
827
660
780
455
633
136
520
659
569
378
706
270
606
63
393
70
534
271
543
778
160
996
169
36
243
82
260
860
372
990
22
337
308
1003
751
507
220
13
995
672
584
511
177
276
879
547
838
719
476
225
632
216
29
859
700
722
837
180
745
930
459
927
677
638
1012
474
264
64
951
214
972
896
850
950
175
398
901
172
332
32
31
744
235
374
397
408
699
685
418
389
993
815
550
265
981
14
94
528
391
853
729
801
925
923
78
603
387
183
449
380
835
491
779
190
1022
621
364
868
135
245
881
274
147
105
294
324
770
799
539
691
873
676
110
900
976
768
826
5
974
144
103
210
897
446
41
362
649
377
254
146
637
86
980
542
431
65
715
205
44
27
80
999
437
113
911
204
519
720
670
624
411
740
73
998
206
867
