48
833
399
155
123
30
653
706
606
680
255
619
61
876
829
193
1000
850
656
51
652
328
889
235
737
10
961
509
692
247
859
92
729
103
409
321
709
713
556
826
324
587
532
888
437
900
767
264
793
707
91
629
144
211
781
716
920
579
525
312
429
472
546
232
246
86
359
358
101
194
39
667
16
694
815
904
840
452
177
136
80
126
118
669
505
901
822
357
95
303
192
596
863
108
304
867
488
748
124
381
468
41
270
5
64
913
45
953
314
524
3
350
506
514
966
885
293
195
639
528
796
600
339
877
333
954
349
760
249
730
771
164
811
371
574
869
78
109
201
450
111
143
801
206
288
807
362
646
102
800
46
4
552
400
783
466
701
784
838
586
951
757
724
899
214
137
873
386
479
134
610
527
818
146
290
526
237
533
719
385
407
665
799
105
163
542
868
127
883
1014
512
354
1003
914
640
31
1010
548
543
635
112
777
132
991
370
733
550
974
773
261
294
209
447
666
742
626
159
440
813
97
990
410
279
676
186
956
406
643
224
14
170
794
390
115
461
644
449
19
107
648
584
236
431
469
687
233
229
387
475
614
319
620
593
558
499
970
668
59
376
1026
879
116
68
411
389
723
651
401
523
37
759
977
106
1011
351
356
323
756
251
769
944
689
55
215
338
770
56
979
919
169
291
181
53
563
894
346
817
151
464
230
797
578
710
1023
886
188
388
923
809
185
43
416
617
722
142
965
585
816
352
317
322
806
976
798
708
329
971
150
957
67
740
457
562
439
908
327
522
785
712
972
498
746
982
487
915
835
131
803
296
283
857
417
743
130
565
615
114
529
936
752
844
427
271
313
377
921
997
428
284
129
395
891
393
326
671
210
649
632
179
937
40
306
673
373
521
204
841
832
272
8
355
994
654
70
397
938
741
536
139
168
7
856
518
682
93
534
804
698
491
79
575
342
993
49
250
981
592
135
1022
909
658
382
25
47
745
174
29
153
539
567
819
161
244
948
158
530
501
432
697
847
780
366
955
54
1019
24
298
18
254
225
419
612
755
222
678
424
218
916
573
987
442
638
286
66
453
967
71
637
412
82
930
849
15
751
535
591
451
589
404
490
924
772
364
459
104
268
882
802
241
430
700
203
960
595
96
467
630
492
166
726
851
996
315
361
138
276
384
568
821
88
823
280
460
642
897
624
202
402
340
365
23
345
963
334
310
929
353
985
240
318
761
262
98
766
922
895
89
515
331
703
433
943
749
486
661
980
865
260
305
1018
196
140
594
122
494
110
84
911
513
482
705
964
74
988
932
273
396
154
191
945
187
50
38
418
906
208
375
463
470
517
75
248
559
302
582
962
984
11
1005
485
462
1008
627
281
253
1015
739
941
577
999
219
425
369
715
69
1012
580
21
77
547
1027
978
125
228
42
516
572
576
831
621
374
205
1001
1024
6
493
735
975
870
774
259
282
634
590
946
1006
455
320
434
663
299
893
436
675
842
438
325
403
265
564
602
845
278
655
866
732
711
553
820
918
926
231
245
167
502
332
837
812
426
541
750
762
162
149
226
685
94
768
221
597
699
473
1009
601
903
34
217
72
220
213
890
394
995
367
12
878
343
198
725
696
234
695
420
928
905
608
814
297
63
734
607
13
435
17
764
854
758
779
348
207
90
307
341
380
344
471
1004
871
551
598
693
32
1028
657
670
172
880
881
408
860
933
200
292
583
896
510
1013
874
910
1007
992
489
907
902
133
60
690
26
100
531
588
664
776
788
520
363
309
795
828
604
252
544
481
441
647
476
22
62
148
483
727
931
786
257
52
242
173
35
178
679
738
120
275
44
300
836
76
720
368
212
267
311
728
444
503
495
33
9
688
160
285
295
616
824
625
277
934
603
484
496
182
827
983
684
744
998
36
156
2
754
508
497
308
289
560
414
421
141
223
864
183
843
969
950
672
848
511
912
731
611
892
747
973
117
853
1
113
986
686
765
165
1029
184
677
1002
372
274
704
0
566
887
540
500
718
383
405
561
862
20
805
176
335
379
545
171
519
830
507
152
618
413
609
622
872
581
858
947
641
316
959
258
834
662
474
337
538
504
398
423
605
940
660
480
422
119
917
650
681
1017
875
714
659
1021
789
256
968
952
