310
894
512
273
281
540
101
752
141
236
496
687
858
777
199
908
317
293
65
492
884
525
869
490
735
1024
426
235
250
183
765
672
724
696
599
345
1004
205
1009
579
146
829
834
843
840
836
624
792
272
89
158
801
458
774
402
209
70
396
465
991
526
384
961
878
470
223
922
193
230
438
400
74
595
932
409
327
84
431
719
347
231
142
700
681
830
704
330
782
179
977
551
968
1
857
911
109
160
1008
839
455
691
934
172
128
365
480
814
169
510
1029
824
596
77
505
678
388
854
946
673
175
705
776
747
200
532
284
417
544
928
707
376
931
152
862
286
847
909
571
91
734
633
488
902
251
798
333
62
18
848
288
966
822
770
863
951
432
22
620
962
188
1013
1007
258
227
107
742
335
309
614
80
521
1014
940
30
10
418
445
305
157
363
778
257
711
519
4
522
198
116
279
204
821
174
731
468
202
504
953
119
177
275
343
13
248
975
924
636
853
721
557
732
662
129
90
460
126
338
163
111
727
788
543
773
744
757
656
669
72
2
818
427
702
12
825
889
712
451
108
890
379
181
957
981
370
945
346
308
779
304
897
356
42
375
654
552
899
797
412
294
578
898
577
398
948
414
462
986
860
340
55
812
905
344
216
925
40
423
518
716
893
513
923
178
176
399
58
851
502
16
411
775
464
710
593
484
871
881
658
682
536
441
29
989
726
692
803
440
453
601
203
371
32
530
640
985
156
837
748
334
382
683
372
891
664
439
3
452
626
130
429
874
811
645
342
864
41
321
222
328
556
913
113
48
289
76
206
457
780
285
771
386
225
606
120
263
529
481
387
615
221
268
171
799
794
994
618
980
846
567
791
123
960
180
161
729
265
963
117
740
996
789
558
695
1001
663
638
240
134
155
353
139
572
965
511
60
352
861
165
733
684
300
214
407
546
297
394
131
314
944
956
756
416
584
38
249
524
53
136
685
694
35
637
378
665
859
739
52
377
737
786
993
246
973
425
699
28
643
671
244
103
276
393
110
159
112
1021
852
329
262
793
677
167
867
154
982
24
887
443
150
553
94
217
381
23
292
173
100
25
781
826
489
783
354
666
242
168
73
559
998
118
114
520
5
475
1011
856
69
14
1025
639
369
78
479
749
54
467
266
813
768
514
537
903
503
715
166
947
331
969
247
373
653
472
499
659
629
616
563
832
307
920
910
566
501
234
743
430
900
191
151
435
256
795
690
880
541
569
582
383
145
896
916
533
215
787
933
688
196
958
495
591
17
802
27
277
631
395
228
320
147
849
984
494
598
449
738
106
350
523
650
389
448
93
259
554
675
919
170
254
602
252
306
547
912
987
428
186
269
630
162
413
921
816
98
6
828
686
882
611
229
264
368
907
999
1006
929
403
755
610
189
332
303
260
144
627
698
283
883
11
842
594
693
531
469
127
872
57
33
237
954
282
586
362
243
603
92
210
337
810
668
301
85
190
39
500
623
507
634
516
723
104
833
233
676
105
341
753
959
253
408
422
208
1015
796
82
497
952
583
806
87
64
270
605
274
1020
901
819
926
153
613
943
410
835
517
44
625
390
220
140
349
357
722
133
261
278
79
1010
115
844
865
718
380
967
184
817
358
36
339
866
754
420
149
9
1012
45
95
935
534
548
560
298
290
415
313
421
657
122
870
845
361
336
135
879
827
709
769
651
367
995
937
619
8
97
1005
348
509
990
703
746
21
482
1000
405
784
950
1022
877
478
590
491
841
46
364
296
49
487
224
750
219
978
850
761
1023
647
201
562
622
75
63
804
604
245
442
906
574
0
539
767
762
868
689
187
406
148
751
1018
976
26
461
670
655
785
59
714
326
424
720
477
43
661
635
823
528
736
483
218
741
820
1027
964
855
955
914
609
485
125
936
61
81
680
324
385
1026
56
19
992
86
838
758
649
316
34
808
138
766
588
904
498
538
800
555
96
83
446
474
764
366
873
697
585
885
971
760
918
401
759
392
983
745
271
506
1028
434
648
942
807
561
207
319
1016
132
50
972
238
564
592
450
31
121
211
351
454
302
708
88
325
323
255
892
570
545
1002
550
359
51
875
938
772
102
195
679
805
628
124
404
730
287
831
47
725
587
607
433
674
360
466
299
493
527
