594
225
813
89
877
420
645
147
262
1020
521
163
724
993
710
66
526
974
191
568
340
455
157
910
102
170
321
936
611
766
753
70
826
35
810
674
347
214
138
465
374
787
236
1013
467
362
104
336
154
178
55
237
74
977
289
780
155
67
978
703
999
671
285
666
903
888
640
668
363
990
146
473
554
399
971
654
65
998
495
429
304
574
593
784
937
299
215
914
838
379
612
659
1012
395
431
13
319
734
664
238
77
530
481
835
559
162
600
328
477
912
930
812
718
880
247
428
883
127
950
630
479
11
665
983
353
112
642
712
702
544
280
776
188
570
265
731
300
437
36
518
811
789
124
864
723
286
357
794
846
849
228
239
402
62
582
575
916
463
193
658
404
739
290
189
325
34
209
623
956
287
273
180
136
773
672
508
832
714
524
424
303
1008
42
996
194
1004
741
801
120
541
106
113
523
372
604
345
869
578
307
503
525
90
924
385
220
504
401
288
406
945
616
390
53
282
779
585
50
737
1016
295
83
744
535
427
868
911
933
324
278
167
139
791
184
959
358
979
441
219
891
768
704
698
725
700
948
310
545
774
876
770
922
844
896
326
277
889
411
213
643
740
31
925
851
964
861
917
203
919
860
909
799
135
537
870
775
423
117
57
1011
101
231
707
1010
608
512
684
567
398
212
8
384
539
108
892
592
359
176
683
364
641
490
248
45
159
266
320
814
80
419
342
798
881
268
620
436
687
778
267
97
755
928
249
18
462
601
425
61
984
166
25
894
649
756
71
275
960
695
918
169
75
577
949
305
489
376
383
348
656
1019
350
940
621
722
886
68
682
276
1025
434
378
571
175
452
216
482
985
1006
580
595
624
931
987
177
651
202
590
430
926
875
3
263
432
458
636
681
657
261
251
397
447
93
629
226
444
24
920
705
433
576
981
200
900
15
257
807
14
333
229
831
476
1009
144
99
459
507
836
968
932
663
471
316
841
271
762
123
644
855
158
751
317
168
1017
382
274
6
4
417
210
122
1
497
850
972
64
461
311
758
100
995
816
618
338
767
389
103
196
334
716
550
134
341
492
192
142
410
298
677
301
464
551
128
160
356
628
735
614
105
821
696
965
235
635
85
365
887
797
975
646
16
834
46
625
572
344
129
269
440
848
94
468
901
905
513
902
195
752
573
332
242
79
793
986
43
942
20
205
733
206
661
91
292
605
150
824
82
87
631
141
897
256
873
339
790
969
904
39
669
934
84
230
546
757
1000
759
314
392
866
451
619
633
555
483
172
197
952
726
863
449
361
201
140
879
312
48
368
895
96
732
241
28
232
442
915
1014
60
12
858
1003
21
692
637
173
38
783
469
272
349
673
760
69
786
245
929
329
1018
386
991
302
856
809
815
130
583
506
346
186
355
782
438
697
679
899
622
137
528
323
777
603
453
898
415
867
613
204
963
529
839
327
532
367
400
1015
41
351
992
199
837
878
581
223
480
827
514
830
820
369
750
182
542
185
531
132
549
689
745
234
485
822
19
407
994
560
862
607
403
947
450
907
116
148
747
556
921
246
217
111
1001
1024
37
366
118
233
819
23
258
309
602
540
377
418
547
970
207
143
690
81
569
943
121
454
494
26
500
754
396
771
885
516
589
966
944
795
647
318
435
218
335
890
806
296
667
825
962
761
284
22
227
720
2
445
548
29
498
457
5
857
805
281
32
421
874
627
156
1007
519
961
973
586
259
297
655
502
470
553
927
10
691
7
208
660
842
375
598
833
414
291
1021
49
686
609
727
448
52
308
315
488
591
742
391
980
501
119
1026
394
1005
653
527
639
86
171
828
865
27
785
746
510
748
662
693
491
579
736
252
552
923
772
131
699
626
708
565
125
9
78
913
808
543
484
935
587
54
388
670
352
487
566
893
250
443
840
165
505
264
51
107
59
804
847
478
597
967
499
181
1028
466
711
749
743
198
882
997
279
331
957
190
534
222
114
151
460
688
187
73
729
240
145
562
255
953
95
610
719
371
370
515
412
493
638
800
161
941
426
243
680
416
343
954
322
561
648
30
373
1029
706
56
486
509
422
713
149
533
183
0
387
564
1002
126
294
44
946
676
872
313
951
823
606
109
871
764
58
393
818
456
360
709
439
174
