128
124
549
884
1019
116
334
393
453
62
719
40
677
529
774
337
55
586
993
564
538
132
16
742
91
904
300
621
593
574
103
18
494
741
820
441
794
548
868
512
730
543
251
44
30
1017
454
228
60
986
957
321
77
17
489
602
54
639
412
68
749
921
363
316
1004
322
788
747
610
32
801
568
47
699
503
813
856
535
193
476
686
964
791
520
707
213
280
299
143
690
850
713
279
150
1029
882
890
877
935
732
442
433
816
323
159
504
269
929
755
237
1007
324
567
446
913
745
27
81
743
770
398
368
517
330
834
681
325
855
352
97
210
570
284
1026
345
309
141
641
701
975
916
227
231
267
706
655
170
776
418
559
865
811
987
800
962
693
130
342
199
679
450
25
99
362
4
898
41
604
502
3
351
152
478
1013
146
771
90
295
194
879
831
873
735
37
87
1027
607
566
579
131
828
254
343
562
346
769
196
480
34
191
14
21
862
984
965
847
763
384
89
608
544
1010
287
6
100
335
181
283
700
662
979
1006
617
819
11
74
192
176
869
556
616
70
645
174
166
479
611
667
445
644
924
649
448
20
963
600
863
961
380
937
519
985
936
257
294
344
151
578
569
392
410
221
729
376
841
678
288
327
461
978
844
930
94
71
1008
260
258
178
126
499
780
421
466
490
758
995
789
594
949
112
881
509
422
195
852
383
658
485
777
197
184
740
912
942
674
409
471
265
218
563
373
165
849
431
748
145
289
887
783
753
411
1022
88
277
909
590
950
558
42
173
107
252
134
359
806
50
233
268
402
782
36
397
273
689
796
657
341
903
1000
462
313
414
429
51
932
180
365
839
302
977
223
606
731
635
38
670
673
379
123
256
1024
883
527
207
516
704
581
525
866
396
73
250
754
781
767
13
939
591
803
560
825
613
960
533
889
584
705
175
506
697
119
992
891
308
138
668
63
583
618
185
84
147
951
361
550
406
487
660
216
155
589
297
565
974
614
317
427
276
829
561
26
114
672
914
792
160
349
215
651
105
971
967
744
661
329
93
874
28
875
387
331
292
666
530
83
474
546
460
95
212
428
572
15
835
171
650
23
424
815
627
582
702
716
167
910
488
270
784
928
908
734
336
76
934
940
75
609
140
110
235
907
307
378
595
9
827
726
775
31
356
423
456
364
712
217
628
1009
101
554
634
220
757
69
172
432
149
236
481
691
385
982
922
340
612
804
127
802
807
832
886
615
857
998
588
389
53
229
35
773
622
314
7
537
675
318
310
708
301
404
761
880
532
980
521
86
972
61
452
723
511
630
188
162
242
724
531
944
357
895
833
96
244
113
915
1020
426
795
845
416
997
900
163
391
823
764
286
505
264
282
973
293
206
232
938
779
948
400
925
683
867
157
817
654
491
1001
860
339
894
902
377
401
447
837
156
386
179
664
663
78
814
652
919
989
805
92
694
319
643
709
484
695
198
104
524
711
620
1014
878
438
966
133
118
646
810
541
407
798
5
278
680
315
115
1015
587
848
917
333
208
718
585
8
222
557
468
262
539
515
528
239
553
923
272
1016
457
419
838
79
676
59
799
430
202
183
320
177
953
605
168
201
82
1028
158
85
703
153
154
642
405
633
1023
522
598
547
976
725
381
540
746
303
117
619
710
637
793
508
738
1002
353
29
435
523
142
920
861
285
737
67
778
483
338
375
298
826
248
840
263
473
305
19
846
121
545
136
43
714
596
996
625
994
555
968
858
931
905
899
226
470
291
698
623
33
685
0
135
465
808
358
955
1005
225
326
513
190
991
797
888
243
266
786
901
48
204
102
66
809
22
990
463
510
332
350
752
253
727
467
853
656
864
469
911
161
374
599
876
870
897
64
420
722
859
669
203
526
624
824
927
981
947
224
209
688
954
497
306
682
169
659
366
573
354
969
413
230
46
500
240
399
626
247
455
205
371
108
219
290
1
328
507
958
552
926
403
536
261
751
388
144
440
842
640
186
52
355
245
772
1018
434
790
575
182
492
1011
717
1012
58
443
653
360
959
49
312
720
137
631
486
275
933
395
739
1003
129
696
214
274
12
632
892
234
830
477
952
970
472
187
238
956
896
988
733
417
347
629
760
241
762
296
571
436
534
577
125
918
56
501
638
348
382
