150
98
530
798
820
774
910
892
33
728
4
1005
651
524
429
225
880
858
472
502
596
427
477
865
499
829
776
853
263
160
810
670
351
591
667
92
649
2
59
366
845
923
616
412
93
676
557
934
849
0
630
328
989
735
794
292
46
690
155
488
444
394
493
823
964
375
716
589
182
187
199
763
136
512
511
755
646
459
966
315
168
378
841
462
196
332
496
832
958
595
615
1021
302
842
434
529
871
387
350
476
396
166
951
457
203
515
340
751
316
993
886
400
578
461
875
905
407
721
37
223
801
821
785
152
492
658
806
968
257
724
88
205
153
1010
788
679
91
570
1012
897
947
498
239
544
240
525
707
627
14
362
838
992
800
52
195
556
510
158
395
210
764
13
10
719
661
694
893
839
32
508
732
717
357
382
215
376
1014
385
725
478
122
115
759
25
41
398
291
381
368
834
141
188
405
531
266
308
914
106
734
828
1023
121
51
784
426
445
517
103
242
331
299
643
277
363
176
1029
952
241
950
480
588
668
280
612
163
932
522
403
356
371
729
208
946
747
562
87
663
768
336
237
648
712
509
909
971
757
348
8
624
219
408
984
796
607
723
113
889
454
212
733
659
386
165
621
815
135
836
940
224
183
311
742
95
781
211
361
486
878
533
620
850
566
884
296
300
345
819
384
682
1017
435
631
53
797
438
48
471
686
972
870
1026
787
73
307
312
271
590
959
7
974
767
325
996
602
138
652
523
826
278
383
782
323
571
771
539
594
851
890
739
711
945
1013
111
695
919
354
112
650
775
420
416
741
330
811
581
683
249
528
222
276
700
443
534
118
229
756
576
343
520
452
926
374
439
891
440
925
126
422
560
704
872
290
837
967
401
114
957
983
687
221
247
928
275
309
27
1004
887
159
593
261
329
228
442
96
448
610
982
799
269
514
497
80
274
317
226
414
217
185
691
164
540
6
866
609
613
83
998
305
645
131
28
653
628
999
238
565
367
696
985
908
803
192
279
861
961
666
446
265
245
1022
61
714
364
817
30
128
888
146
937
447
154
777
1015
286
298
66
543
346
90
736
689
143
49
436
69
437
282
955
962
314
310
44
854
745
173
674
428
825
969
809
142
259
577
85
253
20
605
74
574
573
718
489
900
86
372
200
267
692
418
896
813
393
973
16
1016
116
678
304
606
833
388
72
822
708
402
922
561
816
550
722
860
145
419
727
660
587
516
230
218
895
569
189
65
507
255
582
175
551
214
334
177
81
863
373
795
252
586
883
669
484
235
1001
171
19
786
500
202
464
617
911
441
913
857
625
1027
804
54
501
337
244
377
1009
35
930
535
490
463
411
518
293
916
84
506
705
283
830
827
877
100
752
321
431
1019
467
339
50
209
935
250
167
920
392
133
766
720
864
608
760
1
868
5
110
758
198
680
413
664
1002
78
174
862
662
47
391
34
572
564
975
699
23
942
693
262
21
614
671
180
67
780
753
818
186
139
338
789
29
397
220
425
453
417
956
58
38
503
353
737
824
423
976
389
639
869
703
899
960
990
297
99
546
867
706
24
912
191
254
285
927
938
170
294
598
779
236
852
64
258
347
320
754
94
844
526
559
268
988
479
738
948
272
902
812
537
793
370
449
108
641
1028
677
685
184
89
898
805
104
369
656
246
672
600
726
97
18
881
702
102
456
1018
541
943
532
270
770
749
547
483
144
415
45
599
380
791
352
894
611
979
773
355
295
1025
840
451
491
455
327
563
921
474
991
289
638
619
549
731
807
688
406
151
750
1008
313
847
120
684
301
76
970
1024
632
39
933
424
216
740
469
519
603
657
769
172
876
575
213
604
814
494
567
981
475
802
623
977
710
633
879
466
358
404
698
762
458
206
60
233
36
673
3
790
654
157
580
746
460
149
665
986
831
193
585
77
552
554
101
124
9
963
70
251
917
125
303
995
783
1011
68
882
545
1020
548
903
42
944
536
873
123
553
918
931
82
129
907
341
835
778
63
730
234
326
965
808
119
846
538
306
1003
57
555
284
636
597
147
319
322
127
194
592
62
994
644
433
485
197
939
626
342
473
527
410
637
901
450
31
987
980
204
130
264
929
324
622
748
161
495
26
697
333
75
513
281
318
848
335
618
227
713
906
