50
136
936
620
481
357
1249
155
1041
505
905
1352
960
733
674
570
1355
150
336
245
1112
796
870
263
1311
1571
681
55
429
1445
966
123
1037
930
79
1284
386
1065
290
73
690
827
718
931
1397
1241
465
600
83
486
195
735
1032
102
963
970
498
893
478
616
1214
1417
171
2
1248
402
1322
37
1280
117
457
408
502
843
1168
1563
21
670
58
592
1383
584
14
297
764
1191
1380
12
705
268
1491
757
433
1127
672
1332
1316
1129
822
648
1456
862
619
890
826
809
1412
1277
633
691
1370
1496
264
995
774
526
105
360
231
459
261
223
553
341
820
1471
98
1435
439
338
1137
444
1462
109
225
482
1158
222
406
762
184
1306
287
630
1133
186
1242
1349
1079
427
33
1114
1130
208
1585
229
257
11
232
729
761
545
71
1411
1183
1267
1111
1487
1240
1353
985
700
1426
962
460
1329
1344
1078
710
1160
1188
975
891
775
1388
734
92
500
256
0
1473
1036
1589
157
1345
1552
861
1488
923
941
976
238
596
22
273
629
1022
241
187
1205
1436
990
1537
760
1159
922
1064
1058
602
723
1296
595
1529
1410
4
134
221
1465
597
1359
590
751
1542
383
329
610
31
277
603
1314
793
878
488
1476
951
1246
1057
343
401
399
1501
1326
1039
988
1373
1425
665
1535
165
1293
243
568
512
1192
85
543
1342
524
856
747
371
87
1172
436
387
292
1323
1574
1423
1138
868
534
996
1209
571
308
1384
608
531
840
744
1116
1211
1180
921
593
1051
156
122
1196
1236
519
174
1299
1532
1336
169
1005
739
1467
935
1119
1402
1597
1104
95
1110
1369
515
1392
743
1060
116
728
298
1405
432
626
1479
1591
330
1432
725
368
993
1350
196
1121
260
854
176
645
394
1276
1371
141
312
927
142
1097
1101
1481
1403
523
1283
1300
894
1550
1203
816
877
1186
177
785
1016
1024
821
737
1358
517
1033
1275
1495
511
282
276
398
933
1466
441
435
1013
80
20
1560
65
182
1031
294
1202
895
1546
967
1320
704
833
1223
1328
1507
830
1567
461
325
1000
1304
450
1450
115
955
1125
462
278
968
1343
562
776
925
1584
1008
1252
1189
1080
992
199
711
669
1272
1156
161
867
53
758
784
239
1091
163
496
440
651
259
1225
1387
636
212
378
1076
1364
1429
560
607
1528
628
390
1139
1006
851
799
525
1499
694
160
415
235
228
1428
113
484
94
1035
777
1254
201
66
78
539
581
708
1162
1511
769
303
215
1170
230
1527
910
493
1190
528
683
971
203
1123
43
755
726
458
589
112
1151
884
1480
17
888
107
1
269
207
898
193
1520
832
885
472
604
836
591
1193
801
1502
668
682
994
316
1103
1291
254
983
306
953
1356
1594
1568
1056
1213
403
248
1444
1564
190
1141
847
566
575
1163
587
754
1233
1335
470
756
989
1067
614
706
1297
686
300
924
1372
646
45
1161
741
974
652
663
1152
1548
226
1245
1243
181
514
315
815
742
1415
464
1266
384
108
119
1557
349
280
1368
166
1234
162
1503
1514
882
1582
569
63
719
1237
407
615
900
919
332
46
1187
340
1273
1437
405
798
1298
635
1098
345
1197
797
28
676
1124
612
1572
395
1302
641
732
795
96
1459
255
1169
1533
800
763
1547
1377
557
1070
1472
909
237
205
8
337
1451
678
331
1270
487
765
715
1531
752
1375
1154
1029
480
133
642
376
200
274
1251
1407
1182
1513
1580
846
328
1043
1458
1577
350
831
857
344
153
874
576
1219
91
397
541
1257
961
1285
1583
1581
240
30
855
650
270
489
542
849
881
1348
707
850
25
1312
1477
812
185
1261
382
158
852
565
295
210
687
1340
1333
13
10
1072
1461
937
872
348
954
180
1307
1136
759
1290
32
899
803
23
1338
1066
1498
366
1046
1256
521
1366
1486
813
1406
1113
634
627
72
1416
1579
41
362
1167
135
1023
1034
1526
1398
653
188
1062
1083
266
1212
550
106
1030
1269
977
1155
957
121
1489
1085
1038
443
51
712
476
1077
973
1378
1517
103
373
1524
1222
1561
839
242
979
1206
299
689
424
1176
789
202
1263
805
640
753
296
183
385
943
915
532
279
792
1227
675
1401
173
1142
1061
1150
356
916
1053
483
530
358
986
224
655
365
494
902
720
806
409
492
1400
416
533
1446
1179
548
367
1483
1440
445
252
70
1131
353
426
748
887
838
1309
1347
1174
999
520
1449
351
1002
497
417
1287
657
1500
271
659
573
1117
625
724
1351
714
808
998
1422
601
647
1231
1178
695
823
1071
1593
211
361
1447
301
354
696
721
845
369
1396
218
780
1562
48
1108
948
853
1367
1014
1279
154
585
819
824
1258
7
1122
1175
420
1220
138
540
18
1391
323
82
1453
1093
355
829
692
1587
1475
623
889
866
471
624
1063
1540
661
842
1334
1295
249
1004
561
1588
118
509
1265
1224
452
886
236
126
422
346
392
220
766
913
114
716
1216
247
275
309
27
579
159
740
442
448
738
1409
781
786
317
414
217
1556
164
6
1289
388
1107
1569
1441
305
1255
131
558
609
1052
1207
631
473
49
1315
1558
1478
76
594
679
192
643
1239
446
265
835
281
61
110
364
583
1054
128
1490
146
124
447
926
860
837
920
556
1015
1090
90
1354
736
16
143
1073
69
437
1438
1543
314
310
44
1443
928
1363
621
1286
428
859
1431
1399
1576
1419
1166
577
1109
253
1044
74
574
717
1452
858
1494
86
372
267
418
745
1493
393
1418
1040
1140
897
606
1530
958
1096
244
1247
1011
1264
730
1424
871
1341
145
419
1559
825
189
880
1089
507
660
582
175
551
214
334
956
1201
81
289
727
997
586
1374
1485
1420
1281
1259
410
1195
841
19
1395
1523
1226
1017
617
667
538
787
1012
698
1595
959
535
54
501
869
1268
377
1578
1059
339
490
411
518
293
783
773
1504
84
506
1324
283
1303
456
817
1413
1390
1381
1433
684
100
453
864
321
431
333
914
467
1074
209
1521
1274
873
167
932
3
1157
703
637
638
709
1010
1025
370
940
1545
5
1134
198
680
413
664
1102
1198
768
662
47
391
34
572
564
699
1047
1505
693
262
1045
964
671
1204
67
1173
1469
1128
1210
139
1362
1282
29
1244
425
1082
38
423
389
639
1470
1506
62
1321
1003
99
546
788
1468
1048
991
1215
1278
285
1516
1525
912
170
1318
598
779
1260
1454
64
981
1018
258
347
320
1001
1118
380
559
1292
194
479
950
1534
272
980
982
475
537
1394
449
1132
828
1596
677
685
1208
89
814
104
1393
656
246
97
1042
611
1126
896
697
1149
1294
770
749
547
1570
144
1439
1069
599
1404
791
352
120
1081
938
1379
1319
1592
451
1573
491
455
327
863
790
474
485
984
1313
549
731
807
688
1430
151
942
750
1228
1021
978
1337
1144
1325
1100
1549
1590
632
39
1519
1448
216
946
469
172
876
213
567
284
802
1551
1553
466
1382
404
1482
206
1084
233
36
673
1027
1019
654
1009
1181
580
746
1484
149
322
1217
77
552
554
101
1539
1148
9
1153
1094
251
917
125
1327
197
929
68
952
75
903
42
944
536
1147
918
1106
129
907
1365
778
1087
234
326
965
1143
1330
57
555
1308
147
319
1346
127
1218
1086
1566
644
1457
1509
1221
939
342
1497
527
1434
901
1474
1055
987
204
130
1288
324
622
1185
495
26
1357
1099
513
1305
318
848
1386
335
1389
618
227
713
906
