1342
818
740
1008
1000
1484
1005
786
169
876
644
1347
1095
37
806
439
1568
1067
265
129
546
1128
1271
58
1589
1324
675
1034
61
444
78
1535
938
545
1355
639
959
141
93
868
267
629
1235
1276
1262
175
1084
64
908
989
920
982
428
746
376
1252
151
910
63
954
568
1014
1125
551
548
101
1366
794
762
723
157
1076
1266
126
408
387
159
463
341
1093
766
1162
264
1423
90
1470
1468
261
283
360
16
861
1386
624
1394
556
1596
111
102
225
664
1160
1340
1424
1439
550
884
739
616
282
1550
1292
307
1221
1037
65
720
1283
1330
732
842
580
1513
615
935
299
978
1204
1302
1570
147
1179
1380
1175
1301
401
976
516
836
1232
1056
1049
1538
1527
1072
595
1007
677
1035
1028
53
433
393
109
1402
1510
1307
441
805
1370
1376
1065
1020
176
257
879
1516
815
1429
1087
1011
1115
848
80
916
1075
853
153
412
703
263
878
490
1249
812
796
840
521
368
996
415
926
923
244
804
300
738
1425
847
446
336
519
1537
1509
866
637
892
719
320
1520
1456
811
1036
149
359
697
56
1437
337
279
1499
925
312
1514
223
431
32
471
1100
207
384
1587
1385
478
789
197
1457
895
1518
557
1485
1083
822
469
622
222
917
1189
9
889
1046
1127
858
1010
385
856
694
674
1032
453
332
1021
146
134
1572
77
253
1247
1472
1149
956
1426
389
640
1296
391
893
1337
1237
248
1110
372
1217
506
1140
318
725
92
94
1563
778
121
301
346
955
1172
1479
654
394
1288
992
1161
1229
333
525
1074
1381
107
1274
344
144
850
1290
617
663
666
1043
120
824
1173
1421
186
1450
1409
232
284
844
1571
643
461
1177
1212
718
1188
894
1256
1389
289
1267
1289
1492
518
397
249
285
26
936
1372
116
324
421
706
1322
250
693
286
961
1258
589
1176
783
297
1097
8
456
386
91
39
995
1431
1029
782
901
1269
882
1300
1042
0
503
1280
70
79
210
1594
1414
913
1448
466
425
41
1079
293
837
905
1197
529
1279
1529
273
655
1039
774
1129
180
73
173
849
132
1388
1541
416
846
1313
779
652
280
1318
1146
1441
1526
1231
651
204
670
1207
330
369
1475
1374
96
18
641
705
1435
686
632
826
883
541
968
755
254
1144
326
1379
583
562
1121
1552
198
623
887
592
1248
1478
106
1469
1114
430
1015
1452
553
579
1559
327
854
1227
791
462
802
1048
1068
733
863
660
443
1089
577
14
183
1153
100
1407
1152
334
1275
448
497
1392
1200
970
148
1082
1230
200
76
524
311
780
457
1164
958
855
943
390
1165
1123
45
590
130
1515
898
366
1012
1443
1553
495
485
406
20
937
671
1057
1191
993
820
1565
522
1205
1201
909
139
1131
543
4
1315
1242
831
114
547
374
1316
530
1096
245
576
1133
1336
798
392
611
380
801
1486
799
1151
1106
1166
1335
1493
358
564
1491
1560
1088
1543
271
1463
1577
1148
1186
398
35
50
1181
125
919
596
1558
218
584
682
714
229
1040
942
600
1525
340
1090
239
753
1218
1059
1473
113
760
438
869
1561
1460
411
952
1349
578
1433
531
538
276
1314
729
535
537
689
492
235
1210
43
807
1195
692
323
342
638
881
1216
542
765
367
1041
691
1016
215
1209
1003
127
1305
165
305
237
973
510
1298
208
1415
1465
179
656
124
30
1369
1390
987
1265
821
1458
633
246
1363
534
1504
947
619
1120
233
673
1412
669
1488
365
420
1588
1530
262
1357
1080
66
1234
749
764
1158
890
1311
727
217
1453
505
328
1268
1483
475
587
84
306
1102
1545
196
1225
260
498
984
784
482
338
711
1533
1454
769
601
681
185
363
899
62
160
281
1306
1466
1320
1124
1428
751
57
1462
1573
288
226
515
1264
627
1592
684
544
900
969
488
501
1416
83
754
688
89
933
487
36
1155
1519
981
985
631
343
1143
502
47
736
953
1052
413
331
1294
313
599
1464
489
1593
991
486
588
87
1375
163
1206
1259
29
317
1024
793
256
862
167
903
21
1081
1444
775
781
1408
945
194
1091
309
558
1282
348
1341
921
870
335
785
554
213
1498
704
1051
717
1396
162
294
823
1183
934
1411
119
405
1331
504
1064
607
399
1027
182
1135
1338
833
329
1119
1555
1187
310
922
1562
630
59
1117
1352
1547
1257
967
303
287
1564
1582
950
88
1368
907
520
1583
966
1308
1094
813
741
1132
549
645
1154
699
1018
1013
1503
407
1273
1362
5
1501
25
965
375
1542
1524
219
1150
1438
565
1107
1536
377
1413
1054
1
1585
1215
772
1073
625
352
436
33
912
1403
661
1198
1277
1208
698
31
768
1142
1116
71
314
465
500
266
731
830
1170
27
272
228
1103
1578
975
972
1287
593
1199
209
1211
1556
752
708
635
240
298
944
1213
1419
1522
572
211
499
567
496
773
1004
234
1345
1551
658
1584
1477
1356
734
653
227
1278
1260
474
38
1108
888
158
1395
1023
1245
370
1130
608
896
315
897
1228
1597
402
1528
1022
191
473
1243
1254
825
164
771
1434
1214
95
1410
1476
864
678
395
1482
1358
662
1092
1329
763
871
707
1078
914
1226
1382
138
737
1006
190
432
1539
872
13
1595
221
594
536
1071
203
932
649
891
161
459
3
1353
371
646
527
1481
68
585
44
948
97
609
507
1576
1312
940
55
1580
1507
383
1511
571
189
1122
1521
1532
1343
626
612
1061
72
555
400
154
449
1549
1508
1157
251
750
1440
971
1194
963
464
610
1377
67
278
69
613
665
11
1270
52
290
1190
364
508
1442
295
1111
1467
1202
424
1397
24
1263
526
1398
532
150
255
1517
511
709
467
1310
17
852
676
1494
1531
247
710
605
930
902
34
46
743
1505
1060
983
591
1138
843
1451
1361
770
177
445
1432
201
470
1238
1255
566
1326
325
614
1422
1586
104
275
1203
1069
647
202
845
156
1009
957
1281
974
1502
552
259
155
1487
1445
99
581
873
481
168
1293
1430
1512
356
582
960
1139
316
1506
1574
929
602
514
1134
683
1497
650
1333
137
1590
931
187
1420
1112
672
701
484
1058
1325
291
713
1118
1053
1156
513
927
915
816
690
1137
242
839
1236
998
241
730
268
1066
1045
1261
1086
1050
980
1101
1163
1253
1393
817
648
23
171
1286
1136
1367
1360
42
212
1540
1323
142
1062
339
82
1575
721
1544
1383
1285
128
86
657
277
216
748
569
1427
1222
321
417
597
435
885
1233
792
480
220
1546
1299
977
795
396
178
924
1017
460
1030
1495
867
1309
378
362
835
1449
560
172
123
1141
744
1145
214
452
447
808
758
1348
252
403
819
1350
357
1295
434
803
636
10
829
54
1223
1031
354
140
2
990
642
906
205
1038
1321
152
800
865
1304
1447
184
192
797
419
561
1365
476
716
1174
809
418
776
1591
702
454
962
1185
586
1019
1168
1193
928
1548
1404
1399
381
570
1171
911
679
1480
1244
174
1291
1099
483
659
834
1436
767
6
1250
1239
98
1272
788
105
756
951
761
118
206
112
528
304
1567
19
426
742
1417
1406
7
994
841
1184
351
1070
634
423
1334
1490
450
1387
1317
1569
1241
1400
1147
199
422
1026
941
1418
559
735
28
988
712
533
685
1044
1055
598
575
491
347
1500
1105
494
1405
1033
322
410
170
827
949
964
563
777
440
349
1126
270
1554
1339
1378
1373
143
1085
269
620
667
458
115
828
1109
48
1384
851
136
986
133
361
1364
451
