1095
148
570
737
565
757
1408
1025
511
1178
446
175
89
481
1185
1507
1502
491
853
393
1393
1151
85
575
1125
1419
670
1214
1399
1515
1038
1165
666
171
641
621
1096
227
687
14
759
864
1314
820
436
159
1365
1159
259
1546
955
354
17
353
122
254
482
1597
1265
192
4
1158
966
512
957
548
1115
1270
517
52
1562
1537
638
840
1514
912
880
1092
982
1136
1477
776
712
187
1217
587
260
808
1371
934
1592
1518
253
427
133
202
996
1375
892
364
970
142
655
674
1230
170
810
1084
1145
1511
579
22
1342
45
539
796
1124
1195
1489
326
665
1349
27
376
1424
784
863
959
963
438
1413
1409
535
308
2
814
965
593
211
1083
1258
1192
310
563
1588
1594
96
178
108
644
519
1439
781
581
1
793
1392
1321
704
1021
642
679
473
390
846
1558
896
231
744
215
1343
55
785
1521
602
527
279
1441
224
302
862
218
1563
826
1114
295
546
692
789
506
333
1212
717
1213
1191
1023
1051
997
1427
513
686
1509
654
1057
904
461
276
1069
184
1448
1175
1467
1481
1451
762
1319
1480
1116
895
1398
958
1014
1202
452
309
1052
516
47
1184
940
1374
220
1381
501
1177
489
362
526
442
1228
140
1036
720
77
39
536
1524
1169
322
1128
251
805
991
937
1553
746
520
1495
58
1470
241
618
330
1548
985
1590
56
813
411
1197
795
1186
1223
1331
689
1072
1034
898
435
29
270
35
1135
422
1428
114
1445
467
649
1328
420
124
198
1193
1334
752
935
716
530
1353
1379
432
1337
1367
881
1054
583
1347
878
693
1126
1161
844
1179
434
1432
61
431
1209
713
92
1015
1446
1168
40
1099
75
567
1378
861
1001
1307
247
1539
456
829
1042
620
465
748
842
186
1469
479
156
667
312
8
1355
1462
443
569
771
574
1061
724
685
1137
733
1468
445
672
464
1282
195
1127
708
933
243
401
538
678
1354
477
1433
1517
1452
1387
471
554
597
1555
992
568
1486
426
1285
619
936
1005
891
1519
582
1199
1538
194
474
1401
1142
49
576
726
656
711
44
1493
245
1344
300
703
269
831
313
1275
283
1437
540
406
338
466
363
648
320
1238
1461
70
500
10
1010
505
841
817
1405
64
1100
1516
416
1578
615
205
328
486
948
1351
1415
528
1531
418
651
1273
688
590
792
877
472
1326
131
15
439
1501
476
1267
1026
1087
1290
1339
103
60
722
78
391
165
1357
879
1309
1561
349
185
1271
371
117
989
252
507
1586
311
768
395
866
358
263
359
839
1122
1479
1482
1174
634
1525
16
51
1232
1017
601
946
351
1073
1577
1459
1157
1287
97
1183
1396
196
1465
183
1406
1552
613
1372
938
533
610
1422
81
847
397
267
589
386
751
1390
132
265
905
1324
88
794
916
942
676
1108
629
1253
875
294
261
914
884
1322
1549
405
1589
356
608
1288
239
1058
1236
1139
119
799
927
374
453
110
1310
1364
787
1261
503
1039
1173
883
729
995
1049
367
1580
384
200
65
1332
900
1582
272
1391
906
677
238
1281
924
541
478
1003
1239
1438
1148
1300
188
1440
681
984
1070
825
316
214
1056
1475
1062
660
1024
531
255
30
662
1227
230
157
1317
385
1076
983
1260
721
264
101
13
1248
979
1490
1091
1093
1550
566
1346
980
798
523
626
495
1532
155
838
758
1460
790
1323
1205
366
1504
823
228
417
206
742
79
190
492
899
145
874
318
1348
1102
1018
1218
457
144
1333
1266
1384
764
1240
1382
944
994
592
993
135
83
1298
154
1587
1257
773
971
127
1394
1194
871
403
150
346
413
1277
1097
1063
394
1269
1032
999
496
352
95
625
571
37
485
143
897
158
552
1229
981
518
1156
1150
236
1078
222
1404
345
1246
120
661
588
1596
1488
62
1402
811
193
235
181
1294
389
1081
521
669
332
988
1410
1133
918
382
1356
1485
331
1189
262
893
6
266
769
38
901
1182
1551
545
118
783
652
974
706
105
1164
484
1542
630
683
20
870
242
50
162
915
441
867
731
1224
1368
1055
1149
822
301
723
172
707
658
1436
284
1527
1386
1581
920
1029
1559
1283
668
1476
788
210
344
306
217
1567
922
289
378
1411
167
421
225
616
12
522
1508
68
90
1292
1318
380
857
745
1361
372
258
1360
614
962
304
1431
1244
410
1545
1220
42
208
532
887
1088
490
596
74
515
285
1064
1308
858
71
561
179
1388
109
1500
493
116
293
76
48
643
775
772
1327
1121
622
1303
409
636
1573
288
1414
337
1377
1540
1012
46
747
753
462
1412
1047
1296
424
325
664
350
447
1086
1041
1330
1491
754
138
451
699
1358
830
950
1019
1255
396
1254
1225
1359
21
766
392
250
1190
1059
671
1576
1566
1101
869
604
1105
1534
627
902
856
700
1305
709
1569
321
1421
1362
624
125
1011
1090
848
780
605
1579
1325
415
100
741
334
1311
834
833
1474
939
1397
1498
1263
1154
640
104
815
998
1075
1503
460
1046
585
1235
1279
497
702
375
975
1245
404
419
1306
173
690
827
428
1187
1380
718
282
1200
1120
1595
635
738
499
1098
1113
691
0
926
1131
1264
1268
327
102
213
852
246
1575
1295
1443
1210
1530
365
248
736
26
836
1447
680
1233
3
134
837
355
292
698
1048
1366
1453
369
1320
226
339
1376
603
454
63
990
237
650
112
1572
1335
577
126
1008
1369
1274
851
694
137
1009
1299
7
502
854
947
631
929
1499
407
1557
357
153
343
305
1429
612
1259
280
1449
1547
1080
400
468
504
534
1016
903
1280
550
1423
1444
1130
945
163
336
59
1118
1492
1541
449
855
1256
1249
1425
437
786
873
1473
819
1243
1006
586
941
348
1315
1028
1163
463
1231
1160
1494
653
573
647
595
890
1506
470
800
281
932
732
715
832
951
1144
1037
1286
455
584
147
160
1111
750
1117
859
952
1341
1219
1215
628
606
164
106
1040
617
1338
329
480
498
1487
1370
93
809
433
1107
43
860
1400
967
710
1560
1523
765
885
556
1520
69
514
509
340
221
1297
146
1313
1053
1138
803
508
1430
176
804
168
1385
1471
129
189
136
1456
1278
894
197
290
36
767
232
645
33
1112
1544
1068
865
341
1085
199
429
1574
876
730
919
297
73
807
547
949
1497
1450
1457
821
663
1241
1442
623
1162
212
1035
1570
1484
727
701
1022
1528
234
1007
978
67
24
216
812
735
1153
1373
111
166
1526
207
274
41
591
1585
525
287
469
1350
121
1593
1252
928
673
1141
886
956
25
1134
149
925
1176
696
843
889
598
1020
139
749
1284
1004
323
180
1272
450
1434
607
1043
1352
296
1293
1250
94
1458
637
1304
286
488
444
1208
1395
1198
275
806
1152
1206
32
1104
307
770
11
872
1067
86
778
1060
1583
1082
1065
782
1435
562
209
1172
739
594
123
734
931
98
377
130
23
1407
1505
555
370
383
201
917
368
973
387
816
1316
256
1221
1119
1472
169
1329
560
373
909
719
791
954
1251
1167
1204
868
972
1155
1556
1071
964
774
324
203
84
633
908
611
398
91
1106
430
779
1143
291
57
1345
257
888
1554
1466
1066
388
335
273
756
1512
1077
1543
128
802
28
1207
882
1483
510
675
151
244
714
543
544
639
697
1289
1312
423
910
1171
659
797
1571
1201
99
850
448
1455
755
976
115
777
72
845
537
849
174
87
551
1510
705
314
1420
600
1496
1094
599
277
1033
1383
763
835
1216
559
684
