694
990
1268
417
1552
484
1223
1577
1037
332
1036
1135
492
1341
708
1067
819
68
1194
695
1189
1237
181
334
809
540
1283
246
472
1427
58
1210
137
678
688
681
1131
768
263
1061
1398
1355
739
248
600
642
241
606
1105
529
278
884
1456
66
502
1177
853
101
810
955
239
1284
431
1148
1082
1596
843
1171
268
1278
1127
1556
1334
145
1499
737
65
1101
597
352
336
1582
932
498
230
353
183
980
848
802
525
735
1227
2
944
960
1401
1368
1565
532
418
662
46
715
798
462
651
323
880
1141
852
1411
311
1544
1465
1382
1437
1559
464
370
907
871
226
957
842
1560
17
1221
1317
481
504
873
1435
883
645
33
821
1410
834
52
1056
508
1088
305
1589
354
283
998
400
1006
1392
112
1202
109
711
724
188
1374
788
770
468
1594
372
748
1207
18
284
1195
1371
541
790
1289
745
1274
593
1324
1407
385
1521
1322
1123
1266
256
212
259
1230
633
503
1420
1077
570
333
235
1534
1408
494
840
877
21
1313
590
448
1481
1301
70
1428
983
1434
584
20
653
452
1597
885
1181
1388
672
1529
571
665
128
573
84
1264
905
951
549
391
1150
969
849
1383
369
1568
801
7
732
1241
586
544
579
455
803
341
102
1315
176
1163
47
477
1290
363
185
171
387
624
696
1018
940
982
61
1386
881
994
445
405
279
285
194
1477
926
496
1133
1509
1571
129
367
1211
1096
1482
776
1418
505
1581
601
1378
954
127
1387
488
1116
361
1299
169
1543
119
1051
1204
1389
1494
796
371
1217
564
1335
501
200
1152
249
377
315
146
1120
1044
1508
1248
1516
1170
141
1513
1072
557
355
542
335
666
67
1439
1553
419
1115
1399
82
325
993
41
15
158
582
1086
826
677
1453
1118
1206
816
1590
1575
1400
560
1139
920
99
328
568
887
784
1130
1196
1094
1319
1286
553
1585
182
374
1336
598
1257
923
172
1291
330
487
1043
1137
1293
911
719
1084
835
619
825
1370
1564
614
847
460
756
1281
60
201
399
28
1524
781
999
575
451
1304
126
1034
347
1576
116
104
909
379
535
550
351
293
1548
968
851
1059
91
23
824
203
90
701
523
953
721
1053
1160
1092
1199
663
627
1205
967
792
705
223
1143
213
1233
572
1491
1187
929
77
1354
0
388
649
439
720
1367
1500
1079
1309
1535
551
782
297
545
543
277
1146
322
727
490
1062
608
1014
1216
1122
1003
1460
1191
1064
1031
1250
221
1090
1519
1393
1506
1091
757
789
640
6
309
1154
1486
281
1351
1197
618
148
397
691
327
486
577
744
807
522
1380
1419
271
1447
1492
1224
1358
795
86
164
794
1430
1167
1144
555
193
326
343
108
155
530
1475
667
375
1449
1454
846
480
786
1364
856
1510
1344
471
1525
16
1466
763
75
134
1
437
1469
319
1303
1489
997
518
1483
1405
699
321
567
1255
251
1397
1145
1422
62
1549
89
862
921
156
441
1330
1473
414
941
1329
552
511
1467
1348
521
717
690
963
948
1089
473
1458
837
1352
180
1452
1431
1442
401
704
1588
891
345
903
250
295
1218
50
1339
771
262
120
1166
1493
219
267
368
192
290
692
697
799
1455
1574
922
1058
546
74
1285
861
252
432
1134
779
596
773
1518
11
765
844
654
1048
734
1055
209
1165
1273
1396
179
1193
513
312
440
621
160
888
376
205
984
288
56
684
384
500
1561
1184
231
1331
425
1271
741
778
310
589
237
236
426
1438
1417
581
1182
761
175
1188
1551
1318
1541
456
1332
1384
901
1536
317
1595
1046
671
386
152
558
1406
1446
1007
1039
1342
1444
752
1471
863
1424
574
1377
264
291
1362
599
1042
154
1461
22
943
1495
1173
966
1104
1485
886
258
227
316
1026
107
1459
1312
427
85
977
945
1097
857
592
610
1578
524
30
10
1201
438
342
710
978
458
1436
669
866
1179
845
125
257
1251
991
1066
313
1333
1440
4
1113
198
628
409
1316
716
930
174
1338
1132
839
469
202
639
595
631
177
275
1369
412
13
483
1538
1526
475
996
538
615
656
117
536
1174
1451
641
602
1263
1245
981
163
111
344
1240
1121
482
1390
563
130
1496
1357
338
1164
1114
72
514
1501
515
1275
378
12
447
1161
1253
208
303
576
620
1426
1111
565
1445
693
1156
1023
644
928
882
340
1063
346
1504
1381
304
36
811
42
1028
394
878
1153
925
1279
733
459
707
423
1569
1025
879
294
585
26
680
1100
1095
135
510
210
1528
55
463
1413
216
396
1108
1305
1054
1474
178
740
507
300
1001
78
995
1124
726
228
818
988
29
561
225
1190
444
32
1176
965
893
668
1267
1292
958
1140
151
959
222
1027
702
1247
1361
854
1065
833
113
48
289
1021
206
973
632
775
889
899
832
683
1443
617
685
869
673
749
1002
1125
408
629
1297
646
139
1487
913
165
1147
812
214
131
314
138
1259
416
1029
38
53
706
136
1448
793
35
25
657
449
578
1076
302
1488
1547
1213
1052
1244
777
1272
244
103
276
393
110
588
159
970
747
1228
1158
1136
660
1209
339
329
133
637
167
1462
927
860
1020
1554
24
806
1479
443
150
1366
94
1415
217
381
1047
780
900
1502
864
292
712
100
1049
783
1258
489
700
1203
750
962
1012
242
168
73
559
1376
1567
1563
118
1138
520
713
992
5
254
1168
1093
1038
383
1102
516
54
467
266
1033
583
766
537
1507
59
1226
166
1320
815
331
247
373
1256
499
1260
1229
636
616
1433
1222
566
234
626
1214
430
1010
1540
191
1238
1175
435
836
1310
1186
1016
184
687
638
569
933
1169
1242
533
1239
1592
1323
742
196
1587
495
591
936
1041
979
380
27
395
1252
320
147
797
623
238
1009
910
895
1394
106
350
650
389
1004
1117
554
1505
170
1308
1276
306
415
1557
1353
428
186
1005
908
269
867
630
950
162
413
1403
95
98
1030
876
817
822
207
974
686
872
245
229
1288
906
8
896
1484
1468
1515
865
1359
791
1022
189
260
144
828
698
1307
919
1476
937
1035
1441
890
594
531
894
1555
1151
57
1057
1261
282
934
362
243
92
1234
337
1013
1325
947
1109
190
39
975
634
764
723
1128
63
233
676
105
753
902
253
422
774
1232
858
924
79
989
1106
497
1532
87
64
1294
605
274
1584
1423
1511
153
613
1412
410
830
912
517
44
390
220
140
1373
357
722
1157
261
1302
898
1103
195
115
1075
1073
718
1404
1542
1208
1421
358
1060
1019
1363
1000
935
754
420
149
9
1069
1119
1520
534
548
298
976
1314
1337
122
1464
1372
1385
1360
1159
1472
709
1450
769
1391
88
1530
1032
97
1570
348
509
211
703
746
1045
939
1429
1531
1586
1470
478
491
841
1070
364
296
49
224
1243
1550
850
1457
647
1225
562
622
1591
1087
804
604
1269
442
1497
1024
539
767
762
868
689
187
406
1011
1172
751
1050
461
670
655
785
1083
714
1350
424
43
661
635
528
987
218
820
1593
1539
855
1498
609
485
1149
1017
1562
1085
81
324
1409
1490
1080
19
454
1110
838
758
1340
34
808
1162
904
1522
800
96
1107
446
474
366
1545
760
918
1425
759
392
1546
1295
506
1517
434
648
942
1231
1343
1580
132
1074
972
1262
450
31
121
1235
1375
1478
1326
1112
1349
1347
255
892
359
51
875
938
772
1126
1219
679
805
124
404
730
1311
831
1071
725
587
607
433
674
1287
360
1099
466
299
1558
493
527
1192
