872
758
265
303
158
1368
113
65
905
1324
1099
1262
188
169
547
233
588
550
13
719
1159
1463
873
153
837
593
26
968
1059
88
1374
663
1048
570
634
427
1378
1466
1364
1187
133
276
10
1081
144
1529
979
936
999
1453
819
1180
1538
831
5
998
655
739
357
853
661
887
230
385
1197
1400
1591
991
1560
1350
1107
1449
836
1182
317
649
110
1562
909
1497
126
685
521
501
163
1195
377
1118
732
1153
136
333
47
64
1382
1498
932
1283
254
293
431
75
1460
1181
901
92
1544
542
2
71
1267
1402
544
286
986
496
1203
1462
996
1290
704
40
1079
11
63
780
735
1023
1143
438
362
737
1558
413
596
374
829
406
1592
248
650
1027
429
342
1429
830
767
1317
67
1133
1085
925
1227
1329
1588
738
209
1551
690
1233
68
662
76
907
897
1299
1389
1032
575
1281
1520
787
578
1414
637
1335
791
997
744
98
1067
816
1499
55
1589
1456
227
175
518
29
885
1213
127
138
1556
918
859
1295
1275
584
630
1574
659
617
191
949
660
1010
770
404
1594
502
943
1403
15
486
1164
380
425
1304
1224
1250
1297
157
822
447
120
937
1055
1221
862
527
1237
1328
225
322
676
696
1184
1000
708
1476
172
852
810
1362
433
247
889
516
684
420
509
226
155
231
497
1396
656
574
1432
693
1064
984
888
1244
1198
288
1468
982
1272
19
391
1158
332
1408
44
788
980
731
354
833
1567
698
372
1106
929
487
239
777
1191
33
1289
1446
292
1369
124
290
345
1130
891
571
1219
164
1527
411
399
535
1058
826
20
741
1252
1194
408
356
995
49
1199
1457
1236
730
1033
674
1458
238
66
804
150
1057
675
717
1171
620
446
1176
878
1151
1268
330
956
1474
35
877
445
1578
772
341
608
705
1345
1358
1375
237
794
948
1140
38
1597
104
1425
228
1568
1277
436
976
270
1209
917
793
1223
624
1413
866
722
1188
489
279
206
779
537
577
664
556
424
1101
728
1019
319
1266
161
524
512
483
1192
594
1132
725
476
615
895
455
21
576
990
166
115
1475
815
911
1422
566
782
666
1372
300
99
557
1505
848
430
128
1280
152
251
1202
1060
1301
1110
1584
368
135
1354
369
154
1419
1526
305
644
1114
419
828
855
611
246
1383
313
1177
1087
703
718
1286
712
869
1450
141
1134
928
922
658
112
1448
1566
545
1218
1363
908
1388
1332
59
334
328
727
863
1222
1319
786
352
221
118
916
1108
636
677
4
170
640
1239
871
868
45
824
1263
349
1190
252
8
799
1049
1512
218
245
963
1381
244
665
678
211
1170
301
511
1361
1113
299
1006
224
146
538
975
1322
1253
616
275
1216
860
312
50
1500
285
958
930
1344
1343
1075
875
1309
402
441
983
179
892
1066
1377
46
926
1160
457
812
417
904
440
215
1519
1386
1436
1090
1349
17
25
370
1109
379
753
642
1211
1331
1367
347
902
1522
1557
1235
465
1145
459
1310
736
601
1162
993
1091
1502
461
30
1509
723
841
1238
1104
1148
669
1178
1494
1524
1011
236
1100
1175
582
1472
923
1126
331
482
759
757
1467
1273
692
1298
1125
1316
1116
1583
515
1200
1321
189
202
1490
1315
567
765
707
74
1326
42
849
960
682
323
398
367
1357
867
1384
105
879
934
1020
539
287
1001
747
1435
1496
605
1124
229
568
321
390
573
90
994
558
77
363
83
125
724
1039
629
79
790
213
921
1482
364
1575
525
306
463
1293
214
1312
1428
670
1163
281
898
418
1279
1005
1173
1260
1255
1325
906
18
1366
310
654
523
981
581
1037
858
1071
846
1052
1421
774
965
1086
989
1530
36
580
775
755
939
262
802
73
766
953
1292
1352
1582
679
740
751
340
62
585
919
1226
1003
78
1098
955
484
1112
193
716
1231
1076
517
1471
1040
701
395
452
1535
1516
546
721
1042
1393
307
1541
1323
194
1495
337
180
1434
1356
1240
1347
1096
1285
1259
277
857
1212
839
14
971
715
1506
249
414
783
1576
554
304
893
1021
257
1571
695
1007
811
506
1565
1488
1217
632
1167
106
625
1479
988
392
1540
131
1117
1559
159
137
1409
168
1201
974
1137
850
1420
1581
1407
1302
1543
294
220
477
1569
208
1249
800
671
181
1348
472
641
111
493
53
282
522
597
428
1157
957
416
1552
381
520
1537
295
595
1441
101
1229
803
583
1590
1521
964
967
481
324
278
167
1452
651
776
952
184
734
1338
503
1041
93
1387
681
219
1491
130
1234
1587
114
886
1554
80
931
54
1215
838
789
1439
123
1008
1473
39
1518
423
771
1144
1365
192
474
203
24
7
643
60
475
1030
1523
1089
117
451
806
1327
1074
1072
212
384
108
1492
541
359
176
351
1208
760
490
1069
266
320
592
623
854
81
268
1307
267
97
142
942
530
378
61
1561
781
1503
861
1095
1504
22
628
1261
773
383
348
1189
350
657
1092
1300
434
687
216
1122
387
177
1243
714
458
864
1477
3
263
432
491
504
970
646
763
397
1015
1404
444
536
1204
752
200
201
1426
1038
563
882
768
699
1123
507
1284
471
32
271
407
903
1147
820
470
1025
910
1481
382
274
1017
6
900
1028
1536
210
122
1437
825
1
813
1542
1119
1088
940
311
234
100
318
338
403
389
103
196
1245
590
941
1330
621
134
1294
700
1166
410
298
1296
668
464
599
551
1152
160
635
1443
1563
1353
614
1129
1373
1548
235
1410
85
365
1489
232
1009
371
16
1447
1070
1248
572
344
129
269
613
1459
94
1311
1493
627
195
1371
242
881
1103
1577
43
801
1044
205
1351
1230
792
361
91
1174
1278
82
1111
1334
1165
1306
339
1405
1063
733
96
84
817
1254
756
702
762
1534
314
884
778
710
619
1013
633
555
1196
197
1485
851
1341
1454
978
784
1225
140
914
48
1051
950
1120
769
241
28
1256
1483
1507
1084
12
1465
1045
1093
985
173
1062
1580
469
272
899
673
1380
69
1047
1269
856
1442
329
606
386
561
302
1464
1427
1431
1154
346
1210
355
697
847
622
1161
528
796
217
603
924
1022
883
453
510
415
1228
807
688
835
529
1423
843
327
532
915
400
1585
1065
938
1370
648
199
1451
1480
1247
480
1308
514
1392
1444
639
182
1206
933
894
185
531
1156
689
745
764
845
1258
485
296
1043
373
1004
560
607
1586
1532
1501
116
148
821
797
1513
1270
1241
1135
713
1433
37
1390
1142
1257
335
23
1282
1333
602
844
876
540
1401
1553
207
143
1105
569
1550
121
977
454
494
1050
500
754
992
396
1487
589
1549
795
647
1342
1242
1359
1320
1012
972
947
912
460
284
1046
1251
720
1026
548
1053
498
920
1469
1029
1305
1056
421
156
564
519
870
1545
610
586
259
297
553
1034
691
1031
1232
842
1399
1438
291
927
1073
686
448
52
308
1339
488
591
742
959
1415
638
119
1593
1418
0
653
86
171
865
27
785
746
748
579
1276
552
1515
935
1155
626
565
1149
9
1102
913
808
543
1508
1288
587
1078
388
1376
1511
250
443
165
505
264
51
107
1083
478
1264
499
1205
1595
466
969
711
1002
749
198
1080
1303
1355
190
1214
1246
1138
151
1484
187
1097
729
240
145
562
255
95
1395
1394
1539
412
1517
1185
426
243
680
1440
343
954
1346
1054
1397
1596
706
56
1510
1533
422
149
533
183
1024
1411
1150
1318
1068
946
1337
951
823
109
1082
393
818
456
360
709
439
174
1146
