494
987
299
596
1241
1144
478
414
1304
978
495
916
925
1243
1497
223
1210
1392
285
535
750
1272
1359
613
1060
1015
521
231
559
119
1041
1585
1057
258
1172
1250
994
169
309
768
536
1350
984
1456
1004
406
894
1378
961
674
913
834
527
330
208
1068
104
400
259
403
22
204
1037
697
707
1246
409
389
1005
718
460
236
1207
1266
19
810
1560
1384
1385
742
793
446
283
51
3
267
115
140
1113
1571
628
167
863
1334
1215
1196
49
94
368
977
577
959
1289
1047
702
270
608
1234
1248
1466
435
228
1460
767
1592
640
303
919
1464
985
432
538
683
1394
211
1023
1517
88
826
547
573
491
659
302
622
629
1310
1100
761
1551
426
1389
192
1412
1377
1146
1507
922
983
921
631
1379
942
638
746
924
146
1528
1208
1071
700
56
142
937
561
1293
1423
1482
1376
325
198
159
227
841
661
1298
1128
331
289
890
669
1279
1038
1554
87
1535
1382
154
572
1162
995
1561
807
899
1477
1109
1014
1501
424
120
748
898
83
1105
1058
186
1167
487
314
662
1247
133
386
1529
81
1040
490
480
607
1169
1147
1313
335
1271
846
375
1085
361
1577
1331
763
881
404
1098
1230
992
453
1203
12
1314
859
73
1403
399
955
1347
305
421
940
537
447
1552
982
163
47
1010
98
546
462
1463
62
280
1533
852
311
131
950
1364
1437
1159
703
215
135
82
396
1316
1329
298
1462
1066
860
359
584
639
1351
195
1084
464
612
1429
1220
906
647
575
649
341
685
1069
861
1512
614
58
1541
1410
239
779
350
966
1153
1386
1134
870
481
27
1173
650
802
1197
589
126
1315
634
597
1366
725
957
644
1361
348
926
1450
90
799
558
976
262
900
664
1227
771
148
336
1132
390
1415
78
1256
534
1483
791
1448
35
962
701
599
1424
323
730
6
1404
452
1028
1381
216
1503
395
828
503
383
310
1281
520
1515
1338
205
1431
1184
1209
553
556
1261
315
1588
1398
1213
1221
1489
833
1251
872
1103
1586
188
189
242
1564
498
41
1522
99
1108
1224
484
250
436
76
1567
516
1185
1024
602
439
419
1566
920
1114
839
831
764
200
349
1055
1245
1219
1488
970
705
632
581
355
1171
493
180
244
1343
274
825
392
220
234
34
85
156
1387
824
724
363
1166
918
380
1451
1053
509
67
1422
895
1073
858
1555
471
808
393
1452
1399
1012
347
912
329
134
904
9
1439
952
10
1499
729
1283
804
284
774
616
370
675
663
1286
125
407
660
1352
653
541
139
260
473
165
226
1253
191
306
713
1216
1396
482
1284
854
1194
320
1268
1370
17
693
430
1556
1344
1407
1026
1106
207
237
1506
345
1081
830
340
708
457
175
549
300
459
1186
1000
1371
801
823
711
772
766
463
1270
326
1240
819
754
1318
59
13
1589
736
1409
523
969
26
1276
603
322
880
1325
441
1544
813
554
256
560
777
786
953
72
257
1065
2
1449
1434
680
1569
367
694
1198
1308
479
557
877
1104
585
117
1045
682
5
1481
466
1225
1296
1035
445
136
11
1118
332
604
568
1011
935
1530
54
1373
233
84
641
1006
64
1297
1287
187
755
902
151
1459
1009
388
137
731
172
1125
530
1524
765
455
735
1244
1205
594
1089
996
374
1446
821
709
160
1335
50
1223
1127
670
32
1007
238
812
354
164
486
892
1584
948
295
1094
474
1238
472
1082
891
827
1016
97
815
1521
576
1180
89
820
720
449
550
308
927
1143
672
178
433
582
1557
1130
1264
945
448
845
567
619
1260
492
385
741
281
745
1302
483
1178
1487
282
437
936
780
548
853
941
1420
782
1548
1017
1141
1455
986
673
1520
686
1339
817
1509
752
121
1262
699
876
931
1228
16
1579
778
943
1453
855
1093
1013
293
997
39
106
726
23
710
69
1427
425
1087
1402
103
555
1126
1358
887
1177
1445
1493
74
507
1441
218
1408
1140
265
1563
1097
434
110
510
888
40
504
276
809
339
1195
1587
1119
185
798
930
1152
744
570
1211
723
61
1070
578
797
655
1336
387
127
1435
251
1369
543
307
193
646
502
33
1189
800
1020
57
938
1135
358
1259
45
1263
1206
893
972
68
318
291
46
923
277
1468
297
224
864
381
1149
1145
364
427
840
366
1519
0
773
993
842
1051
1116
66
1090
31
867
1003
1218
28
294
1307
113
245
415
769
161
980
678
411
1242
38
116
1479
1
1465
247
1461
665
1511
1183
1457
92
114
254
429
588
1292
118
132
1138
1491
246
1036
775
552
1367
1572
1319
1078
651
1115
1531
533
862
1086
1131
897
1092
1539
676
14
500
1583
1545
600
875
273
684
1342
371
271
605
214
1516
344
838
147
1021
1269
412
783
342
947
747
173
377
738
1133
52
18
221
1353
1204
1526
95
261
1582
179
716
1504
184
467
903
71
1148
346
29
796
1063
157
932
658
1406
394
1076
988
1267
1124
402
989
677
822
963
835
1033
1421
939
1054
1101
691
1285
334
873
805
7
517
197
296
1165
1419
122
378
1062
1395
1170
162
1091
124
551
4
915
958
1538
611
287
956
1590
1201
908
506
356
352
844
1154
836
946
667
886
1330
333
153
787
501
721
373
590
312
42
1233
645
1355
971
1500
522
1290
762
1426
1472
1231
704
1416
1428
1249
944
168
1390
360
1018
1578
743
272
519
814
818
734
1496
1397
1237
1580
1121
128
998
1418
544
379
203
343
1363
1480
518
488
1570
917
232
794
1492
1122
514
1581
511
112
1525
217
499
1562
934
225
1042
1192
1467
1475
397
540
328
795
848
1537
1265
93
213
770
337
803
212
618
1139
1182
1168
1136
36
105
362
850
756
758
365
856
1340
1594
565
249
476
1188
781
454
1513
1200
1107
230
652
70
610
1174
1532
1484
1549
410
1470
1151
338
1025
43
539
601
965
1432
171
417
837
1498
1328
806
882
1486
637
423
727
967
376
524
438
1375
150
1597
1447
981
954
1438
143
717
526
583
975
566
1232
440
1155
174
1294
1348
123
138
879
1075
732
624
1299
784
1280
182
617
1324
690
1400
240
1254
458
681
465
1187
1191
145
206
1212
1383
324
657
1458
714
1473
1510
79
1454
1440
687
166
229
1542
1413
740
100
290
444
878
1077
739
391
86
1596
666
1275
1436
475
1295
44
788
1002
1137
24
1235
832
1193
591
1573
973
1056
109
1160
1354
222
1052
1311
722
55
1575
253
1576
1072
642
545
477
949
843
63
413
384
1505
974
1346
884
451
1258
656
1327
369
689
219
1534
1320
21
760
869
420
1349
199
450
1161
1019
911
696
811
1236
1565
910
1049
505
1444
1255
405
317
183
1120
1494
609
626
485
278
630
20
170
1425
901
1039
176
327
706
1222
470
1469
266
615
130
865
1536
1362
1474
489
606
1217
1164
416
152
889
849
279
1034
269
96
210
569
1543
871
532
1540
1356
1099
712
77
263
1593
149
1546
469
564
461
1277
896
1393
1345
695
1175
928
1326
1214
586
1372
243
1111
751
1523
1442
1312
648
1190
595
313
933
155
1380
1405
1303
1150
999
1046
1306
1495
1391
25
196
1088
15
1490
1321
883
621
1360
1050
1067
497
792
964
515
1559
1478
1411
1095
542
456
633
431
627
728
1288
209
316
513
1337
1558
829
319
1031
1417
141
1110
1502
1527
753
1001
1239
580
562
398
668
1514
252
907
468
914
357
1278
1300
1202
1305
1414
508
749
129
144
960
847
715
905
1096
235
1061
