189
802
484
488
1544
1269
1488
611
820
17
431
649
1524
259
286
118
1413
367
1480
452
912
1114
556
1502
263
748
416
804
249
1017
284
1117
23
285
1518
702
997
677
1038
933
1257
241
718
1299
206
278
1263
228
687
409
328
1177
13
108
920
1005
1429
983
34
868
361
359
98
869
855
1126
650
1264
705
1293
1139
96
1457
489
383
186
507
1477
24
110
15
1292
1419
993
471
572
294
147
1085
498
902
1028
530
1558
1198
603
1050
1084
809
324
473
46
1145
330
193
1187
1402
1409
26
713
1054
511
1316
1047
1519
1554
354
781
513
369
955
450
553
252
1042
1280
518
164
885
957
207
1044
262
1130
671
510
20
1441
97
1523
463
1595
971
308
984
397
1410
275
1260
788
597
377
1094
945
824
128
595
1432
313
1259
363
631
370
151
458
1049
525
346
1058
1392
1560
673
1481
1424
358
1471
1511
731
1383
454
691
1308
790
1312
751
1509
1301
55
913
465
1123
981
1064
1010
170
464
1188
602
1431
1596
325
326
668
264
858
297
1366
54
447
474
587
396
617
833
1116
1597
1342
213
1491
1296
1561
451
1109
1352
199
838
430
701
1458
1401
216
717
253
152
194
765
585
977
68
586
130
1015
1283
300
1251
1331
1374
1247
974
240
638
1522
866
187
797
1538
1186
672
180
302
283
410
656
1382
830
1173
1267
967
109
1388
122
643
280
619
742
756
1008
918
1364
674
1333
571
1153
1149
1120
729
1199
67
708
1555
1434
1232
593
905
658
389
1546
503
372
1206
506
318
229
635
640
1338
132
901
531
828
224
1367
779
1128
1576
125
540
1556
669
1420
995
562
386
289
1381
1438
948
53
648
698
903
1286
857
40
339
1023
1521
1582
737
83
1046
115
1231
353
1261
517
870
935
270
1034
1334
1368
1192
867
882
1580
48
876
467
153
394
123
355
134
268
385
220
41
219
1011
1566
541
683
660
1360
883
1249
1039
1159
747
1252
693
1417
947
1446
620
565
336
232
637
1495
468
837
715
1526
205
3
922
1531
1076
1465
927
1306
1317
960
1587
771
875
1542
928
157
757
462
160
305
547
395
399
1223
1233
1095
1436
700
1435
62
1151
457
1131
478
1448
1180
1474
860
1132
1294
347
446
1427
379
564
1380
694
610
231
382
760
72
70
1189
769
171
168
493
1497
1505
272
1033
420
94
1090
1268
42
56
1273
768
1485
38
306
1577
699
408
166
534
1002
980
1514
1137
1504
782
1241
316
1027
1371
516
1462
533
736
680
1125
548
453
606
1353
1302
598
732
570
725
61
1102
536
1579
1089
244
25
222
1150
105
642
1016
665
509
131
1081
444
728
508
1593
75
36
1408
57
196
1321
816
951
1228
477
86
1470
561
334
1253
1182
1166
1361
1240
538
1193
862
716
418
1048
1490
1467
573
720
1354
332
936
574
1369
1167
1162
1454
1288
1041
1535
8
1475
1391
899
304
1478
930
74
1330
522
335
569
590
88
825
217
712
1093
173
1572
221
319
1390
1430
1056
266
6
800
1277
738
138
163
1315
594
1506
1411
1158
1516
1541
523
961
848
1539
578
861
19
1387
633
856
618
1067
655
1297
840
137
557
697
1309
810
972
448
368
1501
1527
327
317
1304
1325
528
526
87
479
338
1070
657
148
1291
1473
28
246
365
851
1592
1200
198
878
1022
744
192
404
895
483
158
315
256
7
1266
791
872
384
925
177
845
314
357
298
455
543
662
596
953
1115
1018
527
1336
159
799
2
360
1407
202
1394
874
112
1385
307
1208
422
1205
1179
1262
1152
459
589
1379
762
815
921
1573
449
1246
679
692
1237
80
1395
1073
1127
1216
879
215
1051
30
242
1327
1069
641
696
209
1547
770
752
1389
435
1549
1493
1164
1455
688
551
544
1318
832
1418
975
714
403
1574
362
271
466
1425
1171
1314
277
1423
1512
1196
441
722
786
1225
442
299
1528
375
1170
1190
16
906
1078
1072
472
1226
563
871
1447
750
388
22
898
1533
1386
124
423
1305
773
880
1433
470
721
1442
1594
142
50
863
1487
1113
623
1157
81
703
482
321
1332
505
1515
841
66
1412
733
1414
801
1021
907
31
795
417
881
632
1238
1144
64
139
1453
1278
77
491
1124
1210
532
65
1346
1025
1540
296
591
419
767
892
438
261
1062
954
724
1476
281
626
1088
1122
1543
188
1282
251
583
1104
1444
1287
514
1396
1106
1508
982
1404
706
487
663
1590
1217
273
685
1195
1328
963
877
1118
1520
411
667
149
644
1276
218
239
792
191
333
962
1160
1545
1285
582
1513
1141
839
627
323
1307
778
939
437
119
1082
1496
1026
1098
76
1053
900
371
1146
1567
941
577
819
1165
1183
1466
886
968
785
1221
1279
301
689
812
1061
236
1203
499
1319
1079
794
1215
990
1323
934
387
390
743
352
235
1459
480
567
1340
1479
1242
120
1370
1024
1086
926
515
223
1172
613
843
52
1463
485
1517
818
155
600
1274
248
761
1451
542
793
1156
628
150
291
381
686
897
854
1071
1585
1212
1345
891
1588
615
154
1359
1583
322
1227
82
512
1211
929
1298
10
831
32
413
580
1229
1510
614
1045
1014
89
1351
601
133
555
1031
1530
320
1403
1378
634
552
1055
1236
796
1324
1358
174
766
245
1080
1377
145
90
682
310
93
1245
924
1344
1035
243
1111
214
998
853
425
1397
1142
1143
226
1295
0
401
1103
84
162
114
670
1174
1564
889
625
1553
952
807
258
624
826
234
135
616
836
842
959
592
343
1313
293
364
178
659
996
14
1110
165
1492
59
709
676
780
424
292
1065
1589
329
429
1012
79
1052
937
834
749
890
254
1375
1552
1108
136
1135
1218
852
1202
723
859
969
496
950
805
129
337
1584
608
1148
195
1250
1569
909
584
103
1469
1483
719
884
776
849
894
227
1494
126
405
775
821
711
1499
1060
1163
303
267
545
212
896
1222
916
675
1289
814
1265
342
549
1214
966
1230
295
695
73
605
104
645
1557
1040
439
1019
91
1112
1393
908
102
238
1355
942
1270
938
1181
5
1443
965
18
121
661
1343
274
433
811
1300
1335
1484
1500
181
184
406
865
520
1003
380
427
78
1009
1565
607
1416
1581
1449
1057
1091
1101
1129
1235
1400
958
559
846
690
1537
1482
436
490
1586
1460
69
808
1184
11
144
917
639
176
994
440
521
1571
1004
1255
1234
143
753
519
1591
1322
822
428
612
1032
156
539
1290
461
576
1362
255
979
1185
1006
560
208
910
1311
1
1365
269
265
914
230
1568
1119
1563
864
1066
873
1426
398
1452
45
161
991
727
629
288
1059
1550
575
850
1339
911
1254
1445
932
1100
1207
247
476
85
469
225
774
331
233
588
475
1284
599
421
182
988
1000
1356
49
1489
1029
529
1258
486
1548
497
106
443
646
1036
726
190
282
29
169
1001
1204
100
197
495
647
987
44
710
373
678
566
847
460
1437
1155
39
434
973
1239
1007
1498
456
260
35
827
309
276
636
654
622
844
393
107
349
524
784
47
203
21
402
1107
1154
1439
989
741
1310
1147
33
787
923
1043
1532
1243
579
481
931
356
1248
759
92
1175
1415
1341
1472
803
745
279
764
604
1578
1373
1398
400
257
944
1096
1219
1507
1161
494
772
550
1486
201
312
290
1213
763
1136
949
183
1176
1349
1068
1468
1030
250
823
1099
1536
940
391
1456
1092
1191
904
730
554
366
345
535
1422
1209
1372
919
211
502
537
1220
175
