1348
1323
892
911
685
774
815
566
1225
1257
389
1038
782
381
985
713
27
930
749
509
805
1054
1376
888
1095
674
150
1094
1201
1390
1011
1006
891
1140
99
616
478
1171
343
1012
1381
188
1059
1127
456
169
160
318
140
804
121
1244
40
1102
1298
334
1052
208
626
899
1251
602
1105
703
1595
715
938
620
349
332
1297
1415
1303
493
991
194
1308
1543
1233
303
1179
1248
269
87
821
357
1141
578
1051
232
193
820
1424
697
131
1454
425
1373
1302
400
1433
1112
1551
667
977
198
59
1538
850
107
210
585
708
923
947
356
6
990
1336
846
1067
581
1072
548
1557
1154
727
373
324
1159
587
377
549
1071
1556
1530
81
586
144
898
1426
1157
1218
289
472
725
1573
1250
411
1
1121
642
1220
866
1442
841
889
1145
1475
187
606
362
533
1549
733
248
1455
1193
656
180
755
1500
1553
603
884
186
1204
1467
1432
1569
1539
934
689
166
903
86
458
316
355
1081
570
845
1210
818
879
123
709
886
243
1477
1061
1082
231
1344
1431
573
951
1109
235
702
262
57
249
28
783
19
1391
498
146
1503
1521
750
211
637
914
954
1228
614
499
840
1136
979
856
1213
51
427
1027
943
729
633
58
933
1187
407
910
48
1126
319
42
1371
1422
1468
1470
1552
1514
671
1358
227
126
596
443
718
913
152
352
312
1069
1278
1267
448
1516
301
1079
119
287
612
1262
610
1394
339
1037
30
1575
504
201
871
568
1347
791
378
64
1419
953
178
807
228
1314
490
931
80
978
338
162
1405
360
429
522
374
1120
916
327
1558
284
529
716
1130
492
209
485
957
1266
97
283
778
584
1443
1008
1101
1015
1554
442
1188
1515
1092
1199
1544
1111
424
799
736
997
361
1152
1351
631
335
132
577
353
72
623
143
1047
1400
760
908
1452
1333
380
1125
314
1466
359
1097
965
796
737
7
962
896
238
78
1034
1133
116
323
439
173
768
1364
414
1014
164
1532
1559
925
853
1106
1354
386
122
95
45
382
1325
190
915
963
1389
1571
956
255
91
1449
823
1009
1285
781
370
1499
1355
552
1216
423
347
740
421
687
881
1196
849
944
973
1234
296
1183
115
1548
883
468
1020
450
539
1181
744
1472
514
482
574
894
833
800
387
202
502
972
1241
1357
109
142
1175
401
158
859
902
571
1259
801
214
1352
648
1469
670
330
792
1129
1194
428
1137
861
1063
1161
1279
1091
688
595
949
447
1315
761
935
516
563
857
272
710
638
139
842
855
1527
646
431
1301
747
1119
854
1131
1460
787
611
1239
976
1115
1497
128
8
311
989
1292
526
1142
1384
206
1523
959
712
203
54
1185
488
540
1479
679
189
108
537
521
1029
550
22
806
376
1327
594
1428
205
93
224
1261
1139
1320
1198
440
1441
588
1329
838
847
92
567
1294
270
1124
1334
1138
75
1283
654
1217
1582
1256
707
1265
560
901
851
1155
1382
1420
246
904
1430
469
1579
1463
1209
130
1337
24
583
391
819
811
1457
1393
25
155
1518
825
1004
542
236
763
893
1231
706
1494
445
1056
1435
1053
179
629
1437
1418
10
354
67
1374
1163
145
1153
415
392
506
300
523
1547
1487
437
1235
921
927
955
138
1305
195
1403
449
1407
1271
890
1493
174
222
254
1459
385
942
1505
870
1529
34
711
1043
919
265
557
89
1345
777
885
1411
822
0
1122
613
5
342
1536
101
843
39
528
665
452
780
660
124
177
136
336
118
1576
1144
1486
505
1341
617
351
986
192
1485
1089
988
880
135
244
460
41
723
1022
636
358
995
297
905
1375
758
517
982
558
1280
813
618
465
410
1338
1413
1332
1123
38
678
79
1395
686
491
824
1465
527
682
759
1365
1042
1586
1414
693
1592
420
831
1177
1208
1427
1535
590
1342
457
766
111
987
1028
1386
999
1398
1507
102
454
1310
1104
663
1580
874
980
742
1214
756
1230
53
1519
1035
114
68
1368
546
717
1578
726
1589
649
271
1150
1406
786
252
215
784
1274
134
1040
1203
1148
1080
658
127
1309
1169
1456
1192
237
1583
1166
459
1205
950
55
769
74
1242
105
163
1174
1160
461
1135
639
1561
1588
1254
518
1339
591
1207
929
230
770
412
1511
555
543
1036
536
1100
1483
1307
1260
624
406
1388
644
863
1590
1293
958
446
664
1284
1085
771
479
1168
579
1408
261
294
721
422
1268
971
1290
1055
181
159
1458
650
609
1328
333
694
909
279
1088
698
1555
868
1360
14
975
462
1362
1110
619
1392
1444
873
466
753
1212
941
882
291
233
741
1070
1322
1200
49
785
1288
534
628
928
1330
525
399
1319
1075
589
673
1147
106
835
251
1258
1484
390
794
56
668
681
803
1491
346
151
1366
827
524
21
405
257
700
388
185
43
473
852
1182
340
1156
1219
1041
1533
960
1253
1151
315
329
512
1577
345
832
683
1002
1546
772
66
1300
932
1540
1440
643
1412
808
645
417
1363
1238
541
1448
313
306
940
129
395
1461
326
191
722
1563
1064
993
920
495
1032
867
384
1167
652
1311
397
946
1206
1565
724
532
762
161
1417
1103
936
1039
1073
1346
20
569
653
696
481
33
1134
1049
47
29
1005
1170
1489
1353
510
530
922
501
432
253
1541
1451
1287
779
366
1076
1078
680
1275
812
735
1048
298
556
575
18
572
225
599
419
1240
218
307
156
171
1263
705
286
1090
453
1545
71
82
1522
1501
1531
15
535
1224
918
451
1221
404
1476
1434
739
364
104
1482
1318
661
241
430
814
1227
630
96
467
1190
84
701
9
604
878
773
1162
276
88
90
765
280
1007
651
1496
1226
992
365
23
676
998
1189
310
1060
640
240
666
1377
98
167
496
275
1113
714
1343
331
219
433
1534
1410
486
531
1387
260
810
305
1349
196
1164
1146
494
110
1108
1312
513
691
369
793
1098
926
273
396
1178
1593
1215
797
1211
1074
1062
961
418
1232
375
463
470
1099
1272
559
302
582
1269
798
11
1350
538
627
281
1277
983
1585
223
672
1243
966
1149
1093
1584
994
580
1045
77
547
1594
748
826
125
1252
757
1066
576
621
767
1229
1574
1591
1030
1450
802
844
1383
1570
1378
259
282
634
1509
474
455
320
434
1542
299
436
1462
438
325
403
1289
564
292
278
655
1397
732
553
94
1513
1255
245
945
1191
1356
775
426
1186
149
226
865
967
1118
1245
900
699
601
1291
1058
217
1096
817
220
213
1488
907
394
367
924
12
1478
1367
1222
234
695
1084
1504
1423
1321
63
734
1023
964
607
13
839
435
17
764
348
207
1114
1331
341
1404
344
1439
1471
551
598
32
372
657
172
1086
1481
408
1050
1525
200
1316
860
1495
1165
1473
1508
1361
489
1506
212
133
60
690
26
100
974
776
788
520
363
309
795
828
1276
544
939
441
647
1003
476
1046
62
1172
483
1026
1281
52
242
1197
35
1202
738
120
1537
1299
1019
44
1324
836
76
368
906
1236
267
1335
728
444
503
1057
1033
1184
285
295
625
277
1526
484
182
970
1560
684
1572
36
1180
2
754
508
497
308
1313
1438
1445
141
1247
864
183
1550
1010
912
848
511
731
996
887
117
1025
113
545
165
184
1396
274
1001
704
1024
1524
383
1429
561
862
1044
176
1359
379
1195
1016
519
830
507
1176
413
622
872
858
641
1340
258
834
662
1498
337
1562
1528
398
1447
605
480
1446
1143
917
1017
875
659
1021
789
256
968
952
1273
