1169
881
335
995
309
747
637
1367
829
866
639
394
429
1017
953
1206
445
1347
1325
478
820
1351
1515
798
1101
1080
1081
1541
1438
746
255
493
1411
971
63
1442
303
313
1066
913
984
97
109
55
779
1532
613
1514
1279
1304
119
1440
404
1456
813
1404
712
1260
1426
1063
1073
1115
216
1171
734
753
114
236
1089
233
1174
1540
6
1340
672
1513
1195
73
1543
1177
970
1406
784
1477
433
773
872
675
1086
770
655
1241
80
776
374
506
767
575
720
1093
1410
759
695
1244
148
983
19
281
21
1360
977
514
878
1003
1547
582
610
1026
345
880
860
763
1412
541
742
1443
1114
346
356
1526
792
750
60
681
431
538
572
1579
540
57
515
426
132
871
576
337
879
196
557
827
671
352
935
332
108
1522
1371
969
72
762
1044
1435
1475
1308
449
1275
1257
1569
1397
799
958
1153
1305
480
211
1437
1273
217
333
10
170
1118
1466
231
1216
910
1038
458
351
1594
930
1221
343
940
532
145
1057
761
589
709
626
199
88
486
791
618
1278
1544
644
324
1565
1309
38
741
150
219
504
344
64
267
237
1499
1301
181
367
447
321
45
1292
1236
1597
1000
1421
1247
1578
437
27
246
1245
1369
1315
1429
1112
1131
745
1048
896
50
1140
509
1162
991
916
870
412
570
587
223
111
376
1503
1481
1079
277
722
272
858
1167
1413
766
1495
139
804
748
1107
1553
1542
990
100
614
485
592
1186
1472
1035
1306
102
1430
30
1335
512
849
187
1113
611
903
1065
1567
1319
544
1127
1096
1045
1423
1550
141
461
260
1533
760
1328
62
370
1179
227
1498
358
1191
130
691
279
1500
1494
1284
1289
1493
1027
1064
200
701
1527
1176
1392
1023
462
732
341
159
372
1302
1399
974
1361
473
721
1425
1220
142
1300
1364
409
1108
914
7
91
284
1400
1022
1123
1385
117
683
1506
384
787
87
1405
542
1098
1224
894
164
450
663
616
1274
379
603
1147
195
887
9
425
621
850
411
188
1462
851
213
902
554
508
1459
1324
65
1460
511
477
1134
435
1592
641
495
824
1194
1564
1061
954
660
815
1571
972
1094
1307
697
755
475
520
350
1528
965
844
669
901
568
1557
280
329
120
13
1316
1084
1484
838
1258
1102
1049
1317
659
1106
1189
256
190
949
334
602
29
687
31
93
943
40
16
1311
837
591
1580
756
1285
1381
1334
249
1354
1402
1034
1573
1158
1590
808
775
590
327
1408
168
496
1075
464
193
371
863
536
1348
868
563
877
785
1464
143
408
1407
34
1218
1525
398
831
1269
677
165
1534
105
1104
667
1463
628
584
834
1496
1452
1265
579
292
723
981
189
1136
1040
1071
1570
1010
543
1372
595
448
1519
75
562
566
1237
1230
1343
201
937
1069
224
128
116
381
455
218
1282
106
636
1208
955
992
1524
52
1377
994
1056
299
1135
441
24
1386
1217
924
1215
561
1252
828
1376
459
564
1447
1006
300
1254
670
583
204
821
215
1461
976
556
1375
1203
1219
927
1576
684
707
768
757
605
124
1294
567
1523
503
1291
322
1436
103
1015
1422
446
392
296
797
704
311
771
488
325
706
47
731
163
527
297
1059
1175
679
1483
615
18
1111
221
1389
1396
1267
664
349
126
854
417
1388
17
657
44
1268
588
1313
479
316
1024
900
832
178
951
529
1517
911
54
1028
423
1204
581
1087
251
580
1041
658
1545
1172
997
661
405
1387
922
1226
534
1239
32
686
1322
1156
559
1561
793
606
1450
1181
604
308
917
1431
499
920
765
1572
941
406
25
207
1238
502
607
1105
609
665
550
393
578
363
494
1144
368
415
1060
553
1280
1030
1433
1556
427
1165
1223
369
283
1170
645
998
1469
989
796
1448
1568
810
1011
294
175
865
749
210
1485
1391
1209
342
264
653
37
330
1121
1310
487
925
155
269
1511
137
1276
1458
14
1587
1445
1261
365
1474
957
1535
451
642
519
1231
1465
597
1491
1290
537
99
112
4
1509
41
51
362
979
1314
3
889
1054
152
1155
1454
146
751
90
960
194
1467
1363
1125
535
104
857
549
599
950
565
1201
1190
782
643
648
254
968
184
867
310
724
1100
20
1262
726
444
708
396
1188
1182
191
498
386
1295
533
312
1283
1255
1085
893
46
1092
861
8
1574
1058
402
1193
89
127
1018
275
476
287
518
612
500
594
891
693
795
315
1130
383
359
1584
1468
699
1457
1150
11
74
192
890
176
803
788
1249
70
1163
174
678
1145
1205
439
1424
273
86
1229
555
904
1148
558
769
151
525
23
624
410
71
1439
288
912
466
839
416
36
366
94
1383
1537
690
1210
1124
1001
1078
66
654
421
819
320
895
1333
931
801
197
1446
138
1293
123
730
652
373
1379
1222
48
1200
600
789
140
42
173
252
929
1074
268
548
397
1409
1318
497
1082
1202
414
482
692
524
302
1555
735
339
1062
608
635
1563
1473
1152
719
873
647
1097
250
627
262
1037
1521
802
1242
1050
907
336
95
1378
1139
1349
650
1560
1251
84
147
754
1199
743
999
361
1052
1146
1346
964
1016
651
586
1281
631
1566
1235
1449
1039
232
378
569
276
67
1184
978
26
1138
662
1428
203
1393
545
1129
1197
843
1345
908
593
1117
942
513
28
387
242
1019
530
83
474
985
546
460
1119
212
428
1575
15
1488
1530
171
888
1047
1332
424
465
156
167
1589
420
729
825
270
1384
1512
467
915
76
1552
1595
1240
848
1099
1303
1013
92
1164
110
235
307
869
961
973
1021
1033
717
1420
547
1482
1055
883
364
377
1259
1331
812
1008
703
101
1263
781
220
668
625
932
1355
1358
69
172
432
149
481
282
385
1559
209
340
598
1151
1401
338
1476
521
389
1077
1253
35
286
622
314
1031
1137
318
774
1321
1326
715
1110
1551
61
452
630
1212
162
1266
1009
1168
728
875
357
253
96
244
113
1502
744
1109
136
12
391
1187
1416
1365
505
1288
492
293
206
806
1256
1520
713
816
79
882
1025
400
157
491
1434
1453
725
680
401
1180
179
921
78
986
1504
1116
736
694
319
484
198
1128
817
711
620
1046
438
1546
133
1142
814
646
862
899
407
154
1029
278
794
1339
115
1232
596
1417
1357
208
718
585
1032
1246
468
1286
539
835
528
239
1508
1296
1585
457
419
263
1103
919
1083
946
905
430
202
183
1344
177
936
1562
1192
1536
1225
82
1596
158
85
153
1178
884
633
125
522
823
1327
1141
619
975
1007
710
948
738
353
1053
847
966
523
1166
906
1505
285
737
1091
778
483
1362
836
963
375
841
298
826
1272
1329
1287
945
898
305
1486
1043
43
121
1160
1067
714
1298
696
1548
1451
573
1487
1250
470
291
698
623
33
685
0
938
1159
1382
1577
225
1350
1214
1478
243
266
885
786
1489
944
1072
1228
1126
1090
809
22
1419
463
1356
1374
752
1277
727
853
656
864
469
982
161
1398
876
897
1088
987
1444
928
859
967
1227
526
996
1539
1529
1248
1233
688
1427
306
682
169
1390
354
1549
413
962
230
1070
240
399
1271
1479
205
1395
1132
1243
1005
290
1
328
1531
1538
926
403
1012
261
388
144
440
842
640
186
1076
355
245
772
1586
434
790
182
1516
1582
1583
58
443
360
959
49
1336
1161
1510
1299
933
395
739
129
214
274
1036
632
892
234
830
1501
952
472
1211
238
956
988
733
1441
347
241
1320
571
436
1558
577
1149
918
56
501
638
348
382
