963
1098
680
1439
447
222
253
592
910
574
1106
807
293
247
1493
848
1482
1127
1325
1247
117
468
747
139
1557
1505
212
1280
1250
1553
533
577
315
1171
762
544
1038
1128
1586
742
1329
300
1050
576
1067
1074
552
1167
150
1040
1323
269
1592
1478
495
1390
199
1131
1336
1399
1507
1342
962
463
1487
1508
697
591
1008
362
514
1597
1581
1490
1132
32
1577
687
841
217
1225
1436
1193
777
521
1288
133
1275
562
1164
7
483
436
653
618
904
1313
433
1023
966
649
1157
1211
1376
1256
629
1548
181
621
21
1560
965
980
1109
1569
949
805
61
385
1227
148
797
1496
431
567
470
432
124
444
6
786
1433
559
1571
573
1253
446
831
718
136
798
98
390
961
461
1322
534
370
769
634
527
1575
2
1499
710
1240
1562
748
1312
187
1143
3
45
780
975
384
886
1286
1301
796
1510
452
1472
302
159
57
1574
1307
23
1372
1149
1158
1500
487
568
1033
267
286
283
1291
1140
33
1442
915
735
95
438
1066
531
861
988
116
929
126
1491
1263
8
218
366
779
388
383
1302
1318
589
688
633
1004
991
1138
995
517
196
1477
871
666
106
75
715
11
611
404
928
1148
1541
1509
58
437
101
1573
376
1047
1331
938
358
1587
1456
207
50
71
254
656
288
504
334
561
426
1534
709
756
1173
834
1485
1374
1528
599
1051
1579
513
757
994
856
1555
1348
220
908
1387
936
1298
85
711
1537
316
1105
1497
888
976
1281
277
1440
228
1073
746
523
1187
1377
1411
706
80
935
811
65
1494
35
1434
1172
902
303
1095
858
626
782
1
683
1183
580
983
1428
894
1565
59
1232
1378
1362
732
121
1369
581
213
968
600
28
1060
695
509
851
1153
1124
1091
822
405
1096
492
258
165
1502
1175
1059
1028
587
652
840
1468
337
423
1415
672
1141
1511
806
469
1410
1218
93
1156
494
1570
669
578
821
54
631
843
338
1324
244
826
1384
354
1002
556
820
893
1197
312
295
1480
583
1201
933
792
449
131
643
526
498
1100
824
864
250
691
162
681
1243
443
97
352
428
1090
601
506
330
947
912
872
326
1009
111
349
1397
454
1191
305
1016
406
1407
69
529
201
1320
1258
331
655
60
1001
524
663
488
654
1471
730
234
471
789
1076
1303
1514
327
564
1260
479
953
1572
132
550
701
298
1150
545
728
766
1221
347
785
1484
1340
1075
224
1431
1589
802
1058
877
1328
1351
1135
232
1591
816
689
733
723
1343
1588
1254
361
1209
351
1174
1293
852
1457
542
812
525
1357
919
458
1451
650
696
926
13
1314
890
1087
368
1223
341
1435
660
279
602
1165
317
1367
1108
699
400
335
168
594
955
481
505
857
178
1266
775
365
1349
1272
319
1365
1024
1382
1338
1518
355
825
284
606
941
1003
679
520
610
392
1536
1379
1014
657
198
1521
810
637
135
197
646
193
753
1294
1195
791
541
287
537
1420
1319
931
18
645
759
814
1503
445
1228
1345
985
767
439
1057
724
1297
1107
1036
982
1395
1044
906
1035
1495
752
416
309
486
353
849
755
434
219
996
1114
1267
115
731
558
48
616
1423
862
261
612
1084
1546
1530
707
1277
958
195
322
944
37
590
698
1452
828
30
959
313
916
553
1080
1103
1274
172
939
774
84
482
129
635
555
1214
836
138
455
874
500
565
1519
145
1289
793
1181
739
832
1146
356
870
285
42
903
1535
127
1492
847
275
1117
1296
281
1466
1013
186
1166
4
909
989
456
1526
153
863
1388
1121
1176
693
1006
743
238
549
401
151
323
503
596
999
667
512
924
379
548
1147
620
155
1306
703
1352
1501
191
1252
1144
1545
1130
1021
163
763
1005
690
530
765
1454
952
448
1464
1162
87
1264
1335
1123
1198
776
813
1467
684
800
1011
1554
519
1061
237
342
296
200
375
1064
99
1031
686
977
647
1370
109
336
179
622
554
925
630
891
1155
118
1000
1409
1427
134
485
887
52
360
259
1079
1092
329
607
297
859
736
754
641
1154
1315
1113
579
22
490
784
842
473
282
608
1506
943
923
1034
1465
1547
289
644
1550
1460
1229
467
604
66
451
661
1540
1481
1568
1594
143
430
692
1052
1561
1222
773
716
184
997
1189
1177
478
532
409
675
560
557
1539
170
480
120
682
89
221
1516
1268
107
668
472
158
1249
623
266
1358
1304
1596
249
954
88
1355
420
830
1401
140
1027
1203
466
462
477
673
911
105
1236
1523
1474
942
1235
613
1237
1212
518
1081
49
1041
53
1392
1180
818
639
1360
1437
956
25
77
248
1220
1251
969
272
1015
240
905
310
984
241
394
1086
1375
1479
1438
1520
278
1432
585
764
273
378
306
62
260
1366
502
1063
819
1270
252
714
1363
214
875
1583
1347
1239
325
68
895
1398
396
1116
64
854
1186
363
128
760
440
1517
1043
1371
563
702
242
1099
829
1441
359
369
1285
794
1030
1333
1231
1403
536
1007
1316
1299
318
1213
972
56
357
510
1179
1346
10
1393
182
1412
627
1578
946
137
865
907
1152
1326
700
717
1273
1072
125
869
878
1070
256
1217
839
1210
91
1317
16
1334
1071
157
883
990
971
658
382
1459
1416
90
674
429
102
1078
1310
457
1012
614
913
1151
1133
484
43
422
593
38
1136
588
809
1595
453
817
1354
160
1341
1169
1102
474
96
749
788
1122
226
450
876
1512
381
815
1290
1055
648
321
651
1544
948
442
582
750
1271
1010
873
713
371
397
1292
1188
188
921
1593
1449
1405
1199
122
9
1344
164
804
1125
231
373
571
1414
726
271
1327
239
934
1207
76
223
662
642
981
460
311
1042
1215
413
1029
1178
280
499
328
0
572
932
609
741
1185
339
1206
493
1585
781
1120
927
55
350
940
771
39
522
1443
304
215
538
1381
1261
1112
1564
1426
268
1062
152
79
1265
1394
844
389
345
174
1486
1368
24
161
1475
694
119
1082
262
570
1330
1192
81
1321
738
1418
1245
1532
410
113
1350
435
83
92
301
19
185
227
1233
333
1255
508
314
1582
790
1450
551
671
1262
1161
1049
1400
1204
340
1085
307
922
1182
17
67
1389
1364
721
112
1448
725
516
1531
1126
415
263
1458
846
291
1287
251
605
1419
1025
380
1385
967
367
402
678
1430
1026
1119
899
535
951
979
496
1444
459
1308
211
937
173
1311
192
142
1216
1584
229
569
758
1241
597
761
154
884
1205
1359
1018
74
808
414
1230
930
640
233
20
1469
29
803
882
1054
290
914
1276
1093
1111
114
1115
465
889
167
407
320
1529
897
1101
704
920
566
598
257
255
727
705
987
497
898
130
1563
100
171
491
1488
110
1224
1020
1226
712
827
1019
1160
960
659
1402
270
63
393
1094
892
1295
543
778
1184
1300
169
36
243
82
1284
945
860
372
1046
1361
1332
1170
751
507
1244
1037
1234
584
511
177
276
879
547
719
476
225
632
216
1053
837
180
918
745
901
1483
1513
677
638
44
1498
264
1088
1533
1238
1549
896
850
94
175
398
1196
332
1056
31
744
1259
374
1421
408
685
418
1413
144
265
986
14
1118
528
391
853
729
801
78
603
387
183
1473
1404
835
1515
190
364
868
1159
245
881
274
147
1129
294
324
770
799
539
676
1134
900
768
5
974
1168
103
210
1470
41
1386
377
1278
146
1110
1566
1455
1089
205
1068
27
1104
1461
1137
204
1543
670
624
411
740
1032
73
1424
1142
998
206
867
