1106
1265
26
70
812
1900
1268
508
1739
137
1374
47
2091
372
295
809
1094
29
362
739
993
1422
594
727
1779
1524
1249
513
213
828
1366
1194
433
153
2084
1364
665
1579
2048
1151
1665
1606
1577
225
417
1414
1601
280
656
376
357
570
877
1888
1443
1719
406
68
1862
964
630
315
1303
1188
288
75
233
1784
1602
2029
1243
132
1172
138
1681
1327
999
2014
416
1701
971
1940
231
550
983
377
1222
2079
67
609
735
568
1412
109
1335
146
1312
325
516
188
1349
830
2042
1756
409
1121
449
1040
707
664
178
306
1503
955
2095
1357
1020
1495
1453
597
1085
446
1226
1208
1130
1895
1400
2089
337
1113
1997
1005
816
539
1561
596
358
929
1641
83
1791
495
712
674
102
726
53
1974
576
652
1582
133
872
1599
1444
1279
64
398
1806
860
670
1322
1967
1652
1875
661
66
1421
356
1646
1675
734
1954
230
1436
1891
1297
645
1112
874
404
829
1848
375
261
1855
1789
1814
1227
2066
1868
222
1203
1880
1778
179
1596
2062
164
411
546
1061
1905
1167
975
1278
1014
1201
767
888
1781
908
2052
1828
1354
730
281
1981
2051
875
1200
425
631
741
347
901
640
41
299
943
1654
740
798
853
906
554
34
1000
1171
1506
994
814
1417
2002
1456
1239
1660
352
659
1581
1086
662
736
1071
751
1176
1178
1271
2072
939
1933
1722
1818
226
758
316
1706
2103
136
90
209
333
834
1033
139
440
1695
374
473
1505
1036
839
1141
175
732
690
1002
1234
422
963
256
438
1519
1837
1631
1616
1076
163
1307
1950
675
223
574
637
493
832
1689
917
1420
492
728
1863
463
1608
1836
1951
2093
1734
1328
1387
542
1424
89
186
1352
744
1398
1612
1313
1144
1294
1220
571
1710
1100
1618
336
895
511
973
72
1465
694
1704
1673
1835
1817
549
1825
1552
447
667
805
65
649
1175
2056
1426
429
1513
1207
1568
898
1930
111
1936
682
303
1248
1844
1389
92
1947
1164
716
577
1761
1709
1882
1126
428
317
13
782
1963
575
1650
204
40
826
1983
958
660
10
502
717
836
1134
1491
859
930
1584
1550
2097
381
450
1549
1204
922
1221
5
559
265
71
124
934
1565
1953
1617
1058
289
632
408
55
2034
401
848
110
1246
634
1630
1553
987
1057
761
1315
1893
1489
1826
326
641
1003
254
394
1992
849
1383
2038
966
1110
1037
462
604
1517
968
2
1377
1068
887
1702
1874
1676
880
293
1759
2061
309
1929
788
1955
1372
1959
799
1559
960
353
2019
1439
523
63
1978
413
722
1059
605
285
1478
780
191
1262
693
392
1343
15
74
824
1345
496
248
1514
598
1213
1798
1603
2107
1199
2064
618
1122
2016
677
2041
1447
556
1470
1775
1556
1292
1949
1136
1647
1263
1260
588
1137
1746
608
535
334
1800
366
1558
479
1770
885
2080
1007
1091
127
277
1520
379
1899
1957
1939
380
1425
1236
1713
567
617
1968
227
1124
916
1252
672
1657
956
650
1733
420
1725
521
593
1434
509
1332
526
1546
703
1117
385
545
17
1807
369
437
1636
547
2049
527
1233
1378
1740
1064
1180
1766
1671
980
669
1089
1569
120
1311
718
1871
1428
926
2053
737
322
658
172
1143
1406
402
1404
852
863
684
1502
1035
1989
247
435
78
1215
1211
918
738
155
743
430
1350
1162
1522
1384
857
1437
948
1961
442
1774
1763
620
1808
167
19
391
135
332
44
159
1266
1904
1958
193
1727
907
685
1927
239
1289
2075
33
1450
976
468
292
1099
290
345
2087
1360
676
890
399
1937
1361
79
1039
20
1310
1854
1598
868
1853
1212
1195
1128
2028
1856
2104
2012
238
578
1748
150
224
1805
1362
624
1842
1274
1909
1275
330
705
1851
35
1735
445
1487
1843
341
1448
1554
1696
1379
42
237
1048
1209
750
1096
1159
666
1560
1461
696
1952
38
1531
104
1295
228
1219
1409
221
436
1148
270
932
1367
1594
1822
1765
1820
1555
1626
1892
965
1179
1158
1832
1884
1827
489
279
708
1924
206
1109
1264
537
990
244
989
424
1527
2088
1488
1290
1649
319
2090
215
161
524
911
512
893
1235
483
1659
1283
1902
1711
1160
476
1501
791
1889
1667
819
804
141
642
1170
1809
455
1802
21
1831
305
166
1762
115
1132
1223
866
1296
1334
1405
566
257
787
2081
858
1840
921
937
979
997
584
663
300
99
1812
1006
557
1286
128
1314
152
251
815
1001
1773
1563
891
833
770
1205
1645
368
612
831
154
1338
1944
1600
1625
1101
1027
419
364
581
1772
246
1177
936
313
1589
1386
1752
725
1049
1371
1823
1140
2092
1452
1304
1777
871
2033
953
112
1190
1640
282
794
909
1231
1858
105
59
328
655
1879
1449
1435
1202
118
1298
1139
636
1277
4
170
1656
1370
45
1255
323
1184
349
1591
1032
862
1157
945
363
902
218
1329
1460
477
211
1547
867
1284
538
1865
2100
616
1736
1403
312
50
2067
1803
482
1758
441
786
1707
777
1687
46
961
457
573
1291
2046
1321
278
695
1011
1041
25
873
370
944
1455
51
1619
1787
969
2050
1419
465
1497
459
1532
601
949
1413
1324
1454
30
194
723
418
1655
1468
1536
1575
2008
1075
324
1463
1731
331
759
757
1382
1708
692
1423
1293
1490
515
202
2001
1764
765
889
1098
1066
1042
1381
923
367
995
962
36
810
1724
1272
287
1477
747
1769
2010
1498
841
321
837
1114
558
77
996
1107
2030
724
629
1653
790
525
897
214
1782
1911
1794
1869
1638
1680
1493
954
1433
1678
1901
1548
18
310
654
1916
2096
1718
1429
1010
846
1407
1330
1287
1790
1611
904
1060
580
775
755
892
262
73
766
1797
1052
2059
679
340
62
585
974
1658
1635
1639
2032
1458
484
1480
1217
1643
1898
1543
701
395
101
721
1541
1922
307
2063
1218
180
2045
1726
1685
1301
1620
14
1883
715
1544
249
783
2094
304
1518
1919
811
1317
506
1783
343
1145
1562
106
625
1346
2024
1845
1811
2098
1886
168
220
1593
1539
1750
982
294
1244
1873
208
1669
800
671
181
472
1394
1077
1306
522
957
2073
520
198
1319
595
1931
1861
1118
803
583
1189
967
481
1348
1302
1191
1753
651
776
952
184
503
1542
93
1860
681
219
2004
1240
130
1648
823
1326
114
886
95
80
931
54
1623
838
789
1928
123
1008
1872
1237
1979
1690
39
2035
1969
423
771
1528
2106
192
474
203
24
7
643
60
475
1030
264
1451
117
1081
1125
451
806
1780
1432
1104
1430
212
384
108
2005
541
359
176
351
1108
1504
760
490
1069
1183
266
320
592
623
854
81
1994
268
1755
267
97
1847
142
1273
942
530
378
61
2083
781
1545
861
1095
2026
22
628
1193
1688
773
383
348
2044
350
657
1567
1999
1092
1747
1300
434
1402
687
1476
216
1496
1267
387
1576
1913
1467
2086
177
1749
714
458
864
2065
3
263
432
491
504
970
646
1285
763
397
1015
1881
1250
444
536
2036
1259
1457
1610
752
200
201
1281
2060
1038
1253
1500
2099
1168
563
882
768
699
1123
1483
507
1942
1169
1946
2025
471
1340
32
271
407
903
1147
820
1693
470
1182
1025
910
1341
1192
1728
1991
382
274
1017
6
900
1028
1441
2058
210
122
1926
825
1
813
1521
1973
1119
1088
1485
940
311
234
100
1198
318
1229
338
403
389
103
196
1920
590
1358
941
1786
1574
621
134
1365
1516
1738
700
1216
1166
410
298
1741
1325
668
464
599
551
1152
160
1380
635
1672
2085
1815
1745
614
1129
1910
1353
2069
235
1887
85
365
2000
232
1009
371
1697
16
1938
1070
1668
572
344
129
269
613
1464
1956
94
1492
2017
2018
2007
627
1537
2015
195
1839
1597
1356
242
881
1103
1890
533
43
2055
801
1044
205
1878
1230
792
361
91
1316
1629
1174
1715
1925
82
1111
1792
1165
1627
1280
1754
339
1564
1586
1721
1816
1063
733
96
1529
84
817
1254
1570
756
702
1538
1446
762
2057
1509
314
1416
1698
1572
884
778
710
1475
619
1013
633
2013
555
1507
1196
197
1995
851
1801
1948
1473
1385
978
784
1225
140
1615
1336
914
48
1392
1051
950
1120
769
1810
241
28
1256
1466
1993
2031
1984
1084
1729
12
1966
1557
1045
1093
985
1661
173
1062
1877
469
272
899
1373
673
1849
69
1047
1269
856
1932
329
606
386
561
302
1964
1908
1915
1154
1607
1530
346
1210
355
1876
1462
697
847
1703
1833
1985
622
1161
528
796
2077
1347
217
603
924
1022
883
453
510
415
1976
1637
1228
807
688
835
529
1903
843
327
532
1391
1799
915
400
2101
1065
1375
938
1838
648
199
1943
2020
1605
1247
480
1308
514
1867
1945
1934
1821
639
1393
182
1206
1566
933
894
185
531
1156
1573
689
745
764
845
1258
485
296
1043
1431
373
1004
560
1970
607
2102
1427
1975
466
1474
2021
116
148
1771
821
797
1580
2037
1270
1241
1135
713
1918
37
1390
1142
1813
1257
335
23
1282
1333
602
844
876
540
1401
1442
1571
2074
207
143
1714
1105
569
2071
121
977
454
494
1050
500
754
992
396
1795
1998
1540
1841
589
2070
1523
795
647
1342
1459
1242
1359
2003
1830
1320
1012
1691
1484
972
947
912
460
1785
284
1046
1251
720
1026
1469
548
1053
498
920
1971
1481
1029
2082
1829
1305
1056
421
1472
1651
156
564
1897
519
870
151
610
586
259
297
1679
1526
1494
553
2043
1034
691
1031
1232
1684
842
1399
1622
1923
1857
1438
291
1788
927
1073
1912
1962
686
1633
1751
448
52
308
1339
488
591
742
959
1415
638
1525
119
360
1418
0
653
1551
1663
86
171
1852
865
27
785
746
1534
748
1686
1717
1515
579
1760
1276
552
1990
2039
935
1796
1155
1723
626
1982
1732
565
1149
9
1102
913
808
543
1508
1288
587
1078
388
1694
1376
1511
1590
1917
250
443
1864
165
505
107
1083
2011
478
1621
439
711
749
1767
1906
1080
1355
190
1214
1987
1138
1712
187
1097
729
240
145
562
255
1977
1634
1743
1395
1662
1824
1185
1965
426
243
680
1440
1054
1397
2108
706
56
1510
1533
149
183
1024
1411
1588
1150
946
1337
951
1082
393
456
1921
709
174
1146
