1924
1821
1698
1265
1218
680
1468
1884
403
1715
236
1178
1045
573
432
1228
1542
1770
2039
1390
808
223
870
553
1898
1577
1219
389
1179
1315
683
1388
1266
1833
1678
353
194
1586
926
1881
1782
1932
1027
1227
726
309
372
415
719
1978
303
1825
1307
275
510
1862
292
2061
1858
1567
1065
1713
913
1836
679
231
2028
137
1700
370
1873
1435
1483
577
1204
192
1249
745
660
1672
1774
1374
582
622
1907
1407
1328
1044
67
1443
1607
1802
852
1131
190
793
634
468
2083
766
321
325
2037
125
563
1406
220
1000
953
774
655
1989
1648
1043
1912
37
282
1409
918
428
400
713
736
1172
1959
902
834
1687
589
1059
1090
1008
1124
1643
1929
202
347
351
900
60
891
1865
801
1447
1963
1442
1647
484
1760
612
1141
1304
1100
558
297
98
421
1807
260
2107
158
625
641
1283
1902
858
1079
839
885
1156
1665
572
769
82
1757
1589
1456
1739
104
653
2048
1568
549
1935
396
1511
1872
1460
1238
1158
414
330
598
1146
1892
813
133
1551
227
1310
1105
91
1983
579
2072
1333
1159
363
11
1084
1827
53
267
1850
386
1412
2103
1467
546
1855
1206
107
1378
65
2092
1410
628
1997
167
560
480
1032
1598
1276
264
1298
1819
730
1608
1415
1632
1617
268
924
3
1498
976
1575
306
1535
535
1395
585
1857
1728
17
248
1681
59
1768
631
779
281
613
650
1810
1688
1987
299
1210
441
547
1730
1436
1849
302
1282
1130
341
620
2098
259
807
1147
941
1135
335
536
140
1317
165
763
1229
49
1970
1696
1772
1355
2014
661
2017
1488
671
1883
424
969
0
1982
385
1250
1387
1977
1784
512
920
1767
361
927
115
761
336
1794
434
1230
30
1641
607
1225
407
877
984
2035
2024
293
305
146
1080
1771
1020
478
555
847
1637
39
1450
456
1726
1671
80
1526
101
556
1746
228
1549
586
1606
541
1087
507
1508
1180
1751
1645
233
1541
936
1197
1636
1224
1988
2057
462
872
921
1330
894
283
446
1152
1167
1517
1418
64
58
255
757
623
749
1764
1947
664
1719
1885
1769
34
1901
1373
1504
19
990
250
1213
1766
1668
2085
1369
1693
208
288
1104
1117
821
408
1614
22
204
1011
340
1737
1944
1323
2034
643
1708
531
697
81
2105
51
816
1286
1343
1796
1558
561
94
1986
1889
1529
952
608
1664
1749
1138
1973
1047
1036
1208
1638
970
1565
1097
160
1712
1026
1587
737
1966
1475
286
985
1755
16
1685
1669
1071
1991
1856
1473
135
983
972
1778
211
1792
1950
274
88
1004
298
2075
1268
602
1487
1939
992
103
1595
950
45
1603
851
1887
1010
1745
528
1871
1381
481
1780
448
874
571
110
1231
1964
925
1923
979
1102
2027
62
1676
1704
332
1659
1
833
1205
142
1233
824
1030
1093
857
1245
1402
198
460
159
1859
1143
1114
1358
1736
83
812
1578
1661
1115
427
289
1847
529
1828
1291
1421
599
401
639
154
1695
1588
1380
295
1123
771
1583
581
2010
880
1394
718
632
1553
2084
595
575
698
790
750
314
1189
1463
1839
426
1515
175
1840
593
1335
490
521
820
491
422
1710
1994
881
799
1725
993
443
1301
2042
1843
764
54
2054
1462
1502
1838
226
1660
640
409
12
1428
404
931
73
195
399
1564
308
1293
846
1028
982
1239
1537
215
1918
1441
163
1480
471
559
1128
1731
538
1823
1086
1048
280
2069
496
311
131
251
1853
494
1477
1723
136
1761
647
1060
1145
584
810
778
1397
1786
1969
359
1053
1103
1365
707
1479
239
350
1226
1073
1243
1057
1257
898
2100
1461
659
1285
1279
570
943
1805
1399
649
955
557
868
1482
890
1543
906
27
425
827
1625
1237
1271
638
1941
1787
487
1068
1296
1176
1353
495
597
860
1556
2080
90
50
789
262
711
1272
1673
1408
148
2002
1546
390
1808
78
2009
1783
1359
35
1975
1248
234
1163
323
1181
6
1347
2082
1980
1427
452
1051
815
1875
216
1491
1357
395
1721
1432
791
1842
1835
503
733
383
725
310
594
1363
916
904
520
2019
1183
1006
2101
888
1702
205
2032
785
1439
759
1260
1611
1877
1012
1452
1422
663
678
1259
574
1458
629
315
742
1196
1896
1501
786
1649
1826
1662
961
26
1273
1264
1754
1863
256
1289
1336
1706
188
189
966
576
662
948
242
1925
682
688
825
863
498
41
991
2022
99
2077
922
1094
1194
720
436
1675
2065
1601
516
819
156
1215
419
831
1528
777
502
2086
1263
1519
1367
349
1361
635
1505
318
543
355
1340
1951
493
2018
1576
723
180
1621
244
2073
1854
392
1089
940
1058
85
746
1554
912
1132
1791
1325
1773
380
1129
1971
1038
509
1930
1866
1348
187
1014
1246
393
1972
1392
74
9
10
1177
1707
826
1403
2052
284
2003
616
1125
1758
1743
1993
1656
473
139
1701
191
1894
482
1816
1506
320
1861
754
1041
2090
430
209
1405
1512
207
237
1003
1602
345
962
1234
1513
1262
1144
457
300
1274
459
942
1166
1240
474
1221
1108
463
5
841
326
1220
1446
1593
892
1083
13
1153
694
387
523
1382
1429
1438
603
842
322
1297
1992
1013
1531
1711
2076
554
830
1533
455
307
72
257
1457
2
1682
2095
1199
1867
929
1631
479
2049
1510
909
117
1334
1797
1029
466
1680
1999
445
1616
1035
1198
776
604
568
1391
2068
1078
1092
84
1733
1759
1318
1211
755
1539
151
1663
1806
388
1938
731
172
1290
530
1370
765
735
2064
1489
1490
374
1256
709
937
1945
1184
1074
1699
1540
670
32
238
127
354
164
1454
1913
492
472
1882
1476
1946
2046
89
1396
97
1066
1023
1591
1419
449
550
1815
218
178
433
567
1709
741
1503
483
1605
1703
437
780
548
853
1085
1928
782
1563
1314
1497
1007
1379
1559
673
2059
686
1922
1817
817
1267
752
121
699
876
1338
1040
2043
578
855
1494
38
31
1507
106
23
710
69
1936
1119
1903
1127
1190
1604
1270
1173
1098
1955
1242
1910
1148
265
2079
1016
1134
1064
504
276
809
339
1626
945
1646
185
798
930
744
978
1953
61
797
1464
2004
1948
1864
1860
1331
193
646
33
1618
800
57
938
1453
358
1069
1714
1364
68
1342
291
46
923
277
1995
2070
224
864
381
1570
364
933
1024
773
1437
66
1203
1055
867
28
294
113
245
1022
1185
980
411
1814
1552
116
2012
1740
247
665
751
1610
1351
92
114
1376
254
429
588
2102
1734
118
132
1555
2030
1313
246
1417
775
552
1113
1216
1470
580
1579
1471
651
1444
1170
1142
1804
196
533
862
1481
1545
1368
897
1624
1050
676
14
500
1832
1106
1525
1812
1547
600
875
273
684
1615
1133
371
271
605
1253
214
1900
344
838
147
1021
1634
412
1223
783
342
947
747
173
377
738
1329
1550
52
18
1309
221
1518
1639
2063
1389
1140
1985
1385
95
261
1732
1735
179
1126
716
2051
184
467
1788
903
71
1169
1976
1569
346
1990
1207
29
796
1063
157
932
658
1908
394
1076
988
1722
1383
1536
402
989
1445
1472
677
1308
1251
1377
822
963
835
1033
1789
939
1054
1101
691
1742
334
873
805
1921
7
517
197
296
1416
1957
2007
1813
1530
1534
122
378
1062
1893
1597
162
1186
1091
124
551
4
915
1790
958
1848
1809
611
287
1451
956
2104
1613
1886
908
506
356
1423
1341
352
844
1154
1548
836
946
667
886
1284
1803
333
153
1420
787
501
721
373
590
312
42
1677
645
1841
971
1891
522
1750
762
1830
2000
1622
704
2020
1937
1793
1697
944
168
1984
2023
360
1018
1469
907
743
272
1493
519
814
818
1401
734
1522
2038
1509
1895
1683
914
2036
1121
128
998
1926
544
379
203
343
1852
2013
518
1917
488
1261
1001
1573
1424
1594
917
232
794
1466
2031
1122
514
2099
511
112
999
217
1384
1582
499
2089
934
225
1042
1192
1851
1316
2006
1820
397
1666
540
328
795
848
1911
621
1720
93
213
770
337
1449
803
212
618
1139
1182
1168
1136
36
105
362
850
756
758
365
856
1465
1818
2106
565
1375
1514
249
476
1658
1474
1430
2060
1188
781
454
1958
1200
1107
230
1319
652
70
1667
610
1174
1088
2021
2081
410
1998
1151
338
1025
43
539
601
1332
1609
965
1942
1434
171
417
837
2041
1800
1627
806
882
1484
2091
637
423
727
967
1339
376
524
2026
438
1868
150
2109
1580
1965
981
954
1952
1748
1433
143
717
526
2015
583
975
566
1232
440
1155
1404
174
1557
1727
1294
1431
1829
123
138
879
1075
732
624
2062
1299
784
2094
1366
1280
182
617
1324
690
1899
240
1254
1689
1350
1943
458
681
1686
1692
465
1187
1191
145
206
1524
1212
1878
324
657
2045
1762
2050
1979
714
1834
2001
1111
1599
79
1974
1954
687
166
1630
229
1747
792
1915
1824
740
100
290
1779
444
878
1455
1077
739
391
86
2108
666
1275
1811
1523
1949
475
1694
1295
44
788
1002
1137
24
1235
1644
832
1193
591
2096
973
1620
1544
1056
1635
109
1160
1354
222
1052
1311
722
55
2097
253
2056
1846
1072
1619
1492
642
545
477
949
1571
843
63
413
384
1326
974
1346
884
451
2087
1258
656
1879
1581
1486
1448
1485
1327
369
689
219
2029
1320
21
760
869
420
1349
1845
199
450
1161
1019
1560
911
696
1741
1670
811
1652
1236
141
910
1521
1049
505
1960
1255
405
1753
1592
317
183
1120
2033
1876
1717
609
626
1933
485
278
1968
630
20
170
1425
901
1039
1590
176
327
706
1222
470
1874
1996
2093
1718
266
1890
615
1756
1516
130
865
2071
1362
2005
489
1596
606
1217
1164
416
1684
1500
1738
152
889
2066
849
1916
279
1034
269
96
210
1532
1776
569
964
1837
1799
871
1572
1566
532
1067
1356
1099
712
77
263
715
149
2011
2074
1538
2078
469
564
1798
461
1277
2040
896
1795
1869
1393
1345
695
1175
1752
928
1214
1372
243
1679
1312
648
313
155
1303
1150
1801
1046
1640
1306
1927
1495
25
15
1321
883
1360
1844
1612
497
515
2088
1478
1411
1095
542
633
431
728
1288
316
1920
1337
319
1031
2025
1110
1888
1527
753
562
668
252
357
1278
1300
1202
129
144
960
905
1096
235
1061
