1180
1319
731
1534
1876
863
1296
1056
175
806
935
191
117
285
1673
342
15
1447
1817
1147
845
12
149
823
1973
166
269
71
1214
1610
610
246
1983
1564
607
978
2088
2050
475
295
739
1872
172
1490
1712
517
1090
1995
852
1487
735
1333
1788
1267
1522
1356
552
1533
2072
531
564
539
1475
1294
1813
506
1688
136
1351
903
202
509
1021
430
2037
1812
1854
1103
1302
1370
1130
1499
856
603
755
615
208
999
266
1652
503
1183
482
1293
1277
2007
2061
1987
1342
501
1005
1314
529
441
628
708
1052
230
746
825
783
1559
1861
1458
2029
1532
73
1442
35
1556
954
928
1416
601
4
1482
1228
557
668
2101
1383
236
812
1823
1768
587
2017
2048
602
832
1268
1329
7
1153
1232
1472
1355
234
1928
1537
108
1904
1859
2034
1543
431
118
1998
1575
664
1222
787
1617
1717
1173
1528
70
1376
513
1316
46
253
1576
2006
300
399
212
1986
1890
362
675
1919
1471
1106
87
1081
1521
1578
1681
1109
492
2071
427
336
288
1596
1496
1880
747
392
209
50
689
836
1258
504
649
1463
1008
1548
419
962
1364
586
802
1841
1902
1826
1727
483
629
753
953
1397
939
1036
891
1378
919
1227
1970
633
1953
461
1568
985
1787
861
1830
458
1541
1701
546
354
124
1561
909
1349
348
661
353
729
1569
626
842
2064
600
619
466
1951
824
616
151
436
1778
1638
814
1697
1467
1128
2043
723
676
1368
1991
994
1331
1916
1752
698
1500
831
1691
1926
540
1706
1759
943
322
1760
573
1892
1280
1835
1588
1456
1406
1240
1602
404
687
1659
1379
1341
1755
958
123
1334
936
1985
335
1059
1114
1365
2012
1484
1299
908
1066
1027
707
2089
78
1324
653
611
681
1266
1431
232
189
2027
1799
728
1360
1536
334
1493
275
780
548
184
1624
495
862
478
2019
1246
1580
1950
1805
811
1420
1251
1566
261
1744
1738
1058
235
1607
1057
282
1821
1271
1708
695
666
1563
1474
197
1252
534
1223
1236
1722
1962
1033
1390
1239
766
581
258
1212
894
1816
148
1083
1357
1419
1091
711
40
361
2085
949
1259
970
1897
1518
1127
449
279
896
1888
34
1843
1959
84
1366
849
1186
2013
1156
386
886
479
797
1693
833
2010
1571
1385
1885
267
1716
489
789
2103
187
426
1346
145
1791
997
1476
1274
456
203
2052
2082
23
207
1896
1711
2081
1538
2
2044
871
1952
344
1546
150
777
1323
1279
964
977
199
1171
989
1822
2096
2063
1097
1200
1051
1124
2045
27
1035
388
32
1443
893
1435
327
2083
1764
1312
1637
589
519
446
1963
1989
855
624
1832
1505
498
2093
1526
1857
565
107
631
669
840
1810
1648
703
1009
1735
1117
21
1529
2060
1634
1833
428
1510
1304
1403
138
61
384
1974
1686
732
1670
660
1303
1217
198
796
398
1291
1655
403
343
1667
1721
2058
636
3
6
1586
383
308
1955
654
807
60
1535
412
2002
1524
1001
1282
98
550
577
1803
302
1237
37
1523
1285
323
514
1320
652
297
1990
1466
1713
2087
699
1415
515
45
1373
851
575
1780
1350
57
947
1517
159
870
1895
1598
1786
1873
1034
733
1394
1414
576
561
477
779
798
795
1113
773
545
683
1363
1000
1410
95
906
785
1073
1017
579
1092
116
259
2047
2032
1731
8
218
366
195
1815
793
1377
1107
1798
1800
1557
1621
447
1417
1080
390
284
1644
196
1647
1988
1155
1819
1501
1412
1877
106
75
1121
11
966
360
468
183
1937
58
1451
101
1956
376
973
917
980
358
1143
782
1753
1871
562
583
975
254
1141
1315
165
1852
1604
752
1595
1336
1611
2025
1095
437
1488
656
867
1450
2100
1389
1581
1384
710
2084
1838
220
135
1674
1198
1231
85
592
690
828
1525
1933
1367
1685
2039
277
1098
228
1468
1243
1002
672
965
448
1662
80
1286
657
65
822
1014
1704
2021
691
1682
303
219
646
481
567
549
1
1305
2070
1906
847
641
1999
59
743
1176
249
1195
121
912
1074
213
1024
1808
28
2080
821
554
663
1683
1549
1087
976
1257
405
1512
2086
2046
634
1616
1911
1202
1013
1158
153
2099
1619
337
423
2038
471
1668
915
1486
1317
1562
759
718
957
469
1941
1116
931
2023
1676
1654
93
1625
805
494
2095
1149
1589
693
757
1031
762
1256
1878
1651
54
1858
1275
1967
1784
568
338
841
722
244
1936
580
799
2030
1105
1844
1700
2051
1163
312
13
1076
1978
1513
1150
1069
590
131
1382
688
625
1405
644
526
127
1948
250
595
287
162
1426
1707
97
352
1503
673
655
1785
330
880
224
1736
1145
1958
111
349
1656
454
1923
305
1455
406
1044
69
1154
1516
331
992
1084
1773
524
1794
926
916
1229
1263
313
1650
1818
1905
1006
1913
298
1583
1220
696
1335
1820
1539
1599
1079
1325
904
643
709
665
411
1591
1729
1352
1347
670
1842
1264
1924
1422
776
500
365
1622
1041
858
742
2094
351
810
2041
1992
730
820
868
542
1480
525
2098
2015
650
1824
1462
961
2020
1891
341
520
706
1605
317
1866
2016
400
168
594
505
983
1734
941
1839
775
1146
319
1864
1560
355
715
1260
1270
1408
679
1343
1879
1164
1710
1348
1344
1653
637
1515
2042
193
1358
1771
1757
1235
541
537
1935
2106
18
645
434
843
445
1687
1423
439
724
1048
792
1362
786
826
1900
1946
2059
1901
1353
1380
309
486
1623
877
692
490
1506
558
48
1940
612
1494
2102
560
1747
2079
1219
872
1061
30
2008
1330
553
763
1672
1980
1196
1627
774
1108
129
635
555
848
1327
1162
455
163
31
1806
1733
1401
2001
42
1749
885
1614
2033
1774
281
1193
933
1909
959
1758
1606
1028
1411
170
2062
1177
1465
1545
1067
996
206
238
401
1175
596
667
512
1509
379
923
1579
155
1635
890
1038
1792
1718
925
1997
1457
1615
1187
530
1741
765
1520
1003
950
1508
1930
1981
1448
1737
982
813
1060
684
800
1398
409
993
237
296
200
375
1469
99
686
647
109
179
622
1338
630
1846
1142
2066
158
2035
134
485
887
52
1283
1489
1661
329
968
1321
736
754
1023
1430
1874
22
784
473
1306
608
1745
2105
1893
2077
289
1269
1677
467
604
66
451
2073
1040
210
2065
143
1680
716
1208
1387
1779
1618
532
1550
1144
682
89
221
1250
1984
1131
472
1828
623
1290
1853
1783
1914
1273
1756
1849
420
830
140
1766
462
911
105
1698
1938
1444
942
1174
1972
1326
613
1393
1148
1699
1372
1392
1165
1702
1045
518
1491
1831
49
1437
1825
53
1100
1660
1567
818
1168
639
1166
1050
1855
1960
956
25
1587
77
248
1409
1678
1481
1719
969
272
1015
240
905
310
984
1077
241
394
2049
1875
2018
1086
1961
1309
1396
744
1179
1441
278
1954
585
764
273
378
306
1297
62
260
1865
502
1063
1253
1135
819
1739
1328
252
1478
714
1860
214
875
1772
1837
1703
325
1221
1979
68
895
1763
1211
396
1540
64
1354
854
1139
1628
363
1337
128
760
440
1218
2057
2054
1043
1248
1870
563
702
242
1099
829
1643
1964
359
1247
369
1761
2014
794
1030
1391
1272
1626
1807
1689
536
1007
1796
1777
318
1671
972
56
1407
357
510
1620
1194
1836
1249
1210
10
1898
182
1925
627
1089
1213
1140
1612
946
137
865
907
1585
1809
700
717
1742
1072
2090
125
869
878
1070
256
1675
1577
839
1666
91
1797
16
1601
1429
1705
1071
157
1790
1374
1636
883
1565
990
971
658
382
1242
1994
1929
90
674
429
102
1078
1851
457
1012
614
1552
913
1151
1133
484
43
422
593
38
1136
588
809
998
453
817
1369
1845
160
1827
1169
1102
474
1281
96
1313
1209
1339
749
1664
788
1492
1122
226
450
876
2055
381
1912
1485
815
1767
1055
648
1301
321
651
1750
1847
2074
1507
948
442
1527
1663
582
1765
750
1740
1600
1010
873
713
371
397
1769
1188
188
921
1942
1514
1976
1915
1199
122
9
1834
164
804
1646
1125
231
1375
373
571
1927
1584
726
271
1645
1811
1884
239
934
1207
76
223
662
642
1594
981
1957
1542
1754
460
311
1042
1215
413
1029
1178
280
499
328
0
572
932
609
741
1185
339
1206
493
2104
781
1120
1690
927
55
350
940
771
39
522
1288
1966
304
215
1322
1395
538
1881
1720
1261
1400
1112
1829
1553
5
1944
268
1062
152
79
1453
1265
1899
844
389
345
174
2026
1530
1867
24
161
1856
694
1945
119
1082
262
570
1814
1192
81
1802
738
1932
1245
2076
1118
410
113
1840
435
83
92
301
19
1582
185
227
1233
333
1631
1551
1255
508
1452
314
1104
790
1977
1641
551
671
1782
1262
1161
1049
1908
1204
340
1085
307
922
1182
1547
1776
1495
17
1743
67
1894
1863
721
112
1975
725
1642
516
2067
1126
415
1590
1511
1497
263
1993
1789
846
291
1287
251
605
1695
1934
1438
1025
1573
1399
380
1887
967
367
402
678
1949
1026
1119
899
535
1795
951
979
496
1968
459
1308
211
937
1434
1669
173
1311
192
142
1436
1216
1137
1886
1425
229
569
758
1241
597
761
154
1454
1427
884
1205
1359
1018
1969
74
808
414
1459
1230
930
1649
640
233
20
2005
1793
29
803
882
1633
1613
1054
290
914
1276
1093
1111
1889
114
1572
1115
465
1775
1732
889
167
407
1640
320
265
897
1609
1101
704
920
566
1555
598
1714
1943
257
255
727
1709
705
987
497
898
130
768
100
171
491
1726
2028
1477
110
1679
2022
1224
1020
1226
712
827
1684
1804
1479
1657
1019
1160
1544
960
659
1593
1402
1730
270
1630
63
393
1094
1558
892
1295
543
778
1184
1300
169
36
243
82
1284
945
2011
860
372
2003
1850
1046
1361
1332
1170
751
507
1244
1037
1234
1696
584
511
177
276
879
547
1862
719
476
225
632
216
1053
1883
1724
1746
837
180
918
745
901
1483
2056
677
638
44
1498
264
1088
2068
1238
2078
850
94
332
374
1421
408
685
418
1413
144
1574
986
14
528
391
853
801
1947
387
835
190
1694
364
1159
245
881
274
147
1129
294
324
770
1715
900
2000
2053
974
103
1921
1470
41
1386
377
1278
2004
205
1068
2075
1461
204
1982
740
1032
1424
1725
