1359
1251
1544
659
278
45
1091
2102
1776
584
1435
1181
2039
1313
1230
1114
891
1055
231
145
404
547
2072
1291
1768
1342
1682
1390
1563
1090
1515
1528
1381
401
239
1357
1018
218
1662
199
1530
411
729
1437
711
925
1549
1077
142
114
1398
662
1081
1105
236
268
999
1466
823
1512
1387
1487
930
966
1857
1997
888
916
1922
1841
651
772
1650
795
1609
464
1604
948
1133
921
52
1836
969
1924
157
2095
1502
65
1479
1123
1284
1963
1364
1754
503
2087
1993
652
1951
2054
721
1657
586
470
1835
1905
176
117
1624
1388
1504
724
226
1736
1693
745
611
316
143
1513
492
1265
1491
62
68
954
119
1886
69
82
1557
481
356
275
2060
1715
93
1152
810
1319
1888
1702
807
1645
1683
1142
580
1143
246
154
363
1741
1542
455
1454
3
1426
1312
538
2036
431
240
2
759
1532
1698
1597
37
60
1669
799
1443
1221
369
949
1878
385
1324
2053
526
259
271
343
277
1949
305
1046
1336
454
981
459
1661
665
581
663
323
1089
85
332
1067
996
116
1236
2100
352
452
288
2094
1983
1158
1762
7
2105
1394
1006
842
1696
909
1539
1667
1632
2022
472
1095
2062
735
215
1534
601
1424
502
1202
1600
2046
911
984
1792
1758
599
897
61
181
84
1108
1707
1653
792
1912
1300
2018
6
197
248
376
354
675
1739
173
837
2035
1761
1171
1556
80
1906
1196
1869
1334
851
1353
649
1529
141
681
1899
1509
66
877
1974
155
1275
1170
1215
1405
633
1764
1628
794
1420
1125
1782
1558
1448
368
615
204
1471
1823
1689
1097
778
885
361
1495
985
2040
1630
333
991
458
2005
1858
552
447
446
1988
1564
346
563
1578
1892
1680
445
14
1228
334
2032
1881
994
1816
748
400
1801
978
2057
1247
1710
1914
1767
1162
814
1756
287
1516
1195
977
1455
488
1718
1346
887
301
1611
382
2093
1194
1262
479
606
730
846
1752
1885
318
1433
1438
627
272
185
1942
1417
1757
40
1923
1127
1130
560
917
1654
1339
831
825
1305
1317
1934
625
980
104
1684
957
1352
1591
1488
849
944
1267
570
384
734
1145
1272
1910
386
1749
89
953
307
286
928
146
1303
2103
1456
1115
1644
1960
645
1646
183
403
1719
58
511
441
1671
541
2076
826
508
558
1209
477
871
86
736
462
834
1452
221
1131
2003
1191
998
770
1066
1902
436
1810
1935
194
1759
522
2075
1179
1947
886
997
1492
582
577
387
1763
1613
1618
1709
1555
844
1919
265
568
694
457
1925
1883
1854
784
273
1096
546
2109
1950
46
309
258
1264
756
1156
776
1686
188
407
315
1521
360
429
1573
1996
816
1797
192
1738
121
882
1436
311
920
1903
18
1602
1501
904
17
758
1850
2001
2015
1966
504
960
587
1796
1898
852
1182
421
1101
1548
2056
371
388
1459
945
1938
1849
564
542
1972
964
493
1412
1592
1153
427
1268
283
349
304
353
1948
715
417
1335
1891
874
624
512
109
679
798
1728
576
829
1351
249
2092
1838
661
160
530
1092
1620
2044
1431
1804
1946
757
1146
310
2084
856
678
1827
1876
1735
41
256
212
771
322
1830
1354
1554
940
235
91
1933
1777
993
1079
21
1819
1802
1304
510
1877
1094
1224
1787
498
1786
70
367
1211
765
1980
1217
20
1576
1266
612
1329
1665
1994
853
1799
1834
128
1348
402
1166
1737
880
1048
579
2013
1177
1368
664
453
1419
1789
821
2000
519
737
177
1462
203
1740
312
341
102
1805
688
1476
47
1928
496
1253
171
942
1840
108
1546
34
1003
573
914
1505
1995
1468
405
279
285
1422
2026
923
952
1570
1975
1743
129
1399
1964
313
666
251
1341
961
1553
1486
1451
603
127
644
1811
525
169
1206
2067
544
1489
2085
1913
809
209
1292
2066
1678
1833
1163
200
672
761
377
827
658
347
743
43
473
1695
432
653
1770
1642
1274
2009
1026
847
2070
67
1976
2090
419
486
1660
1104
325
1889
553
15
158
990
1887
1533
193
1541
1118
1659
1199
2068
2020
707
2010
327
1332
99
328
1014
2042
1218
595
1369
590
824
1567
1526
1514
808
727
1812
1560
1287
1311
1051
549
1900
1042
1072
2064
903
182
374
1658
1465
1771
1748
1958
684
1727
1818
789
1124
941
172
1111
1205
330
951
487
796
1434
1220
708
1779
593
744
469
2077
1039
1953
1161
321
1415
1289
1442
907
1098
782
164
250
201
1989
1908
779
399
801
1333
813
1574
28
641
752
926
451
1054
2049
126
1421
932
1023
705
379
535
351
293
1367
884
1316
1807
23
755
90
1460
1017
523
0
682
1623
1601
1441
1148
915
704
1794
1139
1640
597
1298
223
1581
1863
213
1279
572
202
77
1322
2028
1134
439
1188
174
1674
342
1822
2074
252
297
545
543
2089
1824
1772
1290
490
1461
1306
1672
1559
1708
394
1193
1500
788
2014
1639
1259
1174
1720
1507
1277
1917
1508
701
295
1971
1744
11
640
1940
1990
281
1036
946
1648
922
618
148
397
1235
1167
719
1714
1176
2045
1685
555
1977
1120
1144
1582
1343
1638
326
1132
1746
667
873
375
1263
1053
480
986
596
1985
720
471
16
1800
75
134
1
2031
437
1929
319
1961
931
1386
518
2033
699
567
1916
378
1086
2024
982
1113
1893
1180
1256
414
1490
1701
1007
2016
1536
521
717
1154
2101
1237
870
1137
1517
2030
1809
1861
1204
179
1945
1121
1469
863
1970
2107
345
50
1485
968
262
120
1605
1930
219
267
1216
843
290
692
697
1998
716
1706
74
1210
574
773
2043
1821
317
963
654
1589
1616
1233
1296
955
1920
1203
901
513
440
621
1184
983
2050
205
1408
56
500
1677
1345
1255
1826
425
741
1725
589
237
1260
2082
1173
1629
175
1034
1992
1400
1959
152
1931
1984
1430
859
1843
1982
1520
1295
883
1956
1896
264
291
1875
2091
2006
22
1617
881
338
1308
1282
227
107
1853
1189
857
592
2104
30
10
438
971
710
1344
1347
669
866
1192
845
125
257
1873
1160
1028
1059
198
628
409
1806
1198
1837
1569
839
1226
639
631
1201
1299
1380
412
13
483
2080
1058
475
656
1141
536
967
1619
602
163
1135
482
1244
130
1411
1063
1868
1362
1379
1636
1543
72
514
12
1440
1775
208
303
620
1803
1656
565
693
1552
1015
340
1389
1370
820
1901
1328
1936
811
42
1240
878
1593
1583
733
423
359
1409
879
1318
585
26
680
1238
135
210
1603
1377
55
463
1941
216
1183
1064
396
1535
1859
1780
1450
2023
178
1200
740
507
1164
300
1467
1001
1213
78
995
1561
726
228
818
1397
988
1590
29
561
1416
225
1637
1227
444
1395
32
1621
965
893
668
1742
1778
958
1358
1406
1596
1396
151
959
222
1027
1484
702
1453
1890
1444
1874
854
1065
833
1246
1550
113
48
289
1100
1021
206
1551
1147
973
1088
1410
1249
1190
632
775
889
1510
899
832
1245
683
1981
1285
617
1241
1338
685
869
1185
673
749
1002
1562
408
629
1374
2096
1783
1633
646
139
1615
913
1376
165
1586
812
214
1575
1321
1418
131
314
138
1722
1871
416
1029
38
1273
1545
53
706
136
1987
1474
1122
793
35
25
657
1402
449
578
1978
1248
1076
1401
1907
1258
302
2038
1270
2086
1449
1668
1052
1713
777
1750
244
103
276
393
110
588
159
970
747
1697
1599
1136
660
1663
339
329
1286
133
637
1323
167
2008
927
860
1178
1020
1074
24
806
2029
443
150
1577
1880
94
1943
217
381
1047
780
900
987
864
292
712
1197
100
1049
1904
783
1730
489
1271
700
1378
1729
750
962
1745
2069
1012
242
168
73
559
1894
2097
1820
118
1138
520
713
992
5
1499
254
1168
1093
1038
1384
383
1393
1102
1503
516
1631
54
467
266
1033
583
766
1538
537
855
59
1527
1687
166
1813
815
331
1856
247
373
1726
1496
499
1732
1691
636
616
1587
1968
1331
1955
1962
566
1525
1848
234
626
1214
430
1010
1519
2048
191
1703
1175
435
836
1798
1690
1280
2012
1186
1016
184
687
1565
638
569
1606
933
1407
1169
1967
1242
533
1239
1414
466
1773
742
196
2106
495
591
936
1041
979
380
27
1301
1655
395
1252
320
1705
147
797
623
238
1009
1518
910
1622
895
1473
1918
1361
106
350
1547
650
389
1004
1472
1117
1283
554
1699
299
170
1278
1755
1795
1626
1276
306
1571
415
450
1862
428
186
1005
908
269
867
1723
630
950
162
413
1927
95
98
1030
876
817
822
207
974
686
872
245
1635
229
1288
906
1392
8
896
2034
2017
1753
81
865
1427
1870
791
1022
1634
189
1356
1327
260
144
828
1651
698
1307
919
2025
937
1035
2002
890
594
1717
531
894
972
1493
1151
1760
1446
57
1057
1261
1470
282
1610
934
362
243
1627
92
1234
337
1013
1700
1815
1692
1325
947
1793
1109
190
39
1524
1647
975
1791
1531
634
764
1846
1540
723
1128
63
233
676
105
1365
753
2078
902
253
1432
422
774
1232
858
1428
924
79
989
1106
497
2073
1607
1382
1825
87
64
1294
605
1814
274
725
1679
1954
1149
153
613
1895
1939
410
830
1844
1733
912
517
44
1649
390
220
140
1373
357
722
1157
261
1302
898
1103
195
115
1075
1073
2079
718
1404
2083
1208
1952
358
1832
1060
1882
1019
1363
2007
1000
935
754
420
149
9
1829
1864
1069
1937
1119
2063
534
548
1584
298
976
1314
1439
1337
1445
1681
122
2011
1372
1385
1360
1159
2065
1851
709
1991
769
1675
1391
88
1110
1643
1032
97
2099
348
509
211
703
1969
746
1045
1506
1594
939
1429
1808
1911
2071
607
2019
478
1614
491
841
1979
1070
364
296
49
1511
224
1774
1243
1231
1921
850
1785
1457
647
1225
562
622
2108
1087
804
604
1269
442
2051
1598
1024
539
767
762
868
689
187
406
1011
1172
751
1855
2027
2088
1050
461
670
655
785
1083
1957
714
1350
424
635
528
1765
2081
1498
609
485
1478
1085
1704
324
19
838
2021
1673
1340
1790
1612
1522
800
1579
96
474
1788
366
1897
1721
1909
760
918
1425
392
1769
506
434
2047
1831
1585
132
1588
31
1375
1326
1112
1349
255
892
51
875
938
1126
1219
124
1071
433
674
1099
1608
