1475
977
395
1724
614
40
477
1124
1429
1098
613
396
534
830
1141
308
1492
1108
464
1945
57
1463
798
356
1637
1373
581
1390
55
758
872
1900
811
737
1171
743
1233
1432
1528
1716
578
1788
1423
1839
136
2009
1083
1380
1395
190
526
1184
297
1934
1110
191
1270
1731
195
644
2038
2015
93
1728
324
1890
969
1869
1833
1989
687
492
56
1241
1396
1594
521
482
2087
610
1700
2083
1336
148
1378
1645
899
140
50
1919
1983
1031
653
2071
642
1918
1351
1461
649
797
1086
279
403
436
2097
2039
168
865
1447
683
775
620
1039
2008
204
673
223
357
1093
1353
949
1284
1125
288
1494
1536
1182
488
2052
132
1549
815
1742
1236
2065
1411
242
852
79
1058
1687
379
833
1038
822
142
562
910
1737
2042
1250
1005
1176
809
21
1614
1240
219
1946
529
571
2036
885
1743
1736
1815
1034
444
1834
1445
1882
2020
178
1071
843
412
415
1438
2000
1902
92
1359
989
1625
0
568
122
764
1419
1256
59
500
1064
2077
1029
429
894
1571
1936
1698
890
630
1546
2050
962
1308
2013
751
1137
155
1702
1253
1502
286
179
1431
712
2079
1099
596
2021
1784
83
801
1425
505
992
1680
2094
1311
847
1122
694
1894
725
1080
881
1105
292
1232
1745
733
1659
1097
874
502
1163
1345
1293
1933
1929
957
979
2081
1196
922
2053
1969
1672
1299
322
1200
1410
1435
1402
868
270
1525
438
224
1547
1193
1079
919
52
1301
1218
935
1791
1582
1765
1061
862
882
1316
1774
754
1971
162
1679
1604
2104
1740
386
256
1924
1142
2045
1469
119
1579
375
1826
1710
1334
373
1584
1207
893
109
2075
111
1026
1406
1972
1532
1907
1564
402
762
867
1977
974
1199
1949
1043
1695
1468
595
1646
1333
1028
921
504
472
66
522
1150
1984
726
2027
1592
1615
1693
193
161
1104
1570
1644
793
608
210
1613
1673
776
795
248
514
2061
1715
891
1801
1748
382
15
376
341
400
174
1857
1356
961
1213
363
2056
460
722
137
1238
856
497
1775
995
1309
1552
1993
704
101
515
1573
1714
1578
810
761
844
923
421
25
658
1433
846
1917
287
566
816
1605
622
360
665
741
1738
371
1076
1819
971
1066
1154
1553
963
1008
1802
150
849
767
1713
1776
947
311
1219
1227
1965
603
1489
1151
715
2100
273
691
73
1607
1950
1767
1809
208
1347
1405
934
1088
1617
330
176
268
796
1032
302
115
1265
171
2
1777
1677
37
117
668
1364
439
1211
232
277
1631
58
2059
1537
1212
14
478
33
524
1117
1623
2073
2066
550
71
682
427
523
434
2030
508
1520
1136
1231
548
329
1901
2088
826
318
316
1812
996
1963
723
1512
985
590
2046
1670
1642
1868
799
264
1291
1160
1220
589
105
1449
231
1135
353
261
1558
2017
735
1586
291
943
1879
1506
98
1146
531
800
1636
1988
1035
121
1621
877
225
116
2001
734
592
197
184
1471
2014
1113
1046
186
331
701
702
1120
1013
424
545
254
1078
966
1374
1966
229
257
457
11
1827
454
1188
1967
1580
1911
1129
2103
1189
1675
1640
1682
1831
999
1600
134
931
1944
1986
1413
670
777
1769
1258
1703
1884
315
604
970
1818
512
1131
351
1880
408
157
20
1898
494
1867
728
430
2107
1343
43
238
196
22
785
343
271
241
187
450
2102
742
294
911
1959
916
760
1782
200
1091
1194
1760
163
1866
1348
2022
516
646
221
1372
468
2043
1287
53
895
705
383
1676
1688
31
1255
1298
1092
588
465
2005
1466
929
1557
778
1302
80
1766
855
399
499
1420
1161
1057
1354
1928
1243
85
1504
165
1121
243
1462
1914
2090
597
1358
1588
1111
1860
1252
883
87
489
906
387
804
1790
2047
1350
1735
349
282
1943
1451
1062
990
2025
1280
1304
1275
1975
861
1515
1523
1024
666
1684
1472
156
1315
927
2067
645
481
1175
1763
1796
710
681
1387
1296
368
384
539
832
1051
1754
95
1956
983
1985
1399
1324
1368
628
1174
1478
298
892
432
739
2003
1787
954
1692
1181
708
1257
1183
1583
1712
560
394
674
1861
141
312
2007
654
973
1496
1495
1383
1671
870
295
1926
1369
544
1133
820
1596
1272
1116
1418
542
2085
1535
1263
133
1568
1427
1417
185
1608
774
2055
1699
1360
177
854
1222
1830
70
669
1065
1202
700
1916
1192
1837
517
879
1883
602
1245
2031
1846
955
511
986
1555
1164
443
1899
1779
441
1095
435
782
520
65
182
651
1000
1905
1551
744
1112
46
1576
1033
1170
1805
1655
636
461
325
1964
202
462
1408
278
1664
988
1139
1854
1072
875
28
1050
280
772
993
1503
794
416
199
1172
1982
648
2095
840
1620
239
1165
1007
857
496
259
1409
1538
212
629
390
1544
1694
1205
1247
933
525
2041
160
633
228
1889
1937
113
484
94
1666
1414
924
1704
201
1598
1223
78
1169
1575
303
215
747
1386
230
1658
1932
1639
493
528
203
1159
1067
1087
1610
884
458
1251
112
17
1312
1804
107
1
1485
269
1847
1267
1286
1906
1757
591
1249
803
1789
306
266
1835
1342
1389
1332
1281
1216
240
900
575
1085
587
1206
1030
470
1179
1392
878
1859
686
300
930
340
1935
1022
45
1177
1629
652
821
663
1853
226
1297
181
1752
1915
541
108
1454
147
1190
1674
2108
1683
1186
2054
180
1400
1016
569
63
719
615
1862
1352
332
1070
1606
405
1569
635
1978
345
1622
1246
1709
904
676
1526
612
1529
1490
936
1849
968
1023
2070
557
2026
96
1976
255
1456
1335
205
763
1191
1995
1237
1994
237
1229
8
337
1470
678
765
752
1060
480
1483
1442
1648
274
1756
1603
580
1349
1424
1997
350
707
1720
344
153
1037
576
1115
397
367
1355
495
1264
1581
650
1824
1049
1367
812
1209
158
565
1234
1497
1749
13
10
905
972
1340
348
789
1836
1772
945
1541
759
1589
32
2011
23
1453
1401
366
1053
1101
1904
1138
634
627
72
975
41
362
1999
1522
135
1398
2078
2006
188
1290
1341
1130
1656
1436
1563
805
1145
2089
1476
1075
476
1123
1403
1385
103
1554
1651
839
1266
299
1690
1725
967
640
753
1320
183
385
915
532
1566
792
2037
675
1897
173
1155
1452
483
530
358
1798
655
365
902
720
806
409
1872
1896
533
1960
1481
445
252
1094
1534
1808
426
887
838
1823
1590
1753
1375
417
1443
1876
1450
659
573
1940
1516
625
1366
1384
724
1828
714
808
998
1925
601
647
2057
1669
1248
1595
695
823
1459
1119
1885
211
361
1517
301
354
696
721
845
369
1317
1732
218
1077
780
1650
48
1505
948
1910
853
2012
1014
1739
154
1892
585
819
824
1295
1711
1979
7
1143
1723
1591
420
1653
138
540
18
1407
1887
323
82
1873
1486
355
829
692
513
1678
1922
623
1357
889
866
471
624
1063
536
1444
1440
661
842
1806
2018
1759
249
1004
561
1810
1467
118
509
1619
1545
452
886
236
1464
1845
126
422
346
392
220
1314
766
913
114
716
2034
1307
247
275
309
27
1474
579
159
1641
1285
740
442
448
2074
738
1908
781
786
317
414
217
1773
164
1289
6
1493
1751
388
1107
342
1954
305
1705
131
558
609
1052
1717
1634
631
473
1262
49
1391
1780
319
1811
76
594
679
2032
192
1303
1498
1217
643
2019
446
265
835
1269
281
61
110
364
1561
583
1054
128
2016
146
124
447
1178
1881
926
860
837
1185
920
556
1015
1310
1322
1090
1567
1370
90
1832
736
16
143
1073
1460
69
437
1306
1758
1327
2080
314
310
44
1957
928
1844
1197
621
1747
428
859
1939
1895
1856
2098
1921
1166
1283
577
1109
253
1044
1473
74
574
1597
717
1437
1968
1513
858
2029
86
372
1224
267
1851
418
745
2024
1530
393
1920
1040
1519
1140
1514
897
1328
606
125
958
1412
1096
244
1697
1426
1011
1718
1585
730
1927
1574
871
1816
1371
145
419
1822
825
1942
1611
1540
1254
1242
2023
1593
189
880
1089
507
1279
660
582
175
551
214
334
956
1201
81
289
1397
727
997
2040
1276
586
1865
2010
1923
1741
1508
1259
410
1195
841
19
1951
1524
2062
1226
1488
1017
617
1428
667
1465
538
1479
787
1012
698
1649
2109
959
535
54
501
1361
869
1268
377
2099
1059
339
1559
490
1719
1487
411
518
293
783
773
2048
84
506
1792
283
1768
1746
456
817
1913
1886
1875
1941
684
100
453
864
321
431
333
914
467
1363
1074
209
554
1274
1877
873
167
932
3
1416
1157
703
637
638
709
1632
1415
1010
1799
1025
370
940
2082
1803
5
1134
1858
198
1843
680
413
664
2096
1102
1198
2092
768
662
47
391
34
572
564
1376
699
1047
2049
693
1800
262
1045
964
1638
671
1204
67
1173
1852
1991
1128
1210
1770
139
1362
1282
29
1421
1244
425
1477
1441
1560
1082
38
1825
1527
1377
1761
1938
423
1562
389
639
1992
1727
2028
2058
36
62
1321
1003
99
546
788
1990
1730
1048
2044
991
1215
1278
285
149
2064
912
170
1318
598
779
1260
1970
64
981
1018
258
347
320
1778
1001
1118
380
1550
559
1841
1292
194
479
950
1762
2068
272
980
982
475
1701
537
1817
1394
449
1132
1665
828
713
677
685
1208
89
814
1829
104
1393
656
246
1863
1696
1624
1750
97
1042
611
1726
1126
1480
896
697
1565
1149
1556
1294
1891
770
749
547
2035
1507
144
1439
1069
599
1404
791
352
120
1635
1081
1797
938
1379
1319
2106
1864
451
901
491
455
327
863
1587
790
474
1947
1961
485
984
1313
1662
1643
549
731
807
688
1430
151
942
750
1228
1952
1021
978
1337
1871
1144
1708
1325
1100
2084
2105
632
39
2060
1448
216
946
1764
469
1543
1627
1681
1793
172
876
1599
213
1998
1628
1838
1518
567
2069
284
1499
802
1647
2086
1330
1948
1734
1657
1903
466
1382
404
1722
1786
1482
206
1084
233
1027
1814
1019
1009
746
1484
1689
2002
1855
1609
77
552
944
1148
9
1153
251
1807
68
1996
952
75
1572
903
1987
42
1147
1577
918
1955
1106
129
907
1365
234
326
965
1870
1660
1346
1616
1457
1509
1221
939
1434
1661
1055
987
130
1288
1953
26
1721
1305
848
335
618
2004
227
