7
1614
438
1027
1146
1963
147
142
237
1701
586
20
1015
1587
430
1527
1770
920
1780
2081
1268
1761
1132
606
925
610
885
1698
470
748
1819
729
1231
2000
1868
1776
640
860
2067
1513
2037
861
308
1877
514
1470
262
923
36
948
653
718
688
372
1765
1206
848
1316
1409
1183
1775
804
1857
975
1522
146
1834
1742
300
869
702
2004
1320
1937
1046
2045
1417
658
1733
1642
1215
141
1673
1553
1999
943
649
1058
423
556
94
1281
699
1446
734
298
1944
1969
1713
863
1306
1251
1705
375
1420
1203
325
1896
879
1156
507
1577
116
1791
1277
1095
4
1593
46
412
447
2048
1755
635
1481
2056
1604
1726
1134
892
1200
1304
194
1931
1684
377
1606
1280
1120
544
113
1921
493
330
976
361
350
1485
915
651
109
1238
1062
992
638
1147
1886
1152
1654
311
95
1867
562
43
19
357
360
1350
1113
593
983
1056
1561
441
1082
1564
855
222
1875
1490
1122
1227
111
674
1752
419
603
1205
313
287
1369
1423
2040
578
341
816
823
704
757
1992
595
1419
2085
1734
2011
17
1588
1180
1473
572
351
1168
899
1792
611
42
54
263
101
275
286
1940
249
1903
1033
452
738
1891
1766
344
1928
1355
1702
1906
1721
60
672
657
1703
463
363
450
1810
210
410
281
1648
1831
1972
1602
1323
1164
1961
1195
1293
895
1576
324
1210
1820
28
1887
789
359
1267
1917
224
525
800
517
1266
1746
1509
1303
1094
1623
540
1427
1241
186
623
431
986
151
215
681
98
2076
887
1665
721
1960
1584
12
1869
1496
167
619
720
492
188
455
1179
1443
901
13
389
700
1375
1952
1447
1064
596
1114
824
501
561
1884
1302
1433
1507
25
1625
862
955
1240
115
1517
1011
370
1005
1714
1117
683
96
643
1618
1651
947
868
1229
2041
118
888
1432
21
500
1178
1396
1077
1172
164
1619
2016
1930
1151
739
378
63
1699
1670
294
1296
315
528
130
933
189
27
590
1028
2069
1315
717
856
1592
1967
1874
266
984
2059
1455
1609
75
1547
1487
945
802
829
571
747
903
1511
1408
779
2072
1839
180
857
746
1939
376
1892
23
1425
346
1763
1298
1846
8
228
489
213
1784
1072
449
837
15
1586
1910
744
1555
2106
1533
546
1246
1198
354
1363
207
993
835
1338
416
1534
1252
1260
1445
442
1785
1866
536
2042
348
2096
403
362
26
1196
1261
177
356
1719
705
768
252
414
558
553
193
1990
797
1956
445
921
1139
1074
1568
451
1499
464
1405
458
1871
1042
1170
845
369
484
769
1478
307
285
707
1608
751
1615
2074
838
978
715
1546
1668
1269
2060
737
754
810
1275
731
1344
1327
97
1520
1083
1918
139
905
1998
981
1993
1034
1926
1753
1515
1039
128
898
762
871
1457
522
264
166
1038
1706
663
631
498
1020
1764
1422
1779
1247
432
1242
1008
1529
68
617
1816
1347
1681
573
334
338
1050
1352
664
383
1591
55
2063
876
1385
1986
817
1802
170
173
1757
326
503
1583
409
1946
297
1927
935
858
728
946
1634
830
671
648
2109
1804
725
2052
201
1798
1088
531
407
199
473
997
841
828
1085
216
1687
253
152
1493
1595
478
1343
1548
1441
2020
1730
1830
1449
530
1223
1340
240
1421
2029
187
246
1628
2006
1916
1010
692
302
283
1287
505
2065
321
1582
2092
957
621
1192
1118
122
928
510
280
1484
1342
1332
2086
1516
1075
2054
1391
756
677
518
1902
1616
67
332
568
972
1283
1535
1106
472
1900
912
511
477
1286
1627
318
1051
1841
1089
581
132
1847
953
1236
971
604
368
732
1459
125
1123
832
1116
256
550
1190
289
1983
777
81
53
1018
1767
557
1518
40
1128
1723
261
668
1022
83
1697
1799
1666
1257
1539
30
513
1897
1854
1795
1632
1308
1626
1397
1708
1047
1709
1971
2013
48
1276
1994
467
893
153
1683
2014
394
123
355
134
268
385
609
220
41
219
597
1345
1981
1334
680
1162
524
1883
541
1127
1645
1463
2098
1157
1979
1382
1078
1171
1693
1959
1914
1317
1958
1067
1973
1244
336
232
2039
1524
158
468
1491
872
1736
1691
1836
1208
585
205
3
1458
1295
1358
1982
1307
967
1137
693
1793
1772
714
1048
1976
2101
883
1090
1138
1353
1751
1467
157
1133
523
462
652
160
305
656
547
713
395
783
399
798
1945
618
1656
508
1471
736
1228
1796
1070
867
459
1431
62
1968
1084
1700
457
1824
870
790
1807
1351
760
954
650
2080
379
564
1374
956
741
1124
231
1729
382
1301
72
1429
1165
171
1444
168
1318
272
420
1464
1710
2057
56
1191
1259
1379
38
306
6
782
408
1448
781
534
583
1346
2050
1531
1324
1194
1876
813
316
1787
1851
516
2055
1794
533
1125
271
548
964
1825
1754
598
1725
570
74
61
2094
809
244
1049
1686
1552
105
673
642
1361
665
509
131
444
866
2105
2093
1737
1905
57
1778
1149
1384
86
1991
771
1319
708
1109
1671
1814
1677
538
1631
1578
1667
1399
418
1984
1073
1826
1371
851
1873
1849
1812
1888
1389
1852
1923
304
1621
1098
335
995
569
88
874
1837
1633
712
1870
1987
1479
221
319
1879
878
1929
825
1030
1571
138
163
1985
1554
960
1544
1329
1263
2064
1390
1948
633
1273
655
16
1748
1354
137
1312
697
1097
1225
1731
448
2035
327
317
2103
1169
526
87
1523
148
1739
1294
1566
365
589
1717
198
2036
192
404
1688
250
483
1182
1565
791
799
384
750
1201
422
314
1021
543
913
662
902
1497
685
1797
159
999
1622
1915
202
1023
1644
1288
112
1936
1321
980
922
1589
1704
1845
1330
815
1461
1381
679
1093
80
1885
1438
1643
752
2025
1411
1054
242
1435
641
696
209
502
770
1878
435
1063
974
551
1543
1504
1013
2026
1274
466
1580
1398
277
1069
1017
2073
722
940
786
1815
1401
2030
2034
906
563
1249
388
22
1309
124
1333
773
880
1144
1166
50
1495
1649
1105
703
482
1145
203
66
1842
733
1911
801
1659
1574
907
31
417
881
632
1674
1542
64
1738
1942
77
491
1510
1635
532
65
1811
1966
296
591
767
1285
724
1526
1305
626
1508
745
1212
1727
251
1989
1549
2044
982
1955
706
487
273
1610
1996
963
877
1502
1943
411
667
1262
149
644
1720
218
239
1131
1216
792
191
333
1414
1818
962
1538
1413
2077
2046
1862
1732
582
2049
1537
839
627
323
1760
1160
778
1076
939
437
119
1454
1675
1909
1026
1253
1475
1380
76
1053
900
371
2002
1545
949
941
577
819
1997
1594
1855
1476
886
968
1970
785
1653
1800
1724
301
689
812
1061
1377
236
1115
1450
499
1774
1079
1326
794
2061
1640
2066
990
1466
934
387
1573
390
743
352
1217
235
1828
480
567
1140
1801
2003
1601
1679
120
1388
1894
1024
1086
1272
1477
926
515
223
1581
613
843
1245
52
1980
485
2053
818
1756
155
1366
600
1718
248
761
1465
1964
1130
542
793
1141
1559
628
150
1953
291
381
686
1367
1224
897
1863
854
1071
554
1637
1808
891
1880
535
1364
615
154
1193
1692
1938
2099
1907
322
1660
1282
82
512
1488
1636
2028
929
1750
1357
10
1494
831
32
1620
413
580
1406
1663
1596
2047
614
1045
1402
1014
89
1822
601
1237
1975
133
1370
555
1031
1680
320
1898
1211
1861
634
552
1328
1055
2015
796
1781
1264
1941
174
766
245
1080
1860
145
90
1416
682
310
1383
93
1682
924
1806
1035
1400
243
1500
1111
214
1468
1197
998
853
425
1889
1142
1143
226
1744
0
1418
401
1428
1103
84
162
114
670
1174
1676
1624
1832
1392
1567
889
1501
1556
625
1536
1974
1096
952
807
258
624
826
234
135
616
1540
2083
836
842
959
592
1314
1525
1562
1291
1605
343
1768
1690
293
364
178
659
996
14
1110
1394
165
2021
1359
59
709
676
1378
780
424
292
1065
1920
329
1638
429
1012
79
1052
937
834
749
890
254
1858
1482
2082
1407
1337
1108
1598
136
1135
1218
852
1202
2027
723
859
969
496
950
805
129
337
730
608
1148
195
1250
1292
2091
909
584
103
1617
1988
2008
719
884
776
1569
849
894
227
2023
1325
1299
126
405
775
821
711
1707
2031
1060
1163
303
267
1557
545
212
896
1492
1222
1696
916
1551
675
1289
814
1265
342
549
1410
1214
966
1230
295
695
1452
73
605
104
645
1404
494
1040
439
1019
91
1112
1882
908
1474
1741
102
238
1827
942
1270
938
1817
1181
1503
1669
5
2079
965
18
1430
121
661
1805
274
433
811
1300
1335
2009
2033
1570
181
184
406
1743
865
1630
1716
520
1003
380
1434
1658
1393
1424
1612
427
78
1597
1009
2089
1661
607
1913
2097
1962
1057
1440
1514
1585
1091
1560
1101
1129
1235
1895
958
1662
559
846
1872
690
1519
2071
2007
1759
436
490
2100
1977
1629
1387
69
1572
808
1184
11
144
917
1541
1451
639
176
994
440
1838
521
1068
2075
1712
1004
1255
1234
1664
143
753
519
2102
1322
822
1790
428
612
1505
1783
1032
156
539
1530
1460
1290
1850
461
576
1362
255
979
1185
1006
1521
1689
560
208
910
1311
1
1365
269
265
914
230
2090
1904
1119
2088
864
1066
873
1933
398
1965
1652
45
161
991
727
629
288
1613
1059
1925
400
575
850
1339
2032
911
1254
1833
1722
1957
1735
932
1901
1100
2019
1657
1207
247
1843
1848
476
1899
1694
85
469
225
1912
774
331
233
588
475
1284
2010
599
421
1711
182
988
1000
1641
1356
1462
49
2017
1029
529
1258
486
2078
497
1908
1646
106
443
1954
1512
646
1036
1762
726
190
1788
1856
282
29
169
1001
1204
100
197
495
1745
647
987
44
2068
710
373
678
566
1672
1821
847
460
1932
1437
1155
39
434
973
1239
1007
1579
1590
1786
1498
456
1835
260
1840
35
827
1935
309
276
636
654
622
1859
844
393
1769
107
349
784
47
1978
1655
402
1107
1154
1439
2095
2001
989
1865
1310
33
787
1043
481
1243
931
1685
1248
759
92
1175
1415
1341
1472
1607
764
1373
1951
1728
257
944
1219
1161
772
1486
312
290
763
183
1176
1349
1099
391
1919
1456
1092
2022
904
366
345
1372
1639
919
211
1603
537
1220
175
