1195
1986
885
65
58
27
577
1409
1105
1657
1765
312
894
180
146
2073
2062
1821
239
1218
2103
1757
229
2080
293
1814
498
1456
908
1561
737
2005
1193
393
563
16
1042
811
1825
456
289
1832
708
2052
236
203
454
1266
70
1890
128
288
381
790
669
702
982
781
1379
1663
515
1693
1094
719
373
1089
522
1196
1155
1602
1271
1675
1119
1591
2102
597
1927
1600
1831
1275
1475
290
511
1652
319
1201
1462
121
1263
1678
573
774
1013
824
349
1947
855
1907
1648
126
1458
297
1859
1494
1753
756
4
1978
833
815
400
101
1459
891
2045
990
1365
820
222
1869
800
1880
1345
1203
144
86
73
675
1422
269
611
1838
931
1881
596
642
1550
284
371
1721
549
667
1643
2049
1294
1088
265
2078
193
750
759
1915
1290
713
1167
221
1958
199
1739
825
1571
1122
379
1884
1037
962
791
1597
1031
1151
1154
895
1043
2104
602
157
1903
209
105
411
208
703
1223
1809
258
1040
1264
362
1706
1939
831
1424
631
1244
1085
2090
1502
1971
1960
1214
181
1329
971
1623
1179
1654
271
99
1142
1171
478
1599
1337
197
1500
303
1609
46
752
1724
247
615
886
228
1371
693
153
606
843
951
1410
1521
1081
339
2046
300
916
565
317
1897
1634
1523
586
36
1400
870
1522
649
751
557
420
175
416
1117
1719
311
745
215
1318
334
823
2059
1388
356
1446
1584
2011
246
1856
137
1011
2006
5
328
1407
689
464
387
1766
976
50
1279
1844
1882
718
898
603
266
1301
409
482
224
892
1532
706
1527
1349
1161
1888
1683
37
1843
1153
80
1450
1562
1715
991
216
617
1989
884
1027
324
1812
1606
1152
1055
862
1784
590
620
1670
1691
148
1386
821
1169
1668
1082
1028
1645
2030
1131
550
1669
361
856
1097
710
927
500
760
1034
505
124
1912
686
1568
425
1432
942
1413
1025
1001
881
1873
1199
1141
1763
48
1704
1624
1931
903
1282
114
1183
1471
72
111
169
1902
514
150
407
1323
1911
1644
869
911
1622
2101
422
188
919
2035
30
1354
1908
861
268
1666
1325
849
1054
1488
646
134
389
232
1253
1615
876
457
1892
1815
1107
1150
804
1115
2010
458
1209
162
1401
1820
637
1300
1878
857
1730
1228
327
1014
579
377
554
509
1673
1047
244
321
744
1864
107
427
1679
1020
1637
709
1928
1392
6
1067
1176
1625
1538
1440
1737
1711
829
985
1477
235
1940
1773
1237
343
850
1636
1777
1877
1476
1482
2099
301
1938
1760
997
1728
593
1935
656
357
1695
529
609
536
2041
851
841
1631
1320
1933
1373
1
335
1891
1095
616
715
1147
1955
648
1769
1587
1822
187
1038
231
1212
1427
588
248
1824
978
600
692
888
1181
614
1953
2043
1130
787
1472
186
921
904
1344
883
755
1860
1219
252
1830
678
863
1949
1071
316
1220
1120
123
1035
1000
1536
1008
1140
517
635
92
243
1535
448
1490
1461
1333
743
608
1942
816
761
477
1759
262
57
429
249
1111
768
19
2000
1680
1548
1174
938
485
1262
402
1170
353
1990
1529
1306
1855
1312
51
913
1793
1956
2031
570
1233
1696
2069
447
1091
1283
1661
42
1857
1991
1925
2033
1381
902
1651
75
227
638
972
1258
1417
152
352
1009
1374
1839
1576
2014
1070
119
799
910
1578
879
1470
1867
1305
542
770
1384
201
1934
818
1224
64
1126
178
1144
740
1572
2017
980
1200
592
1102
338
2106
1906
360
1779
1930
1021
796
925
587
1924
1378
1192
1328
1662
97
283
677
2026
1863
450
1036
142
963
442
1360
163
989
1347
746
424
1132
1629
1558
1390
1188
1387
1698
1732
132
1394
1885
584
330
143
1204
1801
1945
1770
1573
1355
380
1546
801
314
1904
359
1478
1778
1353
846
1797
1217
838
612
1671
1234
1434
729
687
7
1168
853
934
1586
1052
1799
1210
238
871
78
1641
1110
1063
116
323
1747
439
548
1909
173
2071
1595
1267
1872
2048
2022
1554
414
1175
308
806
1999
164
1230
1660
1736
237
1433
1834
386
747
122
95
2087
45
979
1871
1474
382
2036
2055
897
763
952
1901
1487
190
1293
727
1332
1957
38
206
1722
255
91
725
697
1781
915
1238
1402
1950
1542
502
370
2032
2066
585
1835
552
591
626
905
654
1069
792
423
347
1018
421
521
1112
1613
1399
1317
1092
1665
296
2012
1163
115
1207
184
1850
468
688
279
539
2076
1216
1870
574
1249
1496
1729
528
1677
109
783
1314
1926
401
158
445
1598
571
1775
214
778
1794
1992
1435
1611
428
712
1075
1248
1900
1566
1121
595
1257
1420
516
1630
758
272
139
1327
1664
2083
674
819
431
1714
1442
1068
1006
1311
1508
1455
1297
1510
1808
1979
1206
682
733
1672
1499
1251
720
889
1145
8
1875
1785
1352
1914
526
977
506
901
2
716
270
1016
1225
54
540
1405
766
1465
1756
189
108
537
854
1160
1370
22
376
736
1473
594
1937
205
93
807
2003
1968
1348
1467
446
1259
1116
567
1557
935
1804
1533
1819
777
1423
1004
398
707
560
1559
1604
1700
955
1288
2097
469
986
2098
1124
809
1549
130
981
847
1796
944
24
583
391
342
406
2047
155
2088
1242
1363
1022
872
629
1948
1603
1194
1056
880
1415
179
947
1087
10
354
67
1987
145
1044
415
392
523
165
1858
437
1755
1376
55
138
1764
195
1944
1059
449
546
988
1748
969
1653
1451
174
254
1157
385
2038
1101
1861
711
837
2057
2024
89
1439
1280
2015
0
1512
822
613
1029
1125
1256
39
1795
1012
943
665
452
780
1148
177
136
336
118
2096
2016
1341
351
624
192
2082
1469
1351
135
460
41
723
698
636
358
1862
558
813
618
465
1963
1802
1489
79
1896
491
1988
527
1959
1412
1463
1589
1969
2079
1817
1135
479
1899
1425
102
663
742
1743
1659
53
987
1416
1501
68
1853
717
1100
726
333
1741
1418
786
1997
1551
784
1518
1158
954
1137
1485
658
127
1580
1974
1605
1261
1574
459
1106
950
1079
769
74
1129
1187
1585
461
1530
639
1840
917
1544
518
1811
1627
929
230
412
1319
555
543
1481
1431
1480
1707
1250
644
1570
1750
958
664
1525
1464
771
1579
1910
261
294
721
1716
1788
1421
1382
159
1780
650
1798
1357
694
909
1303
2085
868
1841
14
975
1918
462
1845
1493
619
1681
1583
1260
873
466
753
2092
941
882
291
233
741
1389
1443
1304
1343
2075
1733
49
785
1083
2084
1806
1241
534
628
928
1800
525
1391
1080
1395
399
1816
1727
1452
1563
1061
589
673
1545
106
1346
1375
1380
835
251
2021
1746
390
1239
1362
794
56
668
681
803
1205
1077
1656
2023
346
1868
151
2056
827
1254
524
1265
21
405
257
700
388
185
43
473
852
1594
340
1166
1560
1973
1041
2068
960
1790
1552
1350
315
329
512
662
345
832
1310
683
1002
2074
2034
772
66
1807
932
731
1952
643
1916
808
1307
645
417
1846
1655
1138
541
1313
2025
1961
1295
1504
313
306
940
1308
129
395
1980
326
191
722
1173
2019
1064
1330
1397
993
920
1491
495
1296
1032
867
384
1577
652
1771
397
2065
946
1674
519
1895
724
532
762
161
1334
1787
1515
1103
936
1039
1366
1437
1073
1274
1823
20
569
1454
1159
653
696
481
33
1134
1406
1049
47
1460
1198
29
1005
1177
1581
1620
1833
1185
1268
510
1182
530
922
501
432
253
996
1967
1874
1740
779
366
1076
1078
680
1725
812
735
1048
298
556
575
18
572
1278
225
599
419
1676
1302
1246
1847
1448
218
307
156
171
1466
1710
705
286
1090
453
113
71
2053
1436
82
2060
2107
2067
15
1854
535
1650
918
451
1647
404
2002
1514
1943
1879
739
364
1483
104
1292
1921
2009
1783
661
241
430
814
1247
1227
1569
1619
630
96
467
1701
1516
1190
84
701
9
604
878
1339
773
1385
1162
276
1408
1592
1372
88
90
765
280
1007
651
1484
1889
2028
1692
1226
1426
1364
992
365
23
1369
676
998
1189
1358
310
1060
640
1377
1403
240
666
1342
1865
1286
98
167
496
275
1113
714
1539
1818
331
219
433
183
1852
486
1682
1537
531
1883
260
810
305
1826
1726
1649
196
1164
1618
1146
494
110
1108
1772
513
691
1506
369
1635
793
1098
1543
2100
926
273
396
1178
2105
1215
797
1298
1211
1074
1062
961
418
1468
1232
375
463
470
1541
1099
1272
559
302
582
1269
2089
1761
798
11
1828
1686
1509
1486
538
627
281
1277
983
1731
480
1479
223
1601
672
1243
966
1449
1393
1149
1093
605
994
580
1045
77
547
256
748
2086
1876
826
125
1252
757
1066
1540
1596
576
1575
621
767
1767
1398
1229
1340
659
1030
1965
802
1842
844
1517
1836
1524
2093
1866
259
282
634
1614
2044
474
455
320
2013
434
1687
2072
299
1762
436
1699
2064
438
325
403
1289
564
1626
292
1837
278
655
2109
732
1735
553
94
2061
1708
1255
245
945
1849
1191
1526
1356
1954
1758
775
426
1565
1774
1786
1186
149
226
865
967
1709
1118
1792
1245
1621
900
699
1497
1528
601
1291
1058
217
1096
817
220
213
2018
907
394
1646
367
924
12
2004
1367
1222
1749
1720
234
695
1444
1084
2037
1632
1982
1321
63
734
1023
964
607
13
839
435
17
764
1513
1782
1803
348
207
1114
1331
341
1404
344
1495
1951
1975
1995
551
598
1717
32
372
657
1694
172
1086
2008
408
1050
2063
200
1962
1917
1316
860
1607
2027
1534
1165
1998
2042
1361
2091
489
1887
2039
212
133
60
690
26
1929
100
1555
1612
974
2108
776
788
520
363
309
795
1936
828
1628
1276
544
939
1505
441
647
1003
476
1046
2001
62
1172
483
1751
1026
2077
1810
1281
52
242
1197
35
1985
1202
1703
738
120
912
1299
1019
44
1324
836
76
1744
368
906
1236
267
1335
728
444
503
1519
1057
1033
1712
1184
285
295
1640
1848
625
277
497
484
1520
182
970
1851
684
1768
2094
1180
2050
754
508
1981
1438
1445
141
864
1010
848
1994
887
117
545
1789
1976
1983
1396
274
704
1024
1590
1564
1742
383
1429
1829
176
1359
830
1642
1633
622
858
641
834
1498
337
1447
1964
1684
1143
1705
1738
789
968
1667
1688
1898
