790
258
1100
616
1158
84
733
1837
1783
1199
1808
64
345
1396
433
1102
887
1287
1721
1838
462
1785
995
2062
1191
1096
1010
1095
1279
58
1438
546
541
1130
162
1355
1711
780
181
1568
390
238
958
1324
223
1037
1779
157
1530
1646
568
1968
655
1764
700
1059
302
1986
2049
1849
1853
1537
475
1683
1091
188
1609
120
1422
284
1375
160
1805
1077
1844
1505
463
551
149
1463
387
1510
1014
548
1621
1706
1289
1132
421
1910
336
1197
1229
753
231
1821
1750
405
879
398
1857
1608
755
880
643
1600
1541
382
111
1103
1786
996
1243
1686
723
1458
130
1257
968
1234
426
2008
1595
1991
1390
1957
832
1090
1024
627
2084
2104
477
360
1441
1265
1173
1388
868
1980
1247
696
945
918
1887
535
645
1794
385
812
1525
1020
793
1536
1115
1315
1445
715
1947
1226
1836
1712
1015
1858
853
1948
693
876
997
677
461
1702
1209
488
1056
1448
1414
883
861
1089
1856
1133
243
1892
175
60
359
110
942
292
1000
1482
439
2067
1166
353
1967
603
271
966
1068
704
509
1850
389
1029
654
904
2016
1572
431
1820
1104
1620
1752
373
1319
925
1591
141
1918
312
547
806
506
680
1237
1889
1862
2047
204
1484
705
78
2028
580
215
379
322
444
905
1266
1624
518
40
640
1872
308
1224
815
1603
1080
32
786
1493
51
993
766
1504
18
1909
489
703
135
1623
85
279
1819
1940
837
1012
1720
2035
1048
229
1340
1763
2081
471
409
193
1189
230
961
501
757
2091
307
1870
987
1599
26
916
953
1494
412
2042
778
1845
1416
1592
1687
855
644
1570
1550
1351
1245
122
22
923
1314
2058
674
1585
469
675
1604
1622
1698
589
1833
1527
170
1311
666
1065
1977
663
525
75
1488
294
671
129
139
539
1665
877
2089
401
103
739
74
131
1379
989
368
81
1431
1912
1668
1097
802
1886
1128
1251
1121
1636
856
1120
2023
1581
818
1680
1952
236
159
1435
446
1465
950
1421
1275
1950
1662
1425
1984
1432
1359
1491
282
1339
37
1589
1433
900
2024
615
1672
1330
1990
1028
1989
1259
1033
783
1949
1007
939
48
106
208
846
813
1598
1881
263
1695
399
116
429
573
1959
799
1195
590
1998
1970
1915
890
2054
397
93
1142
319
497
1332
124
1715
1834
1083
1710
1917
448
109
1434
30
1639
2056
1032
151
798
63
1899
384
553
333
1667
428
1674
574
311
413
1483
327
804
521
1177
1799
80
1920
388
695
90
1905
1310
1964
1809
16
882
2010
2000
455
1512
759
1271
623
380
1743
1057
1925
1619
1938
810
969
1848
1756
1298
762
1336
1357
722
1452
579
1035
443
1813
65
2090
901
1183
1407
394
540
1178
1717
1316
283
630
618
1335
1744
917
1640
1246
1408
147
437
631
350
1616
296
1415
482
1369
862
127
1205
956
886
543
848
1495
1611
355
1179
1877
1479
363
732
1081
1643
341
1736
1153
826
53
1395
1790
621
720
1391
2032
1419
1554
1982
1795
1105
849
1398
1305
257
633
978
664
1943
1165
1242
694
1638
1879
1084
1659
1231
1502
153
441
1269
1884
479
1840
1052
1341
1331
606
850
1670
1933
1770
1555
1288
1566
1386
196
1564
1180
244
519
1475
1274
1524
854
1317
617
531
1885
1486
391
822
320
253
1650
2108
1076
1124
56
1897
791
712
545
824
1784
718
1454
1981
1985
1169
1773
207
1256
1451
2093
1252
197
967
1953
938
1972
404
740
2014
1769
1036
895
1240
222
1188
1679
9
2087
943
1343
1283
1890
1553
516
1995
1098
858
844
146
134
2075
77
765
1829
542
493
875
1437
406
523
1376
92
1983
1788
248
550
442
884
1354
1301
1155
318
1403
604
94
1657
1127
121
301
346
2088
1213
198
1117
1973
1747
1172
2011
1676
1673
1701
1759
119
1027
107
1730
344
144
926
1460
1825
1534
1789
1001
632
745
1439
186
652
639
232
1167
217
43
2102
1307
1993
1682
194
1707
1254
289
774
1450
20
1988
909
249
285
1277
1225
1868
628
324
933
1268
2005
250
1011
286
2034
651
1082
96
1607
14
297
1496
8
456
386
91
39
528
1181
1945
1852
622
342
976
893
847
1270
747
89
1864
1552
1327
697
1297
1678
1577
2094
857
947
859
1533
0
984
503
764
1691
1164
1262
70
79
210
133
1926
1322
1411
466
2029
807
425
2063
41
1558
1392
293
749
1576
889
2001
637
1971
529
1461
273
2013
894
2101
1532
1208
738
180
173
132
1935
1125
2073
936
999
416
1273
1628
305
1518
1313
280
136
1675
148
831
1131
1644
330
369
587
1210
1042
878
1649
1851
1170
1161
1617
1666
113
254
1282
326
1358
1751
1586
1942
985
1258
515
1455
592
746
1994
1424
660
430
1914
838
821
2027
685
1807
729
1583
1051
50
338
1780
577
1976
183
724
2066
100
538
1182
334
1216
1895
596
1806
959
1426
200
76
524
2025
457
558
1818
1961
1590
1528
1709
726
45
668
112
1308
366
1144
919
874
504
495
485
1556
814
1044
256
1733
1248
522
860
4
1356
2041
1200
1002
1725
1960
892
760
530
245
576
1545
611
1235
1913
728
1296
1470
796
1812
564
1207
1320
1049
1615
1817
881
2072
1781
35
1074
869
125
1326
2082
218
584
682
714
1016
1025
600
1192
1996
1999
1544
684
438
681
1569
494
866
1519
411
1349
1119
578
276
1827
492
2106
235
1221
1689
1067
1008
787
913
323
638
805
994
367
1768
691
2020
310
88
1151
1123
908
165
237
510
1561
1368
1232
1997
1457
656
1148
1054
1047
1685
1176
1627
246
2083
534
1699
992
1342
619
233
673
1329
669
2019
365
420
1651
634
836
842
262
66
2045
1214
1352
1302
1777
727
2070
863
505
328
1722
1626
1842
306
1501
937
1775
1220
260
1427
711
1043
769
970
185
754
62
1718
281
1841
1529
751
57
1093
288
226
954
1160
544
973
1931
1405
1198
1107
688
1113
29
487
1471
36
1162
19
1372
1377
343
1563
502
47
736
348
331
1754
599
1987
1526
87
1867
163
1823
317
1737
1280
167
21
1602
1034
775
781
1370
1218
1489
991
1535
309
1740
1522
921
870
335
785
554
213
1658
1485
2069
717
1664
1186
1318
823
934
1922
1143
1211
1453
607
1206
1547
1696
1003
833
1353
1523
2079
1580
2065
922
1705
59
1681
2077
1907
303
287
1346
1515
1802
520
1774
741
1106
699
1013
2040
407
1847
5
1951
25
965
1344
1394
375
1039
2074
7
219
1292
1571
1832
565
1633
1428
1509
1787
377
1924
1605
1443
1
2099
1079
1655
1184
772
1464
1087
625
1129
352
436
33
1212
912
1911
661
1632
1734
1645
698
31
768
1562
1520
71
314
465
500
266
1385
731
830
1748
1597
27
272
228
1503
1800
975
972
1738
1746
593
1634
209
1578
2080
752
708
635
240
1374
298
1796
944
1653
1822
1362
1469
2085
1932
1930
572
211
499
567
496
773
1004
1791
234
1826
533
658
2098
2004
1467
1839
734
653
227
1927
1861
1735
1713
474
38
1108
888
1542
158
1337
1898
1023
1692
370
1539
608
896
315
1378
897
1671
2109
402
351
1875
1366
1146
1022
191
473
1152
1690
1704
1382
1776
825
1831
164
771
1830
1855
1459
2048
95
1921
1474
1828
2003
864
1159
678
1816
1397
1284
395
1594
1843
662
1092
1804
1294
763
871
707
1078
914
2037
1878
138
737
1006
190
1444
2006
432
2038
1906
872
1782
13
361
221
594
536
1071
1546
203
1446
932
649
891
161
1345
1303
1473
459
3
2007
1835
371
2105
646
527
2009
68
585
44
948
97
609
507
1055
1778
940
55
143
1606
1728
383
2050
571
1230
189
1122
2057
2071
1874
1824
1540
626
612
1061
72
555
1393
400
154
449
988
2046
1157
1557
2078
1511
251
750
1755
971
1194
1290
963
464
1631
610
1871
67
278
1333
69
613
665
11
1726
52
1263
290
1190
364
508
1958
295
1641
1111
1992
1202
424
1559
1900
24
1716
526
1249
2103
532
150
1549
255
2061
1507
511
709
467
1347
1753
17
852
676
2030
1413
2064
247
710
1677
605
1267
930
902
34
46
743
2059
2043
1060
983
591
1560
1601
1138
843
1969
1846
770
177
445
1946
1371
201
470
1238
1401
1255
566
1797
325
2017
614
1936
2100
104
275
1203
1069
1727
647
202
845
156
1009
957
1281
2002
974
2039
1508
552
1462
1477
259
155
1902
1962
1538
99
581
1363
873
481
168
1293
1944
2051
356
582
1618
1430
960
1139
1420
1361
316
2044
1126
929
1660
602
514
1134
683
2107
650
1798
1381
1593
1729
1810
137
1882
931
1380
187
1588
2026
1112
672
701
484
1058
1974
1325
291
1757
713
1118
1410
1723
1053
1156
513
927
915
1629
816
690
1137
242
839
1236
998
241
1739
730
268
1429
1066
1513
1045
1261
1086
1050
980
1412
1101
1163
1253
1409
1741
1490
1654
1478
2021
817
648
23
1449
171
1286
1136
1367
1360
42
1642
212
1587
1147
1323
142
1811
1423
1062
339
82
1697
1652
2092
721
1793
941
1383
1285
1684
1521
128
86
657
1700
277
1440
216
748
569
1941
1222
321
417
597
1612
1575
1506
435
1708
885
1233
1472
792
1762
480
220
559
1299
1481
1955
977
795
396
178
924
1017
1866
460
1498
1030
2031
867
1309
378
1637
362
835
1966
560
172
123
1141
744
1145
214
452
447
808
758
1348
252
1456
403
819
1350
357
1873
1295
434
803
636
1648
10
829
54
1223
1031
354
1919
140
2
990
1565
642
906
1596
205
1038
1321
1487
152
800
865
1304
1447
184
1724
1584
192
1772
797
1693
419
561
1365
476
716
1174
1965
809
418
776
851
1543
702
454
962
1517
1185
586
1019
1168
1193
928
1635
28
1551
1579
1404
1399
381
1904
1896
570
1171
911
679
1934
1497
1975
1480
1244
174
1291
1099
483
659
834
1669
1436
767
6
1688
1250
1239
98
1272
788
105
1719
756
951
761
118
206
2095
304
827
742
2018
1417
1406
2055
841
1070
423
1334
1574
450
1387
964
1241
1400
2015
199
422
1026
1418
735
2076
598
575
491
347
1500
1765
1894
410
1863
949
563
777
349
270
1373
1085
1929
269
620
667
458
115
828
1109
1901
2096
1384
986
2033
1364
451
