791
1259
461
1903
979
1592
944
1110
1620
1549
399
621
47
1310
333
2043
529
2022
1411
384
1458
1361
107
1126
1918
1294
1021
1524
57
1963
511
317
31
1506
1003
1132
805
971
1644
522
1166
1275
840
532
1266
259
1874
1667
1547
436
688
1747
1055
1290
1979
1388
1929
1127
518
1508
1901
9
2033
77
1785
262
1031
240
385
1137
744
1706
491
1767
1002
485
1572
1975
1935
1697
85
353
862
1446
118
1
1910
672
405
1108
402
794
563
1671
1341
1760
1188
1744
1368
279
1762
310
446
187
1868
124
1440
1136
1489
880
609
512
2089
704
1639
1406
726
793
564
568
1743
1213
427
708
720
501
1000
1263
260
294
1151
320
2002
966
619
1205
1452
1934
1326
811
796
438
716
829
713
1184
1032
1332
1391
1460
1570
2040
487
1996
34
1116
1273
597
1218
526
1078
1260
1180
2042
393
638
1351
760
391
578
1921
117
61
530
1776
828
227
1401
14
489
1600
987
1502
1354
2031
443
1941
1533
1749
1050
842
1217
596
991
666
629
267
425
223
1515
1824
962
572
1292
1624
1385
2001
831
152
924
1696
1779
1658
1870
936
817
1656
1949
55
141
1788
2007
1183
202
10
311
758
579
878
1736
2063
982
1583
616
1991
359
610
759
1669
486
521
1015
923
1550
217
1271
2011
459
335
39
1544
1074
1321
1511
66
1122
810
582
15
206
553
2056
1843
981
1344
921
5
58
839
1537
2021
2078
1664
1799
961
615
1223
1280
92
1869
883
503
536
1804
1448
820
278
733
133
1070
144
789
1507
1063
1083
1481
1038
2085
1677
19
1636
565
2050
54
1831
505
953
64
1115
1615
918
2091
1307
113
2105
557
1916
82
1042
2041
674
326
989
1081
1474
1722
1581
1948
1428
122
933
214
1299
1281
818
646
298
52
1855
360
1454
1846
687
159
2034
318
892
558
190
1227
1335
351
930
712
692
1968
1679
587
479
2094
689
900
271
516
1150
1496
948
1518
1383
1129
2098
4
204
408
434
1569
219
602
743
1224
1154
721
1076
268
481
543
1340
654
1123
1420
1573
1023
1538
909
347
1927
1834
1105
723
1018
89
942
1593
177
519
1880
1972
1542
1835
1478
1261
728
1222
1852
1453
1936
171
412
676
634
1187
1595
270
416
1175
1430
2103
1437
1491
1865
1756
1649
1360
1494
964
686
378
731
1675
154
192
1220
473
970
1359
87
2067
308
2059
995
1516
1957
381
632
1673
682
414
745
1390
1791
748
1528
1810
1226
1419
1343
1367
198
1670
1064
1301
142
994
1638
196
850
315
1442
170
1894
1296
838
1349
1192
22
574
45
1705
467
1772
937
1449
442
1087
319
184
1339
1526
1847
1534
539
2020
618
1709
1939
1517
398
210
1025
985
768
866
999
1482
108
801
1287
2
1668
1850
773
482
884
372
576
211
520
1114
1973
2045
1700
1174
1318
781
1891
96
776
178
620
1989
980
665
841
1097
513
71
1027
581
910
1248
483
1535
1909
764
456
725
68
847
1005
916
231
2019
1509
432
861
1486
1892
898
1135
1774
354
567
1171
1382
1422
655
997
224
1277
218
16
1618
367
1191
2049
295
364
1758
1971
899
986
875
1274
1254
600
775
542
1818
677
406
891
983
795
552
362
549
42
2060
977
958
788
1091
1476
1604
652
535
1988
1463
1001
896
642
927
554
693
157
1704
527
649
913
309
1782
1366
593
1295
1751
940
65
1746
706
1606
1752
1044
1432
2000
420
2072
881
140
2051
1170
589
1145
551
670
1265
762
500
905
1915
258
1928
769
13
1013
868
1096
272
114
792
570
241
1193
330
746
679
2104
56
1240
411
1652
435
974
1845
1626
155
963
2108
1711
60
29
2005
35
1548
422
1757
1421
1980
1841
358
1577
1559
2102
1840
524
1822
737
1328
265
185
1376
1513
1827
1161
1029
1342
1504
1056
1708
548
1355
132
887
2083
494
580
1099
1256
431
1106
1073
1588
1519
1887
1334
40
1490
75
1402
724
1276
1612
1238
247
2080
1079
1439
1093
1836
895
186
418
668
988
312
8
1967
1952
955
590
1688
283
1631
1380
757
2068
1651
1148
1551
1602
1246
2003
445
644
1614
464
1755
195
2090
1665
1088
657
1471
785
752
1637
1285
1017
533
243
2017
401
960
1680
1386
244
1555
1893
1200
477
1964
203
1235
1958
1109
285
471
1510
1146
1128
1766
1069
1629
2029
1364
871
2047
611
426
1866
1014
1036
1372
1264
1848
1622
678
2077
943
2061
1609
49
540
110
510
44
1739
78
269
1052
826
313
1212
911
1657
338
466
1433
363
1216
1884
1951
1034
685
1715
1124
83
1245
1984
2065
1922
1423
1742
205
328
808
1057
1317
528
656
1895
1955
858
844
1662
879
1625
472
131
1039
439
849
2054
476
904
853
1473
1830
1427
103
1557
1084
784
1567
969
1431
165
1833
907
1311
349
371
2028
507
1540
395
625
695
1650
761
1196
263
1962
846
783
1844
1879
2070
771
1773
51
2055
493
601
2064
1336
1121
993
1889
1493
238
97
1938
1911
183
2079
613
1765
81
484
397
1607
1689
1374
88
38
1839
1211
571
2100
1312
934
261
1808
599
356
608
1455
239
1981
1553
119
1523
1727
751
1330
374
1942
1998
1125
1726
1190
1158
729
410
1414
1754
1089
1819
867
1906
382
1319
541
1730
1695
1562
188
681
1611
316
2014
1965
874
660
531
255
1054
662
1678
230
901
1396
1802
1456
380
864
787
101
1682
1707
1387
1969
1676
877
1375
675
566
1862
1357
798
523
626
495
1477
158
790
1809
1800
366
228
912
417
1230
742
79
1214
492
1169
2052
1763
824
1495
1379
1168
1820
1732
1520
1024
413
592
1798
1459
1787
1178
1521
127
1574
1633
1303
403
150
346
1436
394
62
1394
208
496
352
95
1061
959
143
1182
1632
1358
1237
1320
236
222
1923
345
120
588
559
332
1086
1919
193
235
181
1768
389
968
1464
669
1362
1546
2026
331
614
1286
1030
266
1062
2084
545
1142
1717
105
1883
128
630
683
20
870
242
50
1186
915
441
707
1424
1815
822
301
172
284
1258
920
1616
2015
1234
344
306
2053
2093
922
1814
1931
167
421
225
12
1646
1092
90
1666
1803
857
1860
1282
1857
304
2058
1702
28
1066
1232
2071
490
74
515
1309
1095
561
179
109
116
293
1100
1072
643
772
1813
1525
1356
622
1780
1783
409
636
115
288
1937
1181
337
1586
2062
1012
46
747
1580
753
462
1933
1412
1201
1771
424
325
664
350
447
2048
1041
2095
1946
1149
2037
1369
1337
754
138
451
1194
699
1157
1959
830
1102
950
1019
1719
1370
396
1413
1409
1143
2038
1177
1683
1253
1854
21
1305
766
392
250
1267
1628
1059
671
845
1643
1492
1353
1133
1403
869
604
1986
1568
627
902
856
1195
1262
700
1601
1710
709
448
321
1932
1947
1179
1861
624
1886
125
1011
1480
1090
848
780
605
174
1202
1811
415
100
1270
1716
741
334
1789
1817
834
833
1244
1415
2012
939
1333
1912
169
1529
1269
1584
1796
1856
640
104
815
1621
998
1075
1378
719
460
1046
1398
1242
585
1976
1737
1389
1794
1229
1522
497
702
375
975
1209
1703
404
419
1425
1571
1784
1465
1156
173
690
827
428
1623
1139
1890
718
282
1642
1120
1663
635
738
499
1098
1113
691
1627
0
1416
1500
1173
1543
926
1131
1825
1729
1247
1734
327
102
1347
1499
213
1159
852
246
72
1770
1978
2109
1837
1461
1225
365
248
736
26
836
1898
1441
1983
680
1685
1974
3
134
837
355
292
698
1048
1867
1990
369
2027
1805
1249
226
1393
1298
339
1443
1881
603
1468
1289
454
63
1579
990
1384
237
650
112
2097
1738
1858
1556
577
126
1283
1008
1872
1745
1826
851
694
137
1009
1775
7
502
854
947
631
1985
929
1816
2006
407
697
357
1377
153
1590
1566
343
305
1960
612
1724
280
1876
882
1080
400
1596
1497
468
1479
1233
504
534
1016
903
1753
1672
550
1950
1324
1781
1130
945
1594
163
1660
1690
336
59
1118
2039
1077
1514
1926
449
855
1721
1712
1953
1532
437
1694
1587
1314
1397
786
873
2010
819
1243
1457
1006
586
1306
941
348
1797
1028
1163
463
1231
1160
2044
1541
653
573
647
595
890
1251
1558
1348
1300
1308
470
1450
800
281
932
732
715
832
951
1144
1617
1338
1037
1759
455
584
147
160
1111
750
1117
859
952
1832
1331
1219
1215
628
1560
606
164
106
1040
1599
617
1829
1564
329
480
498
2030
1429
1873
93
809
433
1107
43
860
1917
967
710
1681
1438
1686
1575
2088
1365
2069
1647
1346
765
885
556
908
1381
69
514
509
340
221
1297
146
1313
1777
1053
1138
803
508
1961
1561
176
804
168
1371
1400
1897
1392
2092
129
189
136
1470
1993
1278
894
197
290
1483
1792
36
767
232
645
33
1112
2081
1068
865
341
1085
1447
199
429
1878
1418
777
1823
1900
876
730
1838
919
297
73
1417
807
547
1603
1565
949
2009
2013
1994
821
663
1241
1563
1977
1512
623
1692
1661
1445
1718
1162
212
1640
1035
1992
2025
727
1733
701
1022
1750
291
1740
234
1795
1007
978
67
24
1405
216
812
735
1153
1373
111
166
779
207
1462
1576
274
41
591
1945
1720
1863
525
287
469
1350
121
2107
1531
1252
928
1896
673
1619
1469
1141
886
1913
956
1488
25
1134
149
925
1176
1552
696
843
1645
889
1485
598
1020
139
749
1284
1888
1806
1853
1004
323
180
1272
450
1434
1864
607
1043
1352
296
1904
1293
1899
1250
94
1539
1995
637
1304
286
1613
488
444
1208
1395
2035
1198
275
806
1152
1206
32
1104
307
770
11
872
1067
86
778
1060
2101
1082
1065
782
1435
562
209
1172
739
1966
594
1987
123
734
931
1598
98
377
130
1723
23
1407
954
555
370
1930
1536
383
201
917
2023
368
973
1578
1634
387
1885
816
1954
1316
1714
1905
256
1630
1221
1119
1472
1699
1605
1329
560
1877
373
1684
1167
2024
1204
972
1155
2036
2087
1071
774
324
84
1589
1920
91
430
1345
257
888
1466
1641
388
273
756
1925
1956
802
2076
1207
151
714
544
639
423
659
797
2096
2008
99
1871
2046
755
976
1940
537
1701
705
1828
1778
277
1033
1731
763
835
1653
