681
337
59
785
1345
499
1518
18
1011
236
913
356
480
1887
1871
572
1186
258
1503
1988
333
222
637
1525
807
1439
1367
1358
1527
132
540
1249
1559
1000
1711
893
1588
1060
418
1772
72
2100
1462
477
1729
21
145
1400
1146
811
757
459
2009
734
1703
1844
903
1891
180
1205
751
914
1500
1496
163
507
1323
334
122
1038
1937
97
821
589
1575
398
426
701
2057
1865
1606
1111
175
1670
1476
649
813
1991
1516
1526
1261
1359
1437
515
166
247
1270
742
2109
1774
390
1859
1333
595
1597
1324
1903
6
871
39
75
676
661
1847
1154
1081
1951
1335
495
1664
403
1194
441
1252
1207
969
325
255
2053
1793
155
949
1634
2095
1589
269
1731
860
486
1063
947
301
677
1738
1377
461
1888
1481
1950
762
800
618
1713
1264
1922
1342
313
1803
514
1145
1830
1338
511
1587
343
1598
1234
200
1615
1691
2034
1513
2017
1269
1609
1188
1541
732
1616
900
367
1648
445
782
1265
1361
954
2043
2084
709
977
246
485
295
1824
2055
1507
1860
979
508
1784
277
1144
767
126
371
2048
529
1990
326
1242
1778
304
1643
1641
224
1066
489
1982
910
1594
281
265
1056
1392
74
73
317
56
1677
352
2022
1219
1918
324
24
271
894
1766
705
1674
1625
1917
2058
606
1120
1962
150
297
879
1736
1998
991
217
1379
629
1530
1244
1051
1030
1279
1262
1411
1640
1381
1201
1108
1319
745
1092
1427
248
1610
259
854
1135
1986
81
1552
716
1789
458
2077
1976
412
560
478
537
891
1828
970
723
80
1741
1910
2000
228
380
1118
987
2001
1444
1781
185
93
1945
1780
1436
322
639
1819
1303
564
1442
1931
1059
663
1659
1263
1351
510
1681
1315
1494
1406
142
471
1170
846
1318
1284
2023
1477
423
1744
1177
1583
1094
1211
1191
437
1022
1941
159
118
1181
2002
1372
260
669
1195
5
1913
1861
733
1631
2101
2103
1391
223
1467
476
374
1735
1452
321
383
2051
1182
1768
579
1912
2070
27
68
233
517
327
849
464
1804
1130
974
1815
626
53
100
392
1584
1422
1869
763
1889
1796
1939
1251
1995
645
1080
831
506
332
283
617
1237
1833
1112
186
453
498
868
870
1086
570
323
1375
1107
1980
1960
1449
1221
63
1089
1493
761
591
1553
504
1949
1576
311
1573
1921
2069
1755
941
119
804
351
405
1864
52
381
790
880
538
1806
512
1566
1173
2056
1026
557
1720
1508
1675
1153
394
442
833
1167
2072
708
1254
1282
88
2063
592
509
1596
747
234
1424
1602
935
937
128
660
2037
531
231
1369
1953
1595
1752
1101
1654
449
2091
950
1155
1685
1470
1304
605
1408
2050
369
1383
214
828
90
1095
1549
1337
1812
1911
783
330
818
1206
1554
309
1829
60
1876
1519
1992
1317
1394
2096
722
57
1915
644
874
887
2049
1730
1105
331
335
196
1143
1474
292
866
664
1851
1418
2033
1376
1896
1717
1599
447
1872
863
1084
1798
552
777
2079
274
1283
667
766
105
2021
490
279
211
473
1536
1349
10
170
1965
2018
1557
1268
1761
599
897
788
965
1243
1550
1176
1183
657
342
1773
1307
787
746
1709
199
1365
1485
876
1125
1217
1696
1498
933
1054
54
2086
38
475
1495
1590
219
191
344
64
779
237
1627
181
1435
1438
881
45
1520
1800
1799
129
1940
542
1528
1885
758
1370
851
984
1328
50
1705
607
852
1308
562
1751
1096
1592
89
1759
995
1853
792
1517
111
376
1421
1533
1484
1486
1895
784
1504
776
1779
837
1175
139
1015
1204
1522
1190
658
544
2107
612
1801
1220
1299
1626
1045
2093
1632
930
614
1969
30
924
889
939
2029
721
1900
1285
137
1845
641
1492
541
516
1509
1875
1618
17
1115
1814
772
2078
808
590
574
370
1673
227
51
358
1463
642
1802
791
1464
1247
1718
1762
40
1433
2083
1002
1665
1767
1747
1933
462
1189
341
671
1925
896
687
720
1034
1397
1669
1457
1786
65
409
1523
451
7
91
284
886
1236
611
1531
1490
972
609
1593
1542
1907
610
117
1465
1936
1147
2059
384
601
1027
1805
553
958
87
1515
1546
702
2076
1156
1823
741
37
576
587
1825
1466
164
1702
1769
636
1461
450
1174
1879
1280
2012
1230
1121
1407
2031
1613
712
740
379
755
1633
190
1193
1586
195
689
1302
9
940
822
957
425
2060
1841
780
1079
768
411
188
2011
1396
1070
994
1340
1271
1134
1822
815
925
613
1601
1093
435
1172
753
534
556
1069
1723
2013
165
1966
602
1487
1663
103
350
855
832
1416
2068
1133
360
280
329
120
2024
1468
13
1810
1882
1017
1563
603
1073
1777
1445
1807
496
1794
256
1273
1347
29
566
31
1983
2019
1064
16
917
683
1725
1292
691
535
1010
1608
1928
1540
2102
1393
168
1947
1004
1482
193
563
1892
775
1235
673
666
143
655
408
386
1058
1938
1795
844
695
1902
700
2016
760
750
872
1617
1473
699
628
1993
584
1996
2073
856
1291
920
189
1387
1964
1432
820
1196
971
1862
1281
1158
543
829
448
1472
968
1943
927
1878
1855
697
201
455
2006
1152
116
850
731
218
865
106
1728
1782
1689
205
2085
1698
1453
299
1197
1750
1020
1048
1856
997
1136
1035
561
1712
1790
1538
300
1714
670
583
1259
215
2004
2052
1842
1544
1348
684
707
1914
1434
1071
1213
799
1148
1776
567
1957
503
967
980
1791
1127
192
1948
446
296
316
704
771
902
1014
527
488
47
2105
901
1456
679
615
1042
1295
221
1919
993
1843
349
1150
550
417
1585
1041
44
1820
588
355
810
1006
1312
793
178
1692
845
1322
1078
1226
581
251
194
1386
1909
1695
32
1974
686
1818
559
1591
1003
604
308
1300
1970
1505
765
1305
184
406
911
1049
1231
1694
858
2106
665
363
494
1568
415
1756
1788
8
2088
427
1849
1368
1607
2065
796
1952
2003
294
1423
210
1635
1657
264
653
1061
1684
1233
487
4
2014
1293
682
1425
1604
1024
14
571
1783
365
1679
1352
519
1682
1662
597
161
99
112
1028
41
1075
1371
1753
3
1582
152
1961
146
1114
2036
1218
1267
104
857
549
565
1646
1630
643
648
254
960
1944
1638
867
1748
724
1443
20
726
444
988
396
1628
1929
1215
533
2090
1660
1715
1276
46
1502
861
1880
2094
1455
402
1113
127
803
275
287
518
500
594
693
795
315
1551
359
347
1932
1431
11
1098
1216
890
176
1708
70
1106
174
678
1570
1651
439
1963
273
1737
1208
1826
86
1044
1210
1680
1057
555
1202
904
1199
2035
1161
558
769
151
1404
525
23
624
1475
1245
410
71
1979
1301
288
912
466
839
1326
416
36
1603
366
94
1904
2081
690
1658
1543
1001
1483
66
654
421
1238
1388
819
320
1087
895
1840
931
1139
801
197
1989
1808
138
1775
123
1289
730
652
373
1987
1899
1672
1478
48
1645
600
789
140
42
173
1131
252
929
1074
1257
268
1426
1409
548
397
1297
1942
1811
497
1754
1185
1258
1082
1647
414
482
1378
692
1389
524
302
58
735
339
1062
608
1403
1514
635
1792
2026
1580
719
873
647
1420
1097
250
627
262
1037
399
1574
802
1699
1050
907
336
95
1332
1897
1562
1863
1852
650
1846
1710
1209
84
147
754
1644
743
999
1412
361
1052
1572
1858
964
1016
1430
651
586
1511
1757
1240
631
739
1179
1690
1321
1994
1039
232
378
1341
1451
569
276
67
1624
978
26
1138
662
1967
203
1916
545
1184
1373
1239
2047
1129
1642
1614
843
1857
1203
908
1353
593
1117
942
513
28
2015
387
1355
1316
242
1019
530
83
474
985
546
460
1119
212
428
1813
15
2045
2075
1873
171
888
1745
1047
1839
424
1413
1309
2041
465
156
167
2089
420
729
825
1512
270
1905
169
467
1222
915
1360
76
2067
638
1697
848
1099
1906
1013
92
1164
110
235
2010
307
1402
869
961
1619
973
1021
1033
717
1959
547
1893
1055
883
1380
1447
1480
364
377
1241
1721
1838
812
1008
1809
703
101
1578
1920
781
220
668
625
1655
932
1850
1874
69
1758
172
432
149
1260
481
282
385
49
209
340
1716
1636
598
1151
1927
1836
338
2030
1639
521
1656
1612
389
1077
1253
35
286
622
314
1031
1561
1739
1137
318
774
1334
1816
1325
1428
1827
1743
1290
1556
715
1384
1545
1110
182
61
452
1834
1535
630
1212
162
1266
1009
1168
728
1555
1395
875
1958
357
253
1399
96
244
113
526
1460
1450
1742
744
1109
136
1440
12
391
1187
1415
1954
1881
1310
1785
505
1288
1306
492
293
206
806
1256
2071
713
816
79
882
1025
400
2064
1707
2007
157
1946
1678
491
1973
1999
1363
725
680
2008
1401
401
1471
1972
1180
1410
179
921
1688
1687
78
1734
986
1676
2061
1458
1930
1116
736
694
319
1667
1733
484
1719
198
1128
817
1548
711
620
2098
1046
438
245
133
1142
814
646
1935
1565
862
899
407
154
1029
278
1704
794
1339
115
1232
1611
596
1955
1357
208
718
585
1032
1246
1581
468
1286
539
1539
835
528
239
1577
688
1296
241
457
419
263
1103
1700
919
1083
946
1923
905
430
202
1868
183
1344
177
936
306
1629
1192
1012
1225
82
2108
158
85
1727
153
1178
1666
1429
884
633
125
522
1622
1571
1441
1749
1405
1564
1770
823
1327
1141
619
975
1007
710
1661
1817
948
1532
738
1501
353
1053
847
1459
966
523
1166
906
2062
1722
285
737
1091
778
483
1362
836
963
375
841
298
826
1272
1329
1287
945
898
1497
305
2087
1043
43
121
1569
1160
1067
714
1620
1298
1649
696
1579
2099
1997
1956
573
1623
2044
1250
470
291
698
623
33
685
0
938
1159
1489
1832
1382
2080
472
225
1350
1537
1214
1763
1821
2032
243
266
885
786
2046
944
2025
1072
2005
1228
1126
1090
809
22
1419
463
1534
1356
1374
752
1277
727
1491
853
1977
656
864
469
1746
982
2028
2039
1398
1894
1088
928
859
1693
1227
1848
1706
996
144
2074
1248
1521
1683
354
413
962
230
1524
240
1650
1005
290
1
1984
328
2082
926
1560
261
388
842
640
1076
434
2042
443
959
1336
1510
395
1036
830
952
238
956
1653
1320
436
1558
577
1149
918
1787
2104
501
348
382
