281
24
165
373
7
330
173
290
391
270
327
28
67
203
69
347
222
227
170
275
307
241
216
221
339
375
352
394
37
131
183
369
30
253
68
129
223
205
40
17
358
228
157
175
284
100
303
41
163
29
337
214
346
276
65
312
226
94
159
379
232
329
215
3
119
114
382
42
174
10
321
332
349
267
66
361
285
109
225
199
12
161
13
237
146
320
150
198
262
343
298
108
310
188
35
190
99
142
348
112
160
128
176
374
279
193
178
98
118
350
401
189
231
60
388
331
151
11
278
186
356
256
126
127
172
57
244
240
345
74
200
106
91
304
336
192
23
204
261
179
1
194
39
111
268
405
54
4
104
362
164
105
85
259
357
171
235
152
166
6
90
313
156
305
82
354
71
392
386
87
230
64
14
395
243
18
402
318
367
334
153
314
103
355
154
306
120
372
286
144
258
44
113
134
220
140
93
101
210
133
5
264
130
79
393
155
115
280
291
117
206
397
390
184
406
265
242
338
9
45
399
340
410
36
48
145
122
315
297
378
197
257
139
384
341
107
8
333
389
376
191
234
21
385
272
404
300
78
46
365
328
371
219
366
249
135
201
370
110
403
63
292
92
245
62
0
27
383
250
177
187
148
239
364
377
158
143
273
59
202
208
353
149
123
311
16
224
368
229
308
409
97
125
61
81
413
324
56
19
86
326
246
137
316
34
296
138
254
76
26
288
43
96
83
252
185
73
248
247
233
271
136
295
49
207
400
398
132
50
238
52
80
31
121
211
351
302
196
88
325
323
255
380
58
33
38
359
51
363
260
102
195
167
293
116
124
218
287
319
47
213
408
95
162
263
360
75
299
22
72
15
168
