245
313
382
240
308
372
206
412
337
374
396
52
277
98
28
41
3
22
132
340
267
221
115
239
57
168
89
200
187
353
390
298
401
243
222
177
283
356
371
246
101
296
292
59
216
74
79
370
164
81
50
367
174
365
194
223
53
362
249
369
303
378
284
273
66
162
173
111
397
84
181
338
99
32
147
15
264
295
321
237
86
37
2
62
139
165
314
73
193
104
274
16
232
88
220
102
170
70
133
204
408
145
271
18
316
20
55
235
406
293
254
150
157
324
294
97
326
154
122
113
202
270
108
379
94
385
125
253
395
91
393
346
269
212
188
336
24
263
376
126
334
78
207
178
231
404
305
342
377
61
344
93
331
227
69
36
40
160
358
11
144
281
287
244
127
236
184
46
248
306
400
176
210
128
143
7
355
256
310
179
172
217
302
384
8
156
27
301
360
58
205
64
82
409
213
280
153
48
208
327
31
1
171
268
13
375
9
146
266
333
380
95
34
96
399
259
116
45
161
341
117
77
322
63
230
186
347
199
361
121
381
354
158
85
225
262
330
76
320
307
87
413
182
105
49
5
17
234
328
106
134
332
226
214
190
363
282
29
169
180
100
197
209
135
386
352
198
166
357
136
285
131
39
215
43
54
389
299
373
304
35
315
309
276
124
142
110
323
359
107
12
272
47
203
351
119
21
83
130
329
229
405
286
123
33
387
4
19
219
410
149
224
247
364
151
317
291
233
10
279
71
252
92
349
192
257
339
402
195
343
137
260
38
201
394
290
189
251
112
183
152
312
325
191
44
275
6
250
311
75
0
391
383
68
167
392
218
42
366
345
72
23
398
185
348
103
407
211
67
25
196
175
