328
363
298
153
219
384
60
326
413
6
1
309
144
297
355
132
235
259
190
65
179
124
134
186
49
52
26
45
135
4
220
367
122
230
5
176
308
100
7
22
68
302
20
303
142
14
281
102
345
113
75
64
55
250
346
246
154
245
386
272
217
393
322
208
56
8
312
155
158
274
283
157
106
336
63
372
168
295
353
81
107
362
410
294
96
377
89
233
191
318
252
92
240
194
378
159
206
66
350
175
140
101
390
205
339
17
146
171
218
30
114
255
103
196
403
409
116
343
120
407
112
232
136
287
126
200
311
293
133
33
391
162
34
229
97
85
61
167
173
315
404
405
247
231
108
317
46
387
380
241
73
137
394
221
225
29
181
300
282
51
341
365
27
2
234
156
301
389
238
138
212
254
236
286
361
215
320
189
214
35
204
276
210
67
24
278
216
44
118
223
129
93
111
166
289
327
376
40
18
296
79
261
263
71
13
351
213
399
340
408
228
160
104
161
83
411
388
110
149
152
16
280
109
347
139
237
260
332
248
349
19
269
226
319
3
373
125
77
184
313
392
275
406
182
369
80
258
11
310
86
266
36
395
58
41
270
50
209
330
329
344
123
222
62
397
130
187
23
43
0
201
352
98
304
401
178
256
94
382
95
364
169
69
305
48
207
279
227
148
143
180
131
370
412
262
324
203
84
121
358
379
91
82
267
119
291
57
321
257
368
42
105
381
273
366
38
53
360
128
290
28
183
163
151
244
202
31
32
127
185
385
288
375
147
285
383
177
99
338
335
197
243
115
265
72
333
25
165
337
398
174
400
39
193
314
396
88
70
87
292
242
277
211
9
359
195
251
323
192
117
47
172
