259
364
392
380
24
329
40
185
27
31
278
224
391
194
376
266
237
107
101
66
123
116
37
371
351
393
211
228
304
279
157
81
193
280
244
55
142
154
254
290
340
404
349
153
320
233
159
306
204
144
255
82
53
84
389
51
98
10
356
137
74
284
195
225
261
23
309
384
271
307
214
382
59
50
38
238
250
155
80
269
410
268
5
75
14
397
47
46
70
79
30
229
166
355
115
25
65
196
333
396
189
400
68
357
77
236
394
58
125
42
4
121
314
327
373
395
109
118
262
190
6
297
334
179
210
411
405
239
209
365
3
186
122
78
328
64
18
287
151
402
43
180
292
163
294
140
354
390
407
282
345
265
168
359
45
301
143
230
218
41
248
21
273
108
177
57
313
203
291
272
383
170
29
162
149
387
199
310
94
247
370
221
85
132
187
231
89
11
34
217
72
374
243
263
323
139
403
388
111
342
12
220
87
198
213
366
234
375
164
175
286
324
96
205
260
63
222
95
13
17
298
246
207
90
270
39
86
181
281
145
158
339
302
303
288
200
71
317
348
299
326
386
321
133
60
332
399
100
19
319
385
264
276
8
283
92
252
32
135
22
62
401
215
343
352
257
52
344
173
35
178
167
226
120
275
44
300
76
208
212
267
311
216
413
9
338
353
285
295
104
312
361
408
91
182
315
378
172
232
36
156
2
242
308
289
48
141
223
183
331
368
160
336
219
99
235
117
341
1
113
381
174
253
367
184
165
274
192
0
54
28
206
49
350
20
293
176
335
379
33
171
7
318
412
106
97
110
360
69
346
129
316
258
322
150
337
26
398
93
148
119
138
169
363
202
147
277
256
131
249
152
362
