279
192
167
218
344
31
222
39
103
231
309
122
326
105
99
127
72
270
288
175
95
401
338
42
138
89
13
264
36
71
69
90
294
411
150
21
346
74
155
165
81
365
367
139
393
334
44
124
390
281
321
197
53
333
166
375
159
25
299
62
217
363
160
323
110
252
235
368
20
316
265
9
359
54
193
293
68
211
188
60
34
199
394
373
88
280
331
267
101
413
96
289
332
322
284
181
362
402
351
116
303
272
30
387
200
37
70
38
315
123
229
189
143
307
301
207
51
228
395
377
83
258
145
180
156
236
255
152
195
78
140
295
262
409
371
194
104
410
378
389
100
352
277
268
372
133
339
349
398
134
271
94
131
232
256
5
311
370
26
233
91
115
75
287
196
273
237
118
77
391
206
73
8
45
212
6
27
3
276
383
148
41
340
16
249
163
7
79
146
164
151
404
178
343
257
381
174
286
76
183
356
177
350
50
93
168
244
201
82
92
158
85
191
153
154
130
282
269
10
86
35
213
28
392
399
107
198
407
292
29
11
142
298
341
67
313
400
263
19
310
121
300
136
319
202
84
314
113
386
43
304
345
327
324
226
291
364
111
33
173
0
135
369
358
225
366
190
396
285
320
243
266
388
48
204
102
66
297
405
412
253
215
336
329
161
87
64
210
157
203
14
112
379
342
361
354
224
209
176
306
170
169
147
61
230
46
240
114
247
374
108
219
290
1
328
40
24
261
239
144
330
128
186
52
355
245
260
403
278
63
182
397
205
58
141
360
49
312
208
137
119
275
227
129
184
214
274
12
120
380
234
318
187
238
384
221
347
117
248
241
250
296
59
22
65
125
406
251
56
126
348
382
