47
33
220
413
366
13
325
103
214
379
25
169
191
274
402
175
100
140
66
246
277
68
62
268
124
105
228
34
271
72
340
70
253
123
138
365
388
134
226
133
120
83
266
376
192
206
42
82
128
375
186
152
351
18
398
211
221
43
96
1
153
357
180
405
63
247
326
295
60
397
12
142
329
285
347
377
203
400
204
89
302
45
38
235
212
344
157
280
93
209
188
239
88
267
112
362
401
146
293
46
323
172
104
262
130
173
258
99
265
308
238
195
290
310
137
16
189
184
91
276
275
159
232
333
101
341
301
39
314
17
353
71
167
20
213
299
278
229
144
254
284
336
170
200
381
309
69
245
367
193
205
225
330
113
411
182
382
337
300
378
185
219
132
348
177
319
327
317
19
352
117
48
223
368
390
147
65
210
410
318
116
289
241
272
396
354
8
261
111
392
263
37
110
118
389
233
298
23
270
324
90
76
108
28
256
162
35
371
283
178
81
163
57
345
121
26
242
4
77
363
135
218
305
155
249
356
227
374
2
36
29
5
32
115
156
297
287
403
369
74
259
143
41
10
179
7
208
148
407
291
316
380
384
97
215
406
79
230
383
119
391
141
15
127
86
171
27
273
234
236
150
346
67
224
404
40
332
260
131
361
358
196
53
125
9
78
296
31
338
75
334
158
54
250
328
165
264
51
107
59
292
335
85
364
181
199
237
231
198
386
279
331
355
190
22
222
114
151
176
187
73
217
240
145
50
255
95
98
207
370
3
394
288
161
243
168
343
322
49
136
30
373
412
194
56
201
149
21
183
0
387
52
126
294
44
164
409
313
311
94
109
359
252
58
393
306
87
360
385
197
174
122
