337
317
283
125
272
168
342
371
373
141
263
53
237
353
37
25
59
11
176
306
131
96
231
336
92
30
114
50
235
213
245
107
177
292
253
120
33
370
22
111
298
126
308
67
333
219
17
84
262
243
259
153
151
407
247
275
97
180
351
379
187
408
218
79
24
65
196
319
195
295
202
311
211
346
185
225
356
207
352
334
274
240
282
281
146
325
162
179
301
194
104
378
182
135
303
296
284
73
40
401
257
397
165
313
69
385
335
32
3
13
175
70
233
343
402
300
377
181
332
357
234
208
90
286
110
323
138
277
268
254
193
137
163
100
52
222
88
251
34
289
45
35
94
355
287
203
238
159
318
93
399
388
156
113
71
12
149
221
250
62
26
132
77
139
129
290
279
409
256
302
410
23
312
171
266
294
87
405
80
42
106
212
119
387
278
403
142
345
396
394
83
82
386
116
291
261
1
369
103
5
148
241
350
128
372
145
367
164
368
389
216
299
57
273
198
404
76
39
391
209
330
376
364
178
328
321
101
305
172
359
117
232
121
214
246
252
375
124
341
10
54
382
307
140
362
29
130
60
205
14
348
288
280
184
188
406
192
236
285
157
49
204
150
297
264
374
190
161
74
144
169
99
366
15
43
58
324
167
220
174
267
75
147
381
411
255
6
152
226
215
98
248
276
105
183
244
249
118
206
112
16
304
384
19
230
7
329
160
134
46
122
310
38
293
91
390
217
123
36
199
2
320
47
223
28
200
21
173
20
31
86
63
347
271
363
81
229
9
358
322
412
170
398
327
309
51
265
395
102
270
18
315
354
349
143
61
393
269
108
155
115
316
85
365
48
191
360
339
136
133
361
340
