182
90
275
368
185
138
195
292
331
219
343
320
49
122
47
108
244
107
227
309
281
282
62
301
115
411
402
272
117
291
340
150
262
374
311
0
60
248
329
123
317
253
325
308
99
394
55
387
327
223
346
326
269
48
364
296
42
26
152
56
88
161
229
277
184
12
345
410
222
139
76
379
89
141
339
18
24
33
322
409
328
186
127
6
10
273
149
81
285
176
237
213
191
330
212
83
92
45
261
46
251
288
15
298
58
397
293
59
367
39
334
25
224
84
61
51
250
279
198
11
17
67
351
404
96
68
106
4
348
102
221
406
263
385
354
199
401
134
93
159
249
226
234
37
119
124
163
111
242
166
344
2
95
131
23
3
384
236
28
299
352
133
358
295
211
142
389
284
156
259
230
290
145
347
85
154
174
286
116
181
79
197
74
40
360
373
412
162
398
128
20
302
1
319
365
247
246
370
391
34
305
375
69
87
97
114
300
413
209
306
196
283
167
151
104
408
77
192
54
19
390
178
257
255
215
342
193
130
386
100
171
359
378
376
143
297
280
202
200
148
268
121
136
407
366
57
194
270
369
63
70
304
271
338
266
310
313
169
36
243
82
260
22
388
239
220
13
321
160
72
177
276
35
207
225
120
216
29
188
382
180
233
333
165
126
395
264
64
350
214
363
349
175
172
332
32
31
232
235
187
173
380
303
38
265
371
14
94
16
341
217
289
78
91
183
323
267
190
403
109
356
135
245
274
147
105
294
324
258
287
396
179
361
164
110
256
314
5
144
103
210
41
362
137
377
254
146
125
86
30
65
203
205
44
27
80
113
399
204
7
208
158
112
231
228
8
73
400
118
189
206
355
