312
295
244
376
32
316
103
116
90
17
180
163
59
143
260
4
174
199
384
46
391
217
61
207
256
178
137
352
356
192
229
317
179
115
128
282
373
406
166
95
48
177
220
274
224
382
309
348
397
404
195
71
413
368
407
200
286
155
81
340
98
254
275
209
187
410
311
79
243
255
287
388
117
164
279
313
27
19
327
183
72
231
54
181
291
320
292
100
241
65
299
83
50
22
339
105
325
74
136
196
215
285
168
162
310
403
259
235
364
5
396
247
156
301
152
272
78
0
150
230
135
205
369
118
52
131
96
23
328
8
6
21
267
159
67
240
188
242
305
84
139
358
222
211
141
169
395
208
58
300
351
263
167
370
133
380
289
210
307
361
383
357
265
34
349
401
355
405
191
269
331
387
273
170
38
86
11
298
225
308
2
393
347
64
154
94
360
14
47
49
12
381
223
182
226
329
16
202
212
262
288
252
245
25
386
408
108
343
321
412
165
173
184
294
89
104
276
246
160
88
214
97
18
280
190
102
400
29
346
20
270
258
237
35
144
45
87
293
99
372
261
51
366
126
107
37
219
176
151
238
392
297
315
76
330
120
39
337
216
228
7
91
145
257
172
363
213
92
302
55
374
290
111
371
198
121
186
250
206
60
233
353
398
3
278
142
157
350
409
149
153
379
378
193
73
77
40
354
101
375
9
359
70
251
390
303
385
271
68
33
402
36
42
24
123
41
82
129
341
323
266
63
218
234
326
296
119
334
399
306
57
43
284
124
85
147
319
322
127
194
80
62
132
197
114
342
15
125
389
31
204
130
264
324
110
236
161
26
185
333
75
1
281
318
336
362
335
365
106
227
201
394
