172
230
346
244
367
395
294
332
320
65
403
409
85
338
373
191
256
139
330
101
304
329
179
233
192
18
40
257
289
180
78
292
410
405
337
341
322
119
245
146
360
159
95
11
374
165
363
41
401
379
389
107
23
311
13
272
61
164
228
39
261
185
368
218
127
351
173
291
312
213
299
270
186
82
380
350
27
89
323
73
238
273
364
274
271
98
69
378
91
171
268
314
125
59
120
12
327
413
283
331
334
251
371
355
88
131
124
258
14
174
123
138
111
51
112
9
260
16
197
0
105
384
227
353
70
38
150
224
163
167
310
208
391
145
201
42
160
326
229
236
222
406
287
343
296
307
147
400
100
34
188
110
175
53
135
387
154
19
142
158
284
44
354
411
324
108
358
169
79
392
394
84
8
225
99
361
342
333
28
31
306
55
246
32
285
48
344
267
293
33
221
277
35
315
63
157
128
46
250
66
290
349
249
234
408
404
362
45
206
168
377
47
113
177
219
383
21
248
199
137
24
184
205
134
116
212
375
356
275
231
217
56
328
305
303
181
97
114
278
118
345
170
359
54
176
194
198
182
340
103
220
130
309
60
94
193
140
148
202
152
339
10
269
96
210
240
57
301
318
36
372
20
366
75
200
77
263
407
149
365
2
52
262
253
259
321
183
151
376
302
190
74
243
399
87
239
143
347
266
288
136
166
83
369
155
279
126
195
265
382
104
153
282
226
25
196
64
15
297
109
336
308
26
76
43
280
3
381
49
402
30
121
115
386
216
264
209
316
1
313
22
317
319
7
141
86
352
241
215
68
50
156
252
357
254
276
178
281
390
237
71
129
144
335
133
203
393
255
72
396
235
37
