679
481
677
761
691
878
661
872
467
306
267
59
881
954
189
607
120
797
942
726
3
195
205
331
725
664
873
491
463
309
641
2
762
1009
887
964
716
965
73
117
389
494
111
5
404
796
573
482
822
473
8
855
56
258
731
977
701
84
403
159
719
125
833
900
486
354
784
808
388
339
81
238
957
885
202
963
228
995
216
598
50
584
516
830
602
201
703
194
844
675
838
236
593
255
443
597
559
1007
426
452
987
479
47
529
812
19
669
782
341
685
678
814
592
835
931
364
177
779
60
787
984
304
921
672
772
107
758
1001
587
818
99
233
242
502
439
419
543
395
366
181
12
622
85
809
659
967
608
930
634
135
576
301
160
600
320
474
919
525
906
837
121
742
187
16
1004
487
464
349
791
480
106
817
23
843
69
741
453
554
915
961
347
372
886
74
218
535
265
933
110
983
993
298
185
286
759
370
457
428
61
1003
335
472
680
650
816
748
848
307
857
134
33
874
355
57
414
834
763
898
579
318
291
46
277
853
939
224
654
280
644
0
850
1008
682
66
949
686
415
981
676
294
684
754
245
257
161
733
614
528
449
867
652
446
247
550
239
220
841
92
114
780
992
76
994
673
386
132
530
553
58
289
246
374
884
40
89
192
435
68
671
437
383
139
951
483
118
430
935
802
350
743
699
422
385
944
612
14
375
82
504
924
785
523
88
363
273
589
172
563
103
765
455
371
45
433
711
432
613
735
11
214
344
710
730
147
299
283
756
412
638
806
875
700
746
173
567
571
226
305
31
882
629
604
285
484
495
926
625
116
795
958
361
95
261
1005
512
683
179
102
62
204
904
810
184
688
744
91
955
718
551
713
740
411
346
493
826
29
54
720
39
157
804
146
221
846
783
764
727
394
52
631
823
359
594
402
781
421
448
165
284
80
227
447
353
310
737
259
323
9
798
538
30
800
334
988
1000
517
197
801
392
552
799
640
541
510
122
378
38
555
531
162
67
124
4
705
704
770
427
757
803
506
920
399
747
352
851
724
260
333
153
396
501
373
312
42
769
522
860
858
632
692
619
605
766
647
599
445
272
890
519
377
498
891
832
636
97
128
544
379
203
343
932
943
518
790
488
237
549
400
570
232
442
98
888
991
511
941
217
360
558
998
971
225
18
168
292
927
397
540
328
786
635
93
213
337
425
815
115
158
1002
112
36
105
362
365
441
565
351
986
249
861
807
406
865
164
889
825
840
83
708
295
70
643
610
674
936
877
658
734
127
852
1
709
539
601
308
585
410
171
417
892
697
603
460
879
637
423
315
376
524
880
438
750
150
1012
556
831
819
409
143
526
870
999
839
208
440
131
380
174
533
270
407
895
123
138
51
624
275
978
342
256
182
617
300
690
776
240
230
928
326
458
681
662
773
465
163
167
145
206
500
188
324
657
909
842
862
859
1010
575
79
821
687
916
856
229
723
788
100
290
444
959
53
739
391
975
1011
666
251
499
475
670
271
44
113
24
211
620
169
591
982
596
520
32
611
109
136
330
222
28
287
722
55
985
894
990
48
952
989
642
545
477
547
63
413
384
902
322
451
948
234
656
557
462
424
893
303
897
689
219
940
296
21
760
420
325
199
450
137
536
696
717
646
811
628
212
974
947
934
505
827
231
405
729
568
317
183
868
866
693
609
626
485
278
630
20
170
401
937
566
176
327
706
198
470
854
694
266
615
732
492
130
338
863
489
572
606
193
140
416
660
476
714
152
849
911
10
269
96
210
997
752
569
813
775
871
548
956
532
946
332
75
712
77
263
1006
149
945
514
953
469
564
774
461
253
771
845
369
321
695
151
962
302
190
586
348
243
793
87
751
655
922
778
418
288
648
166
595
950
155
356
381
279
126
707
777
22
616
665
282
903
471
738
367
25
196
64
15
466
297
883
621
336
820
26
588
43
497
792
515
968
561
917
454
387
71
542
456
633
431
627
653
728
264
209
316
896
513
313
534
829
319
7
393
141
86
864
478
503
753
215
580
562
398
925
668
490
252
907
468
914
357
254
276
178
281
390
508
749
583
972
129
144
960
847
645
715
905
767
72
908
235
37
