250
914
279
207
427
747
626
1001
356
133
544
875
821
996
502
368
985
355
35
463
948
888
959
954
1000
600
818
419
941
436
59
297
830
939
753
759
845
208
807
536
895
97
804
564
752
816
553
695
159
228
992
783
475
546
247
404
732
104
514
728
126
693
723
236
57
537
975
425
478
423
295
300
230
957
915
454
864
599
650
138
979
481
978
331
201
370
988
785
477
711
668
627
673
117
684
327
466
501
950
384
857
921
165
40
754
515
741
556
293
275
916
199
196
269
71
162
153
267
504
667
962
776
634
37
565
344
151
647
84
885
482
630
760
123
500
392
360
108
406
354
246
601
725
683
999
689
492
258
636
424
763
791
322
445
775
178
524
908
955
286
796
139
858
910
7
934
619
832
416
353
434
665
343
587
935
555
179
829
42
283
977
1010
334
789
470
134
52
259
349
750
467
716
129
312
213
494
938
865
390
485
822
643
517
984
132
952
596
688
66
149
608
963
697
143
710
261
981
184
464
786
163
525
45
812
629
120
420
89
961
592
107
156
714
595
266
733
674
579
249
653
731
628
296
140
577
839
766
433
388
150
841
99
302
819
479
124
611
348
141
540
21
486
451
439
49
851
834
530
615
50
323
654
326
561
936
581
554
441
762
26
735
253
802
809
580
385
771
426
272
472
240
310
53
346
662
394
443
974
386
956
285
338
863
232
155
278
568
1005
774
552
844
623
306
273
644
62
861
646
512
739
573
641
456
953
111
713
639
788
794
889
1003
526
458
666
462
613
325
197
694
68
800
505
842
932
417
803
409
187
396
820
966
421
330
342
115
563
363
313
488
489
440
194
994
903
814
224
749
51
946
242
75
219
222
317
575
823
359
319
805
369
657
866
4
282
6
892
128
248
305
448
15
513
292
669
495
686
93
318
303
498
931
620
56
383
557
357
622
976
34
559
170
997
883
186
10
635
792
986
189
116
707
533
919
48
902
125
46
256
594
738
687
16
545
405
614
47
157
681
591
703
541
382
218
905
795
90
590
726
54
680
457
909
127
109
484
43
422
658
721
854
664
817
855
145
937
898
924
904
289
679
315
588
468
98
226
450
381
782
461
913
277
321
593
933
483
442
503
582
661
784
576
648
917
663
604
188
806
490
907
122
9
718
164
101
698
351
373
571
560
852
1009
239
940
76
223
964
518
651
460
311
18
191
413
656
773
280
499
328
0
572
790
682
339
182
493
995
96
55
350
39
522
899
825
304
215
298
371
538
756
237
376
88
987
529
969
268
38
152
79
429
241
922
345
174
856
506
746
24
161
736
808
119
58
262
570
168
81
692
797
221
947
894
757
765
781
83
92
301
19
558
185
227
209
333
607
527
231
508
428
314
991
617
551
737
238
137
25
945
891
340
61
307
158
523
471
17
67
767
1002
112
833
618
516
928
102
415
748
487
473
734
849
291
263
251
605
671
927
890
1
549
375
942
772
367
402
678
811
2
95
535
496
943
893
284
211
410
645
173
287
764
142
412
192
993
401
229
843
758
217
597
761
154
430
403
181
335
828
74
414
435
1011
625
640
233
20
862
769
886
609
589
30
290
252
69
87
114
548
91
465
869
708
167
407
616
320
926
585
77
704
566
531
598
690
257
255
727
920
705
497
130
967
100
171
944
702
879
453
965
655
874
200
202
712
827
660
780
455
633
136
520
659
569
378
706
270
606
63
393
70
534
271
543
778
160
878
169
36
243
82
260
860
372
968
22
337
308
983
751
507
220
13
972
672
584
511
177
276
547
838
719
476
225
632
216
29
859
700
722
837
180
745
459
906
677
638
989
474
264
64
930
214
951
896
850
929
175
398
901
172
332
32
31
744
235
374
397
408
699
685
418
389
970
815
550
265
960
14
94
528
391
853
729
801
925
923
78
603
387
183
449
380
835
491
779
190
1008
621
364
868
135
245
881
274
147
105
294
324
770
799
539
691
873
676
110
900
768
826
5
144
103
210
897
446
41
362
649
377
254
146
637
86
980
542
431
65
715
205
44
27
80
437
113
911
204
519
720
670
624
411
958
743
740
8
73
400
118
998
701
1007
206
867
