737
950
226
481
411
907
596
843
656
964
522
65
311
863
876
638
957
919
423
141
577
692
239
212
1011
185
568
900
388
999
251
774
830
987
926
396
524
810
825
822
673
989
686
89
412
672
317
677
795
845
70
384
193
853
183
682
636
860
440
192
893
667
455
879
862
74
305
460
456
84
959
704
291
347
142
851
241
970
322
398
179
542
540
573
1
812
839
109
160
669
821
441
601
914
172
128
355
711
789
169
615
529
1009
77
490
664
376
905
576
660
175
690
419
409
200
267
580
835
675
908
391
937
921
152
844
620
829
891
984
91
318
756
818
903
782
444
62
18
688
280
995
794
858
544
451
22
719
757
431
768
188
235
429
749
480
701
227
107
727
327
726
484
80
510
992
363
30
10
400
511
842
157
753
871
257
911
732
4
512
198
116
279
204
990
174
716
432
202
600
933
119
177
275
335
13
248
922
833
530
532
465
546
867
920
129
90
312
126
330
163
111
712
986
747
418
729
738
464
513
72
2
965
486
343
12
370
878
742
437
108
508
687
181
356
961
923
308
763
304
791
346
42
365
641
954
447
781
813
294
927
880
565
928
897
504
659
982
890
340
55
796
887
344
216
471
40
505
683
492
721
178
176
445
58
468
793
16
399
710
828
695
581
684
832
488
645
946
526
427
29
968
925
678
787
426
439
666
203
371
32
571
700
552
156
579
621
334
382
536
372
617
717
525
3
438
936
130
733
632
342
846
41
321
222
328
980
518
113
48
289
76
206
854
458
285
755
386
225
706
120
1003
519
940
387
889
221
268
171
783
778
707
551
715
809
931
775
123
881
180
161
886
265
744
117
943
975
773
895
681
801
770
834
240
134
155
353
139
945
496
60
352
606
165
884
882
300
214
407
535
297
394
131
314
924
748
899
416
572
38
470
249
589
402
53
194
136
521
671
910
281
35
557
378
652
578
543
52
377
776
612
972
246
953
425
599
28
658
244
103
276
393
110
159
112
575
558
329
262
777
663
167
849
154
962
24
869
443
150
94
217
381
23
292
173
100
25
765
644
489
819
354
653
242
1012
73
559
977
118
114
520
5
475
665
595
69
14
1004
626
369
78
479
734
54
467
266
797
752
514
537
941
503
614
166
699
331
960
247
373
640
472
499
646
616
563
815
307
803
694
566
501
234
728
430
637
191
151
435
256
779
724
788
541
569
582
383
145
814
898
533
215
771
913
1002
196
902
495
591
17
786
27
277
631
395
228
320
147
731
963
494
598
449
735
106
350
523
650
389
448
93
259
554
901
170
254
602
252
306
547
806
966
428
186
269
630
162
413
836
799
98
6
811
864
611
229
264
368
705
874
857
909
403
740
610
189
332
303
260
144
627
698
283
865
11
824
594
693
531
469
127
949
57
33
237
934
282
586
362
243
603
92
210
337
739
668
301
85
190
39
500
623
507
634
516
723
104
816
233
676
105
341
939
253
408
422
208
993
780
82
497
932
583
790
87
64
270
605
274
998
883
802
906
153
613
792
410
817
517
44
625
390
220
140
349
357
722
133
261
278
79
988
115
826
847
718
380
947
184
837
358
36
339
848
754
420
149
9
45
95
915
1008
548
560
298
290
415
313
421
657
122
852
827
361
336
135
861
709
769
651
367
974
917
619
8
97
983
348
509
969
703
746
21
482
979
405
784
930
1000
859
478
590
491
841
46
364
296
49
487
224
750
219
958
850
761
1001
647
201
562
622
1005
63
804
604
245
442
888
574
0
539
767
762
868
689
187
406
148
751
996
956
26
461
670
655
785
59
714
326
424
720
477
43
661
635
823
528
736
483
218
741
820
1007
855
935
609
485
125
916
61
81
680
324
385
1006
56
19
971
86
838
758
649
316
34
808
138
766
588
904
498
538
800
555
96
83
446
474
764
366
873
697
585
885
951
760
918
401
759
392
952
745
271
506
1010
434
648
942
807
561
207
319
994
132
50
238
564
592
450
31
121
211
351
454
302
708
88
325
323
255
892
570
545
550
359
51
875
938
772
102
195
679
805
628
124
404
730
287
831
47
725
587
607
433
674
263
360
75
466
299
534
584
493
527
168
