250
609
751
509
502
811
465
284
622
151
409
496
547
56
120
722
197
843
35
696
958
101
730
796
80
876
926
966
91
335
244
134
745
600
612
678
437
734
649
921
554
773
427
233
159
567
956
461
850
253
885
675
300
43
733
181
955
632
904
635
775
126
593
960
884
111
991
302
531
345
471
705
837
165
444
492
1003
976
539
455
124
30
743
145
739
193
846
183
813
621
728
542
249
469
289
157
125
109
994
505
529
726
886
883
918
66
39
674
607
288
472
688
265
486
517
785
130
306
576
79
127
935
439
791
50
779
908
246
719
772
433
207
153
4
282
73
16
996
537
895
823
317
894
274
874
898
185
520
462
731
407
374
651
319
936
368
670
57
681
901
637
421
654
346
863
32
558
307
802
83
366
176
89
296
929
334
917
330
331
865
793
546
224
390
661
292
822
332
749
76
937
312
163
93
724
512
281
584
167
328
441
831
263
344
907
194
468
610
534
273
727
446
853
625
842
592
162
294
311
327
119
499
408
518
768
762
845
784
329
490
495
428
931
830
910
59
477
223
627
303
287
971
619
698
1006
8
108
523
736
485
959
404
583
706
801
258
5
25
320
15
835
972
478
195
764
53
401
175
379
1000
686
932
765
521
882
1
888
606
616
431
671
906
352
33
488
188
848
149
230
644
148
629
916
186
180
116
868
256
979
585
995
314
680
74
656
713
963
543
219
318
771
714
27
272
228
22
49
475
668
919
501
965
924
857
881
914
579
398
308
63
436
196
503
590
240
350
298
694
213
538
238
524
338
840
982
774
804
333
107
355
60
71
211
927
565
753
766
571
234
70
415
913
969
146
65
856
968
443
725
222
141
227
778
896
264
864
847
818
84
709
939
790
158
313
232
615
370
510
96
384
987
653
737
770
596
182
90
1012
402
655
925
757
342
122
191
887
769
236
805
515
358
677
720
164
540
633
95
787
934
697
135
710
373
260
395
942
729
817
763
833
595
760
138
190
420
970
977
897
786
682
13
1010
221
689
47
522
203
944
556
608
279
909
459
3
871
371
1004
1001
68
44
97
507
957
55
990
640
383
911
189
687
940
861
516
37
72
878
369
400
154
449
1008
954
978
487
251
974
266
464
754
67
278
309
69
11
52
239
290
166
364
508
295
87
858
798
424
535
780
24
631
526
225
781
532
862
525
255
915
893
511
467
323
17
792
389
849
247
718
243
708
928
920
902
36
591
536
577
114
838
732
177
445
961
201
470
814
377
231
566
325
879
938
807
693
104
794
179
45
647
202
156
257
867
707
552
438
453
259
155
782
691
99
581
759
481
168
993
815
866
582
594
406
997
855
337
316
947
984
948
602
514
110
683
892
650
825
981
704
137
356
187
564
806
88
672
701
484
34
923
301
291
94
386
699
29
132
513
605
690
113
242
752
241
715
268
405
750
489
21
237
62
26
388
77
139
229
385
717
933
630
869
648
23
425
171
262
912
343
336
42
618
212
980
810
299
142
399
38
339
82
673
628
985
721
359
261
660
497
128
86
657
676
277
416
216
854
569
812
198
321
417
597
588
551
482
435
684
209
448
738
480
889
950
275
457
795
396
178
460
474
899
890
285
378
613
362
836
852
172
946
117
744
121
214
452
447
808
758
324
252
432
403
819
326
357
271
434
803
636
624
10
829
54
943
922
988
140
998
541
642
572
205
14
297
463
152
800
280
930
184
700
560
192
748
797
669
419
561
341
962
716
150
809
418
776
1005
519
702
454
493
161
586
144
169
611
952
527
555
380
375
967
880
872
570
147
679
473
456
220
174
267
75
483
659
834
645
412
767
6
664
226
215
98
248
788
105
695
756
761
118
206
112
528
992
304
975
19
426
742
393
382
7
841
160
351
646
973
46
634
423
310
550
466
450
363
293
603
614
217
376
123
548
199
422
2
941
903
832
394
559
735
28
712
533
685
20
31
598
575
491
347
476
783
875
81
494
381
741
9
870
322
410
873
170
827
839
821
949
964
563
777
440
989
102
270
530
315
354
349
143
61
905
269
620
667
458
115
945
828
85
877
48
703
360
851
136
986
133
361
1009
340
451
