46
609
984
744
98
570
164
509
662
859
790
43
985
237
63
603
997
163
38
598
907
362
153
222
952
736
138
336
556
621
684
963
734
170
552
590
815
917
61
714
253
507
558
666
968
601
686
204
326
534
109
541
463
597
731
148
820
1006
655
205
737
1010
128
585
673
980
399
397
396
965
417
547
355
467
592
134
319
244
297
159
800
435
649
48
74
344
242
347
513
594
277
582
619
499
781
54
950
97
807
644
591
127
491
420
992
994
873
660
80
158
423
422
308
683
884
825
879
946
911
695
718
351
179
518
270
232
122
523
658
755
882
945
680
504
756
916
172
330
902
878
220
459
15
256
906
553
305
259
526
799
962
453
367
1003
407
147
848
360
389
51
828
324
22
577
818
411
209
285
142
50
166
626
531
81
719
693
909
66
328
694
284
776
283
426
752
64
652
264
471
473
508
20
375
829
701
296
562
728
261
657
500
321
624
894
831
188
251
71
437
372
630
334
357
627
939
757
384
578
689
732
817
487
682
395
339
725
967
218
239
525
845
192
485
191
454
743
975
132
365
252
676
754
263
70
272
974
327
115
323
969
668
515
724
625
779
442
455
565
449
613
278
791
653
2
229
669
934
620
862
199
371
864
769
65
472
40
747
480
1005
1009
953
875
273
699
632
489
887
177
300
37
853
202
236
149
217
874
403
966
771
408
302
861
921
672
929
388
418
387
641
390
650
352
193
235
842
839
55
466
96
141
700
865
544
571
120
600
567
62
761
452
414
3
58
223
618
101
722
221
465
4
52
17
746
913
306
786
155
838
679
642
248
249
358
888
430
441
986
958
30
281
677
972
117
528
116
708
667
291
27
381
307
777
596
200
572
385
715
663
908
798
540
314
498
280
956
773
353
854
207
379
767
412
795
23
340
696
973
154
863
557
729
664
789
322
580
602
586
569
262
457
82
947
464
551
333
10
470
32
813
880
382
671
806
995
912
378
89
213
918
133
346
7
840
320
783
187
304
31
611
240
805
174
245
56
751
145
90
392
310
359
93
707
750
376
243
978
87
214
982
173
425
775
118
119
897
0
394
401
404
616
623
162
114
150
587
910
857
368
543
477
532
988
808
959
258
846
135
925
635
877
501
538
898
581
343
675
850
293
364
802
14
86
370
165
881
335
59
354
424
292
41
329
614
429
79
28
254
749
458
383
313
84
574
136
111
194
178
885
496
129
337
608
124
971
226
268
977
1000
103
593
852
656
227
883
301
275
126
405
889
36
139
303
267
533
545
212
468
198
527
793
241
342
549
386
858
206
295
770
73
903
104
740
709
964
16
439
91
88
450
102
238
868
246
713
157
479
645
901
822
18
705
121
900
955
274
433
896
311
758
834
546
181
184
406
606
692
520
380
410
634
369
810
860
765
78
573
637
607
794
993
830
926
416
742
561
67
536
77
105
1007
780
638
559
760
690
867
938
869
735
778
490
998
843
605
363
69
548
160
11
144
517
427
639
176
440
521
870
942
688
231
210
640
143
753
519
1004
298
766
428
612
928
937
8
156
539
506
436
266
461
576
338
255
804
849
665
560
208
287
1
341
269
265
814
821
95
970
42
943
1002
833
628
45
161
727
629
288
589
893
954
575
315
890
230
809
698
826
711
76
633
976
247
819
476
670
85
469
225
774
331
233
588
475
930
871
599
421
687
182
617
332
438
49
5
529
234
486
905
497
899
106
443
488
646
12
738
726
190
948
832
282
29
169
180
100
197
495
721
647
981
935
710
373
678
886
648
797
847
460
413
131
39
434
215
555
566
762
474
456
811
260
816
35
827
309
276
636
654
622
835
844
393
957
107
951
524
784
47
203
933
631
21
402
83
130
415
991
841
741
697
286
123
33
983
516
923
19
932
219
891
1008
481
931
356
661
224
759
92
151
990
317
448
803
745
522
279
583
764
604
989
349
927
374
400
704
257
944
851
72
195
483
855
137
494
772
550
462
201
312
290
960
189
763
112
949
183
152
824
325
703
44
444
787
6
250
823
75
512
940
391
895
432
68
167
904
730
554
366
345
584
535
398
185
348
615
919
211
579
502
537
196
175
