386
1008
201
155
941
670
813
687
825
872
937
190
679
332
785
510
616
150
839
486
822
240
779
627
243
12
248
92
577
2
59
137
912
534
606
399
93
477
993
203
833
0
631
375
196
287
465
46
558
909
683
187
523
178
273
363
605
620
645
590
732
336
136
772
755
497
225
445
223
199
168
607
823
992
480
438
940
930
368
257
292
826
421
430
854
291
452
863
260
166
934
348
805
432
239
888
387
570
764
913
366
302
709
37
207
594
400
946
152
690
669
780
950
331
935
88
205
153
256
775
91
884
819
781
394
461
742
350
864
1005
14
539
634
841
52
195
565
412
544
517
874
566
493
661
591
158
1007
674
978
427
210
629
560
508
13
10
853
357
970
877
522
32
505
720
398
700
215
905
736
963
797
462
122
115
880
25
41
385
609
613
356
524
141
188
678
521
266
849
444
106
691
308
121
51
589
525
949
865
103
242
682
299
890
277
351
499
378
540
241
434
360
579
981
280
602
163
887
514
390
344
359
556
208
771
735
689
87
571
756
237
696
893
492
472
953
435
8
725
219
395
965
658
407
660
113
509
403
212
721
649
481
165
542
801
135
758
923
224
183
311
652
95
875
211
361
470
861
384
610
753
821
867
296
300
345
803
806
997
454
621
53
784
739
48
468
676
947
595
459
774
73
307
312
271
581
933
7
955
478
325
922
593
138
653
515
810
278
383
820
323
842
759
974
994
948
915
727
719
928
612
111
860
663
354
112
640
763
420
416
729
330
701
583
902
249
520
222
276
760
695
118
229
744
568
343
512
374
439
647
440
734
126
422
925
722
787
290
747
766
496
114
856
588
829
221
247
655
275
309
27
985
728
159
584
261
329
228
442
96
448
601
504
786
269
648
80
274
317
226
745
217
185
705
164
401
743
818
176
6
816
968
414
851
977
788
382
83
979
426
911
305
635
131
28
643
578
987
238
557
367
799
966
862
843
192
279
844
914
615
446
265
245
1002
61
812
364
792
30
128
871
146
920
447
154
765
995
286
298
66
543
346
90
724
964
143
49
436
69
437
282
927
944
314
310
44
824
733
173
707
428
809
718
795
142
259
85
253
20
596
74
574
573
896
489
883
86
372
200
267
681
418
891
675
393
794
16
996
116
668
304
817
388
72
712
628
402
973
561
800
550
889
777
145
419
715
650
587
516
230
218
878
569
189
65
507
255
582
175
551
214
334
177
81
956
373
782
252
586
866
659
484
235
982
171
19
834
500
202
464
617
894
441
855
840
625
1010
667
54
501
337
244
377
989
35
686
535
490
463
411
518
293
899
84
506
694
283
881
811
100
870
321
431
999
467
339
50
209
942
250
167
936
392
133
708
858
608
714
1
793
5
110
908
198
680
413
664
983
78
174
845
662
47
391
34
572
564
830
699
23
900
693
262
21
614
671
180
67
768
741
886
186
139
338
776
29
397
220
425
453
417
938
58
38
503
353
737
954
423
957
389
639
852
703
932
959
971
297
99
546
850
706
24
895
191
254
285
910
921
170
294
598
236
836
64
258
347
320
754
94
828
526
559
268
969
479
738
943
272
885
798
537
370
449
108
641
1011
677
685
184
89
104
369
656
246
672
600
726
97
18
832
702
102
456
998
541
926
532
270
770
749
547
483
144
415
45
599
380
791
352
859
611
960
773
355
295
1006
451
491
455
327
563
904
474
972
289
638
619
549
731
807
688
406
151
750
988
313
847
120
684
301
76
952
1004
632
39
916
424
216
740
469
519
603
657
769
172
876
575
213
604
814
494
567
962
475
802
623
958
710
633
879
466
358
404
698
762
458
206
60
233
36
673
3
790
654
157
580
746
460
149
665
967
831
193
585
77
552
554
101
124
9
945
70
251
917
125
303
976
783
991
68
882
545
1000
548
903
42
536
873
123
553
918
931
82
129
907
341
835
778
63
730
234
326
808
119
846
538
306
984
57
555
284
636
597
147
319
322
127
194
592
62
975
644
433
485
197
939
626
342
473
527
410
637
901
450
31
1009
204
130
264
929
324
622
748
161
495
26
697
333
75
513
281
318
848
362
335
365
618
980
227
713
906
