16
732
91
346
702
955
609
271
851
948
657
39
768
103
18
425
617
412
899
517
774
211
24
979
164
330
337
1009
44
30
574
442
569
60
148
269
77
17
968
678
54
446
690
68
667
817
777
1012
376
32
603
351
47
991
802
801
927
431
635
334
512
945
255
704
582
189
525
143
1006
321
590
150
451
962
566
780
866
749
368
408
213
726
159
911
818
729
418
210
700
556
284
784
27
81
878
299
833
259
496
311
394
771
441
742
97
304
562
855
295
141
985
309
433
614
246
563
613
170
335
471
607
847
755
466
362
300
109
922
792
627
835
489
965
130
535
323
449
199
665
559
648
25
99
342
4
734
41
766
106
80
476
3
825
874
152
499
370
146
754
90
776
194
861
759
369
719
37
87
832
595
834
568
131
666
254
324
551
875
367
196
454
34
191
14
21
611
409
880
421
799
363
89
602
964
969
287
6
100
316
181
283
485
943
987
731
591
11
502
192
176
325
519
604
70
662
174
503
453
543
960
996
967
791
636
567
20
944
844
845
898
411
858
461
966
917
257
294
151
462
558
655
494
221
713
946
823
869
288
327
805
789
1002
94
71
937
260
258
178
126
821
888
398
882
464
741
976
593
583
930
112
769
814
872
195
490
645
459
592
197
184
724
444
826
660
478
445
265
218
905
373
165
831
1005
145
289
529
783
736
88
277
890
579
608
448
42
173
107
252
134
359
50
233
268
402
610
36
397
273
479
689
644
341
885
981
705
313
414
429
51
913
180
365
692
498
958
223
594
989
884
38
839
910
379
123
256
668
865
516
207
495
482
570
514
848
396
73
250
811
764
750
13
920
580
873
549
850
601
941
863
871
837
576
175
480
687
686
730
716
308
138
520
63
572
606
185
84
422
147
544
699
231
504
932
361
938
931
302
675
406
139
74
166
487
647
216
119
390
227
155
621
578
297
838
681
584
317
427
276
812
550
26
114
658
895
775
160
349
215
1010
105
564
542
728
639
329
93
856
28
857
387
331
292
707
530
83
474
546
460
95
212
428
561
15
684
171
798
23
424
897
586
1000
756
701
167
891
488
270
767
909
879
744
336
76
915
600
75
597
140
110
235
852
307
378
9
810
893
758
31
356
423
456
364
697
217
616
721
101
554
723
220
740
69
172
432
149
236
481
677
385
963
903
340
612
787
127
785
715
815
868
615
829
588
389
53
229
35
674
622
314
7
537
661
318
310
712
301
404
779
862
532
961
521
86
953
61
452
511
630
188
162
242
708
531
925
357
877
816
96
244
113
990
1001
426
813
827
416
978
671
163
391
806
747
286
505
264
282
954
293
206
232
919
998
929
400
906
683
849
157
800
654
491
761
942
339
735
377
401
447
819
156
386
179
664
663
78
652
900
914
788
92
694
319
643
709
484
695
198
104
524
711
620
995
860
438
947
133
118
646
541
407
781
5
278
680
315
115
743
587
982
807
333
208
718
585
8
222
557
468
262
539
515
528
239
553
904
272
997
457
419
820
79
676
59
782
430
202
183
320
177
907
605
168
201
82
1011
158
85
703
153
154
642
405
633
1004
522
598
547
957
725
381
540
746
303
117
619
710
637
793
508
738
983
353
29
435
523
142
901
843
285
737
67
778
483
338
375
298
248
822
263
473
305
19
828
121
545
136
43
714
596
977
625
975
555
949
840
912
887
881
226
470
291
698
623
33
685
0
135
465
808
358
936
986
225
326
513
190
972
797
889
243
266
786
883
48
204
102
66
809
22
971
463
510
332
350
752
253
727
467
853
656
864
469
980
161
374
599
876
870
64
420
722
859
669
203
526
624
824
908
940
928
224
209
688
935
497
306
682
169
659
366
573
354
1008
413
230
46
500
240
399
626
247
455
205
371
108
219
290
1
328
507
939
552
926
403
536
261
751
388
144
440
842
640
186
52
355
245
772
999
434
790
575
182
492
992
717
993
58
443
653
360
959
49
312
720
137
631
486
275
933
395
739
984
129
696
214
274
12
632
892
234
830
477
952
970
472
187
238
956
896
988
733
417
347
629
760
241
762
296
571
436
534
577
125
918
763
56
950
501
638
348
382
