66
404
723
866
247
496
211
780
536
102
155
965
625
321
262
179
517
70
745
35
319
508
424
98
867
758
595
640
340
728
837
558
507
347
104
846
353
55
704
74
797
886
289
67
307
300
254
221
618
651
829
827
732
1000
431
594
146
425
703
935
812
65
465
336
959
955
559
578
372
919
286
463
237
752
385
601
270
644
379
413
239
427
299
576
852
77
794
821
1009
912
162
585
632
884
437
891
539
474
409
479
127
337
649
363
11
854
584
783
112
429
381
656
399
225
188
402
303
287
826
36
928
934
124
687
273
477
265
768
436
518
244
683
62
567
1005
1008
33
596
650
899
13
462
228
475
193
643
405
906
724
575
611
189
538
544
330
34
209
936
938
522
180
136
624
657
979
608
354
980
408
983
42
902
194
985
860
879
120
994
106
113
937
357
798
835
628
830
293
481
707
90
757
220
482
525
288
390
927
582
726
53
282
664
570
50
775
933
295
83
796
836
411
851
889
915
278
167
139
362
184
964
969
472
423
219
874
446
741
574
786
685
420
310
738
374
859
790
580
612
769
326
277
590
395
213
716
467
31
714
834
1004
844
550
203
490
843
892
554
135
523
853
759
512
117
511
991
101
231
692
990
593
384
669
696
521
212
8
401
108
875
577
359
176
700
364
894
672
248
45
159
266
320
779
80
495
342
782
864
268
661
776
645
762
267
97
535
557
249
18
977
849
61
166
25
781
940
674
71
275
942
967
755
169
75
621
734
305
904
376
383
348
641
999
350
503
682
725
869
68
806
276
434
378
815
175
216
563
966
987
896
537
740
913
968
177
604
202
430
908
858
3
263
432
458
848
666
623
261
251
397
447
93
588
226
444
24
568
433
684
784
200
712
15
257
791
14
333
229
814
476
615
989
144
918
541
957
617
992
99
459
698
819
950
997
787
722
471
316
824
271
57
880
123
629
838
158
702
317
168
652
382
274
6
4
417
210
1012
1
497
571
953
64
461
311
863
100
976
962
614
338
751
389
103
196
334
701
134
341
492
192
142
410
298
883
301
464
551
128
160
356
710
731
1006
105
739
681
947
235
620
85
365
870
658
956
631
16
817
46
832
572
344
129
269
440
831
94
468
678
888
513
885
195
737
573
332
242
79
777
665
43
924
20
205
718
206
646
91
292
605
150
807
82
87
616
141
705
256
675
339
774
996
721
39
654
916
84
230
546
730
981
932
314
392
816
451
619
633
555
483
172
197
877
930
825
449
361
201
140
862
312
48
368
878
96
717
241
28
232
442
898
855
60
12
841
984
21
677
637
173
38
767
469
272
349
673
744
69
770
245
811
329
998
386
972
302
839
793
799
130
583
506
346
186
355
766
438
697
679
733
622
137
528
323
809
603
453
881
415
850
613
204
945
529
789
327
532
367
400
995
41
351
973
199
820
861
581
223
480
810
514
813
921
369
735
182
542
185
531
132
549
689
234
485
822
19
407
975
560
845
607
403
929
450
890
116
148
747
556
903
246
217
111
982
802
37
366
118
233
803
23
258
309
602
540
377
418
547
952
207
143
690
81
569
925
121
454
494
26
500
754
396
771
868
516
589
948
926
795
647
318
435
218
335
873
296
667
900
944
761
284
22
227
720
2
445
548
29
498
457
5
914
805
281
32
421
857
627
156
988
519
943
970
586
259
297
655
502
470
553
909
10
691
7
208
660
842
375
598
833
414
291
1001
49
686
609
727
448
52
308
315
488
591
742
391
961
501
119
1007
394
986
653
527
639
86
171
828
865
27
785
746
510
748
662
693
491
579
736
252
552
905
772
131
699
626
708
565
125
9
78
808
543
484
917
587
54
388
670
352
487
566
893
250
443
840
165
505
264
51
107
59
804
847
478
597
949
499
181
1010
466
711
749
743
198
882
978
279
331
939
190
534
222
114
151
460
688
187
73
729
240
145
562
255
95
610
719
371
370
515
412
493
638
800
161
941
426
243
680
416
343
954
322
561
648
30
373
1011
706
56
486
509
422
713
149
533
183
0
387
564
126
294
44
946
676
872
313
951
823
606
109
871
764
58
393
818
456
599
360
897
709
439
174
122
