982
622
917
403
569
503
342
457
65
236
1008
294
801
733
843
827
969
97
590
471
632
920
516
255
283
871
665
608
60
893
721
615
588
601
295
914
720
731
367
215
8
535
825
101
999
496
975
631
412
270
603
54
34
718
30
382
764
443
239
432
1009
538
869
970
587
938
695
873
956
319
625
642
485
272
251
1000
145
495
762
602
247
315
434
144
775
679
826
316
278
992
724
310
351
898
549
440
231
5
520
686
729
742
904
150
478
252
453
479
264
1002
352
522
836
524
892
113
619
37
667
905
692
158
154
40
748
799
306
933
267
790
760
919
810
18
924
533
240
585
253
62
79
687
193
362
181
747
927
200
703
1004
384
792
2
483
1003
308
650
931
38
955
732
828
140
743
511
378
580
494
759
655
372
50
162
451
745
1010
530
420
172
666
331
1011
866
773
39
568
380
156
222
648
210
753
972
1006
167
918
477
876
10
105
68
484
953
491
258
604
823
304
820
949
935
481
20
915
883
425
285
71
49
179
406
997
116
293
76
48
529
263
817
706
493
332
64
807
52
803
124
689
467
651
964
482
118
12
157
337
127
46
235
959
241
865
934
609
971
857
505
325
909
902
350
366
17
186
592
338
206
436
345
313
242
435
170
187
911
133
301
738
546
318
78
527
346
198
385
874
422
926
644
452
21
652
725
531
250
243
921
35
81
159
333
906
624
678
109
951
379
654
986
92
456
416
521
553
390
968
998
462
211
171
165
238
188
557
757
344
746
458
653
839
155
492
578
761
125
66
618
233
224
268
161
824
831
683
178
704
415
100
545
630
229
334
634
768
963
465
930
220
391
923
427
309
783
895
15
500
245
518
6
620
740
397
728
741
884
104
303
674
736
208
302
51
90
354
966
460
22
374
787
439
218
744
877
698
793
612
887
205
680
497
988
190
361
671
375
638
185
864
404
194
798
401
669
752
441
132
173
428
643
980
765
981
96
814
499
74
89
576
0
392
476
808
519
107
715
641
223
327
102
711
475
213
135
246
983
832
626
614
365
821
26
649
417
571
596
3
134
355
886
776
984
567
800
225
829
369
688
339
419
838
962
454
63
766
360
237
112
647
532
577
126
259
885
772
137
7
502
840
708
860
407
872
353
153
566
542
343
897
636
834
56
400
572
473
468
658
676
504
646
656
942
300
681
672
570
163
336
59
830
944
490
796
449
710
437
563
767
900
219
685
586
282
348
693
4
815
463
785
664
889
517
573
948
903
534
913
276
284
470
426
281
120
593
994
13
691
455
584
967
160
990
1012
722
751
195
191
628
536
890
164
106
16
575
936
943
540
329
480
498
879
405
750
93
433
83
852
788
657
414
662
991
737
784
922
940
322
556
357
69
514
509
340
221
939
146
289
29
114
508
819
985
176
168
347
376
912
880
862
780
189
136
446
848
254
891
290
952
855
232
645
33
88
44
341
61
965
199
429
1001
394
730
297
73
393
547
579
541
863
842
987
663
217
539
837
623
668
833
421
694
138
212
616
851
979
875
727
977
701
726
928
716
234
771
67
24
381
216
735
129
349
111
166
925
207
438
552
274
858
591
809
811
525
287
469
326
121
1007
507
228
673
595
445
117
464
25
110
149
152
528
696
621
461
598
139
749
260
859
323
907
248
450
410
607
19
328
296
269
226
94
515
973
637
280
286
589
941
444
184
371
945
989
275
806
946
182
32
80
307
770
11
43
86
778
36
993
58
41
782
411
562
209
148
739
594
123
734
574
98
377
130
699
23
878
555
370
512
383
201
368
554
610
387
861
816
292
690
881
256
606
197
95
974
954
169
581
305
560
853
373
719
791
227
660
143
846
180
868
131
960
47
774
324
203
84
633
908
565
611
398
896
91
82
430
779
119
870
291
57
321
257
888
958
442
42
617
388
335
273
756
488
550
901
53
932
947
128
802
28
183
882
459
510
675
151
244
714
543
544
639
697
265
961
288
423
910
147
659
797
978
177
99
850
448
431
847
709
755
976
115
916
777
72
845
537
677
849
996
174
87
551
486
705
314
396
600
472
70
599
804
754
277
723
9
359
707
763
835
192
629
559
684
