121
835
587
542
81
991
478
884
606
584
948
399
579
447
92
881
431
103
771
10
197
794
491
452
65
333
532
468
707
871
1001
406
525
777
694
91
766
429
199
945
591
806
682
155
407
450
953
190
902
86
654
780
101
859
39
775
16
850
897
823
180
136
80
126
118
376
932
815
1002
443
95
287
526
649
108
465
838
192
124
330
290
41
193
5
64
448
45
232
362
3
411
847
324
997
589
833
195
626
518
347
469
321
593
350
733
509
301
852
164
994
357
971
955
78
109
201
270
143
522
206
339
571
1010
102
784
46
4
573
810
123
668
918
227
211
666
247
821
456
255
409
689
640
743
745
882
328
214
898
137
802
437
111
293
856
533
457
134
557
922
387
146
440
705
237
960
975
386
652
632
105
163
635
783
127
1003
860
487
613
984
391
31
416
769
314
957
112
762
132
972
630
883
539
410
958
261
294
209
691
466
712
159
729
642
97
569
388
279
656
186
939
385
224
14
170
710
370
115
439
631
552
19
107
477
530
236
812
628
233
229
464
770
319
514
674
797
920
736
742
59
358
773
961
116
68
389
1000
354
638
381
716
37
698
851
106
401
351
356
323
829
251
819
904
676
506
215
338
721
56
550
445
169
291
181
53
992
877
346
759
151
505
230
781
567
697
869
188
906
793
185
43
778
855
792
142
826
574
800
352
317
322
790
715
454
592
329
1008
150
849
67
866
799
708
529
472
327
512
633
536
555
475
678
1005
575
903
818
131
787
296
283
840
417
730
130
554
644
114
653
521
746
907
427
271
313
377
680
570
428
284
129
395
1012
393
326
658
210
636
619
179
549
40
306
995
373
204
899
586
272
8
355
596
981
70
397
921
791
139
168
7
839
499
891
93
524
614
763
79
767
876
342
461
498
49
756
250
147
390
974
962
57
919
978
135
537
701
55
563
980
706
534
911
936
645
382
25
47
934
174
29
153
528
556
719
161
244
831
158
501
432
749
970
915
366
870
54
637
24
298
18
254
225
419
599
741
222
665
424
218
808
562
1007
442
639
286
66
453
942
71
624
412
82
913
832
15
737
535
868
451
578
404
490
811
803
364
459
104
268
865
683
241
430
687
203
943
96
467
617
492
166
646
985
315
361
138
276
384
568
963
88
807
280
460
629
880
651
202
402
340
365
23
345
946
334
310
929
353
966
240
318
937
262
98
752
905
878
89
515
331
842
433
926
735
486
648
845
761
260
305
900
196
140
594
122
494
110
84
910
513
482
692
935
74
969
740
273
396
154
191
928
187
50
38
418
889
208
375
463
470
517
75
248
559
302
582
751
965
11
986
485
462
989
627
281
253
996
726
924
577
930
219
425
369
702
69
993
580
21
77
547
1006
983
125
228
42
516
572
576
814
621
374
205
982
1004
6
493
722
956
804
748
259
282
634
590
895
987
455
320
434
663
299
436
675
825
438
325
403
265
564
602
854
278
655
772
732
711
553
801
901
909
231
245
167
502
332
820
796
426
541
750
162
149
226
685
94
221
597
699
473
990
601
886
34
217
72
220
213
873
394
976
367
12
861
343
198
725
696
234
695
420
841
888
608
798
297
63
734
607
13
435
17
764
837
758
779
348
207
90
307
341
380
344
471
817
551
598
693
32
949
657
670
172
863
925
408
927
916
200
292
583
879
510
923
857
893
988
973
489
890
885
133
60
690
26
100
531
588
1011
776
788
520
363
309
795
828
604
252
544
481
441
647
476
22
62
148
483
727
914
786
257
52
242
173
35
178
679
738
120
275
44
300
836
76
720
368
212
267
311
728
444
503
495
33
9
688
160
285
295
616
824
625
277
999
603
484
496
182
827
964
684
744
979
36
156
2
754
508
497
308
289
560
414
421
141
223
864
183
843
950
933
672
848
511
912
731
611
892
747
954
117
853
1
113
967
686
765
165
184
677
372
274
704
0
566
887
540
500
718
383
405
561
862
20
805
176
335
379
545
171
519
830
507
152
618
413
609
622
872
581
858
947
641
316
959
258
834
662
474
337
538
504
398
423
605
940
660
480
422
119
917
650
681
875
714
659
789
256
968
952
643
249
664
874
