7051
6633
2371
9812
9641
12291
5809
9191
6673
7277
1901
5791
11823
799
1367
11046
3818
5915
3145
12081
6515
1815
5883
741
5212
10563
11586
11568
8516
4721
9403
1291
2191
10122
1012
8470
5581
7781
11789
6012
10215
8015
12178
2416
7704
753
2123
7261
3521
11152
11773
11385
11171
11929
7279
9798
6171
6198
937
2398
6067
5687
5388
5564
2477
9130
7400
8957
962
5701
7643
191
2570
10935
3999
1259
3128
10848
6476
10846
8533
10268
9126
5983
5842
312
7278
9505
9835
8315
764
626
8716
825
3714
1841
7572
4883
3271
6139
3179
9840
4099
9271
7786
7603
1737
6771
11476
1415
812
9238
2139
2538
518
5252
7610
6495
9891
11290
3971
6401
827
9928
12320
11206
6880
9689
5642
6716
10452
2968
2808
7713
4217
168
11821
5494
4694
12208
4975
6489
4503
12092
9158
3575
7111
6688
3500
2567
2353
8146
7309
1215
9525
9718
11335
4927
2912
10538
12238
10
7869
2224
10623
6987
7352
11026
8115
8842
671
1656
6814
7194
5036
12196
11188
7082
8486
9217
12064
423
1085
7592
8679
6757
6146
3406
6395
2591
10167
1813
12065
6226
7350
4545
6769
4924
10988
8493
5037
9740
6595
6735
12180
5523
9418
11975
7618
5443
1666
2030
5019
3449
861
1244
9205
9643
5229
2870
2886
12310
4135
6614
5214
72
9786
3949
4199
9043
709
9794
5973
520
12189
7361
4256
1542
11538
1161
10011
5732
9979
1123
4552
1105
3930
8995
11024
1336
7145
2683
10427
3591
11778
4695
8394
9371
1559
11786
10589
3341
3069
3198
9747
3444
11356
6128
2383
5269
10455
6563
1752
9430
7124
7490
3114
6616
8264
991
2218
3695
2803
6693
9011
7433
4316
3036
3057
686
2448
3079
6981
7953
1152
11303
8043
10380
9992
1177
1939
5317
10067
9325
8478
3675
11911
1457
5246
6551
12303
8686
7484
7677
10146
2499
9513
227
6083
11514
7804
8867
4133
11600
7102
230
8217
9389
9838
3579
2352
11922
9606
7716
3047
5179
7782
8324
4727
2826
1934
4228
359
276
3991
6426
6254
2319
11537
11150
5703
7314
2878
9405
2093
7268
1065
11222
2797
301
6617
369
368
6796
1135
7770
1220
9234
9269
2880
10190
6689
11043
4720
2140
2376
7508
8514
10651
2887
6450
188
6879
5099
9264
10336
9253
5913
4614
3302
4536
5528
11917
2483
3305
8267
2200
7688
10166
3553
2464
1242
866
6934
3938
3438
11569
9517
1324
5476
9358
1321
11142
5521
10520
5064
12171
10601
7732
2491
7281
9475
2602
3089
6573
3487
6266
8469
10734
10090
11899
12226
3973
9579
8424
4800
3858
9861
3190
4699
12262
7365
2175
9346
2361
8150
1080
9350
5052
9638
11269
4760
12227
3862
3225
11996
10650
9742
5575
11208
39
5815
6116
3628
12278
318
11082
3711
10106
1383
7733
10313
9905
2289
4553
12128
8880
4006
91
8386
3043
5062
10671
11612
5859
4480
5124
2299
11867
8390
9123
4765
529
4095
11795
5484
11038
6252
6923
7552
4444
721
6457
10279
1583
9399
9194
7626
617
109
8125
899
2195
2554
10342
5159
5968
2072
10603
4817
1504
4757
11395
757
4481
6798
8384
2349
7773
862
1016
8979
2126
1812
10453
2176
9282
4265
11060
10944
7941
9956
21
2648
7606
10732
1460
11657
4872
2936
7099
10855
6086
1156
9922
11518
11195
7477
11516
12221
4514
5615
1751
3325
5253
2112
4778
5770
6354
4413
152
4826
6971
1563
4923
4759
10925
7919
4511
10503
11931
11168
11242
2846
2325
11344
8934
12294
5860
400
9965
672
7016
4606
6369
2118
3345
377
3849
8377
1331
8312
9427
2552
8695
727
7180
9646
8382
2705
6930
5822
3025
9327
8990
180
10107
23
7320
2959
251
2768
11231
7465
5583
5171
11944
10351
2860
12160
5927
6667
5553
2852
48
11861
6700
4867
1873
6644
1807
1755
7929
12011
10863
2806
9476
1381
6677
1301
3174
2751
9374
631
791
972
10602
3177
9483
9933
4379
8321
5238
9876
2588
4490
5596
2215
214
2389
1628
3733
1374
9375
1629
9037
3589
553
9626
7725
1182
4802
4507
8582
5592
1181
822
7458
9320
4355
10978
1128
1325
10699
6281
2150
5865
9802
4013
707
4238
1672
4934
10555
12192
9746
10610
5274
1999
2578
6666
11329
11555
10695
11807
5335
9456
9584
4
12263
6470
4104
10627
2463
6835
1662
1103
11505
7540
10348
3952
3323
1816
8823
8050
4152
10682
9280
3201
9033
4677
9030
11251
8504
708
640
3522
7629
8545
8079
3414
7464
2618
10208
7272
7961
6298
4292
12169
1404
9001
10873
8560
2531
7141
4477
9755
2436
9662
460
8433
6675
5294
4335
6410
12165
383
10653
4962
5239
9967
6895
5552
2078
8997
5945
10745
3098
650
10717
3936
5227
9254
2019
6459
7442
802
9877
10099
4676
4466
4648
1630
11386
8274
11465
2423
3794
8284
6641
6785
10638
2466
1117
7803
6431
4980
9878
3126
10574
4136
11470
5314
2354
6840
5617
9353
5571
1948
5714
8263
1911
5979
1171
11871
2710
5840
10154
1912
11994
11687
7812
10910
7239
577
9815
239
5460
259
1818
8639
10421
3408
333
6310
6512
4539
4519
9865
4945
3795
16
3002
1346
659
1185
1276
10977
3181
2896
740
9988
5154
98
3774
9848
12194
11747
10324
895
2592
6779
6959
5848
5106
4707
2987
9250
4465
6059
10907
7519
424
11461
4915
11015
5756
10844
9451
1339
11483
2547
10569
7379
8461
976
9087
7003
7045
8577
10559
6870
5710
11430
7269
90
12021
6483
8167
2259
9820
3659
7480
472
951
12258
4741
7761
2037
6724
7723
10823
7483
2624
2405
6704
2834
10449
10047
6720
3205
11041
6207
2447
11343
4657
9510
11741
6507
11083
11230
2476
3154
5683
7329
12166
12013
4405
7617
9931
9492
1344
11553
11220
9937
11713
2513
7037
2493
7294
1805
5426
10784
7943
4126
4062
6819
4662
11435
10628
6618
7709
9883
10214
10415
7734
1734
6173
6802
1040
11276
1764
6725
2641
12017
9721
246
723
1297
5407
4704
11512
1382
6795
10657
3217
12170
9166
2572
7719
5536
506
6399
11894
5463
10057
10649
2634
2645
5922
4303
4692
7058
8452
8809
7667
5577
1881
4892
9536
3941
3481
3889
12315
9146
394
7521
6950
8280
9299
9955
1226
700
12214
5706
2074
5005
5300
11779
4111
6643
110
1469
8196
9459
9824
11830
5656
5012
6461
8429
10577
3035
1578
6977
3450
2741
7086
8707
7921
11896
11214
7576
5686
5689
7951
4745
9101
10894
9372
6108
9445
3371
7093
4321
3905
5534
11341
594
7866
761
2840
4633
4271
11661
10135
8712
3792
10804
1354
5781
8889
5953
2672
1915
1604
8012
4445
2273
6995
2992
2177
610
8203
9748
3052
7666
5083
11758
3065
712
11010
3914
7600
7837
6278
3300
10643
307
11928
7069
10480
7509
8630
1451
4751
2329
3546
10556
6008
4496
12119
9363
10868
642
9799
11075
7358
11522
5224
4382
8499
933
1231
3829
1606
12217
586
10196
1508
8393
7799
3535
9892
9585
1890
5665
11403
11494
10115
810
6343
5941
8568
6141
1855
7160
12030
7263
2265
9725
9957
9640
6120
8537
6777
6567
2024
6574
790
11808
1023
4972
8467
310
11536
9986
8793
7173
6690
3424
11317
9882
8298
5518
1008
1562
6227
11139
7767
221
12283
5291
10722
7790
7398
8482
10328
11429
305
9223
904
11706
1462
7002
3249
2775
8190
1882
4593
1711
1668
4579
6181
10138
2927
11035
3869
9196
2851
7990
1840
8209
4993
8816
10397
4728
1830
10875
513
7392
6491
5298
3701
10644
159
11110
1616
11990
8780
12060
11393
11178
3277
7267
5013
9591
8081
254
2731
5646
2838
5378
12272
5479
690
2411
3203
5896
1990
11503
4116
4498
9062
7373
1817
4952
12029
11609
6026
8649
10677
6698
11301
11526
7323
5897
8915
11277
1104
4468
821
9969
8714
1884
1195
1438
11209
7434
3164
10579
2055
8817
2
11843
6878
6074
304
348
7454
9089
4455
5241
2091
1810
4941
7283
2117
3022
1594
623
2952
7318
10009
2753
12015
9729
4617
9645
11792
12138
7888
9634
9134
11756
10835
11291
11953
5580
8624
172
8085
9147
7806
5748
9382
4683
11238
6362
10757
4610
11699
8488
2818
12050
7817
4234
10547
12319
8960
9807
2193
10008
12276
3320
5889
5565
4177
12304
8232
6168
11019
9150
8951
5017
275
3259
7834
7851
2395
10223
2025
2131
1142
3813
5305
10681
11754
3026
4710
5202
4983
8824
4641
9841
3265
1322
2922
3809
9127
919
3686
4037
11847
3631
9220
2997
7883
4646
10207
4717
3301
10222
11306
2427
11
6960
7625
849
10237
8988
7690
2167
1082
2006
5127
114
4020
11737
9710
6499
9138
11849
10865
5078
10562
9780
10494
10017
6726
10044
3754
3947
2280
3550
10018
5060
2431
6261
1246
7080
5451
8644
10646
10128
3099
1801
5108
4622
2787
7289
2085
4106
2138
1546
8674
3978
2843
9174
12239
9122
3278
958
10532
1591
11874
6162
10504
1109
6884
11590
9677
3667
6445
11942
3981
8244
11566
875
10325
4272
6620
7429
1712
11960
7127
1396
5286
10788
11511
2973
8929
8991
3125
6836
279
9657
2647
3091
2877
3976
7858
4181
8558
11571
2066
8530
11669
2796
891
4230
4345
10709
194
668
143
7222
7321
2853
7974
10580
6701
8552
6130
4008
158
11240
1511
6731
9379
5014
12094
3498
10178
2654
11872
1189
678
6423
1553
5324
1266
2032
2909
9592
11325
4638
9696
2589
1333
8722
12212
10949
5045
9364
6553
9388
4953
205
2268
7558
4686
54
7901
6568
6817
4033
3327
1154
4361
10951
2033
3118
10771
11192
7503
11822
7684
1568
2330
3820
10927
3351
11293
11460
573
11233
11243
3404
4506
3572
9463
11726
7960
8912
11463
3431
9056
7010
10193
3634
5030
5065
6166
3571
9607
8201
7546
8858
7424
2279
8370
4906
1863
8207
7867
4060
11125
8165
3134
9335
11839
5130
2918
3463
4814
9669
6291
4623
4360
4667
1695
4546
6302
785
7574
10382
7231
1618
4090
7499
1935
7619
7899
8220
1058
9467
7039
1304
9392
1986
8548
1526
554
9336
8102
3236
2702
1496
1196
3876
3291
1210
11165
7170
6004
1252
7924
6875
6772
8323
3684
12215
9577
7850
1783
11596
4178
11332
7819
11225
3707
1688
4369
2220
6397
11701
405
5990
2965
8685
6803
8135
4315
5672
11550
5880
11959
67
144
11146
2888
8357
5493
12222
11738
1282
3240
4978
6926
4185
10238
3276
10234
2391
9281
4587
1052
6165
2546
9314
8837
7616
4948
7347
7538
840
11934
2492
2512
6546
7360
10665
5981
584
8913
1002
2822
9750
1799
5578
2450
10344
7849
9226
1036
7027
2342
10375
9829
1667
5879
7148
373
9597
3967
8595
793
9422
2975
786
3202
7233
7489
1683
11376
1888
253
6996
2504
8791
1599
6115
11611
6706
782
1742
4607
4225
10647
11787
8498
271
3415
8295
11882
2630
1255
7763
62
1409
7674
148
2995
6821
9685
8848
8449
9366
10171
9668
7563
2503
8748
11032
10298
6813
8126
9117
590
8308
4877
9116
3616
10310
8000
10857
426
9769
6903
367
8743
454
7241
4377
2553
2083
207
11224
8066
6052
4362
2854
6338
7683
7695
7274
838
7205
100
7798
3328
6723
10919
5774
9618
8388
1996
4374
11013
5422
5177
5211
7913
484
2801
6064
6651
5601
9953
4887
10299
3454
1785
3953
3516
579
5709
9347
8909
1351
8684
11252
8171
3646
8076
7577
515
5609
6660
6588
6699
3537
706
8145
4540
3570
7518
8439
9186
12159
5461
558
5634
1843
2130
3056
9054
1512
6713
1536
6339
980
6232
1412
3194
11918
1585
10270
6480
2452
11854
70
6733
3187
6370
9165
8247
663
2005
1719
7103
1148
6801
11966
684
12074
2348
9775
7377
6293
10431
9047
8013
10372
11690
30
3574
10172
9929
8
10419
5987
22
3676
1927
2535
482
391
10874
8971
11310
12274
9681
8569
240
7714
4568
6109
9556
6745
10046
10203
4971
2163
10668
5384
1201
5322
8871
5304
8594
11858
9303
681
9781
8865
2417
4384
4278
2018
3692
4368
5753
12301
1678
10315
9745
2356
3585
3904
9771
10799
3150
5844
3638
10955
1540
3344
1293
9514
10544
6201
7411
3723
4226
9209
2488
10471
8219
2610
4398
11087
7444
9635
4714
9571
1211
8299
8441
7305
4693
1700
7038
5
11450
10445
3850
1160
4055
6437
4619
570
6822
1471
12317
7805
10676
10387
2204
9943
4484
4713
9351
8385
3286
8166
1422
4151
398
37
1290
2377
7909
4423
3513
10197
5377
6145
7648
10369
11080
2964
6427
5281
9648
11181
10434
2114
9369
10886
6844
646
5746
1371
8407
6752
7198
4336
10825
4049
900
238
1516
10897
3
4284
8318
2687
11409
4738
5509
6088
7463
9017
9566
6112
3385
9994
5204
8811
4556
1602
1463
9805
3094
11155
7807
7639
8608
8591
10762
12108
4359
7874
5149
9983
12079
10605
4522
11945
8677
11844
1432
12198
3804
8980
1314
5679
6543
1846
4161
9215
2065
959
183
3948
1035
9027
7892
10814
6014
4900
273
894
10833
8948
351
8735
6436
5750
4739
5278
5405
9357
9181
6680
10660
1380
427
10053
9843
3542
11588
6535
8759
9932
6024
6272
12255
4736
2690
2241
1389
911
8272
5215
11018
11766
10022
3812
7487
745
4940
7067
9535
2713
10773
4086
3609
7997
11379
3244
8663
3509
3492
4220
4371
3608
11593
487
3440
5787
9864
9964
8434
4064
592
6193
8497
10721
6073
6065
4837
8975
10591
12037
1589
3349
5539
4723
11029
6939
1296
1648
4886
9005
363
10459
1776
8969
3786
1906
9284
2402
6874
9206
7108
6290
6391
3475
9633
12077
51
2380
2481
2073
11622
5356
1638
9020
2461
4748
5763
5035
9765
6584
6827
7642
20
7534
3735
10420
1980
11176
2972
5749
9428
8464
5381
2184
11546
11372
10818
4066
11115
9267
5685
11570
889
9494
4395
6672
5499
11643
3838
4918
10584
10704
88
831
8121
1613
3374
5623
10363
11446
10327
8109
5158
3892
9538
5891
8610
3819
8221
4703
5533
1866
656
8021
754
1944
2655
10240
3842
9719
3421
1619
826
1560
1399
8018
613
10675
10278
9516
9292
11649
9587
10608
3704
2689
12275
3502
9875
6811
3245
4380
3224
3324
10772
6148
9301
499
10543
486
2791
10852
11910
7248
4129
8412
8661
11933
5637
12100
2069
7225
665
1006
6514
8520
545
10938
6046
422
4291
4091
3084
5496
10866
2076
9442
12120
6744
1655
10981
1038
12243
8534
987
9612
2874
1727
1140
3652
5965
3924
2622
5952
4679
7104
4260
10515
961
11319
10246
10198
4026
5613
5832
6396
7334
7739
8380
6649
6367
1920
10659
6342
7675
4125
6433
1715
6994
2830
3445
3193
10592
11602
7213
9315
6600
2674
4786
8255
8875
585
11397
1787
3067
955
7655
6626
9317
11645
5165
6482
6137
5548
7009
5243
10594
11406
10277
2014
5002
6361
5398
375
4652
5660
11557
9072
8554
5386
3158
10392
6190
11574
6889
6170
9860
4871
11143
4551
7878
10093
6003
3777
8834
11418
10035
3656
9032
8270
6869
3370
1033
3021
9144
6283
9546
6041
9170
3343
5829
8528
11972
10181
7240
5390
2358
1608
8830
3289
5160
5444
4032
9218
6418
5622
3681
10736
5482
5129
294
6603
1837
8053
11186
7615
4280
5206
11997
5412
3014
2643
5522
2726
6944
3379
8854
3191
4628
4885
6632
2521
3215
2373
5861
8667
6126
12105
5313
4407
1962
11698
4764
11724
10791
7382
11785
798
10700
4973
5350
1525
563
2293
6550
1256
2859
4334
7663
3367
6077
5372
1857
2298
10746
10381
10158
1115
10703
4673
6025
1410
3133
10007
6404
10575
10759
9981
2249
3890
1281
9447
9120
6044
7223
1789
8437
9632
5272
1064
11378
357
7783
2051
11093
5850
10025
1453
8317
5691
877
6625
2015
2914
2250
2963
5095
6082
1552
3937
8852
2729
10587
2510
181
8347
2264
7219
9783
9105
10730
10109
1484
57
625
11642
1494
6628
924
11157
2233
6805
8729
4242
6575
8090
10902
2000
79
204
123
202
10032
3880
1209
2346
5048
6613
11174
713
885
1129
5975
9497
8438
680
5481
6952
3614
4955
2453
6267
1682
6648
8428
3041
4148
3523
5121
4248
6280
10526
2541
9359
7587
5235
1347
1617
11939
8920
5044
12207
1879
12256
10218
10956
8349
2136
7796
1379
11009
6986
11601
5301
11308
11963
5876
10081
8562
9651
12140
5263
4347
3146
11326
7822
7555
6605
7098
6621
4996
9048
4082
4053
11819
8484
11128
290
9421
10849
3872
3540
5711
2560
993
9283
9670
3767
11728
392
1834
8944
8249
5719
2171
8598
87
8320
6679
7423
2910
3831
10737
5362
3822
3318
1625
261
606
3832
10499
2980
9365
11079
8614
6268
2128
7512
3907
12286
8847
12134
7339
10761
11396
947
7401
9356
5731
10862
7959
696
12066
1395
11962
10692
2663
11304
9920
12293
774
5812
3945
1145
7694
4344
7502
9527
10840
8863
7816
8795
9167
1993
6424
4050
3088
11598
10911
1368
11140
1718
559
210
7474
1100
12202
402
5980
256
4329
5729
6213
4982
2899
8453
1319
10839
2832
4897
4513
3823
12070
4142
9345
4767
857
5146
9574
11958
8626
9259
2234
11763
4840
1221
9222
5312
1402
2719
9090
182
5833
1950
5900
2418
1253
7101
11864
10957
4279
5760
461
10229
7488
11912
4409
8922
11558
2105
11768
5560
9950
12186
10256
6308
4235
5807
3394
8303
5996
12131
864
10384
5132
6282
11477
1218
2728
9187
4974
521
1957
5001
10249
6973
5465
7907
3919
3857
11368
6259
9549
2129
1575
6017
5042
3789
9910
6856
1797
6770
11057
9409
7270
2327
6478
5745
6871
6324
5591
6509
68
8779
11459
10750
4668
4419
1306
3040
435
2382
8689
2258
8993
11740
567
4077
8026
12041
3061
361
2948
10962
6036
9703
11887
5134
2709
676
8789
3476
728
287
3072
8287
1958
2120
1806
6848
10319
2127
8584
9639
396
12248
1685
11217
6583
3357
762
11169
6260
9380
4068
4426
5886
3223
6270
10922
5681
8840
8138
5399
5946
2919
6904
6098
7292
11380
8655
6202
4690
6184
5015
1272
7492
9832
3442
10486
571
4966
682
8505
6863
6585
12299
7944
9007
9390
1930
6380
10242
3709
1022
2333
8176
2399
1419
8872
8288
11021
503
10097
3650
837
1475
2559
4239
9287
9256
1020
3621
3141
4678
12093
2847
12305
6217
2434
5783
4531
9478
1144
3555
4706
10905
842
5947
2614
4036
5170
4565
11549
4132
2311
129
3588
12287
11604
374
9605
3042
11564
7077
6420
12162
1521
7762
9951
8218
6069
9869
8462
6334
3966
11327
4904
6842
12313
2562
10316
5654
7550
1760
2408
11777
10599
10276
1566
661
6230
6300
3845
10318
823
5541
11351
3005
5604
7926
6176
6248
12071
4653
11193
11683
10058
285
10124
4297
4048
6789
6285
5077
4121
5837
6360
11862
5813
4029
4079
11993
10188
897
12204
11441
10836
7218
1365
1684
1758
7627
8335
7969
8325
530
4072
12257
124
8205
2027
12054
4353
117
1804
2312
9246
8833
6843
1741
5138
7056
8265
3720
2649
175
3470
340
6755
1485
10640
2245
11045
6818
2460
4311
5933
11419
9797
5151
4100
2113
295
10055
7461
11888
6277
3533
3427
12288
10576
11022
9304
1942
2058
8319
2101
9768
7776
11299
3593
8757
524
10485
1705
5977
10550
537
7154
169
3663
5280
4930
1445
9323
9482
11539
844
8086
6642
7032
11801
9872
2904
9671
11688
2393
9115
677
7351
11950
10045
6623
11634
7700
11412
3527
8918
5081
8248
9900
6469
9833
8843
9598
8501
288
4236
3536
4418
4929
9702
694
10851
11794
5845
11354
12290
4432
6070
10811
3946
3515
9944
4169
12001
698
615
11658
5932
4708
977
8659
7271
11684
3376
10566
4392
3796
12090
7860
10227
3311
6855
8927
11408
1214
1556
4761
6578
11158
11902
3180
6676
12302
9169
9506
8131
6152
2661
7092
3935
6223
1507
784
916
5695
8985
6997
5408
10068
7230
1691
9076
7023
1969
11159
8796
7922
3817
8074
6125
10241
9801
6449
10915
11500
6687
4743
893
11719
1698
10763
9754
6604
6414
265
3416
12245
3925
10583
8032
8831
10314
1929
9911
185
500
3592
11663
9978
5554
7006
3153
1832
1116
10743
10498
7706
3988
179
8742
18
8363
3705
10711
6754
2967
6488
8300
11692
2739
5892
2568
6351
10062
11606
9077
4402
5627
4600
4611
7967
1019
2068
5733
621
2440
4691
4784
1693
7259
6379
1650
5307
8389
6224
1814
4198
4180
11061
8253
562
384
10304
425
3878
9294
2763
9060
1709
2428
519
10512
1674
9930
10705
1997
3336
11383
3755
4702
2596
7053
2945
11053
6373
8485
8108
3746
11229
9462
8999
733
12061
5157
8937
2444
4143
7724
6668
4172
8301
6665
2730
8625
8862
11681
5237
6556
7821
12087
258
1155
7476
7162
11629
8652
6238
7106
6009
2767
6022
7808
1610
10360
995
2805
1394
7504
8984
9903
5606
11076
10600
2090
6511
6220
2274
1041
2940
11218
3387
4453
7748
473
2529
11153
4173
1959
7192
8409
7168
186
11906
4165
8767
907
5841
9522
6970
11007
2077
10118
297
4502
2920
11714
8483
1482
8899
8227
10307
11352
11104
8810
2962
10530
4170
12244
5768
6989
6001
436
814
7126
12083
3097
2971
6147
1867
7825
6540
948
7973
10658
7556
5728
6034
2537
125
7831
1577
4538
1153
4373
3407
11374
819
2902
8087
5702
5110
807
874
3926
1125
6638
4229
7166
1836
2809
4112
11130
2425
1831
4500
2628
8694
4815
11774
11743
5835
7646
4473
171
5584
9031
8500
4196
12107
7751
6020
3200
1519
10689
9627
829
11479
5657
942
9711
7936
5118
3443
7854
8588
1794
12188
8064
6103
12103
6467
10283
3595
4596
3689
3750
5914
12235
11004
1420
11974
2004
3196
4595
9028
9601
11733
5027
7070
7662
1001
8907
7916
2507
95
8495
3883
8956
3738
7327
7815
6828
11033
7865
10769
10400
7862
3157
1623
4618
7979
7992
364
5769
6598
11405
10765
1586
1146
4403
908
4001
1976
2941
7792
11077
5223
3655
679
7210
5684
6372
8835
40
1710
11001
11436
9908
5537
6671
3992
5918
824
2813
8403
10774
10346
11528
11693
12056
15
2935
11711
3547
9731
6537
2703
4981
1192
7391
10317
5318
6682
6747
6042
7405
4023
8042
220
3798
12157
2748
5925
9827
4012
7196
7954
8184
4000
7256
380
10479
3227
3409
10306
3929
8720
4201
8210
141
10552
1788
3784
3148
1762
7884
8271
2070
6968
336
1190
11373
5605
2056
9600
8643
8996
1670
4047
3347
8774
2769
8507
10254
2966
7123
2764
7673
3234
4664
10131
5834
9787
11952
6524
4574
430
4627
1963
1287
12219
3212
3783
7527
5447
5092
3001
1561
705
8314
11735
7963
9694
9653
2495
4298
10267
5907
6376
6763
8726
12006
10854
5647
8183
12048
5992
6761
1671
2209
3330
839
7711
5086
6035
9198
6062
3748
7998
5671
1091
7972
8892
1137
3019
11640
3613
157
6876
7408
3649
4433
4795
497
4527
1010
8029
10294
2780
5852
4916
8118
7623
6
11175
6134
11480
3836
8604
11976
1636
9791
913
9452
4414
7414
10928
9145
5935
3388
9997
11826
1340
5600
9321
3268
11967
33
5352
12042
2247
4159
7236
6021
10698
10272
9961
161
10404
5185
8538
7720
6867
9890
569
1659
1723
731
10395
7970
10484
8005
10573
2613
1571
1972
5474
5547
6858
3729
10263
5944
7177
4572
11859
7188
6444
1101
7588
5198
4722
9276
12308
7049
4367
2266
10742
8788
2350
12068
7777
7034
5887
3697
4744
9148
4990
4464
3045
7335
5053
4961
2652
9429
9796
7224
1277
3887
5392
10013
9575
9766
719
6048
1964
3687
10221
7208
11445
3338
9300
6434
10056
3441
10258
11262
494
1312
4848
2261
4141
437
7415
5047
11999
5323
9644
11434
5251
229
11650
10286
11573
3366
2577
4742
1982
1894
327
153
315
385
10464
2549
11689
3319
10747
4471
6092
1294
1267
7698
7681
12218
6897
7302
11776
12053
11810
6158
3149
347
5688
1236
3070
11813
6054
10012
3751
8001
9993
3373
6681
9081
5153
1921
1416
11802
777
11904
3192
7029
11800
654
3607
3015
2137
7948
5512
5195
5049
11196
10038
71
4548
688
4949
6061
3639
11846
8547
1183
2362
3724
8730
9760
8580
4661
11946
7827
3626
9857
8216
9804
6570
12223
3734
4376
3007
10139
5054
11011
5420
2576
6564
2449
9507
2210
564
6940
317
5715
7044
10491
8965
9417
1338
4640
2898
8261
8447
7167
11595
6439
1998
6462
1149
11121
765
1838
9083
7113
2520
7455
2100
2124
10534
7000
6500
9732
7284
9133
11377
11784
4140
7217
883
517
2924
9036
8322
10470
7650
7378
5163
5472
1292
11947
2144
4045
6635
2211
2309
11930
83
4232
28
5943
7949
269
9915
12307
9520
3132
2558
4559
6080
5868
7280
5871
7628
7529
4364
8933
11560
3003
9207
4117
5782
9343
11909
4247
3281
6156
1059
2046
5148
10175
11664
3486
8838
9059
1772
954
4195
8246
7110
12008
2283
1527
44
3917
10527
1663
4719
10885
9521
10060
8839
3016
9411
4895
3964
8986
8519
788
7207
7250
7226
6654
9449
7337
6759
9971
10731
11198
3230
1232
9888
4487
3284
7215
10883
8640
1781
6183
7300
2639
6526
10078
7634
5651
8813
10308
7532
9830
8798
7447
4209
2857
5693
10454
156
4428
444
6778
3576
1853
9034
10112
2937
8241
6918
8756
3524
212
1607
10683
8010
10168
6275
6005
41
7158
311
5720
11820
11617
9102
5256
11828
998
4943
7366
8099
3290
7620
7431
6850
7083
3186
6991
10850
4182
9401
2756
7810
10080
6279
6788
1017
1875
8345
7514
6646
6580
4776
593
7768
7242
2372
1947
11705
12024
60
11731
10255
820
4250
4777
4825
3860
6576
1467
9063
5050
6392
2563
10710
11003
7580
5951
1056
2387
7847
9789
5967
8634
219
10645
1543
10948
1089
1756
531
9889
11833
7968
9749
5041
5716
872
201
11180
7369
4750
8072
11582
5439
9085
5236
4660
11989
3955
4366
7312
6933
9691
5543
4154
1229
9687
7202
11387
446
335
11069
11100
6019
11067
2320
12022
5347
8518
3921
5051
2359
9688
2026
2430
2324
4022
9410
4443
2235
11202
7809
1532
9140
8728
58
5100
3490
2666
4639
555
7917
6505
10435
5210
6697
6899
10508
1903
10441
10564
10908
11473
118
10766
112
10952
5113
3299
8952
8820
9991
7228
8127
10120
8828
3104
944
458
4612
5043
241
8555
711
7469
5948
8739
11552
11468
4449
8003
8069
1646
2064
2151
7255
1833
6485
8849
1766
4352
7475
8027
9940
9066
4287
7697
5843
11630
9338
747
10947
8987
5437
5626
1735
1968
9551
6031
6378
8400
11712
6159
10253
8866
6804
3677
6797
3342
9488
7425
2106
12163
9603
10752
5722
2646
5924
3308
920
2467
6416
8011
11444
6084
10972
6655
10542
2635
9608
7299
10723
887
1547
5022
3000
4654
6932
4251
538
10551
1167
9341
8070
12139
11137
11223
2360
5387
6715
3972
7199
2478
6577
3896
3159
7579
12101
11732
248
4888
4295
2509
9625
1499
10066
4358
7764
4363
10098
3314
10359
12230
8908
7341
9989
4304
1539
2045
203
4286
1803
3884
1263
4110
9258
3029
6513
7153
10801
9291
4495
7868
7693
9563
1970
5226
12123
994
8187
7966
2310
2365
4685
6076
10715
4493
10350
5890
1250
7238
2839
8293
5717
7417
10016
5823
1852
2933
1649
5456
2907
9852
7891
11720
9495
4577
2473
2401
1908
5290
1151
2433
7593
1580
4632
6908
5336
11772
5475
11185
5588
8408
1728
8340
8699
2455
9319
2060
11028
4964
10409
8719
599
11443
5902
3665
5413
2947
1261
11837
1224
738
1775
6972
3112
7614
8563
12078
11156
10004
9658
6839
7906
12296
137
6530
5373
7589
66
11249
12184
11259
691
10077
4562
759
3830
1730
9963
3044
1139
1839
8275
1249
5485
2799
8391
1442
7216
10909
8784
1744
7712
11200
8481
4534
6674
2675
8007
12191
10621
9024
1208
8945
1120
5786
3241
997
11184
8930
2116
6808
8597
8754
1421
2031
10728
5529
1247
2601
7573
989
11722
10356
6330
2800
7229
8618
8240
10666
2475
1334
5221
11803
9097
10513
7052
669
11749
4009
3321
2412
3901
8575
9554
7125
8508
9684
5029
11321
5415
5464
7042
8531
4131
4754
4773
8650
12265
3710
1361
3635
5737
9573
5486
8744
5799
6234
3071
2536
4350
758
1067
10994
5610
4031
10553
4349
2240
8715
12225
2082
988
4725
237
1605
2889
11520
7460
7459
5370
11132
716
809
3448
10884
602
12327
1401
115
8681
12183
9016
8049
3171
3362
2827
353
1754
830
12213
5175
1387
929
2154
462
7061
2098
8521
779
8252
9728
6269
2658
10137
576
5296
2793
1928
9168
8818
5483
11136
3204
710
3615
6327
6273
4123
9999
10708
953
8832
10686
1992
5209
10719
11437
4089
8237
619
10937
9360
4300
9586
4202
3912
5203
5380
5576
6477
4417
7900
3551
6624
5514
1466
9273
6256
9416
11556
4025
2621
11336
10110
4907
8103
7755
1299
9610
3105
535
2182
6943
12203
4625
5302
5636
11984
11119
10872
8855
4813
10625
10406
12144
9161
11120
2704
10969
11636
4191
4211
10173
8431
12149
2011
10892
11114
10343
9726
1854
9433
11258
10706
4834
3030
11363
3906
6645
3285
2864
4905
10924
2388
2278
6393
2034
9108
456
8451
9296
4401
8269
8291
10735
6534
10525
9384
5867
5572
10795
386
11986
9867
8332
89
7599
11583
7371
1620
4320
4168
9331
1203
9471
2931
11034
10141
1966
10511
9751
2161
963
2419
8731
7911
11697
2186
2392
1176
12075
1537
769
11751
8792
9895
7613
8881
3691
3058
6786
8031
9455
7390
9887
1913
3482
10070
5846
1447
5727
2328
6233
9898
4863
6634
12312
7132
11402
6421
2231
6206
5663
10496
11118
8204
1350
4004
2168
4313
3478
8822
6412
5423
1664
3997
5649
9496
11112
6486
834
10125
3480
10042
4166
7043
7981
4609
1740
6552
10853
1603
11767
341
10482
2619
8480
3503
6094
2758
9984
952
9106
10847
11957
11422
5111
5394
6316
7952
1844
9542
7316
11575
7220
6312
3793
5705
11544
5854
4015
5364
10126
4491
12106
6937
10289
1330
6953
8886
880
10006
4963
11985
9330
6175
8502
5338
1021
5950
7947
6982
7041
9753
9242
4200
5137
11025
1257
6121
10274
12085
10069
5872
7945
3833
192
11750
1053
6211
2040
9946
10793
7665
9736
936
4338
514
11058
10201
3213
6150
10729
9149
4779
10468
11440
11691
10888
9912
9013
9232
411
4237
6377
10285
8529
142
432
4063
12316
7605
9817
337
7813
2740
8962
84
4537
9503
1675
6357
8836
4958
4041
6756
8680
9367
491
371
2777
10673
8953
8364
4935
3865
3977
2226
3761
934
778
6510
3472
8543
4922
11809
5018
6938
12269
344
1637
2246
9995
6702
8888
6542
257
5452
8572
11414
4354
1557
5161
11023
7146
5218
5639
5532
7201
4308
448
7797
1436
10023
2284
3548
11432
10959
8732
3488
5371
10320
236
8895
1627
11091
6764
3757
8061
10664
6868
8371
1829
10233
10027
7528
4194
4208
121
6787
1892
1187
8459
902
1317
5025
8885
10680
12267
8022
2842
9500
2743
3753
10401
9763
9952
6245
3214
1437
11838
1933
11109
2867
6365
4035
10205
6597
9293
2179
6409
11347
12205
8113
5919
5882
11497
9103
6212
853
6422
6350
3519
6271
10456
5097
11205
4164
107
6151
1689
8442
4820
8954
11170
7624
4801
8194
11988
8144
541
1048
4828
9352
10669
5207
9441
6562
11742
3023
4517
6214
451
6784
3210
5873
8448
11062
6179
1842
11529
389
6251
9376
7325
10549
8436
1015
5449
1706
6221
6753
4456
11829
4296
1241
2845
8769
928
2041
5445
9539
2314
4105
8414
7996
13
3775
1043
2698
540
2223
5984
1835
4018
133
6958
1722
3337
10572
7839
5515
1352
7660
10634
10655
9394
8057
8755
2879
8532
6956
7726
4448
8943
334
6942
5178
2699
11449
5550
399
9906
5098
4843
1302
292
3882
4878
2081
4252
11608
2627
6872
9589
8458
3908
6049
3410
888
5510
9045
3805
7672
7363
5230
4139
5232
1593
9927
4991
11066
6976
376
12003
670
8616
7338
7116
4059
7448
5742
10744
647
5283
8392
8088
5020
3365
8179
7779
2300
5674
4046
11096
10153
6516
8175
8897
7903
1343
8682
11651
10775
8405
10518
3717
10781
11349
8475
3859
9925
5970
8071
11485
4244
2471
53
11812
5619
2143
4557
5962
6106
3262
7054
6990
9695
5556
7523
4529
4753
4038
11708
6685
8783
3629
5712
6988
12052
8168
9581
470
9918
11531
12067
11905
10026
1498
9386
3716
8973
3885
5084
2406
1590
2341
1326
3315
2692
4908
5972
9354
11686
289
7055
3888
10302
1535
4803
1470
1111
2946
12027
11831
750
1681
1544
7297
165
3998
9431
10821
2457
596
5344
8396
3530
8566
4331
9980
7418
7311
1694
6920
4061
2871
11339
9806
12264
12002
4787
10856
5503
10426
113
1757
1931
8423
1468
10797
10481
768
8751
9822
10593
3012
4674
397
10674
12328
2957
10933
7983
8239
4830
9974
7975
12143
9509
10001
4516
2497
11987
3189
12025
6768
11358
12112
9096
10942
8157
10073
6619
8606
10748
11161
12136
3544
1398
7076
10725
4970
11042
4030
501
4351
199
35
277
8260
4175
11389
11491
4430
4852
9990
8224
2432
6405
6538
3364
2146
3993
6948
9939
11702
10440
3382
12167
2335
160
3814
11576
921
938
8268
3766
11919
1669
4560
7561
12005
2153
64
9813
5888
8471
3980
498
9837
352
4740
6089
9637
6382
5559
11464
7789
11481
4314
11122
641
476
3101
6931
10147
10537
1632
2002
8222
2742
1428
763
3725
11478
12260
9025
7135
8337
10087
5677
3603
7412
957
7234
3584
4944
11515
4584
6402
5824
0
4028
4598
8607
6532
10961
10834
4792
2784
7137
5901
1193
3950
11545
10224
2375
5734
7410
3494
2866
10442
250
11535
886
960
11427
3046
7814
2696
846
11292
620
6262
2400
4649
11455
8206
3231
6383
9091
2926
3092
9486
5248
10930
8541
1614
3066
795
1393
5417
5418
7722
9008
1572
9055
9987
10702
11981
8645
8974
8570
6174
9228
7575
6941
11729
8611
7394
1900
2285
3927
10740
4080
3400
5374
2986
7021
4312
2599
9479
2944
10890
2811
5988
4899
3183
2667
7743
3100
6403
7164
10958
3679
7980
9561
7621
7212
1615
3451
6696
6443
9156
11685
8182
508
4893
4268
12137
12253
9730
9884
1653
525
2097
7747
2783
9717
6228
2318
1811
1274
4621
2573
10712
10939
4058
9236
4323
1068
10438
3220
5268
7025
940
4288
8527
10364
5538
132
11006
7251
803
421
6877
215
9420
3678
1746
2108
4768
2759
2355
11462
8136
4811
9313
1110
8734
5067
4844
9439
1732
3864
1448
11759
10581
11211
1450
815
11360
549
4894
2203
1426
11167
8941
6028
1007
2707
4203
10232
11232
523
9752
11762
8905
8841
2188
3473
7769
11620
5270
1795
10879
5819
7669
7985
11647
3846
322
9249
9099
9095
11431
3235
5091
7609
1303
8623
10807
2894
9274
9415
4864
9481
6589
4197
4081
5489
5999
10247
1489
2219
6149
7702
4478
3209
2660
7565
2451
6810
10030
2484
9038
8702
1009
8378
6983
881
5806
7578
5504
6321
10282
1107
1407
7535
11964
9537
467
7999
5026
7019
4274
5219
10916
1063
4134
7340
10488
5811
122
3979
10335
2206
5425
4450
9052
7533
6807
4337
5400
6719
8445
7754
4145
11561
7604
11572
8936
10165
4174
4277
1308
10039
6239
2201
6314
8921
8599
931
464
7934
459
1497
5775
5801
4789
3081
3085
8637
8571
2718
2607
3764
5667
3580
3412
5773
4011
3596
3826
1622
1150
1062
6093
12086
5188
6315
2042
2976
6263
4319
2199
6292
4791
4258
1162
3620
9790
11607
10466
11510
11228
6425
8884
6319
10119
2217
4601
12326
9772
19
10979
4375
8621
7183
1777
2183
7879
10180
6606
6985
209
2396
8048
6320
11625
218
11567
776
7510
10654
5101
1427
1169
4386
982
1439
6384
4162
6153
3583
11399
4424
968
1328
3688
99
8736
9834
8401
4590
7376
1640
7931
10670
4372
1069
1042
1677
7445
10545
4187
587
3610
8089
1378
9270
6636
5790
11760
7071
10127
6591
6068
981
11353
787
922
8489
8964
5555
7651
3485
4762
9947
5072
9473
7293
8440
2187
346
4509
9414
9093
2593
3469
4410
1298
360
8559
3309
2670
8706
8647
4293
10341
3239
1643
9663
10808
4017
2725
7089
2958
3453
6528
9935
5459
627
2287
10231
10204
6079
879
1073
557
2724
7096
2714
11806
9334
8189
6834
6255
468
151
8023
11072
9446
4150
9659
2470
1533
11390
3726
5743
5546
10184
8740
896
1047
5869
2836
8535
4926
9094
7680
10385
8801
1133
6455
11992
8060
8346
2999
6832
1849
11056
10309
11873
11935
1392
5938
1377
10507
5776
714
12210
11668
11619
10815
1515
3569
10003
4069
6775
9595
2771
6823
1918
7696
6520
2715
4798
5920
4014
9490
1364
3346
5976
4215
1092
4435
3737
597
1896
3713
6058
8465
11700
11771
720
11005
149
9679
10597
560
9075
7908
2991
1658
11235
3902
4620
3477
5939
11695
10296
4039
3728
5273
4446
1165
7636
978
9162
7091
1974
9528
11626
7235
12141
4213
2213
772
3261
2194
4470
4549
8790
8690
3623
365
5156
7079
4002
3229
6498
5379
7703
6695
8578
10132
8556
9326
10934
6774
4524
8628
7245
3222
5277
3877
7649
1731
8750
7252
2147
445
4663
10443
4436
6110
2528
4138
4997
5802
12009
11496
8850
11151
9178
11876
1332
4571
1592
9480
8646
5569
539
11179
6196
8226
598
3173
6922
4688
3383
6864
3428
10489
11755
5477
2486
8333
4378
2524
11696
4675
6113
8940
11417
8369
10020
2711
8339
8107
10726
10881
38
11783
3054
4294
8304
12199
11662
5358
11648
8276
270
2012
11348
10945
7612
5863
11900
6448
2930
5310
2923
5391
9279
3185
10767
9975
10311
12010
12201
4024
11631
1676
2089
10617
10230
4074
12206
5057
8887
8188
5455
6909
10778
11002
7670
2378
6924
4920
8355
11746
1665
12195
11903
4322
10630
3741
8904
4305
5658
1087
9814
1170
1251
10040
10790
1847
34
3974
9263
6565
1430
6118
8536
808
4839
6180
8309
2530
9680
5495
3770
10103
3197
303
313
10976
5094
244
8104
8878
8114
9678
935
3528
10179
3395
6407
4458
7668
2269
6783
5516
10405
278
11853
1452
5752
4051
11088
546
4462
119
1268
5755
9195
9970
10357
7156
11793
3765
6274
5085
7456
1119
8297
8868
1465
7631
1369
1061
4042
4726
8490
7138
3931
8054
131
9949
4339
1541
9436
8075
3611
10631
6215
2141
2225
10502
3381
4666
5638
7005
5535
11305
3602
434
1902
9655
5284
2420
7169
2779
3708
4794
10864
1880
9023
7035
892
4911
10362
9328
7073
280
4034
1977
917
12277
2983
4262
1828
5855
8372
9693
3352
10806
5830
4853
9342
9079
9153
7359
10964
4903
10820
7895
9185
10182
12147
10192
4550
9962
10326
9044
8713
4914
8656
645
6966
6463
9107
1845
3055
7537
4114
8229
11407
1600
195
3855
1749
10487
2007
1524
2192
2584
9306
3462
2734
5031
3049
5265
6780
3730
6569
7569
6329
3258
9894
7898
11851
10724
101
10377
10396
140
3031
2212
3771
6711
10990
9173
8876
5240
3140
551
6631
5603
4266
8806
9110
11744
8794
8917
11190
11926
781
9308
4390
9472
10391
658
6592
873
10920
11624
8273
5818
2216
8511
10837
6066
8399
5793
457
11307
3747
2574
12133
1885
3504
466
7955
4021
1071
268
7564
11482
3762
7896
8358
6873
7485
4415
339
6209
1878
5361
2555
10199
9204
7717
9395
76
5112
1916
11484
11098
502
9041
11311
10148
6210
6961
11330
2178
4397
5881
7439
5557
12007
9788
7991
8825
8613
2347
8697
10685
8173
8097
2960
3612
7838
575
1037
8334
4530
6678
1680
3083
12249
3348
4043
11592
8526
1269
5678
9413
7343
7632
6387
8120
3163
9712
6185
3380
804
1275
4431
1000
6127
7364
10021
2548
8098
10273
9118
9233
11885
9211
5655
9312
603
7939
2804
11835
1954
4780
10918
10914
10333
2297
1597
12250
1026
9214
7191
9368
2421
2316
6659
3113
770
10531
11891
6793
5040
6686
1004
914
10183
8522
6332
10379
7750
12231
634
3151
9381
3670
8551
2821
6133
8093
7887
3252
4659
9450
10029
3851
2657
11126
10163
1025
2071
6979
4299
11318
10170
1479
10524
11254
4005
7282
8455
2990
868
11241
4010
7310
1320
6487
12211
2326
7142
12102
3567
9058
1413
10015
5343
2600
2525
7581
5222
2244
8762
12193
697
3120
11913
2500
9469
11054
6029
10162
8768
8998
9491
4412
5616
7635
3437
3601
7811
2020
8733
9370
2381
9534
6886
5183
11639
4219
10641
11456
5784
11977
10992
1859
789
2855
10149
10780
2638
7932
8195
12059
3870
4027
9440
6743
974
1626
3460
1283
3975
2107
7692
7026
5401
9112
5213
4189
5911
10707
8859
4218
10523
5632
10028
2782
1130
6454
8942
3564
5961
9620
9400
736
12014
3791
8808
3095
6694
7940
8116
11805
11302
3920
9487
2009
4833
3219
11973
9398
4999
7513
6729
10065
10271
452
441
6975
614
7707
11940
11499
4731
11415
8341
9285
2733
428
4647
7001
2173
4474
2429
11703
9934
1634
10323
6967
6883
1179
639
1949
5061
2239
5777
5828
1127
1767
9240
2637
7871
11637
7062
5982
8970
8879
5363
3317
1459
964
362
11866
206
11618
343
11848
3772
1704
7647
4634
3082
11391
11055
7468
4884
1077
10034
10353
1284
10822
8805
1072
5056
8418
9010
326
6900
11734
10867
4056
884
2921
8110
1066
8778
6352
1376
1971
1748
11983
5346
11677
12089
10901
2236
10626
3760
10812
11615
12246
7094
4518
10943
9065
12168
2774
2590
332
8542
10191
370
6471
3960
6385
6901
9976
6096
8687
1491
2047
2908
11770
9002
11337
8025
2883
11879
6927
316
1235
8036
12057
2001
3873
9757
5016
7937
6163
7923
7367
2542
1348
2650
4533
1868
10912
6816
674
7993
9998
2415
2439
8893
882
11745
7355
3136
11297
5285
10609
8925
5107
11841
3987
10416
9261
2263
417
7844
2977
10528
4898
5332
9862
1661
3893
9464
7422
5140
8279
475
6322
9049
10177
1595
939
1952
3994
4865
10460
8213
8254
11177
1310
10411
9184
7416
2978
10301
9275
9155
1158
7214
5114
8803
4967
11513
1720
3911
6250
8052
1423
9111
8601
2953
8305
11621
6494
10261
9631
6037
10672
10738
11201
3143
11074
2644
3597
4602
5403
6504
3874
4073
12261
6539
2414
5676
4921
5957
4796
4327
2482
2021
7
6441
9316
4508
1826
11562
3122
5792
9248
12114
3984
8775
3355
805
4317
11498
746
8080
8869
9512
522
2221
7348
10903
3075
8786
8149
12045
5545
4267
197
3799
8422
8506
7244
556
7495
12322
10390
6047
7356
7007
732
4120
10019
1611
1564
4841
2480
7085
12146
1134
111
3879
2023
528
836
8410
3403
9782
1609
9018
263
10383
8472
5735
9850
7345
4806
12097
1708
4566
5810
3963
11936
10536
11748
3195
10974
12051
755
5024
5471
5519
3077
8134
7590
393
4098
12026
4912
2629
10497
10596
11289
1200
3839
3275
4947
8523
2180
11359
8387
3051
10185
3525
1581
6974
4192
6846
9084
9863
5870
7134
9061
7897
4880
1386
8496
6301
11164
4388
3167
11278
6523
11761
10142
9968
3769
4670
2700
10607
4746
6951
6650
10878
1264
12034
5936
605
8963
11340
6325
11315
3507
8172
3358
10071
2049
9636
660
5145
9272
7856
644
2315
5668
11924
9322
10275
8197
2165
9040
1510
12055
1079
3435
382
7494
4144
1454
6131
93
2288
11892
1098
2761
1893
4408
8766
5174
7830
4831
8777
3080
10463
481
9216
1355
8725
11490
1601
4400
11614
4586
4460
3696
2508
9397
2905
4709
7136
8919
11030
1502
8117
7064
6954
949
4325
286
9151
63
2550
5353
7524
11247
10412
5670
3433
5119
1478
10792
2252
4573
956
8622
2043
12124
10612
11411
10900
9839
10817
2253
10558
12127
4735
264
8654
7018
4261
12156
11234
9714
8223
7930
1424
2668
7853
10461
5066
10211
5566
8638
1534
12185
3331
9305
7910
12084
2816
9026
1914
8100
7525
1821
9224
8193
2202
4451
4669
4356
1248
11420
11322
10570
6963
3573
1305
832
11517
10398
9255
7420
10998
4488
75
6057
5340
9188
5909
8331
7206
4223
4393
2331
10312
7915
1747
9132
11836
2164
10639
1809
9972
10971
3004
6767
3703
9003
5089
4065
10010
7548
7275
6010
1262
4576
11979
11355
9348
10786
6898
8947
4569
4461
1951
8344
1417
8665
1327
5713
6435
724
350
4861
4729
9826
6750
9113
8753
11454
4756
9493
3474
11982
6561
3446
4829
10086
7172
10251
1851
1995
984
6388
2636
449
8426
4515
7841
4520
2498
9069
10063
11834
2565
11694
9923
2653
85
1790
2825
2374
9266
2084
1102
2835
3282
10365
5923
1965
5008
12118
8691
11472
3841
9926
5960
8281
82
4810
4497
3425
1084
4157
5003
6601
10798
1518
9649
10953
11068
9385
10751
3467
108
3918
11279
11638
9647
6554
11591
6826
9896
3109
6289
9461
2789
12216
7506
581
4954
11925
4102
11886
655
11551
10824
4523
5478
10741
5808
11937
5912
5602
10541
11781
8787
6670
6453
2410
11366
10292
6684
3182
9871
9164
8153
1925
2096
5007
43
6091
1094
10407
9408
5500
2544
8662
1548
4396
4107
3682
10169
173
3605
6123
9914
10606
10642
11357
2110
3763
2897
11271
9074
8342
692
10648
12020
12072
10983
4003
3501
8669
46
138
6287
1612
10475
11920
643
2248
611
8351
926
3824
9842
8814
6851
8106
7925
11998
5351
1745
985
10554
52
4283
3673
4851
8151
6762
1477
4616
6969
10936
2190
155
7430
488
8375
9251
8853
9973
2441
7800
3166
7742
6136
4365
7958
8576
9515
8721
4176
493
1725
9816
11949
6428
5895
5039
2053
4243
1370
10094
3916
5303
1955
10917
5201
8466
10430
5389
6144
3969
12181
835
5220
3499
12126
7880
5228
2533
12187
3898
10586
8024
8474
10332
7730
3489
2540
8911
1635
6749
8923
6346
1028
11274
10989
4118
2479
4207
455
8352
1733
36
4332
1701
9673
9784
5697
7421
7211
3027
293
272
3779
7298
4504
4167
6525
4245
2981
12241
8236
2149
1342
8282
10753
5393
3712
4113
443
11914
4689
2160
3815
6728
9529
8590
7175
2749
2290
4269
6456
8051
9699
4701
2282
7024
8894
1206
1739
2010
8924
7877
11736
12281
10366
4862
9391
7689
7409
323
8539
429
10084
1891
2823
9960
1726
3208
6114
9619
9176
2121
2332
8696
2257
12172
3510
4809
4597
10678
11439
7197
11051
969
5450
7823
9767
4457
12122
10996
8078
6794
7848
8688
1136
1039
11014
8593
5926
7266
2551
11260
12220
6447
9650
5257
578
6055
1642
5345
6366
11457
226
5166
5959
6885
6705
4108
7105
8724
4171
10877
6555
3739
401
7541
12088
5292
471
11646
2511
2616
8900
4869
6340
2615
10220
7157
7068
5267
6468
10764
12109
6135
3356
1166
2384
4636
3312
7193
4210
3032
7152
2458
5182
4946
2516
9444
5255
2522
5928
8510
8544
6452
3059
5795
9457
1505
26
7894
6242
9190
9530
10300
10889
11901
11897
1773
9124
6015
9583
11594
10111
9552
9936
5139
7084
8359
3552
3434
7237
11597
5197
7658
10469
4254
4276
8657
8404
3288
8710
8278
6824
5279
1848
3063
2810
8564
1081
3561
7928
7735
7818
10352
1798
7893
4563
1335
5406
8819
7381
10946
1143
8763
10816
10895
6497
3074
164
7291
607
6559
3138
8152
6736
260
11881
12284
2527
930
9453
635
7121
2676
9387
10970
1313
10051
5974
7384
3768
12033
4763
10582
4832
3306
783
8627
1923
4785
1078
2489
8727
1397
6503
580
5327
547
3377
3706
6331
664
7015
2157
2205
1118
550
3257
2364
9594
12080
6984
11345
6341
2228
7389
11424
11065
12240
7380
8678
9570
11978
1869
5458
9828
1194
2099
2873
3559
11210
5109
4608
536
9182
1820
10367
4019
9621
11073
7705
1362
11451
11951
3008
5779
3228
2403
11253
5558
1506
1487
5466
431
2900
10696
6609
5905
10410
5319
9692
6582
11889
8460
4253
10713
10108
4976
10595
717
10965
2949
2336
5664
8290
5633
1157
2807
1431
10687
2155
2732
5135
9572
5858
2817
8782
3115
6965
10966
10265
9958
2267
3283
533
3715
8159
8142
5261
8709
6415
5692
9704
10697
10368
4285
11016
11682
2581
845
10064
10448
8596
854
3270
3853
6071
2103
8230
7190
3940
10565
5929
10228
1530
6662
12035
3496
4857
734
5991
7542
9189
5730
7699
4416
11116
150
10041
11850
9100
11124
10257
4193
2111
11338
10235
6703
11426
1207
5659
4411
8215
5971
1647
7840
11123
1641
7030
10361
8161
2438
871
511
4542
4858
321
7701
1771
624
11580
10329
9672
3647
1960
10604
1060
8406
2308
996
5862
6161
474
8065
5010
8479
8760
7087
5325
3632
3811
11880
5432
3900
4758
5337
11111
1991
4890
3736
6072
267
8745
2446
1076
2363
10561
1938
3218
9777
5531
9423
5409
11519
5906
12018
2982
3178
9443
3033
5299
9800
11908
7262
8976
6442
6847
7633
9735
2706
11521
2307
8982
8821
4541
5142
5349
7181
4644
4264
2487
2424
9698
2752
7020
5181
7017
5365
2954
11401
9201
3242
5168
9199
4808
7065
4438
7752
9741
10529
2208
11117
6140
11659
4472
8055
7189
7022
3958
12098
7342
5757
2232
1791
2901
11832
7570
6027
5068
1184
7179
10691
8353
9230
9907
10749
11877
2849
12164
3250
8525
2094
516
5608
2609
11502
11790
6178
4882
4052
2605
11268
5410
11890
910
1124
9213
3932
2781
7640
139
1904
11533
3062
532
10117
10490
3693
10200
9
6138
2785
2723
7863
8524
9652
6490
9412
3170
8463
2291
11425
7601
2680
3867
6929
7435
3386
10819
10787
9544
4651
8035
4501
9853
2863
2087
1464
2717
8718
3891
6612
11154
5433
65
1288
1825
4876
4816
856
8749
1405
6200
5937
8058
1005
11248
8186
8427
12190
4630
5780
11452
9212
8703
5785
1721
1886
11031
5894
3856
9340
3790
2515
11213
8040
1743
10287
496
637
9523
3581
9373
3129
11037
1769
5851
11394
510
11752
2061
7319
5328
8648
1808
7678
1388
756
9257
10293
1265
9823
1819
8883
10880
11267
3633
8693
6264
6980
10505
7987
7539
9870
5117
12110
11616
11895
8402
11309
6177
6479
8928
7466
1994
3393
8574
11365
2841
9700
4812
4163
9759
3622
8129
903
7661
2974
9526
5438
572
3532
2691
5126
3156
10802
8411
11915
5764
9825
11266
2659
1106
12197
1624
11991
6099
11943
7081
9136
3511
507
7498
5725
12270
2697
10088
7938
5457
3534
6317
3910
1114
7775
8800
4505
1862
5652
11101
8420
11547
12039
2035
6572
11134
2632
8419
2271
4909
1584
11495
5006
7307
4979
9192
5761
1093
4656
4959
2088
2426
11898
5853
11523
12116
9713
8770
1687
1633
11707
9602
1083
6204
11239
8959
302
11995
69
9221
923
9893
2745
329
5540
8178
1922
7349
5507
10777
8348
1323
2608
11183
6045
5585
3429
3666
7357
7753
3644
406
7324
3808
3405
1782
6890
12280
629
349
3484
6253
6328
243
4328
9448
7012
6639
11000
6912
4797
7828
3169
1639
7585
3162
5071
1780
2939
8553
8020
6496
5997
11506
5254
7571
9604
5816
10997
11641
10975
3009
2227
8306
4836
8902
3038
6859
2934
3970
1307
10446
1768
5568
7122
7745
8132
6611
5908
5645
6545
4429
5383
225
12062
5260
6782
1651
898
8550
6417
9616
9057
5562
6186
10517
8156
11678
4076
1174
10043
1435
5551
8119
6622
8546
915
4807
11782
5367
10662
11199
10871
699
3422
10800
5123
4919
9203
5511
5682
5396
7507
12228
2721
3565
10921
11493
6472
2656
2159
5102
8454
6519
4626
5082
11257
189
11333
10386
8955
766
1822
1941
10322
1729
7493
9484
3172
358
4087
3641
7531
2340
4425
10906
11563
5624
10973
2230
9578
11845
12179
2156
4782
5357
11331
2884
10089
5501
4788
2795
726
12044
10842
5549
4146
6337
10157
11581
673
11660
752
3137
1027
8133
10830
3018
8994
387
5369
3598
9941
7962
8844
5989
566
9344
601
9208
2334
9996
11816
9143
6345
11916
126
12043
9159
320
6154
6013
9795
8857
2856
3933
5453
9630
9524
6353
7331
11364
2829
2048
6707
8950
14
3280
8415
813
796
6033
2242
3645
4040
12125
6790
6740
6945
7902
6218
2237
11236
5955
5978
5414
9916
10688
12254
10495
9836
8200
10225
4406
1883
5133
3549
2357
10295
11204
7607
3426
990
6188
10288
12047
10899
7544
8198
10145
104
3295
3274
4307
176
2044
5916
5434
11296
8296
10635
2543
2792
404
2770
4684
2625
8094
6358
6172
1488
7370
9611
3102
11040
2368
2029
2695
4290
11105
9227
3116
9945
12292
11295
9880
2911
11287
8257
7727
8491
3368
7774
232
1095
4383
8233
2198
12236
4932
6243
2474
9707
4734
9924
2833
6102
5762
4333
9778
9629
5847
3529
6432
3464
3745
1384
7497
8251
7984
10483
9959
3669
1403
11585
3660
7885
11769
11367
1132
8573
833
751
1329
11907
12175
3142
11084
7470
8807
11653
3835
9580
5820
9104
8289
5964
4696
8258
11246
6647
11540
2875
9919
5276
4452
9675
11865
10987
5563
11753
10355
4697
7452
7501
4951
4440
9656
3139
6882
11504
3508
10100
308
6030
5825
7144
730
10444
7559
8961
6359
4989
5073
4913
2022
7520
5355
4387
11102
3013
9921
10104
7802
4637
5342
11215
7905
216
6493
4482
2738
633
8365
3396
4950
8581
7657
7100
11050
2134
6465
8592
4301
4849
5038
9219
3471
1697
7989
2892
356
5520
9504
3493
1050
3096
2788
10510
3545
2294
200
1204
1486
10164
8028
7598
7608
12295
6311
9623
6557
1865
7317
2251
9803
2502
372
806
11508
4318
5754
11970
600
6460
9866
3854
11671
6894
3439
9808
12224
10950
4581
5004
10770
3354
1003
6596
11090
10636
10714
8180
11312
8586
695
1872
11718
3361
7057
7715
9599
7258
4212
3995
12242
12076
4891
8910
3661
3582
3152
5942
3359
1973
1984
10462
9904
6258
1692
5428
3028
9383
10266
7143
8228
7737
7140
7833
11194
5798
8557
284
4583
12121
7095
11968
1981
11361
568
345
11219
9614
6663
6085
2016
6758
5184
9109
7486
12237
3618
11162
3568
2260
10533
4936
3643
2469
11727
7257
2506
5579
3797
4635
4790
1514
7063
6205
1823
4875
9377
2736
11530
2222
2468
1567
8366
5949
11145
7383
7630
10187
9724
8059
408
9831
11187
4873
4130
542
9756
5093
7437
8128
80
1909
410
5690
4592
7784
4824
5747
12150
7165
5259
6936
8002
10870
10212
9873
9454
7472
3698
3543
5104
12247
10152
6419
1046
11584
2594
7551
3683
3962
8473
8262
1359
1654
3389
9154
7330
6182
8092
1517
9847
11532
3353
7780
10129
2932
7453
9197
10548
3939
4881
6347
7174
6862
3732
843
8047
1786
11265
6194
6386
6712
9902
217
1555
10869
6006
47
12324
11284
6737
1366
7933
9540
4655
3816
10796
8250
10130
4463
5326
6375
3556
7957
7595
7008
146
7526
4543
4179
3731
8435
6914
9268
9157
8517
8373
794
4671
2938
3968
1131
8711
11709
3526
10571
4399
9297
10519
8177
8977
2135
211
4137
1356
666
10985
7567
11723
6831
3263
1481
10245
2067
6714
6608
10002
7428
7995
10616
2701
8328
116
10059
11294
8812
11869
9183
10048
6492
6947
11980
9715
8903
11148
4525
1476
378
8914
4613
6189
419
3756
10217
6610
583
7946
7757
11623
7457
10136
2737
4479
8949
9177
4984
6117
9743
9845
306
8673
6305
2837
3468
8101
5586
7788
4544
9235
651
9004
11113
10156
1529
3868
1074
3147
3801
11667
608
5421
10280
6095
4249
8231
2798
1779
1943
11263
4827
11166
9818
8185
10694
3983
1770
2865
6531
5162
8701
3418
2462
12155
10414
12229
3802
10898
6599
8354
9762
5573
715
3211
414
9628
6935
2993
7976
10354
7982
3127
1827
4589
9333
8981
9568
10931
7109
6946
11799
11273
890
8361
6892
7785
2545
11587
9508
3934
12132
9548
8041
5316
7826
8124
3087
6865
3827
2518
9624
2385
8758
3221
8896
2673
11264
2302
7471
10305
8140
4933
11059
10216
4879
283
591
5348
7611
4561
1273
3861
3110
5295
3402
11627
12004
1474
10929
7602
7112
11416
7047
5136
1141
3840
4521
3483
1714
632
10082
11565
9426
10629
11775
552
12038
3727
12036
4083
7641
11534
11047
1876
10716
3653
9810
6998
5122
11938
4698
9821
2620
6000
3093
10226
5431
3064
492
9609
2744
5587
6579
2050
9402
4580
5334
5366
154
7203
4687
2390
7482
7171
300
2172
9243
11870
12113
2459
1573
1596
7036
5954
7685
11442
2885
12251
4733
2580
3562
4439
465
8039
7473
5599
4855
8243
4931
6229
9175
1186
7159
2557
9332
2617
163
5738
3752
4103
3965
7942
483
7652
8705
5544
7679
247
2678
235
7288
653
9141
5956
2586
1870
5570
5164
11739
3266
7385
11103
4804
6549
8362
5354
7861
1108
9438
3458
2582
9734
3269
7119
1784
9080
685
7296
2454
9324
7760
5194
2189
9948
1090
12028
6299
11541
7184
2720
6962
10860
2979
11063
10423
8802
5994
3161
7372
2092
2366
6307
6304
9406
2409
1075
12173
8286
8989
4705
5375
9241
6602
4965
2716
5416
8700
331
447
12268
5070
4874
1044
3922
6060
2292
7772
8845
4442
4222
2895
3512
1018
5821
5069
7182
9435
9550
1520
2598
6518
6244
8675
7031
6544
3788
3671
262
6458
8122
2868
2519
7388
943
450
5630
9547
10116
1311
7582
1858
4489
3554
850
11020
675
9015
7846
7656
1443
134
9362
440
7710
479
11488
8752
7186
6718
2820
6119
1212
10422
841
1569
2671
5826
7440
6132
7353
11673
245
7467
10535
6155
662
7728
1014
3702
7676
8477
3264
10598
1989
4330
10433
4712
5144
1055
453
6657
8181
1940
2681
7686
1213
6993
8781
6857
9733
950
7554
1582
3915
6451
9502
5467
2790
3637
8014
8882
6852
10052
6122
1717
7914
1899
11288
5831
543
3255
3787
4499
10436
3130
5631
11086
10121
1523
1390
7273
2606
4956
5597
1895
1753
8259
7046
4558
3563
5341
7149
8425
7746
10428
11197
4532
4259
5190
7362
5903
3247
9738
10754
8967
9660
252
2534
2379
792
5009
3459
8939
8870
10963
6709
4070
859
4535
8771
4766
7736
2850
2306
2505
2772
8307
9295
10033
74
9489
5462
10091
4642
11542
11413
2465
8238
309
9474
9716
7139
10340
407
3810
5435
6051
5480
4901
11704
2893
4270
11285
6336
330
2169
1967
1429
8503
6032
9954
8105
7547
6915
12273
17
7406
11039
9720
4155
5707
4486
5287
9286
2566
10661
3617
9051
12
2445
11049
10611
388
6295
7855
5033
5662
1372
5827
9129
6105
1240
10259
11818
8619
12046
9499
9565
9569
8600
9172
1441
4183
5744
512
10349
4775
5696
1724
3648
6101
10637
4127
10083
2148
932
3232
2844
439
1774
3742
6881
2122
7478
7596
965
177
1856
4774
7882
4917
4088
6356
10281
6104
2819
6466
11381
2814
7074
5074
8494
10061
7403
10331
7187
3254
1621
7395
7059
11956
11815
10447
4594
1391
8826
10150
3837
2145
6164
9229
12115
5611
187
1983
9073
4389
2891
4224
11237
10478
11447
5699
11064
5838
1096
10904
4094
2501
11092
4977
12016
5115
10037
7659
11097
4273
1917
8395
5751
3384
1126
5225
4385
6191
4255
7664
906
5995
5817
5028
8067
2115
11375
10189
3106
1414
4724
800
10213
6429
8898
10206
3744
9231
5249
8443
5079
9737
5788
10843
7129
7295
905
6081
1897
6669
5289
7014
544
10105
8698
12117
3881
9425
1907
6143
9844
10297
5320
8864
6905
6521
3037
9874
7515
6887
5593
1860
10893
7354
5921
10896
867
8540
847
8158
5187
12297
6276
8330
325
11628
7326
8245
6240
6381
4889
7227
8191
4348
2686
10567
1433
10339
10568
10585
7346
6739
1538
6734
999
5513
314
1163
12259
4823
3332
11868
10832
11172
5669
1579
11797
7221
11078
6023
8374
2422
6999
6306
11189
6722
7195
941
10613
6474
10727
11036
2276
3417
7876
8785
469
12148
7543
2369
10588
10465
2955
11286
8356
9676
4346
12154
5180
6921
6957
10160
4124
4737
6896
3293
5704
9252
10619
2762
6129
2174
10418
3419
10123
1824
6849
12082
3329
4475
4631
1761
1574
4447
3495
6169
7560
5264
7028
9307
9163
11261
8016
6167
3662
11507
1227
4186
5055
3206
7161
2571
8192
1645
3497
8874
2281
381
11764
8095
9683
5468
5011
704
4188
618
11371
1644
6741
1509
5517
223
11817
8764
77
2322
1024
8631
9278
6318
2684
3505
342
5128
8666
2345
10785
10783
11961
3886
2642
10050
11052
490
7978
3680
2275
8565
2442
6016
8877
8141
817
8446
11492
1
1874
1245
2456
6501
1222
6773
6845
8487
8901
2059
11270
5963
5429
6075
6587
10521
2994
10756
8009
5934
2970
10858
2196
6541
8670
12177
10134
9543
8381
7824
9705
9564
1295
2485
8747
12142
9302
1188
3719
5216
3627
4793
1217
9179
4422
10239
7511
7276
5275
9899
5650
667
7872
4969
10615
56
9245
10720
3034
5598
3420
4093
703
10960
3557
7505
6615
7530
8208
5530
4216
6219
8326
4097
6906
8629
8162
12130
8037
3942
3758
8636
6297
6124
10758
2747
5441
2256
7419
6522
1191
3606
1086
8617
3982
1113
274
1341
1180
5561
2523
5794
11256
3624
9727
5103
12200
10887
6861
5250
12306
5339
3895
11466
870
5233
767
1953
8174
3943
10429
9396
10389
1121
5874
11094
1961
1793
3776
863
2722
4441
9466
9511
8242
7443
11458
8006
6406
11842
1316
8266
10159
6363
6411
5488
1216
4092
9035
2338
10932
6841
9477
10186
478
3461
8046
6860
4665
5306
574
1456
7682
5899
3668
6917
5131
5885
10557
5059
8846
5116
7393
3806
9171
3740
1233
7426
10501
4007
2561
8632
6765
7328
983
6800
10072
8397
10986
3360
2104
1408
12161
6157
7399
8723
3722
5898
979
5430
589
10477
10096
7404
9642
1173
7749
8797
9977
8367
7178
5309
1480
412
9582
9533
10269
3743
6296
3630
6536
12176
78
11099
8456
4394
1598
10514
10493
3956
11855
1178
10262
8160
11856
2386
7759
5526
7253
10467
9532
3452
7729
3237
2640
5644
8202
438
9558
971
10652
9674
8861
11106
5288
11085
4221
2305
11954
12049
1926
1337
3587
7304
6107
3076
628
409
12031
5836
5759
1198
10828
7637
2679
9393
5395
5330
4109
6627
760
11298
8139
5940
4752
4078
7285
5063
11857
7918
6746
12073
5758
9792
10403
5231
9785
1458
4578
11675
10370
3111
10473
693
5088
6216
6658
11672
5635
9770
10252
2017
2984
2351
10805
5629
6837
11255
8096
6002
6484
9562
6964
5424
12135
6955
8234
9432
1418
878
1483
10663
55
9071
1318
2633
4122
1238
1513
8327
10450
2828
5473
9723
8033
6199
6607
5096
7829
10054
3928
11423
4492
9690
4149
6389
11313
11133
178
7344
10980
4603
11404
8492
5648
11467
9855
9779
9193
11453
3590
4822
228
818
9180
29
9849
561
11656
8417
4101
11635
4128
3010
7890
8860
11135
3006
5454
5502
3539
5492
8343
1802
11725
702
7597
2317
1444
2950
3517
9046
10024
7209
2881
11486
8008
11788
5621
6192
2337
8398
5497
9339
7117
5917
11328
5506
3297
3238
6776
6919
4985
12298
4995
4928
9437
4084
10923
6195
11525
2665
10174
6829
869
9851
3233
4769
6893
3050
12325
2677
5470
11589
5772
3078
1138
7920
2694
7835
4585
7740
5767
6309
927
4310
6039
11811
3369
7562
10371
10378
10831
11605
416
5125
2086
4054
6197
2754
136
4842
9666
1122
25
657
5498
8641
3432
3296
11316
9593
11474
1258
6446
4847
1270
1449
6517
9244
11017
2437
3990
6247
8468
10633
2158
588
10399
970
6891
12152
6043
3184
7881
2708
4240
3334
1759
2181
6781
5419
4263
2272
3825
9119
7004
3226
3068
12285
24
4902
2587
8635
5875
4246
7721
9050
10334
8946
10457
9239
780
9092
11227
4960
10144
2760
1197
8292
1049
9819
3411
2831
3800
2443
1271
1750
10940
8958
4846
5058
1889
11852
3060
8360
73
10845
12300
2985
10075
4044
10358
7950
5234
10760
992
5595
6398
3216
1905
3086
9576
6527
11633
7246
1738
11932
8038
1503
2564
1631
2102
266
9225
2631
6910
3586
2585
10036
11095
6203
7671
11923
2214
8336
4427
7857
3959
4343
4469
4476
10739
8512
6335
4732
6760
1587
7303
5427
9776
6710
11765
3699
10474
4526
9202
3913
3024
3996
8383
1175
7859
4992
1690
6038
1280
3350
5282
10424
687
5661
638
8761
3654
9125
9361
1360
7386
4629
3287
11654
10014
6413
10982
196
4591
5032
11281
3785
5075
10620
2075
5397
8034
7396
8030
9897
147
797
9942
8815
2286
4067
2028
5105
5614
5718
1473
722
9553
106
5643
4485
11244
1472
9309
8746
7843
299
170
3326
3803
7050
3674
9468
10546
3619
415
6594
4860
11245
3923
10031
2956
10509
11107
630
5046
162
8605
9265
10209
9068
9009
2255
7118
7971
10926
9064
4341
11875
8421
7432
9098
7536
10248
9088
5321
5849
6225
3871
10345
8983
7778
6333
10102
7500
9519
10500
2876
8890
7451
6586
11275
11272
6738
9909
2579
9086
3020
3541
5247
12233
5542
1979
6018
1057
11501
11710
10522
3658
7078
6506
7771
92
1234
6481
1013
5796
3863
7836
9139
9985
190
7791
7935
1531
2682
6050
2812
3894
11780
4819
3176
10303
4772
105
3413
10993
10155
2301
6566
8966
9424
858
5524
11346
12266
3430
6231
4160
7438
5910
725
1679
6692
5245
10393
1363
8602
9022
8056
7988
3781
912
6661
10284
7793
390
6284
5469
4818
7301
4357
4994
7247
2243
8091
3123
3121
3957
718
11644
10632
3256
6502
11300
7163
11603
5607
3048
420
2197
12069
12104
3117
1937
9311
4115
534
548
5680
298
7120
11554
7583
7481
11921
2170
7375
7516
1385
3207
3135
12091
6853
12182
6913
5771
5487
4184
11350
5739
7176
97
10291
4605
10451
4799
10161
2794
9237
7738
9131
5525
5904
6007
4896
8799
6766
2526
7758
2539
8123
1070
296
49
8416
9966
1243
11471
10113
9042
6791
1225
4658
7243
11044
4700
11509
442
2472
5694
5120
10779
2815
11108
6833
8379
7155
10991
3903
4075
8653
6799
11323
6053
8906
5446
7645
6187
8827
4085
4624
7904
7131
10458
12232
12234
1765
10539
2903
5594
8148
8082
609
485
5574
9277
10321
5800
4420
7553
3538
11320
8211
7254
6902
1673
5436
11048
7306
9982
5708
7048
5618
5675
96
3155
2494
4570
5884
366
5993
9913
3657
10101
4856
918
9617
10999
11757
6792
11182
3391
12314
11314
3310
1588
3664
10690
31
6265
11475
1375
7622
9518
3780
5208
9541
7491
255
4988
3642
8170
11814
4147
5034
6916
5315
2727
6949
3700
8316
6548
2778
11071
5167
2773
10827
6751
433
4770
11527
1099
2514
11798
6637
2575
7336
