347
1530
8713
4696
3887
5275
3355
7344
5404
6710
8724
5318
9634
4934
7863
12190
8831
377
4070
3520
5218
9281
7737
12221
6525
9455
8413
6304
4425
6664
12030
6104
3993
4937
3860
2646
6766
1003
5845
8174
11923
2543
10890
10261
7149
7258
10869
6608
2524
9322
7810
4133
3448
5614
11892
4135
1072
6586
294
4761
8984
655
1139
8241
10953
1457
1595
3998
5091
1035
10454
233
4089
50
10708
2101
2799
226
1670
4872
6455
5344
5933
4544
230
9102
334
10961
8523
7017
7435
6045
11347
8289
10267
278
2082
8840
10434
7785
9875
4574
3482
2746
10775
6054
7859
4104
5455
8741
9267
7721
1783
2607
8672
4336
1418
1597
6227
4410
1872
9155
6969
5281
2513
11322
9261
8209
5644
5065
5590
9522
7550
7174
9900
8309
4368
3212
33
9764
10609
4634
3130
3951
10330
4480
4578
4433
8574
974
6855
2584
7354
5743
9194
3367
5226
12279
3166
8995
8444
148
10464
7890
2247
6197
12246
1523
8000
1554
834
1379
6878
9711
4808
8129
1969
11873
2137
2980
11216
11036
2466
10145
3447
8685
5911
2576
7188
915
5828
11557
3291
8624
9919
7836
4447
8165
8154
10322
1581
4103
548
4448
5437
2284
10156
7861
140
2031
7682
9507
2167
9214
1585
8646
8841
6943
9757
8770
11271
9149
3048
3172
7487
8348
633
9777
2676
11622
5981
7540
9607
11388
10704
214
9928
5260
2948
1386
4900
9551
176
11996
2004
11246
272
1060
5176
1662
7702
6203
2791
6673
10692
4194
5706
7099
10478
11150
9953
11117
11431
3689
11374
893
2157
2141
10053
10745
2270
4401
8660
11243
7926
6901
5366
11902
8062
1180
464
6224
2627
5253
10538
11129
9243
4238
7169
1665
11239
6860
5278
5712
5984
8793
8510
2917
4346
7305
7709
6083
3923
4917
841
11938
5233
12306
779
4011
9428
7604
6292
10029
3894
6595
8515
2572
5047
8331
5499
1343
10471
253
10980
6285
9003
9476
6851
10948
2839
8316
10601
7626
3025
1170
4232
11282
11123
10440
4414
5228
2573
5094
7897
5890
8365
2379
10732
4304
11904
1826
10880
5586
7135
6454
6648
5611
1082
12269
8573
4168
7999
5385
949
10366
1683
7212
7800
1403
5107
6202
7106
11539
8147
10109
882
528
10845
2495
7614
3519
6888
11142
7082
2894
10334
10574
122
273
6061
5655
3510
3245
4737
7118
5759
9821
1432
5505
1399
11827
11180
133
6351
6795
7084
1235
3439
4770
839
11200
6156
11265
2712
8952
3380
4166
3485
1201
8607
4799
9490
5507
1498
10204
9975
10983
7723
4645
3501
4330
519
8923
247
1861
6288
9158
12095
2587
46
10401
499
6336
11119
3779
9011
10015
11318
10592
3749
3758
7198
4085
1829
3398
9981
10688
2118
3827
8538
6633
4951
9033
5807
7107
10108
7969
879
9941
9388
1766
1869
10582
2119
8816
10342
7431
7054
2457
3358
5501
9521
5647
11302
9084
11284
637
1357
5901
5205
11733
9714
1118
5693
3320
561
5750
8355
8562
3232
850
3810
3265
6764
9181
7336
10898
1899
6964
4467
1126
2085
3889
5206
9119
4139
8932
3051
7281
12310
10643
7975
776
1297
12151
10318
4374
3505
7876
9310
6975
8187
5722
12136
6891
6948
332
580
8701
12121
7014
1101
6984
296
12039
3078
938
1775
5564
242
11608
10662
12162
5350
4643
7375
7624
2509
11754
98
7917
5573
6892
8157
2841
2380
8296
5862
5920
9278
7885
3514
9999
5496
11033
2940
2550
5002
1352
5258
11486
10249
9914
6579
7048
7333
1029
8359
2768
10878
6810
799
9843
898
5480
6778
3151
1818
10947
5135
4520
3648
555
5606
9069
12244
3256
2975
8812
2164
9543
2227
5429
12150
10771
10882
2278
9666
12206
11430
641
8398
10252
6398
3652
6794
2595
2847
8461
9934
1283
11672
5510
5667
9313
11032
10187
1607
2892
749
9301
2228
10664
4055
6748
8896
2529
552
9571
1961
10352
1615
7655
7537
1017
9307
787
11824
11548
8427
2359
8012
9792
5891
3959
8334
7884
5189
4901
6632
2060
1089
6496
9046
5879
2760
8843
2846
1915
3636
9241
6646
8868
6371
7994
10190
7686
5252
9706
2578
3752
4299
12315
11830
547
10809
5975
11974
8222
8139
8474
8723
2364
10141
2730
4247
451
9859
4891
3908
7586
1830
6042
9390
9486
8492
9954
9699
6139
4977
1738
9360
1308
10162
2465
2891
4943
10073
3583
7417
7433
462
6907
298
118
2052
3243
3683
6330
9039
9505
10518
7511
4606
1312
6597
3955
613
8354
9686
3132
10697
1992
2301
1578
11164
2193
2092
7052
11227
2865
1299
8877
9422
187
4608
7829
773
9416
4993
2517
2828
8330
1753
7466
3948
4358
1765
7660
2873
11651
491
10375
4942
8168
3378
10395
530
6193
10329
2499
2817
11757
4422
10515
5361
532
2369
7360
5805
4896
9109
4499
10500
2588
8453
11147
9475
4589
2176
309
3412
1726
3645
11513
9
9290
6658
11146
3980
4938
3234
7219
1063
5489
9342
1286
4860
8384
3037
10135
7733
4127
1055
6223
8379
3429
7422
6122
10025
7104
10559
454
10138
11986
3283
8925
9057
2946
5569
4936
7028
7220
6248
2908
6505
1645
10603
2406
1594
7476
10619
9403
4351
5164
5797
1387
2641
5806
3753
2421
3941
277
5067
2995
1373
6456
11707
11764
6357
3465
7988
2475
2804
3771
9816
639
1516
5710
1421
11358
12265
11823
3824
1220
229
7254
6820
9380
1256
10545
9439
5720
1906
7714
6912
8906
2343
5422
7838
2554
206
9138
1603
7139
5481
10901
11404
3964
920
8899
7266
4323
10671
12273
12083
11881
11795
3523
818
7223
8381
3515
10056
5799
1984
4348
2740
836
7610
8064
7770
12266
7577
5825
7369
6999
3954
8731
10436
11204
3535
8996
1158
9460
8037
4890
12128
7772
1533
11617
3032
1653
5864
4159
6459
6379
4659
5010
9298
5019
7989
10296
885
855
8706
1706
3180
2272
9459
3981
10868
3131
12259
398
8326
2390
2805
8300
11499
6652
6291
10679
2021
4254
8167
5454
610
7044
1437
8225
5747
9695
356
2034
664
6060
1730
12040
10399
7376
4580
10651
10854
1729
5739
3193
5078
5957
2506
3864
9101
2604
11304
8224
994
6315
5894
4439
10864
2686
8202
3318
9454
10640
3420
4604
2168
3558
4741
11909
5420
4782
1278
9887
10777
3156
4617
10522
1855
10437
7443
4752
3638
6803
4484
2062
5818
2143
6638
3538
5342
4140
289
9117
495
4171
7430
4502
10169
5126
8369
3763
7159
204
9575
9080
7729
175
6215
7701
2423
320
4067
1746
3038
7745
8869
1507
4523
1254
6502
1070
1113
5280
11066
2630
979
2265
5165
2016
9496
3472
2689
8542
12047
8484
8011
4209
2290
10431
210
11141
3656
9108
3884
6451
2617
4583
983
1970
3641
2445
6479
5075
11381
852
9369
8621
11583
2838
9086
10371
6804
6987
1461
196
4595
8104
10119
1163
1269
5211
4719
4525
1359
5815
3285
6887
5916
2456
9679
2384
10394
987
7920
2875
1047
7341
7940
10988
6132
4628
189
9618
9878
6928
684
10855
11698
5296
1233
3916
8447
5660
9420
10946
3081
4624
8730
11871
6754
9326
6414
9472
3784
6552
2220
7694
6731
4807
11714
6665
1298
9054
1743
10982
8441
724
2783
488
1240
7544
11325
3144
10036
6338
1912
6610
5147
6864
4630
621
1985
10494
8998
11106
3426
5557
9723
1294
1741
8785
4347
11669
7072
5893
2539
4266
8006
1672
4231
8172
4507
6491
6230
4004
3273
5938
3304
9195
11763
5724
1109
12015
4255
10705
3679
6961
2103
4064
4546
9300
7913
4861
11496
9670
3598
6123
12005
4197
460
6846
5120
10238
7986
3260
8966
11852
7317
4874
558
11384
12328
5941
7760
9394
7181
9265
8399
8327
10482
6396
12268
665
3706
8163
5268
4105
2350
7648
3374
11041
5525
4018
5292
6605
11114
1135
8884
8475
4160
9212
5441
5775
2131
12231
11452
1811
12296
57
7527
10061
8550
8027
8780
1946
7663
4240
837
10382
5488
7649
9419
8975
12307
1022
10742
8581
8513
3411
7055
10012
3223
2009
2782
265
2174
10715
6730
459
4853
7706
2142
12163
7438
6649
8847
4281
11579
2902
4910
12292
8783
9758
7688
10995
6087
5847
2411
3253
11295
1958
11982
1271
3848
11156
4576
7945
439
7304
1813
8290
8026
11287
10077
772
11342
5495
11822
1788
3459
8648
9283
6189
8914
6256
10272
11954
8376
10458
1051
4350
7805
7549
520
2275
6746
10513
5373
4014
157
4697
572
821
8848
587
9608
7457
11864
7731
4029
4629
5105
7722
10284
6113
12091
5338
843
7542
4742
4827
10074
8791
1690
7554
5001
2701
5428
4000
390
4142
6849
4837
3373
1712
4527
3488
1874
1067
1115
7306
6418
2571
10793
4129
8554
8482
10533
10360
6225
1478
7620
3698
7852
7425
2486
4296
2412
8001
3183
11813
11742
3002
11994
692
10531
3831
5086
5840
6501
244
10668
202
8403
11722
3840
8313
1928
11258
11168
7795
5822
5221
2151
8127
4202
31
8405
2510
3008
8094
7507
1095
8991
5587
7030
9201
2405
5602
2267
6829
3861
1685
138
3007
5583
9058
5378
632
10694
2661
9894
6942
11029
11331
4284
9427
11591
11550
4203
2519
274
8257
5193
12213
683
3149
9482
5563
6789
5838
3030
7418
12173
6184
8282
6287
8981
5355
10384
8223
775
6487
11543
11656
6705
3327
7071
11506
1599
768
3083
10756
6485
234
9883
36
5804
11392
7126
10994
2483
5183
8206
9173
9720
12120
8191
9908
8293
10092
2669
5494
11328
4518
4561
5322
1999
1347
4497
463
10221
7679
3237
9424
11598
10900
4627
5889
3009
9554
7541
6311
11262
3852
1132
3042
10276
9811
7609
3279
4024
150
8627
11116
2930
5978
6052
5313
9602
2735
83
8322
11426
10181
9918
2376
10866
8630
5384
9464
1315
6313
2356
2473
9115
1041
9610
8635
6866
385
44
8606
5229
181
9578
6136
5025
6497
7175
4106
5463
10755
6307
2898
10007
6611
10794
6882
2662
3159
11190
9520
1611
7183
1580
4731
11946
410
11937
2520
4637
6722
4487
6939
593
11312
9913
8337
12069
10717
5023
9142
693
4153
8076
8794
5977
8500
3066
7523
9009
11753
9966
11696
3294
2315
6179
7190
551
8522
10911
2648
2217
9384
816
3017
4771
2049
9708
1687
8537
5636
6488
2632
3427
10795
581
5543
8691
8335
9091
7077
671
9518
7384
11891
9491
8285
9990
660
8198
574
9582
5207
6148
5814
10615
9778
11721
11030
1361
5816
9741
3006
4428
4128
8897
7364
37
6800
1382
7311
5992
5155
5460
5004
45
2081
9064
9644
2731
7215
4492
2936
8557
6883
10158
11748
8796
1592
5365
568
2967
6183
5943
8709
704
2999
2338
7170
10241
3978
7924
11492
11915
5897
6210
7568
6945
2431
4030
1519
7747
10003
6585
9838
10484
9647
1014
11630
2464
4661
3203
8422
10325
1455
9183
11414
9288
9623
2819
2962
2511
10624
1754
9930
5948
10198
1255
1646
9619
4036
3350
12135
8716
1002
4111
10209
5855
4477
6615
6805
3192
802
9761
11851
6283
8321
6196
170
5567
11505
4677
5925
11065
8690
1102
6814
8610
10405
4592
3567
725
6707
3733
8179
224
735
10142
577
4567
12210
9620
12160
3841
2921
10185
2106
6316
8130
5093
3431
4188
10477
1761
4495
8332
6672
3925
1832
415
1150
10370
8720
11093
3885
3814
3214
164
11071
7944
10727
6755
1411
8305
1835
10201
2113
360
737
1270
9226
5158
2446
7046
4654
1480
1275
12208
10218
2744
8839
8662
2071
12002
1577
4647
2860
476
2006
2667
1267
8195
1490
12011
8351
4842
23
3681
6319
7584
5407
4056
5772
10767
10503
1197
8586
8803
10254
11178
4041
1231
8551
5124
10819
9053
9951
369
12138
3943
2818
3639
5348
3743
9056
5929
8122
1994
11451
4145
9958
2032
883
12317
6468
756
5579
5466
4126
9510
8421
1499
5369
1942
9960
10026
4816
2633
9145
7510
8699
4384
3747
10724
3630
9986
5235
11740
10095
11812
7501
10865
2183
11688
5225
3408
4463
4144
10426
7038
785
9814
10965
1893
7402
10654
11729
3274
6581
2759
7763
3120
7898
5939
6033
10298
9801
10112
6619
2606
2351
2933
7395
4446
8940
1149
4170
11866
2244
6617
9165
2861
11128
2802
10508
11439
9629
10228
6168
4191
2095
7253
8023
2831
1380
15
11566
7952
7520
7887
32
10750
1617
4388
1279
6446
12066
10217
10881
4978
1213
9125
7241
4038
5530
9089
1887
10658
2124
2580
9169
257
321
6677
3379
791
6952
11236
6458
7331
7050
6574
6191
10842
3699
9366
445
3658
7350
9217
3201
9561
11344
8141
6591
3990
10885
11810
7040
1151
6775
10473
10089
10621
1868
402
8173
4320
1718
6481
3035
9972
6937
11031
7242
6354
5786
7259
7471
5276
5923
5856
9712
325
3460
7551
622
11330
2212
10957
12284
6071
7668
2915
10699
5585
1176
5231
3803
9152
2182
8664
4603
1590
11320
1398
1203
9536
4602
8788
4707
6971
2533
8602
6053
12195
3220
628
10840
3849
12319
6101
5639
5700
6821
12077
10171
1667
6163
8956
9229
7003
10420
6686
11562
4721
5386
10172
3759
10814
8851
5717
10507
10781
8518
5006
8688
10082
9228
9035
11494
6578
1514
11600
6618
7346
2888
10339
8567
1215
5464
7588
2890
728
394
7529
379
85
4311
11148
7205
2223
2623
342
12034
614
12303
3240
2594
1748
3188
10293
9376
5307
9667
2972
8221
8588
1833
10833
8375
11717
384
4777
2192
617
7815
7960
5788
11858
11034
11387
8014
3761
4003
585
9099
1453
5842
2862
4747
11977
4235
6621
5243
6933
4847
9306
2639
7589
6192
2729
4927
9787
5657
6358
2146
4301
8900
944
5982
7272
2055
8164
9176
2666
3664
6807
10625
7616
6861
9727
7535
3376
11337
5083
10344
4100
9385
5728
4236
7972
9499
5064
2872
7066
4398
4406
2075
11394
3931
10524
1791
7857
1566
2734
2986
7882
9470
5274
3839
9467
4974
1424
4141
3735
4107
8070
9963
8556
7693
635
12029
11132
3970
9779
4674
10263
1422
8117
3597
5643
4905
9456
12028
5753
489
10295
10247
2271
11399
6596
9585
7921
2560
6575
263
9933
8703
8132
1462
771
5773
2002
9082
10170
5360
3125
3930
5160
8729
3200
11666
10397
6894
8638
8233
4543
10972
4293
10005
11015
5198
6346
8640
11090
7955
10514
5053
6938
5482
7277
10737
5453
10641
11918
1427
10992
9944
3177
3775
11973
7327
4476
9126
456
7470
1920
6590
8963
7977
7186
6510
8693
11975
12324
5095
5166
5003
2250
11650
7166
4022
7016
11747
11124
989
4972
8605
5352
8883
1247
1644
7024
2984
1210
7558
6271
5991
8572
11536
1353
3646
8272
5794
11349
341
9175
9674
3594
5443
9244
4423
7943
7439
2436
7403
1066
6750
7158
1796
4015
6647
7561
10702
4445
9805
12157
9004
1995
508
3073
4687
2036
49
11673
6161
2625
10017
5412
11968
8549
6526
7093
6126
11260
4174
11654
6923
4585
5242
2185
7157
6423
9315
237
179
2652
1972
8746
38
8298
8003
2134
4556
6756
65
10839
7710
7113
4892
1666
10763
313
444
11732
8107
10748
2853
8261
2900
1797
7342
8815
6073
1536
3696
7314
4025
5187
12255
5362
3777
9783
7119
11153
8258
6541
4027
7571
7309
422
6739
9495
5780
12198
667
8478
760
5934
2029
3921
10255
5946
8732
2958
8251
509
5283
7105
3184
8152
10532
6890
12285
958
7848
5566
6917
1358
8528
895
6116
8575
8449
8681
5502
2640
11573
1704
2485
11297
11464
8066
6178
2600
8073
825
890
4265
2670
1141
1819
10331
1850
3858
6476
5690
6837
5356
6841
7618
12118
3099
8885
4221
10622
9442
9513
1124
11324
9980
10867
921
878
1482
1123
1374
7483
3464
87
1900
5963
2357
1469
11848
1944
9657
9184
9168
143
9404
11758
4097
7112
3483
11719
4138
1282
1195
10396
10186
11690
5998
5315
4787
11489
1285
12302
10024
3140
11305
1866
380
9562
1943
8451
6303
5961
6674
935
4053
3018
7467
2434
6392
1804
5964
7090
1044
338
738
174
5493
12041
3277
6622
11202
6472
9530
9558
8260
1824
7041
4297
9178
6079
397
8243
2849
2268
7583
11641
7948
8655
3663
8626
2685
8505
6603
5143
5244
10422
6903
11957
2201
2516
6038
1831
10122
7842
7448
11365
6856
1281
9405
1033
11695
7349
8568
9067
12323
3153
8596
9979
5907
8315
1257
6057
4866
4708
9973
2702
6085
8675
6152
6258
9328
2337
10490
7141
9063
11724
8908
11206
1166
5622
11012
4277
7117
5744
10133
2939
9131
312
6003
8469
7080
5423
3382
11242
5018
6879
3613
5771
9996
5118
627
2189
10700
7778
6609
6249
11788
7321
2932
2876
5571
3348
831
304
2395
9895
10207
6391
281
10710
9440
9687
10667
12081
3750
4802
5068
5518
6740
7839
11867
10921
2279
4734
2943
7516
5521
9474
1332
7959
8598
8148
7512
10847
4906
10110
5745
1456
905
6972
254
6030
11593
5783
10905
317
2453
137
5138
3323
5866
6880
4069
800
1884
3443
2162
8218
3618
1065
9309
11017
6368
9060
1425
10225
5172
6981
5790
10019
3311
1250
4152
1189
10406
388
11013
9132
5704
5857
1750
6041
4344
7005
10269
11953
6264
5552
2490
1417
103
6523
8271
866
7735
11291
393
4345
7801
5380
11880
1084
11350
4490
1326
158
3806
216
6528
11480
3385
5841
3800
3766
11014
2293
3844
9257
5438
1759
3306
805
1336
11060
747
9341
4134
7184
4766
10037
7227
4017
11351
916
975
7298
3842
12320
2899
2608
11249
9179
2375
2427
6973
3410
1768
2507
2044
11632
7967
3590
3553
2983
4372
7985
3637
3114
9851
7004
185
6843
6893
1733
10086
11985
1910
863
435
1309
7653
9289
5875
6823
10451
11193
5125
4542
4727
7811
1485
6031
376
11681
4519
11487
8204
4076
10469
618
7518
7079
9211
3453
4805
4391
2706
6477
10079
11040
2570
4615
9846
3326
12050
1917
6635
7252
6711
10967
4178
11045
7165
4230
1714
12000
4986
5965
7855
867
147
10273
12008
4033
11750
9675
2059
9473
9129
7218
4392
1955
1116
11778
5906
11276
9813
2797
4818
9274
9400
7850
766
1931
9998
7388
5468
896
864
8317
9855
11699
2840
4558
6032
10979
11437
10780
7565
10922
1715
11809
1362
6543
8858
7826
1249
6791
5381
6406
9340
5882
9319
629
2743
1571
1223
544
6427
1936
8961
2048
10439
8215
9976
8893
11161
10064
525
5470
6643
3402
4804
3723
6478
5122
7919
4503
8430
9565
1710
1986
6998
5167
8228
1037
3760
9597
8544
8548
6166
7808
2678
10718
4960
6277
6150
8457
2448
1774
4512
4488
10537
7237
11203
1086
2404
2097
3571
496
1957
9068
4821
4315
5
7150
3056
10956
1812
9665
4706
4216
3100
10797
9552
4622
2530
440
11839
2549
472
4730
5033
9544
5082
3977
10047
8099
1755
6659
2218
11766
1661
6546
6005
11283
743
1815
8674
4437
10562
11130
1888
10489
3000
5619
3953
1112
2480
7238
7506
11664
10069
8620
4237
6913
2991
2501
420
156
7707
9075
6627
5970
11460
1127
11267
9498
7847
9942
3928
1633
2237
9024
407
7650
8862
3315
1314
6631
1538
10078
5375
7453
7129
5178
6859
6839
1547
2770
11805
11665
11595
8137
11210
1808
3160
1159
12116
8065
10206
3787
9806
6850
6875
4526
5858
1675
4060
8477
7699
3152
283
1013
1388
12036
8407
6450
484
3524
8487
3247
162
1589
8725
767
6725
8578
5134
1034
10475
473
7474
10735
12126
7479
1525
1837
8085
3086
2126
6847
12159
12199
1691
4948
3650
9331
6749
11099
3972
9096
3154
2161
2909
12155
10872
12027
3716
8999
11018
2178
182
11908
3069
20
11402
12283
11876
5359
11962
8904
10633
4228
7051
2104
6606
10870
10144
2856
10808
7086
6121
3888
5270
8738
11924
12004
10611
8411
7792
10495
11847
8516
553
8410
9042
3913
9653
2577
7267
10800
10818
5782
844
1303
7851
12305
6328
8915
7755
9382
543
5472
3927
8941
7973
6853
8433
4219
1502
6977
8682
5716
685
475
971
9480
7347
8972
9626
7381
7161
5136
311
7894
6098
842
11288
1939
9807
3826
12216
4612
9899
8545
326
7901
1722
7576
8031
10859
2204
8380
10769
6785
8903
3444
11530
9462
12257
914
151
5988
5738
11510
5895
11254
5962
212
4393
12309
6960
4772
11217
3209
5291
11377
9258
796
1019
6671
11791
7636
172
6473
9065
4841
7472
12098
5989
10778
22
10340
8517
8894
12200
2949
6522
7683
5013
1168
11163
3545
3138
10283
8212
3479
10192
11140
7167
7284
9127
6239
3498
786
6798
3900
3424
7133
4418
7724
8100
461
10446
1904
10511
286
798
642
5121
152
6682
10265
4048
7049
908
3682
5054
897
7094
6208
6784
6474
1916
9028
8136
5762
11775
10766
9947
1371
9461
2088
3261
3065
9528
8180
276
6542
7279
7178
318
709
3557
9085
5357
11581
9465
2796
794
1284
506
4390
6058
11403
6639
8643
5809
9463
10243
3297
8753
9824
3581
7401
2150
2398
4929
186
2747
2253
5101
5581
11415
962
9832
7899
8951
1479
2111
5452
9932
1542
10164
5073
2160
3987
8263
10349
11556
7297
811
1940
8875
2112
3034
3895
2229
8540
5578
7911
3433
10231
8879
3726
10450
6551
7085
2381
9426
9466
9334
3343
8145
5677
3029
2929
72
12165
9931
8406
3625
4456
3989
4644
2631
2196
2012
5877
7216
11903
8383
11169
6017
10121
12025
6616
6335
9296
5063
2294
8775
872
6314
1142
155
8387
2769
9450
10729
10844
9171
6390
11050
3181
829
3947
2149
9603
6771
8188
11535
4613
1513
9713
2505
7123
10871
1074
10884
10618
11229
697
2620
5670
3786
3822
10285
5396
2784
2041
1108
9451
29
700
1621
8818
6084
4919
8471
10314
8242
4007
6549
11780
7409
2462
1879
4375
3820
1977
5303
2755
217
3919
1625
11863
6530
10462
3222
5286
4946
5595
1448
3950
10805
12184
1953
2339
8303
10205
7746
9213
3352
5625
514
3314
1277
92
11586
10317
1848
7398
6165
3812
3435
3194
2191
5508
8822
7984
4441
2602
527
7968
11773
3493
1105
8917
173
2209
6080
3728
3456
7907
9870
2020
6260
6685
4780
3653
1771
3587
1475
8160
3543
11618
2449
200
4671
4848
67
7451
1225
11969
1701
1840
6783
6693
12278
4110
8344
8231
10051
7776
10672
3040
261
6284
9977
7956
8668
10132
4579
3680
153
12062
7502
9732
351
1039
1251
3036
5048
1234
11932
7482
2693
10912
291
6737
5589
6022
4826
1515
3118
9070
7064
5079
3669
10996
10166
6419
10914
5950
1185
5306
11173
10004
2221
10097
10048
10666
11584
9955
5194
6305
6137
10479
10940
3449
10159
7657
3740
11235
7293
10470
7667
3432
1993
1056
10460
9205
7412
6082
7634
7068
4071
2025
7285
1015
11559
3461
11776
9391
2717
7302
7394
11002
9589
11446
8409
10046
7060
4692
295
1657
10802
8028
4725
11746
3736
10111
9725
6931
7146
1378
10741
11807
9526
11563
10850
3813
7675
8402
10632
1329
12087
8357
4474
412
4833
729
4074
2000
10829
3182
3776
5316
8392
2586
9704
5406
933
5953
2738
2703
5159
10139
9134
4034
6680
6068
2761
6376
5909
7115
4540
11922
2159
7578
9555
3335
8757
2481
1045
7292
4873
694
5112
6612
12152
51
10828
1696
4412
8418
980
3847
1790
1265
9357
6289
8491
4337
6628
1742
1182
5669
4086
1333
7027
10530
2931
4849
8566
11067
4381
7872
3169
1122
2037
3202
4871
10576
8077
6571
7074
54
12214
10629
11853
11802
1322
479
3654
533
6469
9190
8264
803
3626
7357
6220
11804
4196
9669
8654
5168
9477
2605
2328
861
4975
539
12185
2733
10863
2488
11207
8162
1926
12291
3296
5575
4778
3942
1484
9036
6547
6092
10137
11927
8512
7351
1140
11956
8340
963
4830
1147
8719
10950
6840
2498
10941
9645
5560
7095
2225
7154
1693
4479
10365
1836
2165
687
3633
3027
9604
5740
2306
6426
4881
9685
9239
9984
6726
10476
7680
7408
7613
783
12122
8898
5987
11868
1737
409
12019
502
5682
9643
7534
5045
10936
7291
2065
1503
3473
9632
680
8193
7088
1442
7566
4179
4407
8749
891
10935
11549
9537
4045
10203
2026
3497
11503
6046
1526
2793
8935
10798
8666
9869
1700
7545
5967
3617
5685
8653
3564
8539
3891
5707
6863
9611
10891
4460
9924
7312
4380
9650
11507
11474
481
2262
5629
7654
4632
6461
1114
4365
8377
4443
12211
5459
6138
1433
3798
7260
4125
5398
10889
8083
2636
11069
3332
5389
11509
10266
5279
2438
1626
4359
2077
9858
2285
8057
6157
11456
5651
4539
209
8992
8811
6270
7009
10216
3944
7196
11476
6105
5056
5880
4298
8175
9579
5888
9501
7961
485
4549
4658
6736
11619
11737
11039
2959
4306
9767
7
3198
5582
9395
7605
2614
9093
2345
7880
6323
1153
8968
8101
5201
9204
1800
6
12289
9355
8486
6519
5474
3063
2184
6207
1161
4233
6048
4959
9799
7983
10556
4976
9223
3054
2612
10711
3883
6777
1438
10374
5559
1413
7569
7180
8287
4156
11545
6158
4404
2108
7490
6718
1290
1605
11118
9254
5358
8825
1081
4310
7015
70
10734
4987
6434
12180
12018
953
11546
9026
9898
12023
7539
12223
5784
2139
3614
6402
2913
5200
11023
10357
4709
7873
2850
2615
8214
3262
7136
1138
8960
3281
3757
7324
5756
2716
9457
10649
2851
5157
11378
8866
3437
11910
4552
6698
3445
7280
9153
4623
5554
7492
9007
7109
8582
6493
3364
2172
2368
11976
5326
7749
8774
7067
9095
2310
6751
8088
7449
12245
5421
5186
6389
9917
6690
7572
8817
11716
2429
2298
5185
5151
11944
10830
11837
11199
1119
3164
7860
11008
9664
1793
7720
4016
9788
2642
7481
2102
3874
267
7946
8954
12287
4244
6637
3768
6604
194
2377
5942
6274
11602
6377
10499
978
1705
12032
2348
6069
3611
3628
1369
4869
11640
7799
3691
10906
2478
2811
7645
7757
474
6600
3619
9574
12182
4131
6524
9240
7450
9734
8571
7177
880
2829
7310
2911
2926
7294
3838
4664
11355
4318
3791
7574
8692
5613
1752
8727
3336
2047
10294
11247
3865
5110
5456
1049
1727
9372
9860
8767
11171
6812
1555
2067
4864
3830
2644
7703
11528
2011
8833
11311
11462
8493
8438
12060
10154
8509
5439
917
12064
9889
9962
7131
3536
7224
3173
8790
3319
11916
4528
2038
6954
4598
557
8625
1317
4032
991
6010
7287
2870
5565
1959
510
1889
11478
10952
9237
4653
470
8911
10153
1642
4276
11951
6244
1814
6221
11467
7691
4408
3394
10779
7672
9431
418
8520
9452
10250
9937
984
10680
6651
2823
4328
2848
10447
7786
10256
287
723
5544
5032
4068
5852
8364
7101
6876
875
3651
11931
8036
4183
327
5755
12007
10443
6683
7633
1038
5284
912
7496
7643
9429
9238
10821
1463
1021
559
4234
10861
2078
4750
4101
4798
3585
2857
1517
11170
5853
10949
10924
6169
3631
8813
2372
11930
4185
10467
1865
11432
7642
1050
12046
3403
900
6966
7269
4920
7251
7345
11872
7440
4291
7489
2242
290
11097
1048
10571
6712
3126
7411
9885
11221
11855
149
12132
2566
3566
413
1647
11816
5808
2650
11685
7122
11010
9946
6399
9088
1331
4912
1304
3370
10502
7022
4013
7020
7330
3616
9468
2907
9432
10377
227
3112
3837
8201
2682
2942
1728
2795
12247
1721
191
246
4626
11053
9688
6326
5556
7386
4387
10123
6413
8227
5448
9840
2655
6669
9568
10785
10040
6308
3195
4582
8009
7900
10835
6909
8176
11047
9890
3804
11912
11251
2039
4760
2635
12240
4846
6629
7612
9985
11895
10235
3208
840
2789
9847
3413
4763
2843
3790
5476
1922
5599
34
11677
2484
6871
1431
3879
3517
11711
1481
1216
8240
1246
7407
3098
345
7639
11166
10028
8936
10761
9517
1816
6982
6134
8412
5392
9613
5997
6404
826
6360
5694
5996
6503
11541
1960
4220
10610
6492
2287
8748
9606
589
3013
2815
3829
4762
2399
12169
8304
12304
4521
7070
607
2013
11450
2056
11558
11102
11405
3143
4673
5951
3171
10783
1735
8751
1230
8946
2401
11389
12031
7868
3365
5325
3572
9590
12072
3136
8987
5937
12001
2645
7814
7053
1120
1636
5483
1668
8236
3022
11934
10993
11341
1891
8761
5301
4249
9662
11889
3809
10044
4117
11252
6676
8503
10747
9305
12099
7010
7530
346
8663
10463
10341
2232
6940
9866
690
9689
7552
10258
5697
2653
11623
500
6700
8072
5022
4172
11644
5529
751
6733
7834
1952
1008
9083
3756
4568
9092
9074
4157
11107
2303
2460
10645
710
988
74
8060
4535
2311
1760
10945
6433
9453
1129
9625
10790
12166
3610
6561
10487
8358
2333
5485
3442
5553
10593
7819
8110
12189
9627
1318
3321
8268
2407
10414
4908
1187
9677
2194
3476
4302
8135
3615
10022
9415
4481
7759
4785
9137
10743
2259
240
9072
9293
698
8564
142
4588
5952
9397
6409
2115
7796
9071
9547
8431
3287
5087
2924
6934
6075
3189
8288
899
11533
7875
252
7906
1839
718
7380
426
10438
2355
6190
5608
2122
911
2687
12003
4834
2728
806
4718
4852
5628
6593
8311
11580
1628
1843
6067
9023
2491
1680
731
3417
6295
11840
3119
3807
695
8600
5766
862
1078
8763
5216
2314
4695
7637
10577
7248
1875
12194
3700
6792
10617
10403
1202
820
5546
7244
11797
11272
1504
2393
2884
9193
113
8821
12256
4601
10927
9759
6483
6352
12234
8394
4955
5069
6361
5973
11380
3142
2243
774
9605
5792
2063
2834
5776
3324
10791
7325
7700
3853
4532
5052
2590
2455
3286
5139
1531
11165
8661
12
1564
5152
5664
7798
3554
1982
7591
6681
1867
3305
4964
6254
5663
3539
8118
550
8220
11668
959
9751
11367
11354
10759
2756
2420
10510
12148
11768
88
7739
1650
7677
12219
11966
1983
3643
4902
10287
8308
8463
678
11136
10673
1160
9488
6321
954
10067
47
8597
11144
4222
12059
3678
8138
4275
11063
8585
3586
12033
1520
11434
1927
4764
6226
5725
4102
10236
2548
8042
7089
9808
7423
11798
9043
8
4667
2718
9447
2565
1702
198
2346
517
11176
6640
6367
993
2334
5232
4945
9233
1976
2433
6153
2542
7103
5506
3605
11185
8737
5335
2719
1390
2190
4513
1518
5867
11888
7716
225
688
5796
9896
5097
4031
8329
9925
9271
371
4395
9487
2723
6518
4498
3217
6322
3957
4035
10751
8069
414
5498
3440
6266
8005
1784
5256
8450
1649
8400
5461
1196
69
4164
4316
5688
10459
7635
7352
5972
364
9304
2777
5731
411
4435
7343
11615
5377
10280
8891
3233
130
302
2866
8328
9649
5886
12114
7854
9819
4204
235
8881
2340
5768
5204
1232
4341
4282
4958
5457
11313
10157
8280
4319
10071
6343
5545
1370
3937
5577
9312
10523
730
4651
340
9612
8865
11412
5297
8826
3231
7546
8307
11004
7965
2657
7881
10888
910
2396
6416
2526
7990
1881
3522
9235
9177
11814
3251
10698
1377
2938
4009
1173
11675
1027
1310
560
2171
12010
7918
8912
443
10578
84
7611
5865
11406
10997
12119
10919
8151
2812
9907
12205
8634
9631
5224
1974
2833
4663
1209
2887
8525
10519
11076
6035
10134
6327
1975
3905
11356
6039
7356
3909
534
8494
6144
7230
4635
5014
12316
5650
5811
1133
1551
7980
4506
7460
5458
10113
10951
269
661
6111
9005
887
8850
2868
8694
8714
2035
11057
7807
6825
11708
8910
1933
3338
5742
9950
10709
7231
1948
8771
11385
8892
6699
3939
205
5436
2235
5007
11897
3369
8089
8078
322
10385
11741
4273
7536
6953
10105
11529
7497
2764
7199
10031
1736
858
6920
4130
11024
6275
2965
9187
1522
12222
9118
10841
2385
8079
9755
10631
5949
2914
3551
2318
416
96
8842
5417
7358
7597
741
10744
4957
4050
11917
4405
7037
5285
7328
262
9863
4907
10526
6133
9297
11992
5409
712
1544
4501
6884
24
689
3434
7058
3266
12086
12006
2493
2269
5777
260
8283
3982
7229
8114
2388
2329
9001
1338
11359
10789
9343
9362
6129
4753
1553
11194
2100
11234
8980
1487
1708
8928
11854
10786
10372
758
3357
1171
1859
10605
7753
9275
6486
1583
601
1601
6734
11488
11011
9884
11636
11461
9512
927
11789
10356
11620
3569
1692
9245
9970
5173
1772
3508
9681
10663
7262
3499
6780
10011
11459
11409
7525
535
7313
10954
3088
11315
6293
7475
10188
4638
429
9206
2753
9448
6059
6164
4201
9827
5424
6442
2621
5910
4261
5990
1694
6050
4416
10222
4913
10930
7062
7690
11070
11941
8867
6088
10642
4225
6219
1419
218
2057
11785
7076
6014
231
2249
2166
7621
11082
6375
3351
109
1764
6018
2444
2675
9587
7674
8902
5591
5363
2332
6536
6206
3647
745
7329
11607
3259
8105
6049
9133
7622
3414
11391
10990
4522
7793
8434
6881
2990
4454
12220
6808
1857
4442
3907
2708
9332
5191
1988
2072
4649
11777
436
11875
431
10006
11348
1
10725
5109
5980
4716
5542
6607
11781
3484
8782
8415
3401
5408
2883
8115
1806
8049
1632
5547
6147
3392
8733
2266
9920
2245
10409
6701
6713
10354
3093
904
2014
10099
2428
2518
8612
4994
9044
5492
10566
8659
1473
10491
401
2877
2374
1262
8859
4824
12202
5473
6577
11576
12299
1545
6886
1688
3623
8314
2537
5266
9633
2568
4092
4769
5432
9377
11197
9691
4184
1763
10226
6349
11567
8814
11043
7765
8024
7843
4193
4198
2824
6929
3121
219
9588
195
716
11601
6333
2713
9045
11275
7602
6025
11177
2213
8458
11429
11205
11540
1834
3542
2925
2971
5081
545
8301
2114
3559
8649
4084
56
5174
7503
7827
7366
608
4270
6719
4857
832
3254
5757
12013
3363
9891
405
9361
9116
11016
10418
4956
6099
7059
1695
871
7958
5919
5968
7698
2296
11793
11925
3708
66
12035
1006
2234
9763
3825
3596
3738
1330
9279
5705
9196
10749
1574
4012
5447
241
4364
7886
11127
6745
1012
10009
5153
8633
7092
6107
6233
6678
8166
9180
4897
939
12176
2027
3490
11048
6301
7570
12258
11475
10474
9216
5364
11457
7405
381
8299
9861
6028
1177
8762
1391
4797
6205
223
2611
5924
5758
8213
9314
7933
8245
6918
9722
8722
7504
2867
8297
6020
9443
8718
8773
361
1778
7681
546
9252
10202
507
5061
5849
10168
6355
977
10807
9182
10316
6374
4143
349
10550
4609
10373
5320
4717
8388
4312
10118
11645
7240
1327
6752
2459
117
11504
4963
1586
10856
854
4537
720
1979
1245
8905
2001
465
5128
3914
2806
12037
3491
8259
8370
9308
10719
5267
12112
10486
4271
10998
8161
9417
2024
11919
10493
2367
9765
6154
7121
4899
192
8768
5765
9277
11569
3904
4511
6394
5689
2215
9535
348
4294
8269
8171
9353
873
11624
9062
1274
3303
4376
5188
10042
6044
11963
8679
4999
6511
925
2830
3109
3609
9577
12203
5528
10442
4257
1465
6787
5467
8481
8921
8834
10045
682
11376
10388
11368
5541
5295
4953
11395
596
2325
2951
10827
8953
8979
9911
6935
6968
7065
6589
7382
9952
30
8754
3552
7823
315
5397
619
6135
12044
4967
1392
1864
2084
3815
11952
1042
5212
2211
11411
6500
11811
7585
5668
4924
8419
5831
6063
3875
4278
11736
3509
7695
12300
1965
531
2186
12143
793
9122
2690
3780
4059
2210
951
570
4710
5832
1894
11280
6768
1511
11936
9494
1809
8252
114
5721
4968
2180
666
12191
305
2698
11264
5969
8052
11587
4241
1541
8553
9506
3783
1524
4773
6261
2553
7043
1407
8937
1828
6782
11752
6857
7348
9872
1630
7711
17
5899
4625
6898
4711
6470
3014
3386
11495
9754
6464
965
2649
11826
9534
3117
1428
11189
6529
483
5513
4616
4132
9098
7705
3785
3246
9263
12174
10678
10288
6171
9682
2552
1155
2695
1100
3526
5141
2773
9888
11329
5300
1083
5760
169
7628
3162
3737
9511
1302
3075
10415
8808
2058
2966
6452
4472
6408
4969
1679
6209
9374
12014
6380
3729
10851
8789
8874
11734
6019
2148
4703
9964
11565
3870
4758
1732
11019
9729
9531
8613
3494
11524
5133
12048
1349
10594
4921
856
5986
2525
9430
7235
11298
11942
5523
5764
10883
2726
10020
918
7465
452
6512
8764
6554
11436
7559
450
789
9540
10262
9032
10155
4061
2696
2904
9936
282
9636
3994
6544
3717
8445
10892
7685
8740
2053
1949
582
6281
2091
5621
11660
2074
2752
4149
10472
10560
3903
1191
7400
5570
7143
1954
11293
2019
5214
161
1319
457
11609
7390
3672
2700
7822
2720
4508
9848
4551
5161
3375
11846
3507
3026
3801
5658
8368
7261
6865
3570
503
6443
11257
10944
6131
8490
8416
5624
3196
6428
1406
11901
2207
6108
5568
5631
6312
3788
4288
3053
8687
10599
6830
10752
5800
4494
6832
10160
417
1224
5058
6384
4880
12280
7151
6320
11928
11362
1786
4065
3528
1206
11890
923
10505
1905
849
8119
11568
1956
11417
5115
8876
11044
10016
3146
2973
8563
9668
1546
7362
4286
6095
2216
9280
11683
1031
249
3731
8056
12164
6109
368
4285
2955
8853
1849
11261
9773
11947
6858
4245
5922
5983
8594
11273
2808
8887
9693
9959
4683
4449
942
4415
6970
6444
2188
7553
5282
6963
10557
10788
12271
7420
1689
7023
2447
2200
2187
8420
5680
6466
7587
11211
10682
8346
8971
1919
4175
12127
1622
7056
584
12089
4572
10543
9203
4040
11364
10910
8234
3805
4458
7192
8480
6016
59
5698
8644
11551
4438
9479
9106
9078
3302
8074
780
11458
11744
11104
2715
5868
7664
2450
3685
4607
7245
1341
3712
7203
9739
8632
12144
7864
4812
7804
4098
9835
1036
8735
7042
11980
11007
8852
9902
8133
2135
4886
7069
5607
10660
5462
10315
4083
8820
575
4740
4
2694
9549
8270
10103
4355
6047
3537
10043
7372
8710
10896
6580
10585
801
3282
9349
1450
8462
11751
1528
352
529
4923
9752
9945
9967
9242
3116
11314
10985
5504
4642
4123
1165
1192
11081
10223
3690
11999
4685
10182
1749
2751
3711
11578
1248
8680
9560
7001
9746
8756
3016
5220
7937
6495
9189
7201
11174
2256
9191
6397
10591
11444
703
5029
11463
4137
3563
10214
10268
6499
11433
6904
5732
6236
7575
5826
1452
11861
5304
8040
8111
996
11713
2144
1342
1532
4681
2361
1276
11198
3225
3851
2697
3996
11648
4577
10616
847
11137
333
11230
4786
7290
357
11911
10292
929
9049
6757
12106
6465
4006
6867
9740
5111
1606
480
10758
6765
5129
3415
7532
6198
446
4887
11245
10933
3573
7783
1273
3092
3316
12318
11849
7424
3976
11021
8580
10307
6601
11231
549
4397
10772
8506
8734
5227
1212
2089
6717
9034
11542
280
10346
4491
466
11255
9897
12197
6009
11220
2905
9717
8108
6006
9868
7617
8712
11309
4657
4394
1794
5395
2601
498
1244
7630
11879
2776
8182
8226
538
11419
6774
7273
10684
11263
7582
10639
2854
8055
9333
1846
892
2944
7896
3391
1073
11300
2079
7953
8619
9161
11555
11223
5900
4095
9559
6480
10823
3221
9901
5293
6636
7455
4992
4114
10686
7761
11131
11738
11611
9591
11108
7646
4884
12237
3271
5399
11468
5885
4699
10358
2534
2133
10193
567
8432
9766
2261
2647
3578
9586
7097
8391
2714
1658
1441
8642
2619
7416
4636
9698
5584
1023
1596
11479
2616
6439
5678
1493
9867
5526
6802
4308
4189
3640
6279
10093
1430
7727
7889
11407
669
9352
11397
8541
11334
2426
9163
8439
10423
10764
748
4925
11838
10106
9128
453
2132
2425
3067
6435
10300
11001
9828
2889
1521
3446
8267
10257
6560
4493
3307
4120
1367
430
6247
9834
6143
12227
1219
9572
4694
1844
7182
2389
285
12301
10580
1030
12325
8766
1393
11238
5623
4962
10343
10219
6302
7446
10362
1148
9651
11687
12249
9408
9991
4806
4865
1556
5527
6667
11841
2440
3935
5248
5486
8711
10432
5319
6507
64
1822
9921
1395
11009
11614
9027
10408
6689
11745
2061
9248
2859
7598
1272
3110
8860
11794
258
1619
10909
5512
5170
11074
9164
10063
9066
12057
171
6372
9825
3241
10822
3769
3956
4046
2618
7740
3765
3890
3457
4587
2240
8949
3397
3603
7870
10689
9156
7495
8728
102
7275
7442
3487
9719
1739
4559
11885
11078
7226
3872
10435
6077
9503
1767
3584
8499
11213
8253
10062
9136
12171
11172
8306
11739
9285
6297
10551
5562
6993
3688
3388
141
1989
6217
5299
5514
8038
6387
6531
4026
11682
10455
9721
9700
8965
11950
5615
9059
7673
6228
9364
9399
11289
5665
4314
11984
5555
10608
7191
5699
10264
3438
6994
7813
1598
9997
3389
5371
763
3862
10176
6630
6201
4421
11907
10832
11756
5914
10195
8103
8878
9485
9782
3061
306
9956
1494
10321
3400
428
7035
1236
9904
727
10485
9140
2147
7803
1107
9624
7593
5859
8016
3936
12078
3660
10068
2998
9159
10306
1937
4338
5603
132
7477
5036
3407
10848
10770
10310
1990
4895
5372
8123
7187
10304
562
9492
95
3176
10834
9844
3080
6539
9862
3175
2536
4557
8601
7779
314
11443
1620
5872
1699
7378
9375
8707
3158
2145
1930
5892
9421
6696
5273
9038
3602
5180
932
4828
1902
8068
1587
5340
9105
10120
10091
4213
8488
5836
4817
4079
12232
12049
8247
6776
11860
5640
8779
1996
5163
11151
7323
7718
5850
6965
556
648
2871
5098
12137
10244
5108
6340
7264
2591
5767
1396
1471
4947
8744
1076
1346
6762
12248
5049
788
3354
4459
777
2559
5287
11449
9810
7214
203
2626
7389
3677
3608
2758
10760
10380
3133
9030
1005
104
8593
9857
11086
11222
990
817
5071
5592
11647
658
5425
5450
636
2468
9344
2323
245
8113
12239
4538
11159
9865
7270
6902
9097
6370
4072
10656
4360
4349
7787
5210
9546
10535
5833
7556
778
3060
6715
10614
6914
10589
11701
6300
5848
2672
11
8844
8382
12097
4596
726
7662
10230
5787
4096
3267
5215
8561
2066
6393
5971
1582
790
8350
5114
3074
11857
7436
10858
8495
4052
10278
6614
4931
11181
8200
2487
2705
9524
6412
9601
10381
5038
8276
4200
8395
7832
6332
5835
1464
8584
599
8217
10302
649
4759
8636
1637
7361
12100
4743
3167
11831
8827
8460
5171
10143
383
4641
10233
1500
7806
11160
9186
2414
11525
6535
1293
3544
8155
11663
10309
3255
11075
10324
4279
5237
2281
2277
271
813
9616
2772
3242
734
5635
3428
11135
8249
10234
11470
11072
3003
1266
8870
5515
11343
1934
4357
2264
5477
10569
10337
4536
6200
4715
1288
11250
1075
742
11233
9641
6714
5261
3568
6670
6989
2419
9154
3235
10824
7689
2382
211
4724
12322
2394
4979
7925
10032
3113
6329
2766
906
9983
10038
10908
10427
10539
646
11290
11175
10332
913
10173
6562
193
792
10361
9957
8237
11248
3906
8279
1744
2203
4586
7938
2527
2358
11111
7903
10083
10027
9398
1552
5324
1505
9856
6955
10561
1998
1584
9236
10773
985
11064
11577
12021
12009
4362
12107
11103
8784
5092
5532
1016
1698
8386
4904
4988
6788
11393
1535
7725
135
3620
5413
4918
8143
8704
5649
10722
108
9836
7797
576
715
8838
12312
9581
1539
8650
166
6272
7929
6383
2125
3666
1061
8916
5733
3289
9010
5403
11035
2810
1673
3540
11538
5451
5314
2762
6475
10323
5337
8159
10246
7835
668
5077
1350
5817
2592
3330
2920
8080
2564
9130
4169
8747
2574
6140
3513
4077
5645
5737
2045
3565
2790
6214
1280
8034
10313
1496
4167
2918
4342
7841
11960
5904
10178
1295
9743
7991
10565
9789
8320
9221
2858
11582
1011
11547
12177
2080
1878
1184
10496
11958
12070
630
6170
8927
11485
10544
1458
9017
9172
6027
9048
8229
9553
3276
1446
8521
5861
10653
11167
8909
9929
4218
3097
11730
1853
5648
7625
3155
5588
5401
5317
10150
11894
11316
11027
3924
12175
1709
10175
8310
6565
2895
10521
1420
8560
58
10390
3694
471
11353
5445
5080
11856
1410
9532
7756
11537
1313
11799
6602
12153
1144
7397
8435
9256
3739
569
5605
4118
10364
1491
9910
4021
6420
10612
5754
9678
566
6365
8759
8882
2300
7061
10836
12261
7508
7865
11274
1046
3534
5821
468
10570
1444
7032
5935
365
3044
3106
11448
6568
2629
5803
10862
441
4465
2239
2008
9815
11689
4705
3687
616
5810
11068
12043
1810
6453
9383
4836
1951
1445
10540
3835
3322
4028
3926
10386
9347
6440
11473
7914
1104
7669
5903
8657
11237
9438
3503
11441
1389
5730
5050
7142
3684
10189
1470
8440
8967
3104
4303
4856
5932
1110
6484
8396
4195
10812
1368
1489
5860
6350
6836
4744
995
10897
8126
6816
8558
2681
8645
7132
5336
6811
2928
408
8959
2410
1803
10126
2832
3084
5887
4996
10039
1561
9798
3902
5190
6936
7744
5574
353
10894
3312
10852
8536
4119
5213
455
9484
708
1497
2725
12115
9113
1405
4889
11279
9716
8059
8116
12026
1058
8128
9246
5434
5834
11294
3591
3150
9850
4246
868
8186
5723
6624
12082
6868
3732
679
10196
5673
6806
3450
5812
1239
10926
1474
3268
7173
4486
4883
4838
4321
7102
2347
11158
638
3741
922
6899
2953
8745
2230
8677
4530
11427
10347
4949
3702
2094
1697
7515
7871
7638
53
6395
5020
2255
5516
11352
7125
8502
7271
7608
354
9423
2219
7202
1898
6951
5298
400
11659
11774
8931
6537
9849
11073
7485
7771
2408
3416
11796
3425
7979
4504
5524
706
2005
1077
10098
10393
6008
9336
12130
2477
12105
9150
3045
2099
2809
5223
12149
2523
3823
7493
12158
4163
7307
7957
2409
1366
4453
3579
9055
4181
248
9437
10035
10128
1780
1335
11629
10913
809
3592
501
5511
6093
11360
6040
10536
2941
1068
5695
1576
12267
3802
7631
3836
8618
7370
5418
3746
1199
4844
2208
4781
11125
12053
7207
1009
1787
1412
7590
7728
4783
1385
7524
10308
4224
5117
1639
7932
9563
10023
11208
3495
5328
6112
10974
3985
2624
4932
6642
1439
6826
11720
8374
2844
10270
5791
11987
9249
1423
11616
11212
3145
2254
11369
5870
9903
2969
2992
1757
10573
4553
358
9839
2979
8855
11710
9224
8120
482
3393
1723
7791
4662
2816
6962
3582
11398
4619
11574
3555
9640
5626
421
5671
2960
6120
753
6985
8864
9185
5734
8985
3915
2878
1404
2896
9418
857
8232
3917
7447
3111
6280
5246
10665
11786
4679
6813
12251
10857
2651
4468
5169
10002
3693
9197
9219
2974
9368
7047
10425
11667
7670
197
6885
11445
672
3489
2575
11869
3229
3179
3892
2842
10081
9879
615
7359
6833
7163
12209
3548
8786
8047
853
4010
478
10353
5376
9121
8810
7916
1324
8807
2794
7217
3405
5537
10281
11604
2324
5142
7966
9564
331
3562
10659
3674
9269
11832
590
1488
8341
8093
5959
1801
3095
10655
6817
5060
4489
516
7036
3033
11638
8091
11790
7514
8084
5269
7910
6626
7978
5751
3371
2750
946
11428
5748
4784
4788
1305
4385
9273
7371
4062
8697
8665
10721
5435
61
8559
3141
323
4928
12038
1907
9995
934
7883
2415
10549
8781
6662
3512
4686
11534
721
5234
12096
1991
10784
7869
8695
9841
12181
8758
5478
9831
8203
8845
2807
10647
10498
19
4292
4229
9663
6845
4417
6262
3721
6405
6742
12254
9469
10115
4325
2370
11634
2069
4675
11054
1860
11121
1190
943
7789
4322
1557
3871
4113
11240
6708
145
4514
8880
5084
1062
8765
6818
6716
6373
2540
86
3606
3052
6124
3475
288
8669
1300
5954
5383
6735
7895
10907
9638
998
8508
6809
4023
6000
5388
8849
11519
6702
9147
838
5600
6401
2541
4961
7437
2906
9508
3001
8497
4369
9471
4154
3561
4205
781
11884
6359
8284
12131
11372
9192
8140
9250
3867
2018
5869
11755
3362
9598
961
8658
3031
11727
7480
7736
9570
8795
12170
12293
4633
4916
2748
11292
8489
6779
6463
12188
8530
11401
8424
389
3521
8628
7464
8197
11323
7547
12016
3082
583
10963
2882
3058
5379
11782
6587
1719
7234
10895
4739
4666
11709
7517
6506
7748
1618
7130
7176
3
2771
5085
8498
10
1426
6276
9255
8524
4646
4569
160
8651
3199
7964
8976
10849
9915
8698
6431
2961
6569
11646
12187
7743
6130
7509
10191
1092
3649
12277
6679
2557
2236
3452
835
11914
10057
9548
4854
6026
8846
10918
6159
4839
8974
251
6532
11332
2452
7878
3108
391
4660
1877
8511
782
1174
4590
2736
2439
3692
9701
9210
1436
177
4146
1612
9775
11224
9826
7717
1980
8591
3817
7144
2692
4650
11725
8219
7560
1214
11266
8048
7499
11561
10080
2947
1222
386
9567
6267
10335
4505
1451
4457
336
5263
9272
6709
9406
11201
2922
10970
5427
9762
3288
11253
10971
1287
1987
4037
8958
5469
9151
3816
71
3949
4377
5430
8361
6251
10392
7816
1895
97
7987
1183
2416
3772
7784
5016
10279
12218
1093
8194
6572
316
8324
1770
3979
299
7931
3228
11154
4712
7971
4973
1059
8045
10183
7830
3541
869
10820
2231
7469
10986
8895
6513
1128
11020
3295
4510
12088
4307
11597
10928
2722
940
6142
7751
2451
10817
9270
6299
9327
8238
6051
12260
11625
4875
2901
11989
7414
8988
8873
11674
8547
2567
10161
936
8543
9146
5829
9541
4801
6695
7780
9207
5177
3135
9656
425
744
686
5059
677
4335
6869
7164
11285
3462
5331
5550
8533
10648
11850
5332
9696
1449
2680
3722
5017
7573
10736
458
10774
6369
5051
924
12090
9748
3390
6482
10969
4670
3174
4815
9387
9266
6449
2123
4396
9493
8239
7432
3843
82
7629
3463
3068
3011
1032
11055
10939
8739
5597
1572
870
3317
11544
6566
330
6447
11596
3089
10826
3811
1713
3187
5024
8323
2609
1137
5197
889
11386
10675
493
7257
4165
7658
5714
4206
10402
3764
8367
981
4922
6548
3718
9446
4227
2010
1795
764
4990
1600
3340
7846
2
8978
674
8755
9771
8235
2803
4334
427
4810
4300
7684
652
12108
670
11899
8886
9215
2181
5353
6570
12020
5236
259
2307
3713
6815
2996
10932
11484
7194
163
11502
5679
264
3929
8577
3773
8423
2336
5230
6318
701
2050
9318
3961
12321
5247
2383
7428
1886
10416
2273
1026
9286
5008
8924
6641
7962
964
11182
8371
10312
2432
5558
4473
6831
105
2471
999
11049
9923
4584
12045
7429
5598
7647
6115
12238
8907
5539
1602
1157
7013
11219
2673
1052
11680
7318
1762
1296
4571
6090
8096
5321
68
11497
2042
2863
6741
1660
9772
1548
6508
6654
7665
12253
3349
9019
9167
3627
76
3845
1560
5708
6255
6100
7600
10087
5351
9292
11743
10964
8208
4714
9502
4793
2117
11526
11092
1908
6240
3328
12193
846
2781
6400
300
9736
7268
2727
7427
902
9745
4970
2299
8689
11113
7522
2403
5349
7233
355
5994
1079
228
6181
860
10512
4640
3502
12233
3668
5144
4331
8002
6094
9539
11972
297
9707
11363
2494
10588
2964
4058
7555
2880
5871
4952
6013
10124
1935
5066
10934
8183
9852
9780
7410
2814
7319
3920
11628
972
6494
419
8603
2258
12073
5005
8983
9509
2497
6583
5789
8095
11978
657
6127
524
2197
11225
5039
4466
5752
3531
5132
1703
4599
4483
7147
2864
1311
7295
696
9796
7332
4190
40
4455
6257
2982
4550
8170
11726
2155
7462
6555
10754
11920
1769
7936
681
5196
4733
2885
6660
702
1825
1397
4748
1289
6309
9302
7120
4094
9971
3134
2479
8721
7193
4150
5484
4082
4509
937
12141
10328
754
10528
10052
5956
711
8837
4177
10987
1945
564
8532
11214
12226
746
7652
4751
12063
12192
9162
7661
6824
10303
9329
11697
4877
8617
11186
6723
4722
1947
7007
1125
1348
9938
8792
1798
3470
9892
5411
11825
9230
4879
1268
4264
1323
4217
8970
7494
4533
8205
931
12262
8446
6991
4272
3529
2561
7595
9802
4614
4054
8274
11694
8997
11631
5974
8333
2910
6096
5414
6657
3550
5154
9609
515
2825
3244
2169
11896
10424
7858
3298
3372
7954
232
968
7866
6457
1355
9654
5520
9012
886
5878
5876
6558
12297
859
1883
762
2198
4885
2319
9330
6515
5106
12074
8684
4768
6799
588
4796
7817
77
6504
2638
7692
3469
2362
4215
2248
3556
8255
4746
10245
5729
7922
3230
215
5683
5327
3819
392
27
10685
8944
5572
8670
10723
7592
11046
909
7211
11627
11787
1558
6763
7531
5100
10989
2289
7893
3430
2331
12085
563
9992
10504
969
5308
8185
10635
5009
10564
10125
4176
6911
5402
4819
6222
11080
5123
4693
5958
997
3227
11610
9209
10999
504
653
8106
10433
919
5684
1609
2788
1950
10595
7399
12241
3236
814
10355
10782
9407
8705
631
518
1724
1200
2342
3301
4862
8030
1375
5264
4570
6728
10860
8957
2886
268
5145
10104
4933
11939
107
3477
11800
10224
3129
10407
2779
6382
3226
10929
8824
3206
5522
602
4789
9886
6650
4909
9350
2558
10114
6348
6334
10457
438
609
6055
2855
2835
4243
11256
9247
1354
3127
5089
7445
7632
6238
11900
7334
9795
11196
7063
3589
1802
10000
494
10240
5701
6956
2981
303
8178
676
9742
4005
3576
9323
7596
41
4371
1549
1264
5993
10363
6666
1663
9148
7775
7172
6769
10260
10271
10968
5137
9804
344
6534
7110
7915
9124
10517
8443
10421
8470
1717
9655
3624
11370
7696
1923
8802
9356
9566
6790
328
8973
6212
7844
3041
1962
3238
3272
10259
3797
10604
6516
3832
1851
6211
6151
6656
3846
2684
784
4618
2945
6668
3346
9402
5113
8158
9595
12212
10613
3422
9881
9436
8428
540
80
6074
6306
2739
5202
6128
4427
359
11286
10107
8678
9379
13
4223
6724
1610
2226
757
11606
4180
4767
3103
9873
3275
966
4541
5594
11442
4073
1918
6072
3621
3486
3122
403
2688
5769
12288
12282
8125
6584
2935
4573
4529
1117
4811
10886
2741
11940
7963
3770
8008
10730
1372
6269
5675
6852
6417
8583
6364
8250
8760
4621
9965
26
6545
1897
10444
5096
9818
717
1025
4684
442
1477
8254
5027
11098
5830
2556
9047
1099
4870
9051
5881
10669
7200
819
750
9842
3342
1925
8647
52
10546
5902
10960
4116
11779
6559
5309
5182
5442
9409
2312
11025
11828
55
7777
3077
2341
2366
7879
3707
6773
3015
2096
9948
11948
7992
9927
10001
3934
12094
8777
6234
8552
7379
603
5823
9373
4980
4868
9791
3012
4564
3659
9339
1686
6430
9414
7208
9906
12042
8025
1782
3530
3278
5195
10637
11898
795
10628
250
6429
12186
10534
11410
12286
8507
1604
926
7671
11339
7393
11192
4698
5199
7543
6347
9784
12103
4253
10197
10151
6076
7140
8054
11281
3506
3897
1648
10492
4440
3377
395
6801
11466
2205
11022
11703
505
10404
6344
3500
8964
947
1929
8459
11028
2674
10165
10333
7697
1773
6870
9935
7206
9829
5854
1211
9444
7155
1010
1627
2461
3072
2302
3967
1260
1885
128
12093
3938
1054
10607
110
9449
7758
8061
7930
9733
7478
10220
2699
7627
1400
6949
10966
2970
3703
1301
3334
9877
11232
7320
4124
9208
1263
4893
3575
7355
7156
2109
12080
1394
10376
9222
11893
6231
6345
10049
11661
7713
11416
1512
4450
7162
11038
9735
876
6588
2597
2297
11906
4081
7124
884
7299
490
1401
339
5238
822
492
8857
6471
8149
3642
8519
11469
139
10657
2622
5898
8442
5345
3720
4020
4888
1000
7981
2628
2837
11767
3360
11967
2583
5012
7526
43
12236
447
10320
270
4366
11913
511
6467
9515
4989
11599
4363
4329
9478
4093
12207
6160
2845
4383
3139
4829
2950
512
7934
810
11829
10991
6081
9871
815
3309
12179
9338
279
5940
10701
7421
7831
4971
3881
3901
7189
10554
3454
8086
6175
2912
4835
1243
6793
4158
11508
8363
8319
6684
5674
11955
11877
8501
1827
11424
1981
4914
11770
1779
6992
111
9731
11133
1758
7255
7111
10846
9730
970
11241
8476
1188
7160
10050
12142
2441
4173
7708
3504
8454
8390
10480
8913
10412
3876
830
3962
11991
10210
11981
8623
11692
5339
3258
9809
4352
7659
106
6229
1226
8004
9231
2522
7339
2413
7548
3574
513
1725
11226
5774
10014
10853
4729
2677
3704
1178
1964
1339
10163
301
6489
12230
5945
5913
6089
310
6331
9514
3734
8947
11759
2392
1588
6438
5192
5000
4738
11761
3644
11517
9483
11671
2430
3216
4689
9107
4356
3878
7949
2320
11670
4090
6644
11784
1966
75
12123
9593
12110
10676
11000
2801
3532
5666
4682
5936
4042
11836
6097
4044
3249
11134
6564
10600
3211
2668
8715
986
10274
11552
4280
101
1486
594
11771
5042
1901
1258
5779
8871
10350
5551
5549
4620
1205
5749
10301
1175
2257
11990
2504
948
6663
6538
2968
12308
2073
12079
833
11110
5241
6337
9504
6286
7615
8181
8504
3339
11120
7391
10602
4593
5288
11244
7461
1565
5465
3218
6110
3409
4248
12183
1909
9803
1381
5735
6186
8599
6149
4151
5070
1677
11336
5400
11603
9527
6385
6770
8035
255
7752
3794
6243
9993
8989
7998
5011
9433
662
8527
8743
3333
11259
7533
3911
1716
10804
4814
9441
2792
1880
1097
9639
1841
91
5026
907
2156
9820
8294
10058
1193
10076
4926
1416
2326
10336
2233
2704
208
5289
6781
4820
11718
1007
8211
1316
8246
3577
5955
2295
5184
1873
2313
1537
8021
8347
3185
8942
89
5222
2130
2170
2199
8676
10229
7075
9542
2482
1365
1345
11382
2737
1146
7213
8385
10943
8832
12054
11653
9268
3869
7769
9576
10555
8092
4983
12109
293
6462
1676
2765
5209
7726
10430
5074
12101
184
3423
1664
9853
7833
1154
3767
1492
7278
2582
7387
1227
7338
9166
7197
5391
4822
3588
5517
11572
3406
7579
12104
5043
5104
11979
1228
1968
434
11112
6363
6527
10984
2136
10305
3792
6957
8007
6767
2316
5778
10291
8397
1682
8579
5612
11183
10587
2656
4754
5715
3695
10483
8281
8836
5146
10417
9015
7687
5330
3165
5616
11554
707
4239
8977
10242
2469
5960
10348
178
4267
8604
10552
8608
12281
5390
11970
3248
10590
740
73
337
10400
2360
10180
11195
7000
11515
9684
2202
3963
5312
11453
7641
6195
12102
2978
11051
10548
3049
8823
10383
1896
11375
1080
4728
10227
9358
5947
11792
9994
6325
3670
4274
4594
2246
81
12172
877
5262
5785
1340
3387
4496
759
10410
1356
7782
3094
9790
5088
2093
7441
10707
3178
11500
5370
9658
7640
319
848
11949
2785
1443
11139
2028
4935
3983
4471
5250
8993
6341
5999
11366
2512
4161
374
11162
12250
3527
11472
9218
6424
1506
3168
372
6720
7083
4985
4432
11447
1325
6498
3859
1579
4192
11084
3250
11842
2637
11149
4295
129
10753
10311
1635
8153
5219
11633
7651
7073
370
5884
10696
2116
1820
881
4327
8569
5509
10199
432
11501
7138
6445
1591
5239
4268
3727
3863
1876
2654
7392
9006
10448
6362
4112
10212
4212
367
7463
3436
12125
11091
7623
10130
6117
5944
6119
2893
11959
11521
239
7128
11639
542
6947
10917
10646
1459
1903
4648
362
7114
7210
2086
2988
6932
9922
11455
4451
11564
3607
3984
3347
2083
6786
2514
3004
1181
11961
3599
4745
9926
9525
6703
1229
2780
10938
11859
9726
11523
3946
3492
10497
960
3313
1164
1306
2993
5709
1575
3742
5580
3834
10740
10387
1858
4354
769
10253
3940
6592
4210
5912
9786
957
10481
11422
7498
3818
6421
8248
3300
1435
3958
4531
1057
10013
6979
7505
60
6173
4878
35
7315
5746
7454
5156
11821
8177
9392
10977
6194
4361
3257
5681
6064
7459
9710
373
8926
11299
10706
2596
4080
9079
7116
8686
8772
4199
9325
8404
1064
3293
4843
3796
5127
1004
5691
7824
10351
5596
4049
3966
6015
8378
11268
2015
6941
3384
10248
1631
5718
1307
11635
1781
2422
1655
9316
8637
2274
4560
10695
7363
12294
3047
1681
6410
2800
3215
2581
243
11642
6388
6835
10887
7484
3549
5323
11527
1659
10525
5726
7781
6915
9489
1674
5503
2352
3995
6905
611
9599
2474
8565
11652
5781
3062
6822
1186
6218
2127
236
1344
2321
7087
9410
1776
9690
7209
7888
2391
5041
10289
7812
5727
7581
8702
1613
6091
1623
10237
11228
6188
3163
7413
5703
11589
8142
78
6034
2317
11418
2874
4409
3399
9103
7951
3478
8889
2386
4562
363
10034
9345
5440
1360
11844
11749
9833
5620
5130
10925
11971
11321
8275
79
7909
7232
8854
5535
324
5015
1440
11684
11988
1130
10445
10568
9000
1510
7340
3105
2593
10768
656
3070
5538
12168
9050
1383
11706
12012
4940
9025
2927
1614
3356
213
10712
131
3087
11089
6517
10716
3467
8146
448
12071
699
8295
10875
7228
523
11209
9294
1821
1415
165
3308
7762
6758
5305
4600
2555
3383
5837
10691
8587
625
4791
3997
9139
761
10931
6407
5479
6324
9635
6990
6927
4039
5497
645
5533
7802
1882
4867
8087
9232
4147
2598
10733
2822
2349
5471
5217
7137
5131
2286
6241
2827
11862
4207
183
6613
4057
1169
2489
8058
5802
1711
9370
2129
2532
8589
1291
3661
3971
8019
3458
9822
3096
7300
9481
6514
5839
6232
6182
2309
901
3748
571
12326
4545
8804
7078
3366
10501
7434
12051
5630
9621
6743
10066
4452
4704
2742
12235
4378
10359
8071
8075
6895
11575
4470
3525
12156
3115
3952
10129
1321
9317
10703
1527
4825
10650
10687
5487
3877
1111
1408
3137
12061
7837
7335
7011
10456
4478
7406
7774
2589
9694
2538
1320
9425
10428
5672
1629
10981
6460
123
2634
7018
4756
9988
6675
3102
2710
6056
4326
8144
4997
11769
765
1409
11760
10620
1745
7008
6245
11277
8629
4517
7021
7239
6819
10065
10806
2138
8990
5966
6103
626
4591
9371
1616
9974
10398
1890
8982
6653
8199
10606
7486
12139
2276
11152
10116
8609
7374
8934
10319
5310
3593
8121
10101
5265
6704
7096
824
7935
11762
116
7764
9673
10096
11408
2371
4669
3799
1024
6557
592
11613
11845
2022
9299
7322
2508
9989
1508
127
12065
2437
8595
8342
2023
6490
10636
10634
62
6432
2544
11301
7557
7326
11594
9768
3632
11477
10345
4332
3676
222
12140
120
6732
10572
11326
4289
2283
8373
12017
4485
9160
8819
5641
4765
7500
11522
11808
12215
9557
8806
5382
11270
266
3973
1932
10391
3190
1807
7820
8417
7874
6509
5604
12274
6827
2068
4966
2098
9378
2963
10681
5851
4803
10378
0
11062
10541
284
11498
7719
9112
11878
1608
5908
10584
2354
7385
99
9114
11553
9594
9120
4263
10661
10465
5736
4108
9738
8809
9284
4186
612
9077
7426
8969
9830
6448
3252
2903
12178
28
5618
5162
3280
3604
6007
11585
6634
8266
4611
5405
4078
11335
10801
10419
10194
6253
9776
9709
6437
11340
9264
2691
1799
2820
4242
10825
3404
5696
8169
8043
10738
11438
10876
5719
115
7970
11126
10030
5277
8529
10879
1973
7303
8945
8033
1938
673
10904
3511
9393
7738
4260
8616
3715
8856
350
8639
8901
7185
1924
1221
3922
10958
5245
387
3547
1337
4850
6282
4547
5290
3205
9800
9022
7246
5046
8778
3418
6540
1734
8063
12311
3191
9198
8592
6102
1253
6573
21
9497
6910
8429
3107
3665
8863
12146
6037
9037
4790
100
9545
12117
3451
9061
3686
8156
604
4930
4998
4723
3868
9094
7828
11096
1747
7845
3310
6844
2051
4047
7458
2757
12298
7288
8888
1179
6874
4720
9354
2173
5576
9282
9040
9961
3808
4876
3745
7794
8797
8366
7676
10461
2463
8292
9435
8933
8526
11100
7282
5801
2881
3292
11655
4690
2987
6310
5534
7853
5638
4702
6029
4043
3466
4736
6959
9660
1838
3123
8652
1562
10167
3290
6729
4515
8930
9630
7373
7666
497
10942
3945
375
9401
5037
404
3778
2467
93
11705
3204
10413
6834
10041
827
4524
5985
6598
11379
6176
6862
6995
8535
2683
10978
2547
11338
691
7528
8192
9774
1707
7644
10213
11413
11783
2003
1131
12068
2304
5343
8787
10567
8020
6246
3395
7788
10453
1731
9351
6996
2120
606
10877
1671
12076
11465
1971
4461
10488
736
4122
6980
7452
4776
7033
5346
4099
9029
292
8890
4903
7296
3969
11965
7396
12252
5763
1963
10466
8010
3441
5394
10060
2387
2671
3516
2502
3988
3999
63
1384
4333
650
1967
112
3024
5444
804
5652
8769
5930
8318
3331
7152
8053
12204
3793
11997
9592
851
12024
6838
3057
2665
4950
11187
2679
3893
5491
2977
1053
10937
10597
7521
8345
7734
5662
10583
2353
2660
1028
8472
2711
3821
7026
3128
5593
9671
7377
7942
5896
8015
8696
903
2040
9864
3751
8742
1862
1805
7468
12217
945
11834
4259
9882
2107
12224
11317
5610
11590
8641
11095
941
6930
1020
9724
1847
3898
437
5410
11637
4882
739
11059
11483
7601
5102
586
2989
4444
6567
9220
5259
11471
11400
12228
5637
6797
573
647
595
7034
5347
3396
7444
9500
4566
7594
8473
5028
732
10955
11191
10100
5240
5713
3085
9303
6599
4680
2195
8352
2798
6011
11357
9144
9523
9411
5311
6772
7704
8798
8356
6250
1040
8150
3968
6761
8401
3612
329
2546
1429
6237
433
5203
6187
9052
4370
967
6854
11921
11678
11926
11815
423
11605
6235
11887
11005
4652
9100
6213
2562
4605
4317
5393
8338
3361
1777
5149
5918
3186
8700
8039
4419
9753
2852
6004
168
3419
9584
10449
6273
10429
136
5374
894
8389
1483
1792
6180
4863
6177
5208
12225
11042
11308
10581
5181
1447
199
11803
11658
1823
9987
6066
8922
3886
8067
2121
11657
807
10787
5661
2997
1198
4403
9013
10903
1241
4051
8962
623
1162
6356
7179
2603
2775
3781
5846
6118
1740
2282
7939
5103
11218
8216
8408
11052
10102
5249
3421
4262
207
11702
2322
6185
591
5272
1720
1863
8717
10527
469
5446
6265
11003
5627
928
10088
2721
9661
2934
1913
956
9680
25
1134
10389
5021
3224
9744
4939
9837
2937
3533
10838
5116
10379
4845
8131
8032
3854
7997
7148
10563
8372
5368
6594
1434
3912
3091
2344
5995
11490
8286
770
8829
10728
2492
1208
5294
8467
6950
1152
5302
307
10251
4182
6922
7204
6926
5531
2610
4305
7316
2787
6738
10179
9123
7742
6242
6521
5819
6167
3455
2418
10623
8393
11157
10215
4464
973
1634
2435
9008
10146
3762
6001
8448
11870
7365
7263
1472
5795
9797
8752
4469
2957
10959
7098
11491
1684
9359
3918
9396
7012
5251
1071
7108
4420
2251
10873
2956
9781
2659
10638
4187
7250
8622
11383
12134
10297
12201
12263
4353
4984
11306
1641
8948
3560
3622
6021
7221
10148
12275
10368
8994
6172
1207
11122
11723
10915
8343
2292
714
6687
8736
4735
2745
3337
7456
8615
3219
659
797
755
10200
8291
2496
7599
1871
2046
7877
4851
5072
2163
6036
6921
6216
11085
537
9893
2897
7768
2222
10327
2599
705
3468
6744
5874
4373
7891
9225
4859
3264
9845
10799
2732
