753
5536
8971
3648
9037
2016
4577
7288
11014
12240
10000
5554
510
9072
1319
5673
9317
4481
9097
4192
7545
5716
10074
964
4462
2957
504
8536
7786
11762
10216
6124
10223
6141
7919
5681
4815
3418
2637
7858
1235
4742
8563
7725
3169
629
1692
8794
10625
11996
9977
7834
5298
5570
12316
82
8790
1152
4109
9388
10799
1530
11050
6808
2249
4399
11529
7059
6154
7579
5163
1320
10173
10244
3258
7055
10602
913
10054
11156
4416
6574
10592
836
11357
6551
12290
9377
7341
7551
11047
9585
1906
11400
6259
2720
8557
5157
9373
2925
8570
8105
9976
6926
1540
7003
2267
2389
4321
4312
5387
5851
10028
2201
12064
8505
7654
6961
9858
5650
574
3922
9528
10700
9431
11157
1677
42
10419
12000
4363
7826
6273
6291
3391
2072
991
9599
8704
1202
3426
6281
7899
1604
2051
9423
4478
12025
10751
7146
1594
9015
699
7110
11422
587
2979
2721
8419
3401
388
4056
11508
11325
5242
6835
3877
7169
406
8792
5676
2066
3310
3328
3760
2753
11033
3842
3046
131
5772
1415
3281
11407
5824
2246
4593
5267
9652
5580
3358
3206
6701
11691
7206
9447
6222
3129
2222
10387
2516
994
2782
5446
10006
2266
10185
4853
3344
2684
1280
3587
8473
6112
6803
8599
9616
12256
2943
11673
822
4525
5454
10712
1367
7556
1695
4808
4155
7215
8715
5240
5077
2014
7570
2166
10055
5140
1374
7454
8177
2743
5647
3333
7482
1742
10851
10501
11880
9360
10897
221
6036
12176
9494
9717
1623
7867
2972
4798
923
43
486
1849
22
11196
6315
9582
4404
6780
5366
11029
5938
5472
8446
5438
4098
7336
4431
11458
1243
866
6090
8510
8155
744
528
10620
6177
11426
5579
4903
5250
2609
10237
6075
5145
4877
2747
8935
9363
8059
6933
3424
6530
6790
5572
2180
10584
12307
1694
174
9350
8301
1664
6358
10719
4193
10974
7777
3044
7946
9883
8104
2352
9049
4354
2691
9611
11022
11757
7223
10198
714
4612
7929
2338
9961
692
6754
1899
11906
9371
10962
7030
9222
962
6414
4669
9433
10519
5539
2412
2526
8583
5544
3465
11666
3031
7913
5522
5412
1151
6010
8740
2865
3679
7842
411
6283
2375
8900
3993
637
1971
10902
1553
7365
6579
5457
12174
3193
6887
9172
782
814
9268
4376
3291
10710
854
230
4565
8083
6094
2950
3403
1465
9301
1978
2123
2930
9905
4710
11350
11381
1393
10423
898
8694
3368
5853
9130
2340
2513
1001
9034
1955
8945
10810
1015
7973
208
6751
11065
10183
522
6422
7296
1843
3588
2498
12269
8339
2197
223
8836
11220
10921
135
7086
9610
10827
4726
7868
3847
9814
2026
6944
5233
5713
540
2318
3388
11188
4157
8942
203
5788
5587
3025
9089
1344
6639
10097
8107
3126
2398
10828
6478
5444
2650
9650
9275
4646
11618
8999
4925
9066
2887
3180
8577
5998
12321
10716
1668
708
413
10832
1638
1592
3014
9108
12218
5857
5958
385
4602
12142
10013
8550
11654
4369
1219
7451
2447
6784
9873
9707
3059
6750
1306
5797
3097
10196
2996
4461
9691
7622
6494
6934
9674
7235
7636
1505
2992
2445
11302
6227
6088
5696
10556
12233
9597
10612
8063
1864
3834
2269
2192
6215
1858
4746
9966
3598
9538
3852
10509
10796
1003
10551
336
11025
11784
6656
11263
6885
8189
6144
97
7624
6594
3382
3456
3906
2968
3303
11975
10019
6235
2254
1738
10966
10771
6434
10398
9305
3296
10596
767
2230
8859
4080
7665
9555
8034
3252
10899
1029
3896
6713
6153
9880
3728
8367
3053
5341
7595
4537
7051
9519
9304
7785
8899
7149
7228
1579
5285
12060
5496
3769
10787
9442
10222
1256
4957
4535
5913
8380
2074
5740
9062
6745
3800
5216
5425
3696
3469
4725
10395
8379
11295
6715
7918
11670
6298
5417
9235
7863
6652
9950
6403
420
1691
5612
3021
4777
1271
11952
4902
2141
3238
2643
107
955
10476
9522
6125
2205
8619
6746
2330
10910
8712
4435
3732
8196
11369
5994
6158
6193
10692
4183
1529
2289
2112
597
9469
9160
7028
8627
7483
4029
8873
10964
11927
3691
4405
997
8194
7445
4729
6362
8818
4432
20
2211
5337
5858
6598
226
8579
4413
34
1436
2449
11924
3461
6540
4125
5514
875
104
9368
4526
7877
11574
12229
10925
5985
3300
3712
10046
2319
1773
7915
7575
4823
3858
4106
2418
2077
5355
11390
9312
457
1569
8014
10715
2371
4207
6303
12289
4573
5975
11352
10312
8158
2801
6464
10377
6564
8511
544
8677
2717
5690
9283
11665
3967
594
1741
4199
571
12066
6714
11614
5652
216
6930
5900
3470
10627
10213
2652
9973
9492
7265
476
3766
9967
487
5779
963
3862
2683
10334
4375
5221
788
10861
10496
7357
11387
11174
10567
8688
8604
6375
442
10262
7060
5004
1449
6820
6911
8669
8284
11288
2595
4292
11743
6735
8056
978
9806
4400
10587
10463
10372
10138
537
4277
37
3697
10811
6047
10235
5311
1148
1351
4256
7128
2399
7696
2083
12251
10477
2169
1838
9251
11791
4620
1644
3845
8603
6553
11232
12197
7370
2177
143
12041
11535
2746
6026
108
10484
3313
6014
6307
2294
11133
10184
11638
4521
2061
11420
9843
9264
2195
9937
12311
196
11467
3545
7004
10918
3666
7933
7982
3901
3602
4812
11109
7058
2518
11379
3798
10996
3361
8931
468
11615
9556
7704
10217
7722
9088
3218
9647
11878
6560
1795
6448
419
6473
4607
7931
8354
10306
2556
4471
3807
8173
10159
155
9591
6527
3285
7280
10935
11693
9299
6405
8922
5066
5707
7971
11398
4379
1723
10486
2188
3884
4491
3657
6455
288
462
1414
7117
1506
8781
1885
11795
2396
1353
11069
8849
6680
7
12029
314
9983
10325
8330
1678
8640
691
9065
7611
8673
1004
3979
8150
10675
1922
1976
8191
11340
9830
10361
6255
10879
7820
9584
9463
1609
10639
6117
9546
4544
6537
11833
6147
3057
9732
10099
8633
9237
2906
6374
2127
8440
6848
1329
7747
4751
7881
3369
713
11900
2121
1940
6400
10473
7211
9045
7623
9358
10905
4997
4060
2851
2730
2138
436
952
8287
12088
6688
3771
1435
9293
5614
9063
12046
11436
1287
10106
8031
5640
10410
1404
8569
8837
3645
7392
1298
863
11203
2561
6327
10101
9533
1737
12212
6211
7646
5306
3570
7371
1780
5190
3890
1045
4221
3752
2998
7093
7968
8070
3316
8787
10318
1117
11701
4759
418
6829
624
10784
5087
2429
9249
5274
4890
10088
4723
2185
2862
220
11170
2808
5151
514
5258
69
10465
3706
11386
5420
2622
265
10232
437
10930
8207
10877
10009
8796
6826
11741
8917
7985
9615
5414
2845
11330
11711
5075
3911
5243
6304
10961
12188
8449
10129
4581
8028
8062
4028
2057
9487
9548
1222
5979
7011
8142
3502
5688
1666
758
9870
5731
19
11652
3416
11805
4915
5318
3560
1232
9023
6458
286
1493
5385
6833
150
3746
5427
2775
879
2065
4774
2719
4625
555
6678
256
7817
5219
5357
1641
2727
6950
10526
6958
4787
1326
11627
7534
1072
4215
7076
8799
3527
7663
197
5418
9232
5706
5670
1362
4423
5846
3011
8612
7521
1342
4443
349
4679
11595
8691
4648
8038
2673
5071
6165
9713
8749
8261
2314
11752
9853
1268
9114
2703
328
11201
2768
10862
707
4875
4916
236
11767
2658
1850
6544
5892
8693
11328
5461
9229
417
1919
12226
7227
5359
4515
5767
7142
4
2990
8560
2708
5262
194
9135
11610
8813
5737
10870
2540
8614
8924
300
4119
9048
11531
2899
6157
8702
4924
5330
7770
7221
1581
8229
7972
3994
8641
1516
1859
5602
4339
497
7019
3136
7974
5076
12205
1977
5272
390
6777
6624
2383
3340
1750
5613
4940
8102
2272
9471
11337
8890
1170
10057
9182
762
3887
11313
7888
11384
9457
11794
10708
11023
6853
6247
12118
2417
8847
11053
6707
11414
5785
8590
8770
558
6130
11147
9479
772
11127
576
5227
3999
7419
2162
11103
2714
485
2064
4966
9149
11895
3225
3181
775
2159
7848
1314
6152
8538
5714
661
10648
6917
5592
6145
6066
3883
5485
6628
7701
1301
6244
8959
792
11001
1999
1409
4276
9226
5503
2092
9051
1975
11785
10548
7727
6904
880
9202
10577
11798
5278
8009
7203
4350
4411
11758
7147
9560
3948
1153
11838
2852
5901
7944
11346
4440
11221
2366
11514
639
4507
10275
157
11648
4189
4144
7042
2380
8562
11853
5169
11317
886
1444
4249
9027
4553
438
2812
6401
7330
5766
9993
6498
7830
4140
1856
2672
5349
11922
7115
165
4266
3892
9899
6356
1368
11517
3438
11978
4865
2616
7578
2570
8957
6299
5845
11963
281
3334
6871
1134
2146
8293
1915
326
6979
144
5119
2468
12227
3779
1223
3267
8442
11268
10616
10145
11243
8909
1646
807
5936
6354
4767
2427
5136
6734
10576
8481
9488
8258
8295
6706
266
11266
8911
7910
11259
5313
7532
3593
3070
7125
9742
9667
6694
10958
3362
4284
6332
774
7384
3216
6988
4333
8041
10769
9571
10617
1987
4112
484
5437
6588
10560
6590
9892
664
4879
8308
1792
6109
8763
3855
3064
6471
2944
1603
9185
9026
8777
3329
12265
6323
8066
5399
4738
6333
7939
2034
5959
10288
10175
9345
7846
1571
1022
11939
11583
7736
566
316
4799
3916
6341
11212
10834
8060
4873
10351
1729
4085
8032
9259
8727
3049
9746
3381
2642
10767
5186
7150
91
1433
285
9782
7555
9878
4349
5718
979
3094
9930
6129
8141
8137
3944
7230
11659
11437
7447
9207
3448
8425
1242
7487
10462
5527
2282
7287
2922
6641
2871
6844
5526
5734
4038
7600
9121
5001
2608
3086
10623
2139
5479
9996
11840
8222
3248
5500
2554
5316
766
573
4026
1969
2194
7343
2908
11593
3601
4324
3241
10747
9201
1853
8559
1514
9975
3576
650
11149
3459
2798
5525
10884
6022
12323
9661
11303
2836
480
9013
2571
9804
4458
3370
9473
2471
12194
8928
8525
6809
11528
2288
2300
11579
3045
659
11269
8981
10788
3460
5134
6470
4470
2078
11929
2365
3292
12170
1635
1378
98
10417
1349
4063
5257
4088
3722
10091
10904
9484
599
2938
1538
2217
3425
9104
10601
568
4290
9183
2756
3813
2408
7448
6110
9735
10369
4187
5768
5432
3162
9257
4417
8606
736
10204
1407
5954
7308
8317
7818
5088
1645
1840
5421
11309
6681
9480
7525
553
1908
6726
749
1991
10938
8866
9191
10108
1625
11364
7558
5327
1217
6318
2210
12179
7763
11962
5641
5955
7398
9936
5506
3923
4212
732
2416
2059
3173
2863
5898
2997
3242
7137
3912
7732
603
142
10995
8312
2397
6948
1927
765
10992
3261
12037
6119
4569
7980
5013
7798
10112
531
7700
9044
11421
8406
7689
6902
4178
3013
11444
4303
3830
12248
6878
6499
2025
6313
9326
7332
6842
6320
7014
9419
5224
8653
5238
11552
2116
8841
2458
897
70
4436
11438
12224
3643
581
3721
3056
4108
11360
3035
9759
11953
6738
7601
3630
2980
6055
3536
12085
1417
8692
8197
5442
309
8984
11642
7876
6773
2038
3451
12303
9022
11207
10965
1659
4094
6270
8767
10727
5455
9765
4138
3661
1802
5367
8015
3293
7810
7635
9196
9682
12097
40
11623
10012
8408
5834
2118
5109
4506
7778
10279
7861
4198
3073
7160
8546
9297
2483
8947
7300
4121
2479
1450
11449
9998
3628
9110
1035
9284
8436
3555
10425
8623
2757
3965
2221
9058
3032
1425
8364
11397
7334
7640
4968
11348
3537
8609
6827
10031
3549
11712
12195
5609
11585
175
3117
9520
6219
4220
1431
8960
4021
4123
41
9820
4814
3904
4856
7193
11305
11000
11974
933
1143
4596
8243
10818
9146
3934
5940
6011
10041
5803
3166
11228
8230
644
3617
8932
3210
1190
12103
1462
6312
4538
10191
8916
7627
7866
5083
10293
8769
565
11010
2491
2156
4728
6185
2838
7331
9007
5849
3639
87
2336
2603
5557
11820
3921
10636
4242
1913
4979
5806
7549
9561
9888
9755
7502
451
698
9375
8831
850
2346
1554
6567
6916
9064
9783
12016
8500
1520
9250
11237
6237
5012
8823
6891
1131
1486
954
299
2364
10342
7639
6288
8686
7935
2537
4555
10314
7278
2502
3
7906
9001
3220
12128
7130
3113
8508
3260
9704
5886
6115
1051
8055
9775
10278
10864
9016
11491
12314
6032
1475
5820
6778
6085
1498
9031
6475
8081
2976
9243
5360
5811
8678
10652
784
5234
6909
8316
95
9981
1387
8157
147
9530
12083
2789
6297
9403
77
7267
287
9376
11792
5287
12178
1112
7439
8085
6363
3236
8
6512
2912
1373
4314
6089
3662
2040
295
1099
11905
5926
6289
5757
3096
5150
10688
3561
8703
10743
7189
8392
6747
4958
1097
8236
7289
5621
9078
12296
254
2510
10254
7462
930
10468
6692
6021
3511
11664
11371
7315
10570
8656
2555
3259
11291
10646
11546
1960
3105
5031
10837
12160
6469
2227
11492
5348
547
6060
11684
12235
2563
8099
12152
10754
7857
11332
10829
9864
8416
646
1777
10117
2379
3591
9653
3030
5117
11137
1675
11273
2678
4857
2422
7242
3072
2549
3803
11662
658
3060
3321
8466
11031
4492
9315
6792
7613
8783
11856
8224
186
9641
8517
3422
4283
5407
9195
3204
81
4346
11066
11740
11705
6798
7266
2594
10568
2882
11609
2090
5948
10266
2827
2213
7916
5059
2251
3668
12032
7965
5027
7101
6331
6430
5928
5356
1574
3714
5625
2031
8892
10355
1429
11292
11568
5977
8008
961
9602
4963
7942
521
9985
3496
7969
12058
642
6910
10049
7108
598
3443
5978
5770
8430
8853
11634
188
1676
6272
3954
4670
243
9061
11806
11855
2824
5468
1907
6496
1647
6107
1296
10020
12018
718
9882
4326
4559
8469
7024
12203
7643
2431
5039
6815
4516
3024
11131
2805
11258
301
6522
125
4005
11405
6607
11955
12026
10
12257
2949
9780
535
2898
7255
6892
953
4079
7920
2613
11294
4901
10472
9672
10327
6395
3822
10047
5002
11597
9053
6492
38
8458
2400
7684
1776
5516
4308
3263
9927
11892
6355
6854
1098
8112
2546
4816
12254
4653
3675
4712
1522
9288
10340
3978
9472
12191
9194
9501
2875
11298
4977
12120
2101
1790
3270
9659
8842
3975
6762
4267
11380
2453
6589
4932
12033
11452
11710
11088
4918
1127
1178
3507
2301
4054
5453
5205
4499
9932
12162
3245
11304
7165
11198
8624
2450
3255
16
2100
8043
11450
5201
11601
11527
6132
7557
1862
3641
10258
370
3128
8937
8324
6611
4542
8927
7040
5363
5922
6953
6425
10427
4238
862
9951
2640
4066
5248
1136
6421
8486
9700
8752
8816
6241
3787
129
5310
10197
9808
7328
10040
6536
1879
9456
1427
920
9171
7504
4635
5199
10858
10382
3305
7911
11018
3103
7816
4831
10836
2486
2624
2842
2521
2960
12250
2911
12270
5749
11445
9154
3955
3990
8021
7947
5423
9825
2606
5048
2552
5021
2275
5435
10557
12050
4633
5161
9103
10933
3201
3715
5888
3314
3179
7659
4202
7572
3326
4167
5089
6719
1657
1684
5026
1511
11728
9724
8863
10316
8144
6445
2834
4714
12059
454
9942
12136
9349
10632
1031
9309
3774
1187
8342
1844
10654
4736
3411
759
2796
5312
5000
11160
4222
9466
10955
9125
11110
11315
11399
546
363
9176
11555
8370
8571
10206
9400
10156
10970
9544
9576
7792
6001
8374
10823
4359
4445
9567
1141
8414
3649
10745
9861
1632
10547
8824
5225
7885
9890
4332
1925
10360
7796
12184
7190
7977
1166
4950
5732
8098
8033
10160
2010
8888
9321
2693
11714
9102
2558
11851
801
5103
6737
10441
2257
9995
1488
4395
6163
8399
8593
1059
728
2008
6529
2488
6004
6490
777
3687
8005
5085
5700
2323
93
11383
3200
11178
7999
11965
12084
10888
5727
9258
10883
9199
8490
906
4995
10682
3084
11907
11473
5876
6171
9093
9693
9846
11086
5651
8904
4974
3966
1783
9816
10095
10344
8683
12328
1617
11917
1982
6396
2931
6275
3608
8798
36
3095
10695
2974
9756
1442
11430
2073
189
7271
12169
11736
7138
4837
11972
8936
3341
6345
161
6552
6938
4323
843
3557
29
1129
4706
9866
10130
322
49
3891
4142
10633
4258
10863
780
2725
2849
9331
2395
9515
3085
2774
8121
7884
3743
2347
7859
7924
5897
10975
7091
6817
7395
53
8665
4035
12014
3571
3211
4603
11122
354
1382
3946
9228
11227
8471
5963
3257
3385
8672
4928
11229
8363
1688
6921
6353
11454
11283
1334
3409
8711
10703
11543
783
9087
4929
1459
949
11868
12175
11604
6381
3960
5086
5601
10418
5361
9992
6077
9212
8136
2017
6838
9448
2056
8507
6199
4587
750
7574
6070
11918
3924
3435
11739
868
2261
11985
7721
591
8996
10170
7823
8148
11832
6573
74
12297
364
4003
9854
4583
8620
7201
3157
973
10219
12245
10878
9931
6067
6869
7428
5728
1765
8990
640
6161
6939
1827
6388
6390
9826
7087
5663
11218
7273
6325
1259
12005
5504
4707
6462
907
1422
7793
3068
8352
361
8616
11919
10537
3523
5018
3795
2144
5033
4954
5197
7821
11186
2645
3109
6043
12298
5185
7508
4186
10118
8180
2271
7932
9668
9399
12309
4184
8869
11598
769
10381
4524
2600
1359
4867
192
11499
5589
7480
2966
4547
4103
9496
5875
1456
4934
6408
11631
2909
9583
9474
355
4810
901
3932
6208
5744
3970
2042
4424
7368
4905
10491
4715
8200
4351
3074
7275
9734
12021
2443
4618
4775
1168
2052
3814
602
2273
1227
8298
2680
1939
4790
11559
559
9738
10263
6489
6596
6046
10249
3405
27
4630
999
11478
6670
8588
3337
8886
588
5270
9648
12279
10669
1903
9325
11707
11440
120
5046
4904
5980
4658
1912
7893
9197
2565
4007
4948
5114
350
10430
3009
10070
4863
10907
11567
1759
4748
1318
1526
9832
8223
4442
881
11176
8720
1673
8217
7452
1370
6329
5017
802
7582
730
9042
12230
4253
3466
4794
10756
606
5556
4358
7914
2020
11416
8467
2148
3247
9128
764
5691
4240
8768
2750
569
8716
6993
1050
10574
2406
2094
9955
2082
6444
7898
489
10471
2259
3573
1930
11058
924
6834
12115
8108
10917
8179
5305
1725
11690
5664
992
752
11432
4744
495
1357
4489
7647
7471
10296
3433
9324
7854
10261
9839
6100
11943
2825
9367
7594
1701
6236
8026
6733
8356
8906
1820
8789
6500
4141
7008
7530
11617
9774
348
4805
1539
667
2983
10102
2228
4685
9579
5929
7402
12096
10947
2847
7274
8304
1766
1489
1704
8297
1965
1257
10227
1273
11205
9663
4868
7426
2573
10522
459
9124
12287
11471
10991
983
4327
11663
6114
9580
9624
10742
7322
2155
3189
6397
7759
4589
5632
583
3018
11951
9421
9911
6980
2097
8280
2276
7607
1618
12116
975
7243
3134
10681
1125
7064
4075
111
9416
2099
7047
10714
6769
10895
4994
205
118
5375
6261
10673
10193
4134
6309
72
5211
9318
12253
2646
3407
4827
776
8566
2402
10214
2419
9573
4519
3635
8452
10936
11613
7286
3596
5220
6019
5178
9553
9750
10396
11224
1154
4830
5194
8520
9946
6578
1670
12003
8738
11825
11992
7163
8760
10559
7598
3184
10234
5498
941
7382
6230
3988
10981
6459
7194
1466
10304
9865
7016
11763
9497
7352
3644
1797
7339
726
3183
6279
3490
557
8474
7431
7621
7477
9773
10313
4941
8411
3748
3733
9369
3927
2270
11549
5304
6730
7517
11329
11760
474
5331
7676
4259
10141
9754
7754
635
10980
5942
3012
8455
4205
3551
6477
11277
12193
9718
3384
1058
9731
12062
4572
7772
8434
3943
11026
9781
10210
353
2109
2910
1399
10696
5099
3199
9517
4490
7507
1032
5187
4211
2460
7476
4551
8661
10713
3452
10309
11448
9307
2029
4307
3781
9240
4262
1266
3445
7959
3604
1631
1310
7806
7789
10815
8895
10488
277
4500
10146
4619
5855
2337
9395
5679
7170
8118
11394
11079
3079
11935
6654
4541
6128
2036
10289
4310
7355
7390
7066
4876
11696
2168
9024
10886
4906
1876
11717
5809
4033
5148
4842
12022
6830
145
10171
543
6513
5989
1946
2651
5596
10634
7672
3437
3823
5229
7922
5009
7655
545
8741
3478
9432
3147
9004
71
6847
12017
4480
4402
5946
4022
1177
7254
6350
6576
2621
6210
6306
8097
3917
9944
9189
352
7013
6782
8088
3565
11036
9685
5275
4239
7943
5231
269
11105
3585
1595
11333
10402
12100
3398
5590
8597
11377
1923
4164
1468
2515
3345
1567
4027
5543
9956
7686
11612
9644
8617
791
10665
12001
7259
6570
475
4735
4014
10621
10113
11443
10066
357
2668
4452
1277
1597
9209
7186
2390
7363
4681
9893
6073
11515
11418
11981
4341
10413
11577
1426
9302
10337
945
4643
4791
10783
8289
11829
4920
8608
6608
8564
7425
1918
4148
6515
7592
9728
4785
11547
11966
9186
11718
7580
1890
8349
5747
4216
5622
1500
10274
8539
4740
1216
11729
9701
8299
5884
12076
8943
2538
6086
2220
11732
5518
6852
5398
10997
11495
5473
6198
1992
4372
4299
7903
1253
6028
3338
1402
3375
10869
448
2
2111
8632
10265
11539
10010
11928
655
2536
10569
3548
4713
4360
10119
191
5428
9760
4789
11124
2309
835
2203
4818
5618
7375
1458
10167
1214
5380
11938
989
529
6542
2360
7442
3489
9681
10059
9792
8351
9658
8921
10131
11523
7875
253
10515
2830
1364
7397
7577
7975
11148
5181
100
2122
6972
4355
9323
12126
10252
6679
7653
9126
11764
11296
6371
6437
8561
4343
4439
1612
7690
2098
3355
8454
4460
6387
8116
9296
3239
6583
8699
10894
3037
11720
4150
867
11750
11489
11660
12284
6302
8235
2523
10411
7950
379
12038
11411
9214
6098
4719
6976
2508
619
3569
11113
8333
8780
12057
2193
6994
5265
10352
5451
54
5280
11439
3280
11173
9356
11096
4280
11183
11944
12217
926
6534
11948
621
7874
9239
5474
10647
1709
8726
11550
3148
3485
909
5146
8731
2172
11983
11415
1074
7056
5315
7589
2545
11306
338
4241
10789
8555
5422
3065
8012
11947
3343
3680
512
3581
9050
4467
1693
5997
1988
5771
5397
10731
10528
7862
332
6960
8278
740
8901
1613
614
7590
7685
8203
5595
2612
5226
7802
9244
10794
3653
3471
3949
1264
6191
5352
5015
6675
5426
3123
10642
12035
5290
3929
2853
8650
1155
1225
5861
5790
11249
925
779
3793
8668
1582
9054
2800
593
8227
2881
3535
7305
11044
7634
1157
7338
5404
11260
1142
10770
10806
10084
11457
5321
2263
8084
3118
5674
6176
3308
10916
5748
2428
1091
5689
803
1979
7081
7552
6705
2744
10513
6800
10168
724
3413
519
586
10542
3286
4447
6164
3472
163
4012
3808
7192
4689
2145
1503
12215
8358
11367
1106
1028
11475
1770
6205
10510
11129
1671
7181
4168
8961
4931
11713
2742
4514
10527
9877
4752
3233
10096
11060
5802
877
1998
787
11958
10644
2726
4880
11602
6143
9811
11560
1796
2822
8188
8463
10357
2089
10581
10889
5801
9969
9060
3504
10687
9357
1784
7514
811
11246
8889
5176
12308
441
11519
2001
5159
5213
6535
2567
3106
10514
10631
10280
2663
738
9954
2866
5462
6772
11751
2582
4657
10680
3945
3869
4394
7716
1886
2333
6716
1195
8946
2722
12119
4758
3288
11874
1430
2799
4145
3178
1779
7988
5339
7593
8130
7164
10162
10469
4765
10242
1883
8054
3642
10941
3902
3844
2539
2986
4998
10763
7879
1749
6699
1847
2522
11902
7015
8300
4488
11483
2350
4739
10030
2629
5135
11020
4304
1392
3311
4055
2158
3689
9990
5011
8362
154
6770
75
3908
789
833
9141
9677
2018
8175
9273
11456
10148
11675
5883
218
5251
5202
2462
9649
10125
5630
7298
12061
8920
9234
6156
8876
5263
11657
2315
8941
4474
3622
2713
710
8212
1958
317
2940
344
6160
6217
204
3458
7602
5564
5137
6506
1929
6883
3152
11008
10330
9779
8795
11402
9118
8030
6093
10454
1717
7470
12262
10269
3164
10257
1119
11089
12055
5511
2945
9236
3801
5253
11474
9532
1654
3611
5180
5510
9589
1021
2580
7065
513
8545
5882
2520
1952
4484
846
252
2015
5317
11187
6386
908
11107
11887
2409
5378
5586
12111
156
8396
9052
10573
4778
5127
101
8314
1432
11320
7302
4795
7930
7841
8435
11564
885
8821
2126
12054
7307
2363
7374
2446
9225
2975
11979
4663
9859
12238
6602
1138
4584
2954
11505
7456
9074
4353
8064
5386
2896
10583
2574
6209
8651
3681
10122
11417
9162
7153
1252
9729
3283
11293
6645
6873
8552
4851
9310
8979
10746
10831
5509
1536
8962
12255
7967
7061
2935
10951
10455
11991
10466
5041
1147
8684
12282
10928
8447
10164
2572
8864
4092
5093
869
3347
11626
2535
859
4302
7465
3941
8701
11396
1921
4835
6507
2844
1062
4696
2436
2439
7562
483
57
10630
746
4476
3076
9443
11765
8365
9822
6095
693
917
9435
4960
473
12072
6103
7901
5723
6846
4677
2592
10753
12090
9962
2175
10589
5406
6439
1
8585
1061
6974
6991
7978
5098
5111
4988
11521
5850
6932
1192
8547
8788
4004
11251
2711
5395
4158
11195
4817
182
2697
9096
9844
9572
6555
8211
5289
2238
5277
651
6407
5887
5675
10348
10777
4428
2928
6832
4412
8878
11971
307
345
1712
3759
13
8124
6617
9381
8306
7440
8705
7880
6101
7536
7707
3740
4099
11802
5902
7085
4697
11871
4023
11569
4700
227
9991
6206
8093
10220
4693
668
2420
11206
12187
5495
428
10721
12300
10467
5035
11930
939
11455
8991
10150
10081
935
10871
8949
4497
1386
1575
10409
6893
64
8338
1660
10697
356
1573
768
7605
7290
1088
2046
1460
8762
11362
5817
3854
11200
11039
508
8800
517
151
1867
8628
4234
8110
2641
6392
1333
7855
3846
117
3150
1842
4989
7936
6105
4654
5870
5212
10959
610
8181
8424
9220
5112
5646
9747
6294
1902
1831
7134
7464
8303
1855
2466
3898
9478
5295
5014
11435
9884
2463
861
2304
4053
10582
8270
5198
8475
10247
3477
703
12104
12204
4398
6824
3770
9740
12182
5694
9673
9736
2991
3028
899
8120
1953
334
9525
426
1756
8698
171
1037
6802
8004
1089
12213
3864
10480
9777
10660
4433
1448
2706
2959
9741
3888
1561
3163
11980
10807
7088
8496
6234
9334
12268
984
5577
754
6061
7750
742
9879
3041
8311
9159
11562
9425
10424
7843
9410
10115
12073
950
5531
8151
362
689
403
3108
10375
8675
10549
8149
7831
7399
3894
3144
1851
3414
4313
6970
67
1624
8808
11343
5171
10457
3215
4043
9621
7837
7082
9848
496
7619
141
4843
4501
6704
7317
4561
970
943
11744
3395
7892
6997
10969
5292
1179
6360
2841
5215
2704
2504
8734
10485
5778
398
9361
341
5638
7489
9578
11920
8395
6550
4909
2682
7966
8276
731
3735
6884
9581
10689
5703
10048
11698
7097
10291
4135
9534
2988
6116
4268
12221
5108
4015
61
4786
8522
210
9389
3378
2339
5678
3151
2110
11807
11616
7017
5819
3893
3272
7625
8372
9514
2312
1565
10155
4539
11214
119
1236
8292
9657
11826
381
7154
3989
3546
11682
10609
3542
5239
12272
12146
3778
9341
8450
7199
10228
7833
4273
8274
6665
5486
7166
11299
3005
11271
4197
3991
3610
10393
11788
10795
8029
9612
4591
5860
2932
7608
8983
1949
3838
5153
2587
5983
8700
7997
2345
8506
8053
1911
11859
6572
2481
4953
6661
8168
6822
152
10358
12299
10566
1905
2452
10893
4741
934
8495
11441
9887
12209
8865
3572
10445
241
9335
2264
2607
4686
5057
6504
1496
6218
12145
10611
4113
6760
4675
4528
11870
11537
7687
2695
4829
6436
1909
1244
3186
4650
8305
2661
6416
7182
9508
8350
11773
4704
1519
6886
6136
656
4647
8646
11926
12319
889
560
9997
2022
9537
9885
5552
2902
12052
2407
1279
2620
8801
8249
10740
6538
10007
4498
11282
9430
11605
11783
1169
10656
4833
3227
2296
6204
10136
3731
5633
4638
11145
8797
8282
4173
4832
60
7492
1663
11250
3222
1116
3577
884
2754
9386
7691
7926
4634
9081
4543
582
3231
4318
8742
11624
6045
10733
11558
2147
7089
1105
9557
688
6524
193
8344
10816
3719
11719
3266
2391
2095
4562
3473
10300
4188
1400
444
3935
10024
5448
2934
2035
3825
6731
9630
946
6532
2474
7784
1942
12277
148
11772
4557
7539
5436
6383
229
5434
2596
5382
5326
2675
9510
5340
5214
7970
618
9017
2394
1461
12246
10178
5755
2679
11545
9252
6290
3963
995
7127
4453
2376
672
6819
321
8388
6393
1580
2495
9790
1302
1665
292
6406
5346
10303
5631
9276
8855
8477
2030
3051
1622
6684
3213
28
3195
5269
11875
723
11425
10702
11189
9833
9635
3707
4761
3950
2049
8051
7043
797
2079
2204
33
11285
12247
2349
674
6142
10328
11460
663
813
9294
9204
9198
6982
5167
7953
1086
3172
3110
4058
5061
1350
10110
9634
6879
686
8729
5206
8296
10391
1205
8100
615
10808
4722
3160
9791
7026
2895
7264
7591
9073
6851
6480
6519
9460
279
4760
2058
4972
7100
9849
6700
4132
4227
9134
3742
3008
3558
1813
5833
11611
1197
8418
5951
5484
10934
4102
6977
2457
5314
11989
5562
62
137
9684
4991
5856
3379
11128
7631
12099
631
10734
8233
11998
3776
11503
6348
3132
2298
2404
5786
11520
9906
5924
700
5096
6121
9542
4182
6484
9140
10814
4959
10649
5297
3907
9786
2857
6301
2241
2214
6277
9505
4285
4571
7180
1087
4095
6860
5483
5494
1643
251
9137
9502
11485
657
12098
11904
11097
11769
871
8265
679
9446
3400
12080
4771
11372
539
2685
5686
10094
6901
4087
719
670
3799
3167
1224
7650
10339
9841
11016
7034
9758
4667
4721
9690
5774
3812
2977
7864
6839
477
5069
10875
3928
5372
1210
9696
3768
2477
12260
11006
4002
3772
6058
4117
6296
5800
6565
4074
8386
7565
1023
4769
2636
10968
1661
6287
4300
8119
3821
7337
12024
3235
12150
7927
4978
3856
3777
8862
6895
8745
4233
11146
1372
7905
7847
5932
4956
4153
11442
4330
11316
8162
6361
8773
533
4257
967
1282
3749
10335
2610
7800
5118
306
9588
10674
10240
11831
2870
11144
1208
4984
9721
6837
1132
6083
3019
7378
9643
1005
10442
6365
5523
960
9683
2234
1727
3446
2524
3447
1163
5598
10353
9313
12028
575
6005
4784
9829
6168
7313
8163
10271
2043
4983
9394
10690
2728
6626
10163
8439
7782
11463
1286
5493
9165
5816
9279
8860
11374
2160
11676
11052
3121
376
5599
7824
6092
9574
11872
6377
3804
9139
3550
313
6417
6956
10579
982
3383
5823
12113
7526
3078
1269
9743
6213
6339
681
7364
5558
2500
2551
4231
9632
10079
6946
6599
9068
10529
11730
10792
3431
4070
1963
2252
7205
3043
6729
3751
2731
8516
5893
649
7324
4770
10944
5110
1075
8135
2377
1090
9406
8584
6438
382
4540
4582
8172
4530
5400
11276
10394
853
10166
12202
4892
11857
3538
11916
7742
3509
5943
4511
9871
6978
3392
895
5916
6796
3959
3840
11081
11841
10400
9715
1669
5873
6562
5827
7433
8082
6549
9982
7657
8819
11908
4898
1123
8600
1332
7805
105
1968
5815
4834
8685
4513
7444
5480
5025
4592
9549
3541
12069
4362
6783
9009
4076
6941
2218
5889
9136
3499
9862
9938
5635
68
4783
9523
10993
8451
1381
6461
4426
8894
11695
11322
396
1706
8353
4605
8371
9601
3998
5890
78
1457
2566
1508
7496
310
3330
2883
1311
7787
9761
302
8814
3671
130
11501
4861
4396
1322
7360
993
501
3831
8679
11632
237
5567
5058
3356
7745
8340
2475
10867
8472
11640
11480
6587
11923
5403
7713
10202
3920
4250
9687
4632
1189
1293
8246
7195
401
8255
1640
6420
2367
2759
804
110
6178
11184
1549
1491
5549
796
2848
6123
7587
8360
1497
4086
6200
7233
6202
11973
8420
6282
3397
4975
8125
3936
8707
940
233
7882
7204
2456
996
7404
284
828
10177
2062
5894
11090
3873
106
4955
7105
4072
7766
8586
1585
5921
9300
2913
6814
2715
12143
6243
6920
3618
8874
2303
6317
7612
623
2385
4393
1544
5296
3575
5368
1171
4971
11982
6787
8428
9513
7072
9262
9491
8898
4556
8288
990
10083
2793
3931
2281
2292
5808
7183
1030
8518
3081
965
7162
4286
2140
4069
7197
7513
9454
11013
1262
3718
280
636
6146
10093
2131
6663
4401
6954
1239
4666
921
7073
3380
6330
6207
7907
7306
9398
7501
6582
7771
9948
847
7292
1047
4986
8480
1768
482
10305
10651
5844
169
10297
5411
5952
8045
5773
1100
9838
8499
11038
10776
2732
8268
4371
5962
2434
9917
11789
4824
24
5895
4645
11164
10286
9695
2295
6597
669
7006
5376
10802
2033
5007
7069
6987
11591
8757
2701
9902
31
9970
11984
7499
2308
232
4590
6818
6629
5030
9845
5712
2588
2357
1986
8139
8461
6983
8964
3802
5608
11522
6254
1297
998
10683
2212
7139
6610
7387
11909
7214
6310
6173
5022
2755
9943
8626
5217
7733
8902
6621
6429
3530
10909
819
1164
942
4410
5697
1010
4776
4174
948
3900
3829
7644
3568
10367
2011
5966
5408
10022
6875
2529
10805
8002
11197
10521
6372
6351
7783
2012
3228
3359
11702
11230
7626
6322
5063
6308
11378
12039
414
2873
666
9295
6216
12177
11932
1394
4527
386
6843
6474
1241
9968
8264
4651
1736
6659
128
1974
2583
12293
9184
10520
9971
1428
4914
4641
6167
6935
3791
2403
11960
9901
10725
3394
9600
8000
10865
10205
9818
478
3625
11573
3985
2381
10999
10182
1081
11607
10641
11645
2628
2872
5968
7326
595
5583
8269
2820
7964
5841
12190
3342
10932
1160
11988
6252
2485
11361
3505
3047
3685
12249
6520
11125
3737
11366
6836
10724
4504
11811
1335
1215
6029
9637
2560
12002
7078
6385
8535
11265
9164
5702
9344
5052
10052
10245
1966
6491
7037
11019
10015
7063
6727
5722
7104
838
11275
4532
8193
11849
5383
2438
757
1936
3909
184
8016
7361
11964
947
1888
9287
8806
6525
2886
1809
6239
4320
5830
7135
9795
8018
6023
12093
1315
11842
5519
11970
5064
7350
11810
5255
6232
3562
3268
1720
258
5371
4208
1204
1499
2373
5173
1069
8134
5969
600
7743
6084
8718
10738
11021
1681
2575
11476
3454
10622
11867
5079
9378
11990
1586
5155
1956
6945
5208
6389
7952
4993
1046
7208
10459
3363
11005
7522
7711
5715
7547
11185
795
3061
9414
4874
3688
333
3415
7342
816
8529
8069
2769
532
5034
815
7473
9292
9529
4487
1020
10470
4716
1352
4367
4010
6660
3017
6343
8915
4154
10384
5247
4976
2128
987
3332
9223
1248
9265
12045
5142
8972
7414
1751
2053
3327
3827
268
5789
9655
9155
1463
499
4549
2688
1040
12206
5301
3276
274
8985
211
11678
6528
11035
4637
10021
2877
11830
6936
8049
4505
2182
12236
986
8013
5835
4662
9067
8690
12134
2019
1096
12023
11142
4059
2738
3410
4209
2740
6404
2224
1527
12301
1550
1345
8629
5777
3603
449
10572
10618
7703
7609
6866
3023
375
12086
5139
3476
1713
785
1980
2102
1101
3297
12140
11126
5648
2811
9749
4325
6632
8401
4418
684
11072
9245
7896
2994
7474
11995
10764
4013
5784
10267
6099
6278
8456
11297
9020
3376
11524
9459
7751
12261
1753
9949
5837
3725
3279
6807
311
3669
10919
11910
8846
7869
11323
9486
26
1546
3135
10984
3348
6263
324
8719
9248
2287
1932
8765
9928
643
11245
3196
10176
1016
1772
9429
11925
11233
371
10500
2532
7041
2745
9036
8967
12164
3022
6068
3107
3040
9168
10073
9947
6558
4485
11629
9353
12306
4415
4690
874
567
592
8335
339
8320
10691
5456
5144
3663
11274
10950
11272
7628
729
8403
2828
1267
176
11797
11225
1176
2088
11403
2833
12091
4419
3533
8722
9391
11590
11084
8689
10952
11254
4344
394
4278
10072
1226
1860
10809
3939
2927
10495
4616
12304
8348
3116
2783
8759
9029
11395
694
5950
4089
11326
2501
2511
7516
2149
1983
7856
6427
2334
5939
2354
6293
2494
2531
5764
1299
3664
6955
3282
3895
12110
7023
4512
8982
4601
5912
8725
6031
10498
8185
3962
1815
11506
10543
4684
10295
5733
2343
9218
3234
9984
12012
8250
6226
10450
6728
7279
9989
6502
2441
133
9812
1832
11057
5972
3914
2690
10891
6020
11835
6741
5054
11836
2933
2393
5795
5680
5505
506
8129
6340
2368
5476
10979
3543
4078
3629
9018
10554
9894
6271
922
1447
3986
1354
8631
6399
6604
2635
35
7604
4821
9267
848
4152
1363
2903
4772
1109
4047
2317
3351
10412
7768
8483
3853
11344
2164
9392
8178
1133
4804
5353
10308
11140
5547
11179
7039
10363
11777
4671
5463
3677
160
4579
9972
3517
7118
2136
9874
6710
4149
4683
2790
9253
5132
9455
7095
8220
10607
1615
1658
2223
12225
11073
1605
261
7819
7379
3953
5508
7256
10942
11921
6402
1064
9021
4084
1731
5188
4143
4558
11112
2370
5074
12070
6872
6781
5204
9019
6447
4482
10272
4016
5653
6789
4235
11961
404
4699
10943
1746
273
330
9439
4065
4840
8329
1834
7535
8747
6175
2880
3251
9709
5999
1120
4434
7167
11077
2667
11376
773
10822
7099
812
5667
416
5971
2509
3302
11496
11289
1614
8772
1110
10672
4224
10464
5935
5487
11912
6947
8161
12210
1710
5237
8851
7106
7478
5852
11824
7887
7062
8955
5542
1787
1636
10791
6424
516
3867
554
2995
11235
8195
1786
5259
2243
5724
6998
11345
8664
12047
10825
2630
3155
3269
4922
6276
6050
6855
224
5907
685
11059
7706
10678
12275
3513
9247
11738
10737
4147
4887
2359
6666
9817
12078
10347
10208
432
11534
3974
5957
3521
3131
3185
10349
11644
234
5174
10502
10706
2617
1788
11116
1471
11393
7675
6643
6452
7889
9527
1343
2987
9115
6292
10492
10212
9150
4255
1910
3140
6415
3708
380
4232
7148
4382
8548
9266
10624
10435
4045
11190
12167
12087
2614
8907
7529
1639
7564
2181
467
932
10704
7446
2120
10008
6793
12034
1093
9823
305
8044
5351
6049
7145
538
4036
4554
7992
6305
613
10578
4564
11192
1819
7007
2577
6625
2644
4389
6894
492
1481
2063
8042
1823
136
5524
10685
6771
3736
7506
8822
4724
4317
7649
5131
7455
10134
9895
10401
3817
11575
7692
225
5569
971
1331
11804
4745
5541
11630
4294
5104
3323
8460
7486
1000
5878
855
3982
1115
11208
9203
3055
5443
2050
8929
9099
4441
7310
10718
5143
7710
10050
9111
10058
7588
5172
11864
6811
7369
7096
267
6246
6698
7475
183
8323
6805
7599
830
1699
1719
9851
1056
11689
283
9787
323
4622
11204
2530
1791
10912
1964
5053
6321
10107
10239
4800
826
1082
1181
524
4131
7036
8723
4711
10619
883
5460
3212
10051
4523
7828
6368
50
9339
12322
2763
2879
4933
10017
1724
8487
9401
9269
856
3020
9468
8605
7376
242
3919
1137
8462
11434
9384
5466
3918
10552
9623
8987
5179
1708
6546
6857
1126
4042
9444
9271
10233
11365
7503
8994
3709
4779
10707
11494
8908
1421
7225
8076
4947
1175
2670
10505
2599
3444
1652
1533
6785
4122
6650
4206
6940
5497
5080
720
4293
11997
2973
8980
11152
7765
2835
12198
3951
12271
4271
2982
2993
10209
393
6717
735
2279
8709
3082
5829
2459
3695
6224
6900
6571
5492
9834
4274
5095
10264
10436
8589
6006
7281
10322
3396
8390
8607
10338
7923
2103
8006
7345
1221
6113
3816
11308
11121
3519
2355
12280
11954
9122
89
7718
1480
5141
3133
5465
969
1413
7563
6054
1405
11884
2302
9857
8501
11606
4763
6260
870
10307
9206
15
10857
12139
275
11095
1161
2150
7406
7548
5782
4229
10635
1300
7231
7469
10839
9772
1600
1651
3609
8167
8325
8020
4486
10653
8638
5798
3868
429
8309
8228
2985
3491
9238
1191
7890
6328
92
139
5384
8182
10847
11967
2869
4847
12310
900
5055
6968
8152
11557
8166
8649
6231
1321
7994
11803
1230
1941
11290
10855
1740
3318
2781
4910
5791
9071
6740
1938
6120
8930
10655
9675
1948
5848
5319
11314
9246
5915
821
10326
8077
9260
7954
7668
1067
422
2707
1551
5775
3275
3112
1317
1207
3498
3389
743
8832
1871
8833
2476
5582
9256
7630
12063
7996
7871
47
10260
5551
8198
8413
8445
7422
894
9316
8468
10087
2129
7894
11117
4378
7951
2135
8636
7527
7294
2291
8385
6159
5078
6685
3324
10287
5268
2265
4939
9354
8848
680
4456
7811
5286
7488
9415
2936
4210
4377
9768
3373
5138
3889
1874
1891
1180
9994
3083
9364
5345
11968
5899
10116
1887
9918
4792
11941
2724
11166
9436
9506
11338
3690
9190
11817
9869
12327
9680
1606
10504
7396
1726
4194
8923
2557
5840
6391
7739
9156
11812
12065
652
2465
3419
11651
4985
4858
7140
8676
3724
5062
10563
4753
1962
12281
6795
3646
8657
6683
5343
351
10976
4546
6943
3667
727
6503
4421
9767
9881
695
12125
3412
2084
2415
1380
4006
4755
5464
3434
9662
11940
561
2487
6595
825
1113
6563
11901
6357
10518
12043
4517
6212
9445
9175
9005
8164
4309
9897
9831
7976
11046
8273
5392
9925
3806
7755
3027
222
5308
5273
893
831
8527
1935
1928
11351
7728
6744
2751
7642
1718
3516
8596
8019
8807
1011
1441
9545
2356
5741
6324
3322
7418
7990
493
5973
3503
1826
6096
4315
4536
3063
2105
1863
9964
4869
164
6662
6689
10329
11135
5113
2054
4846
7648
11194
4503
1878
5792
1997
9092
10038
10359
12317
5657
7458
1403
6568
9359
6612
5303
6635
8046
7311
6951
12048
9922
3790
8190
10535
3006
2659
1837
9200
1052
976
7359
2424
4680
3515
534
11172
5974
52
1656
7247
11813
10603
6134
3205
7020
11261
11040
8369
5209
3717
3492
5568
45
5320
6367
6657
10849
12313
9242
4970
6825
5822
11949
4568
6139
5576
3652
1255
4449
8530
10063
7740
11685
5960
9803
7216
9596
9688
472
1870
7524
3613
264
10123
9105
7583
887
3190
8973
1687
9231
10090
3287
6753
7270
6646
4071
10270
11279
8655
2106
3702
2009
12283
570
11950
9424
3621
11012
7666
8977
3739
5323
8654
9511
2578
11477
7637
10949
1263
4248
6042
2656
6034
2341
8880
5953
10388
3837
491
9112
706
8551
10331
209
10967
6013
11130
683
5236
11945
11108
10986
8259
8361
8652
44
6378
7484
4534
1798
2176
1501
3686
9113
12216
8087
4588
676
4907
6433
760
2151
8544
7546
9143
12114
2638
10565
2598
2692
12273
3879
5604
10461
9852
6451
10132
8133
3734
5043
549
2525
2619
11553
1607
8567
427
73
5282
12153
5813
6759
3612
10029
5284
2814
2096
8061
7680
3972
9035
5047
5092
8294
8383
430
6169
9631
10042
8893
90
8793
11032
231
7779
4886
8421
7449
1816
3860
4163
12324
11877
1957
9934
1882
4780
3176
9282
11808
6379
3274
3171
8976
4935
2472
9723
790
4385
10100
9586
1377
2153
9622
3775
4938
9372
5433
4661
1804
8998
7753
6190
2070
5617
3744
4081
10709
6849
4025
7092
12185
10841
11161
8826
12264
11844
4223
80
5836
1587
10154
3745
11518
9965
11093
9745
8621
3881
1996
3863
8625
7143
8412
3980
11516
9598
7241
3782
162
9504
6166
6187
3387
7409
7764
3880
11410
4806
4610
7664
11115
10426
6908
11512
2590
4406
12232
247
2760
3501
3130
9169
9330
11734
3497
1598
1478
8756
2274
2328
11240
10882
1307
8721
2021
8115
10927
12192
660
8204
2541
5548
11209
1041
9725
2007
6456
3872
1044
1312
11913
7983
6545
12144
3937
4340
5125
6554
7141
7737
9418
7084
5804
8532
3052
6135
9451
8827
2171
10926
3773
665
10732
6493
2785
2519
10804
4466
5507
5906
11876
11572
5611
11709
6720
8080
7801
7945
10189
4575
3833
11009
6557
6457
1410
7094
6693
6214
7788
1543
3614
1835
6382
2543
10613
5783
2278
5629
590
1019
8968
7129
6221
9152
8903
412
7196
168
2117
6868
8122
12243
10507
1881
4185
8027
7174
6867
7249
6131
9320
6647
7075
103
10250
12141
9464
3750
6640
3634
10759
9211
11341
9434
9272
7070
6882
7410
2964
5396
11098
7260
9441
10385
6071
8970
11650
10186
3088
1716
5005
2597
9151
2544
6556
1420
11307
12171
11879
312
1055
1453
2432
1758
9438
2187
8307
4136
2649
3701
11735
2709
3161
10536
4096
8457
5864
6467
6443
10588
6690
6898
11747
8598
6671
1308
1411
2626
1275
4287
7851
11461
6918
4337
11076
2792
7956
1818
3616
10760
5637
3619
5701
2184
9778
2586
10368
4678
6775
2623
8784
2387
601
9413
6648
9606
8453
7814
7239
5393
4373
3124
647
829
3417
5044
3783
9100
5751
9193
7268
6081
3992
56
5710
308
4061
9539
10251
5865
579
7641
5299
5458
5627
5620
8662
2762
4836
1696
2250
9978
10874
4604
6251
4844
7744
7329
10780
10900
3757
4334
2313
5293
11513
6776
6547
4611
4083
1845
2615
11672
5532
4949
6724
771
8553
7429
3952
10433
6732
10599
3294
3475
431
8290
2000
6376
9080
327
11242
10555
11790
7468
9224
2028
8291
7865
10416
8459
10284
6074
11641
10604
8090
6449
4160
2826
365
2470
11043
11563
11890
8526
76
3672
172
10844
3100
6097
5693
10231
3819
6409
4082
3449
1398
3857
11041
6614
6897
2593
10868
8409
5477
4923
6721
9355
11594
11311
11526
4782
8580
11860
10854
6346
59
11637
10027
3784
3514
9785
5672
7878
4348
2723
809
10037
8634
9903
6937
1970
3224
246
3968
12137
8854
5742
6812
1323
8850
9559
9380
11138
5866
2448
8123
6577
1423
10432
9863
6880
4172
9047
10762
88
8415
9958
1412
7102
523
8241
10324
10056
10190
2080
2602
4642
7730
6856
1162
18
2229
11891
400
9716
10282
7845
7533
6965
3455
7723
8478
1715
704
11933
1868
2591
5933
6622
12053
5649
11656
10797
294
12106
7171
5545
5565
116
2662
6127
11823
6486
2506
8581
1937
7457
9213
3262
1324
10812
1250
9499
717
9352
11051
7767
6118
3606
4329
9810
11819
9518
2348
1596
10299
1159
8431
8438
11335
9679
11600
10076
3650
9261
2795
9412
11649
3765
1360
12133
9617
9608
9470
3069
4335
289
5956
5656
2955
6928
6927
11312
9550
5746
8681
11881
977
607
4407
2874
751
7071
4464
11621
9493
6627
5825
8739
3738
4357
10840
8533
6995
701
11120
2770
3364
9166
5122
8934
8682
9101
9387
564
9789
8484
8375
7427
1507
12121
5094
1396
3925
4366
2809
9437
6516
980
1576
9960
1094
2247
9147
6220
2207
10541
9592
3713
8519
6180
3249
11391
9569
257
7520
7981
5342
11358
4073
7420
12326
2451
9332
8574
5051
11162
5538
9541
7849
4852
10453
10302
6862
11815
8086
6931
7886
1012
9835
1048
4494
5891
9796
10236
4403
3930
9314
9664
12081
4361
3119
1260
10540
3468
4838
12244
5988
10940
3984
8398
7198
206
5049
1395
5440
1769
5065
11530
8601
8523
7424
9032
10761
8660
4181
10422
11094
7697
4408
12189
6971
3430
11733
3525
8940
9181
2952
9041
7177
10004
11976
7958
3589
6708
2681
7761
3208
10376
9929
6763
1807
11889
1735
2499
8558
10998
2559
12011
443
347
10699
6859
8576
12252
3835
85
8918
8882
11643
4243
1744
179
10230
6905
2152
12108
10686
4754
1327
1542
6030
2362
3360
6479
9507
11099
6861
10201
6723
1700
8956
6877
9308
7702
9477
8755
8393
3240
9215
6799
2130
6797
712
722
11070
1653
6631
8829
7511
8493
4889
5203
10517
415
4894
11850
10923
7813
8427
6111
3386
3824
3747
1981
8319
3016
11504
7218
550
11080
5910
6999
6245
11608
2437
12131
6636
7698
8817
1873
10898
11781
11331
6082
8035
542
8266
358
1839
10259
9979
9385
11635
10043
4429
3067
5260
9676
2884
8776
6053
1648
1650
1167
12112
3660
7991
9686
3607
8128
3700
2196
1111
4595
9336
9006
1025
11165
7656
5123
10290
9856
293
3026
9030
6806
11347
3265
1246
65
1951
2163
4052
9850
2611
4936
11576
5669
1084
10253
8402
9362
9710
3693
4237
3969
7144
4811
4386
10124
6749
8242
5374
3000
7822
11779
10036
5207
2372
6203
4930
4177
335
891
11264
1057
12077
11015
9298
6359
2244
9328
8065
6183
2718
1637
4649
6450
8648
6655
8444
2027
2378
9642
10378
3913
10722
1898
10594
9712
7133
10971
392
4552
7035
2904
9671
6876
7872
8267
8040
11533
8171
8422
2482
4046
1954
6468
3506
7949
79
9010
11566
109
2856
11118
8346
5642
3042
6460
5752
1914
7272
9333
2780
10098
8509
8618
10790
8644
5721
10892
2888
3182
3882
8498
12168
9254
852
9219
7220
7908
10608
5450
3154
11071
7132
6326
8159
5619
6967
9626
11898
6899
3780
2382
4090
9008
9926
7044
6174
10153
2791
10558
10845
7790
8912
6644
10301
11625
9379
9706
2260
4057
11846
5885
8751
3494
3111
3674
2926
9605
5344
4472
3786
1872
9011
8497
7407
7989
10848
6642
5196
8925
11502
6465
2653
8502
1568
7340
7758
10075
7161
7472
10225
11389
1211
6076
3075
6442
10730
7497
123
4878
4793
5944
8176
5796
810
7114
3402
11894
6915
2700
9500
10534
11809
6973
3673
5232
7284
5905
8095
7377
8410
10503
4691
4981
6906
3139
8050
3246
240
5908
2113
7122
918
7109
1229
4694
2464
11801
3352
8595
12173
7553
5160
433
8515
4548
1984
14
138
8327
6539
5332
5965
2802
12129
9607
7902
7674
8659
3874
8257
8997
3947
8405
4629
7873
7494
10241
8556
605
3683
8226
611
170
10819
10983
11782
7027
11869
4627
10640
7077
10605
5616
1233
11281
10667
5708
7615
6984
8645
7505
11667
8146
7512
2386
127
7519
11683
10778
9953
7277
1107
8989
7738
9028
1610
734
4127
235
425
11158
3574
6446
5987
747
5347
6593
7297
3098
8843
7466
7417
8663
2411
10256
479
8489
10516
6691
4895
10298
7217
3595
2569
10598
5003
845
1757
4161
1199
3230
10380
5799
5818
1145
5575
9383
12207
9485
3756
6412
8126
63
10539
1537
6133
9411
2497
7731
585
2967
10414
6591
8995
3805
3420
9210
4881
4115
5192
5750
11211
2478
11404
11169
4495
1338
11049
7381
10320
12010
7353
2405
7699
11482
8708
1149
8465
245
1249
1674
5982
8232
1896
6015
5871
8244
7119
297
8857
6653
8811
9503
11082
5805
9286
5101
5607
6192
7033
11956
6881
5695
9543
3933
3284
1212
3729
2914
3820
4165
6752
3102
7079
11451
5537
6091
7693
12294
5949
9338
7993
4448
876
1667
7319
8058
4822
3665
7200
5594
1814
3427
981
8549
7459
716
12095
3526
4381
3942
11578
10824
10192
2283
3983
857
4226
937
372
3198
329
3580
662
3637
4139
4614
1284
2239
1371
2435
8286
3703
4828
5470
6858
10180
10366
2037
4545
1558
2410
10508
7074
402
7538
1518
2839
8491
1389
10953
9577
756
7176
7832
6432
1833
1289
8429
3730
10311
2503
4166
291
8216
1995
8025
9794
9090
4124
2374
4030
3290
1794
4297
10758
1446
8737
1049
9939
3754
541
3462
10741
6559
4926
5081
6561
8766
1510
2124
4374
250
10085
215
10676
5644
3153
8263
7705
8336
6711
2324
7773
5152
6155
99
5776
2984
8400
8199
5154
9289
7388
10386
10752
10876
9397
914
8302
7543
10896
9127
4533
5115
7029
9158
1630
9337
7038
8746
2778
6104
4708
10914
7126
1512
824
3487
6774
1346
5020
4597
10626
4040
1563
2351
2534
849
8387
6267
6223
6162
1683
9660
5739
6764
2041
490
7318
7366
5394
10406
8856
12180
9322
8774
1620
9898
8271
207
9921
391
1682
7244
8003
2237
12044
11589
5413
4578
7897
11465
11628
6914
7347
11469
7373
5684
11554
840
12056
3127
10661
7493
4737
2843
4311
3010
11861
1063
498
7940
4757
5325
3298
1285
11370
5512
798
4129
844
609
10972
8437
8883
3597
6580
1545
3250
654
2665
6674
10283
11771
10194
8804
5336
763
9705
1822
3850
9178
5591
7253
2710
4762
1711
2167
10978
9933
9040
2876
737
11244
3480
1193
3694
7895
11056
11619
3651
8318
9329
9382
11280
4529
4179
10939
9340
7090
7012
3640
10931
8914
1043
632
9551
10365
890
6181
11180
8328
5581
4563
10151
5177
4672
5687
9109
4698
11027
7159
7962
7393
2414
8237
2779
8732
10562
10068
1655
10434
11571
4370
11525
6228
4962
2306
5735
10128
2198
114
2045
9348
1340
8871
5183
1817
4383
3170
2305
7638
8954
6428
6669
8647
8666
6963
7460
10044
2320
10137
9868
6952
9481
4170
11301
11532
10765
4969
5072
10444
11674
1824
11828
10034
7234
9144
6149
7351
786
2489
3582
3229
9945
8140
2493
9145
10937
2461
9290
11722
5322
4176
8514
282
4944
2978
5469
878
9167
2093
6742
5415
469
2654
10350
7320
4608
1880
7405
6682
6992
6804
3339
3510
9554
11054
9722
8010
4151
3627
5170
1408
6364
5390
94
389
6262
7031
5402
9422
9627
3048
10853
3684
11538
9365
9076
8174
9625
10593
2039
10383
7441
3594
3256
733
3764
4438
10990
10174
1967
4965
2716
4973
9404
8047
9788
1470
4260
4883
9916
8322
3540
8160
7900
4613
8252
2490
11488
4156
11986
8345
11914
8239
1593
1752
580
9187
9802
11356
8534
928
3034
4162
7597
6791
4037
11669
3957
2473
10181
8877
4137
5218
5329
7714
1686
9241
1144
7752
9428
5379
6801
1782
6370
10668
9824
5941
5923
9565
2832
6942
9117
4368
10885
8381
3971
1557
7210
10901
10772
4606
4884
8326
2564
17
3875
10530
4388
6037
4347
6233
4213
3365
58
5309
7567
4866
7734
8331
11726
11239
7540
3115
3188
1602
5116
6418
7435
1810
1401
985
9540
7245
8448
7891
3566
11544
3223
278
6024
6619
5358
745
8092
4032
6201
10494
5294
113
1186
238
4624
5223
6566
1182
11406
6584
2816
7432
1730
11749
11413
10207
8528
10701
8639
9483
6040
4609
7151
2618
2850
6344
1524
5439
4263
12109
7185
8355
820
10479
2787
2325
705
10188
8332
3564
10310
6454
966
377
6038
5720
10803
11342
3878
6197
6300
10774
7184
5067
1265
11776
5563
2660
11888
10428
5037
440
4201
10658
10404
4044
7479
2542
10523
1739
8213
5195
3429
11800
4982
11168
5391
3615
1990
5056
4322
6761
9558
3544
9116
5073
1626
1036
1690
3191
4826
8023
10014
9914
9702
8537
8145
5911
2655
9842
11493
10399
4655
4200
5271
1789
10726
4018
465
4992
936
5228
1989
10333
1589
11155
2068
1893
214
4067
4020
6000
4338
10319
9077
7955
11153
3325
1042
11858
9450
4093
2157
12258
8209
7107
4159
4455
11159
3741
4730
3174
5879
9038
10817
1014
5571
9920
6541
10664
4017
11092
648
10988
6269
11587
8948
3528
2256
11468
7067
4107
12199
12228
3194
6923
4652
3761
7928
6463
1290
7509
5643
10638
7681
10906
1487
6242
4640
3556
3940
6786
4384
3187
7757
9075
11510
4454
1761
8573
178
2423
11839
9913
7131
9205
626
9988
4244
8761
1384
1201
5156
10460
10580
1294
6065
7827
7812
3710
4296
4468
7794
1721
5624
9698
4819
12242
9427
6182
7423
11647
12156
7775
10429
4531
7481
12154
11854
1861
3226
9793
1904
10657
5842
1008
48
10103
842
4048
3366
9919
6334
7232
5246
4987
11241
3876
12266
6673
1502
8736
9180
5677
12166
905
1231
1237
11062
3578
11453
6311
7695
10143
5334
2137
10255
11408
7921
8809
6996
2942
617
6337
11582
1642
10615
9633
10880
2817
3518
12040
9374
1288
9319
8407
8771
2161
10294
912
2369
2917
3861
4560
2165
25
7120
4465
3659
3961
5165
2989
6870
7032
7510
4510
9941
7550
12148
8113
1562
3474
9083
5449
5283
3849
7261
1071
4664
10872
11479
9590
6888
10591
12089
10478
10645
8485
5210
9173
2737
2240
7321
10483
11114
6651
5038
10053
6249
3809
11466
6788
5191
2067
2299
11213
6569
4674
7046
7010
7561
1434
2132
320
1156
11708
1616
2864
5441
7995
7748
3554
1188
11931
1748
10585
8101
2517
4473
4841
10544
9177
8281
4101
346
3870
11074
5082
5654
4228
3638
2186
2821
5655
872
5241
8897
6336
6581
5717
12092
7569
11255
5698
739
6605
4380
9666
5862
11780
9192
2854
1379
146
6314
2905
6521
7835
1848
11622
7356
1418
10915
10451
408
919
1184
3264
6531
9131
5628
6989
4114
7158
6079
2401
10786
3441
7219
3520
8887
6423
4289
1076
8778
1993
12030
1347
8815
8094
7213
634
3758
2897
10105
4727
1762
3482
7282
4509
1234
12155
3623
10323
2421
7385
2492
8156
10420
6949
11462
5222
11199
10963
2081
8131
8109
860
9568
10373
6027
8482
298
10321
5389
8256
2766
10945
9678
124
3995
6969
9807
11584
6012
10277
11217
7606
366
11045
11223
2604
11427
8582
8642
4598
1254
2815
8476
3958
4943
5050
11754
2060
39
8470
3312
7571
9408
8926
1728
10575
2956
11359
9311
7348
9462
1121
4319
1118
21
1124
9000
793
8433
1313
12122
4720
55
3547
11882
1577
7979
9091
8944
6188
2455
7202
1476
199
1513
11267
7852
4219
11500
2253
7719
6533
2384
6606
9800
8575
3253
1697
11055
7394
9453
12149
8840
9306
2893
5550
6518
3071
8153
11775
10499
687
3500
1479
9638
8630
7052
11141
2625
9891
10482
9285
5600
7335
4668
7661
4251
2002
3122
11536
3656
1973
10564
888
9708
10060
761
11470
8803
6453
1140
463
3058
7018
6410
3828
2170
8391
3859
10089
3393
5854
9575
10218
9402
11542
11119
7528
2633
11428
8231
10474
6258
6601
11561
4764
8758
10065
10561
9957
11030
1158
3467
9552
9516
9889
7679
8531
7240
7050
6966
673
134
6511
10957
12094
4576
645
447
8202
5424
8091
10152
3137
5369
3865
384
10018
9645
6756
5546
690
2178
11897
9079
5603
1583
11603
7124
259
303
7960
1760
7961
4191
10332
7633
4766
6485
2929
4673
3692
4217
12027
3753
7111
5881
7485
8117
4854
6757
5388
903
1599
2969
5859
5288
5324
3866
5976
678
5555
8896
8706
4230
8910
8974
502
9174
7045
6649
7434
5930
7568
11994
3357
622
4623
5623
4477
7618
6126
2285
10954
11424
5
6703
5763
3143
6268
1531
5121
12138
10835
3436
5409
11639
5024
5521
2215
7344
5754
1274
5502
2860
6064
10659
892
4946
12286
3976
2191
5090
10489
4422
5761
1482
8992
4908
6398
2442
11067
7187
8779
2585
2044
2004
1628
11786
7412
3655
11746
6615
4190
9697
7461
3141
6256
12127
12159
4820
11937
3165
2307
7250
7760
6497
5028
11231
6667
7581
1292
10821
4701
5405
3841
9095
8206
6335
10002
8147
2786
12234
11592
2183
5756
7416
11770
2605
6087
1439
7632
11745
1365
10126
839
3007
5699
6821
10390
8748
10586
6150
8913
10149
2344
195
10820
9896
5561
11234
7776
1559
4430
628
6510
3871
9014
6623
1866
1584
166
7295
5499
11171
8802
9714
8572
10452
8389
7735
10545
9148
3299
4437
10139
9757
7840
2133
9855
2698
5986
9636
9737
8785
11704
7677
10062
916
10511
4110
10785
11727
7610
369
12200
10677
10405
9039
527
8072
10370
6488
12075
7000
8578
6668
2948
2107
6138
8068
3192
304
10698
3243
8310
4964
896
4269
10977
7490
1196
9924
3033
8594
12082
8524
239
10924
8838
11226
5931
7303
7415
435
8939
8071
11821
3810
4839
11256
1943
1454
6664
6003
9720
3658
6975
7774
3897
10016
10860
5447
167
3091
12219
9351
3404
7001
1793
3826
10082
9278
2733
12074
2953
6435
10273
319
1492
10532
10142
8828
904
1139
4077
6672
8868
7683
399
548
481
7188
9776
10650
1892
2069
2664
12105
11636
10723
4246
9179
958
340
407
7498
11700
6179
6172
8637
8881
4281
6186
9828
1060
1774
3307
6810
7917
696
9912
5158
3579
1128
2055
7389
3508
270
6052
3848
6633
5726
4041
10497
9587
2823
10711
11509
9730
4585
9495
10948
11310
4871
9753
1552
244
424
4864
7941
5515
11818
5335
12291
1548
911
2941
778
7651
2818
9370
23
3600
5743
2867
4900
6285
8834
6035
455
11942
5235
11349
11106
7358
6102
4288
11787
10003
858
1555
1945
9129
7123
3670
584
6062
10903
8492
4195
9107
1006
3699
5685
865
9762
10392
8443
4911
5097
11883
7116
11668
2939
3763
7948
9025
11163
9277
800
5947
3624
11551
5489
612
5991
4927
2202
3705
6352
10224
8373
11034
3377
10078
6148
1027
8096
8611
6508
6725
873
4342
11355
1836
10773
8183
7080
2361
1291
931
46
2773
5168
7998
11373
551
8969
7309
536
6823
10595
4967
7057
11193
112
633
6426
794
7053
5665
11796
11556
10161
8132
4204
10345
1358
6472
11599
1933
9860
3374
3114
1376
11936
1245
5573
1013
4732
5658
7986
5070
4100
7808
10005
8695
6189
6990
11419
8541
11866
12237
8103
11102
11646
2426
4459
9094
5365
5838
2216
8017
11498
5364
1689
11101
9908
5877
11816
9727
2915
11653
2735
5419
9440
7314
8730
7645
12151
1841
10238
1495
5042
10856
6044
7443
7400
11679
4146
1309
5520
8394
1865
1846
3796
9940
9618
6585
1203
11253
11017
1383
4180
5660
9153
9490
2505
10813
7585
10341
3512
7383
6394
2326
7155
1556
3089
2921
6514
3794
5040
3964
9595
51
4331
10768
9161
1206
7515
1419
2553
8643
12031
8089
9458
6609
2311
6603
7904
5045
8165
11270
9347
4034
3221
4126
1771
2242
2771
8610
4479
8138
471
5990
8219
1805
4420
9452
8214
5377
9798
1811
11999
1528
10571
2807
8825
8884
1104
1515
2951
10111
177
8186
10755
5671
2023
1213
4298
4749
6009
1591
2813
2937
9923
3146
5475
1066
3090
1183
7850
5019
7491
9614
367
1931
5091
3271
11202
2858
5903
1477
5659
8479
11154
10987
10793
10229
2794
5725
11768
8513
2885
7741
11354
3488
10798
10317
9188
8073
7251
7293
2772
5909
1889
5333
1494
1388
4621
1330
5904
2262
6922
11262
12211
7838
2868
3353
1541
2199
2631
458
11703
6483
494
910
1570
8210
7807
2358
3981
2702
1547
9797
1024
8048
8733
11699
2005
4942
6347
7662
10172
4316
6265
8714
11300
4676
6919
755
9719
11132
2310
4862
12049
10801
1764
1775
2388
8254
974
1917
8993
4365
11911
7246
781
7560
11753
9409
5880
121
6964
6845
395
7620
4091
9604
11959
6865
6266
190
7362
10001
180
1825
3915
470
11993
10336
11541
8007
715
4128
249
12201
8975
4245
9770
7671
5826
3237
9003
7152
343
11385
5970
3704
122
625
3354
1416
7299
4860
11423
11862
12130
4264
2268
10440
9670
271
11222
5481
11484
5597
8905
10448
9043
4896
10911
10221
181
3399
6616
7809
11375
1517
1077
1621
1452
2024
8078
957
11761
562
3453
520
198
3367
6739
2332
7262
4899
8775
9609
11429
3015
11588
3350
11431
6613
2699
4872
8376
9669
7291
8285
466
2729
219
2134
1240
6274
823
10354
12285
8272
9123
1950
3973
11078
2837
12161
5566
8315
11248
9327
9280
2087
8735
5328
10663
8963
4000
11799
8384
6618
10443
6151
2108
7815
8667
5126
7729
2190
11321
4050
7269
1972
1767
806
697
6495
7853
359
212
3592
10781
8368
8543
10092
7252
11003
8952
9639
6634
5279
10506
8512
9935
6736
6767
9046
6225
2316
9799
2947
7791
3306
8334
9465
11182
4626
378
12318
1961
8253
1702
2829
10039
7005
1095
10866
4118
8820
11433
1611
11957
8965
6008
383
4444
6122
1733
6765
8542
2705
1092
12015
9594
5807
6831
3524
11766
3315
4483
3716
9390
9342
7584
2225
11759
10158
864
10243
263
2480
10744
11210
2694
5615
5381
4859
10637
4031
9821
8215
11490
10684
2584
11748
5553
3159
4848
201
1281
1038
10061
3301
11778
9692
1150
7312
4659
12013
882
6912
8891
11363
3531
7925
11721
11409
5401
140
4567
11580
32
9872
9012
7682
4566
10109
7797
9217
7054
11581
4687
2430
2322
11257
6
4996
7172
3903
7720
11681
2258
10362
1747
5068
4921
4097
6957
2413
7263
11725
9980
9132
5995
8503
8426
1801
4196
1634
1198
318
3277
6482
10643
12124
10629
10343
4888
5692
10830
3406
9133
1698
11915
3209
9766
5863
4717
10374
9815
1755
7660
7103
10144
4796
3214
8602
10538
12008
11565
10908
464
1934
6743
11392
2208
3428
4731
4051
10920
12067
7780
3605
6758
3177
5252
10475
4636
8277
6509
8192
2280
5605
8208
5149
572
2392
4225
6413
4709
5560
12186
1884
2142
5588
7191
7009
5925
627
11755
4291
185
1356
2290
7025
1103
7715
6677
2091
12263
4897
3092
5992
8397
4496
3278
6505
8283
4009
1316
1629
1174
11091
1484
8024
9303
5261
9819
7708
5682
11024
1375
6041
9255
10973
96
7673
84
7984
817
5350
5666
2804
5832
5634
11686
11002
711
3464
3620
4980
2758
11715
10157
6072
7157
10873
9699
10026
3244
10135
2245
8830
851
3789
7372
2469
7617
12208
1385
9170
3273
4236
5711
1336
2962
8240
3440
5147
9142
6059
3168
6913
10025
10481
2076
3304
11706
959
4105
11324
11969
12
5130
3996
3987
3093
7237
6016
173
12123
1781
10512
3938
10913
4392
7413
12165
4425
4702
8753
8494
2601
8011
360
10887
3202
11847
5626
9654
6841
10011
11087
1703
7537
8022
6766
11401
8988
7068
453
10750
3905
3486
7781
3899
6007
1228
2855
2736
11075
2548
11083
6676
10032
3439
1799
2963
1337
7209
5471
938
4990
2696
10439
7173
10728
11845
1247
10720
11548
6658
4893
1829
10960
1821
8187
2687
11633
11446
1566
5029
11134
10127
2233
2579
7717
10929
6889
11004
11085
1258
2533
296
11671
4469
5100
4703
11191
9619
8658
1474
7222
10356
5867
11037
6078
3336
1270
3289
1135
2761
7386
2085
1390
11382
7957
9449
2071
5429
10842
2892
2924
9593
7586
9763
255
3762
10147
4665
6384
8313
7121
10694
4850
7136
9987
10600
5636
589
4825
1523
4891
4743
3390
9651
5338
3711
1830
5416
11252
3532
972
5008
460
1785
10524
11286
1251
6864
1026
4644
2013
4594
5016
2890
3529
3077
3559
3104
8613
7616
7795
10187
4252
1897
4615
2918
4247
10850
4682
6441
3727
7670
6697
7178
2739
7175
11472
9876
6986
12163
1857
5534
4387
3836
5023
1073
8184
10104
8106
2734
11873
10226
5847
6592
6196
9531
8680
2639
10982
3463
2686
7669
2048
8845
5759
86
2219
1852
9057
2075
6929
8938
7678
748
9909
3563
2627
1276
8744
1078
11175
12036
3203
2674
12222
1732
6709
3197
8201
1102
2961
6687
7652
9270
9886
12157
8635
505
6195
4203
1083
12068
4574
9813
7408
10739
439
2514
4807
9959
10438
1080
9547
8382
10179
11486
6295
11724
9904
5193
4049
4336
8337
8754
10169
2143
5730
1743
3442
1662
5920
5281
4522
8872
1440
6487
3002
11586
3633
3720
1054
4270
4802
8248
5606
10662
3785
8341
2581
4279
9216
9603
1588
8170
7212
9138
7844
11063
3678
8039
9274
6962
456
11863
6017
709
10679
8366
1146
