141
9144
7550
10844
6778
2939
978
10493
11302
9335
11639
9753
9647
11989
11138
2426
2440
6165
8146
853
10013
8592
10204
967
8131
395
11572
10430
9707
1794
10967
1816
4314
10012
4052
9852
8399
1932
12109
11942
6064
9416
6386
5413
3131
11015
7478
6261
10723
7960
7613
3599
7978
11312
969
7738
3554
8002
7737
10352
6854
11074
6904
5904
8128
6681
3408
4630
1360
10342
4139
57
3555
8780
9258
9929
8755
4187
5892
5005
9645
889
5518
1828
11965
3304
4054
2635
12304
5598
5772
10247
4907
4078
3022
6322
6885
3039
94
1891
2183
11841
3891
5929
5625
1180
11616
12327
1487
157
1057
721
2754
2255
4292
8422
10361
8809
685
7091
3856
334
6722
11901
11393
6500
2807
101
5221
3447
5349
9187
7706
4619
1068
1640
6095
4523
1144
4698
1801
3528
10063
5154
8542
1074
8947
80
6247
3086
757
10713
9723
11223
1199
5043
7141
4672
5677
4789
3177
9762
10507
4067
448
2223
11133
12125
789
1406
7144
59
1582
1493
8866
6340
9705
1437
4722
11169
1749
2082
5635
73
7152
955
5957
2686
2648
5656
3208
8061
1036
10491
2775
195
3106
7307
8543
9295
1157
5728
10112
2526
6845
6922
6199
7079
11999
8312
2745
7391
11491
5936
5409
5867
6808
676
3133
8547
1433
1985
5229
10780
11328
5252
6836
2297
3881
10960
11756
6460
10494
2264
212
6257
10405
5698
1302
9642
10560
3854
6865
6241
3798
1924
1610
7562
8614
3431
400
442
8557
8944
5651
443
12142
11735
2715
8716
4188
11598
8039
9092
5109
2539
4025
4140
6826
9455
4417
530
1104
7733
1830
12297
450
10996
6436
11683
11674
3979
12186
4245
2575
3630
9815
10815
10460
6369
6504
3344
3281
4167
10246
9169
2274
11224
9853
3031
8074
7073
5655
3233
9451
11773
4895
5760
4972
3645
7444
5811
4838
10764
10018
10753
3935
11220
5933
7740
9480
6623
601
11610
6800
4341
11776
8259
615
10586
12112
9927
6892
6014
5248
3309
4871
11185
528
499
11368
8211
1775
11281
7036
9847
3178
9472
5837
11200
10930
4086
1341
5940
11579
10264
10556
8429
3666
516
2752
4085
2412
11129
3793
4535
12179
5507
2798
659
4708
5129
9883
7098
1223
11739
6765
5809
2679
10291
6508
7476
11242
1803
10748
2590
608
10646
3585
8838
1142
6117
1041
1705
9240
4690
4438
8502
6000
11769
6887
4172
2045
4622
1869
1143
2649
11469
11921
11076
4590
5328
6293
7641
5258
2991
10089
7689
577
1498
10070
8744
10842
1559
8598
6188
6790
9919
6851
11887
7681
11987
11932
4894
8292
11868
4810
3664
2232
4027
447
6310
7179
8754
1011
8409
6955
10759
8786
11758
4084
7180
8423
4212
4297
8222
650
5841
5874
11569
11911
1940
4733
4400
11205
8375
6216
1564
4644
1601
8010
11142
10776
10300
5368
1839
7038
11731
5446
11351
12123
2149
2835
8723
2953
979
4680
9388
3901
10941
394
1389
2437
626
10620
5694
826
4335
11139
743
1397
4195
8566
9236
6468
4656
6008
1368
10787
6520
1972
7104
10479
7167
1376
2457
9628
1370
12065
4334
8917
10721
2884
5395
9014
4181
6855
6037
4763
4520
8500
9540
2864
9736
1439
10386
10635
5204
5302
6672
3810
1988
425
2289
5117
848
8389
4371
4422
9161
3285
11305
9980
2060
2930
6503
10547
1348
3954
5863
3060
2009
9438
8829
8300
9663
894
6699
9225
5389
12168
9016
9231
5830
1716
9554
11238
822
11113
7442
163
10102
10499
11956
10376
3229
8282
2114
961
2992
6995
1896
651
5225
5866
4049
7056
10223
9802
11201
3243
887
8647
5227
8528
11217
6545
5451
11805
8064
3258
8120
7358
177
8530
6364
3105
5852
5746
4130
8713
11727
1186
4360
11228
8057
4696
11526
2929
510
23
3562
12069
3013
7138
9254
2474
82
2894
6696
7434
10675
2333
3395
9516
6299
3504
12319
6086
881
5932
6695
2216
1968
7506
5095
11448
11290
5282
11858
8561
9174
948
8738
2885
3583
8593
1107
3301
1126
363
10294
2879
4749
11052
1244
1222
9224
10266
7761
8668
6010
6705
31
4497
168
9200
9805
309
6116
3454
3038
6729
10738
3112
169
3573
12120
5624
5948
3097
8080
859
6629
4189
10792
11847
4599
578
6487
8762
6292
4660
8748
4481
2119
11589
3354
8830
7041
6648
8198
11494
1301
2691
3288
6757
9226
8644
2473
4649
2621
10256
3458
3844
7060
11966
3269
1629
1961
203
537
8113
10442
2901
4820
3464
5565
3457
1444
2290
10876
2617
7937
4566
11655
10704
2836
11608
11814
3099
669
10410
9710
8695
2909
411
11922
1570
797
4779
8582
7915
452
5583
6358
5549
7880
86
8823
3276
10295
11140
4431
12316
9490
9162
10978
5070
10949
11008
6593
3835
4675
7921
4731
10658
1422
940
10197
10647
10363
5703
1886
7234
5764
3809
3806
9269
9700
1386
7592
9816
9924
10162
5755
1148
8088
4456
1154
507
4826
9076
1719
2812
9961
4351
11125
11933
4206
2470
3631
10524
1210
5132
5174
10676
8703
2941
7708
4618
1504
6026
5870
2399
7763
10522
2712
3871
4493
11795
9214
6338
3707
4806
7125
5091
4327
7833
1990
4065
580
2113
4442
8424
6730
12318
5885
3519
2043
6526
11859
3257
5194
6578
4654
1065
7691
2987
4611
4486
10001
2292
2282
6998
2454
9396
150
9312
11684
7361
11417
10503
2854
2495
8018
7855
4689
1660
6832
306
824
1771
8269
4517
3643
5733
7805
3897
8936
1083
5692
5236
3828
10797
1343
7348
1166
8205
3938
9183
3505
902
296
6961
1099
7109
2509
1333
9519
8405
1778
11082
6179
11689
5406
3804
3588
7204
7693
8979
850
8548
10015
909
3048
4247
11230
1072
9288
1451
2362
11160
12119
6932
9101
4980
6372
1419
3004
5778
3197
8676
9615
9839
5352
8311
9666
0
9637
3323
746
1702
571
1752
3216
1431
5631
6621
4258
1953
4572
6948
5264
10259
11934
7367
4525
1449
3291
10939
5609
6419
2501
10094
7324
3823
12184
131
1464
11120
478
1952
3289
11788
3717
1779
10340
10194
4897
11828
812
6493
2423
6105
9299
1688
5816
8012
11479
3869
2157
2547
6475
8495
10496
4169
5900
5111
11147
10708
7390
10038
12207
12129
1447
7242
2611
9652
4721
7383
3355
4051
1044
3846
10440
1555
6967
9066
10136
10030
6320
720
5744
8112
8690
1878
10816
6973
494
5564
295
1759
3794
8606
8662
11274
6087
1326
5606
11061
7270
8462
6622
11831
10475
4662
594
9730
359
10255
9895
9120
7416
3024
5801
1399
9313
7772
3377
8908
10671
3493
7949
10886
7674
10705
7665
8968
1185
5845
7925
64
11088
6609
7886
11993
8635
11678
3766
5072
1260
7477
6688
9796
372
612
3110
4666
8176
6566
75
3357
10016
5529
5158
9338
9433
8658
11150
3443
7424
3731
5789
6949
3368
8732
1823
8
1426
7188
6591
10335
11633
11374
3047
1440
11521
9382
4948
5188
5981
11245
3933
10414
10735
12294
69
12153
1168
4095
6656
5540
7200
548
935
8044
2395
653
1303
3786
2088
9008
8356
10508
6769
3036
2959
5636
5753
7829
7026
1394
5958
7959
8340
2964
8863
5428
11737
855
3062
11108
8087
918
10188
9330
6062
165
739
8241
8208
8646
213
3624
2210
5135
8531
7756
5641
11958
4105
5574
958
2489
6422
10505
9928
9584
4512
10943
11741
2402
5134
10717
966
3051
1430
10992
2434
7499
7220
7072
7340
7974
1650
10165
3873
8017
365
5776
7992
11997
8062
7551
3737
7964
10794
5216
6867
10095
5185
9601
174
11523
9035
9787
9488
11508
3359
2303
8779
11320
214
3767
2801
7814
9806
4249
3174
355
9590
437
8736
10812
4365
8202
5510
6330
4509
5951
6038
3347
6549
2327
10533
10230
5441
10594
551
1696
5767
8949
9987
315
1308
323
4278
3924
7020
10532
6240
9751
2367
4179
6375
6881
10974
11624
4542
3390
12273
6724
10566
153
7028
12229
10927
3251
333
12307
9158
10853
12262
11766
6115
5871
3628
8507
10384
12231
6637
4580
11400
3936
5224
4603
5639
8724
11345
10979
3947
7033
8156
5515
3064
6288
199
4281
446
11194
7470
8239
338
10003
4694
3397
6825
8611
6348
1824
12274
6048
6374
9103
11826
5917
3586
8076
4269
2582
3400
8149
11145
2278
6602
106
5752
2465
1789
4073
11943
11122
10546
11940
1517
7489
3011
8398
5714
2331
4380
11832
7957
2187
8608
11027
10616
9461
8472
10769
11557
6438
2150
9920
11437
4706
1128
7643
1123
6212
8157
11615
11010
10677
2192
1469
9962
8161
4780
6942
5167
9492
6620
7299
2048
1460
8355
4741
11578
11659
5180
8862
7700
3526
1996
3622
11970
4037
7732
1
11411
6050
2013
8043
5207
10506
2340
10276
585
1109
10652
8142
6807
1266
10636
1844
5768
2408
1909
12071
5862
7334
10692
3987
5612
11647
430
9205
1353
12287
10174
2826
6139
7866
70
9350
6643
2828
4362
9565
1724
2213
7293
495
376
4466
457
3003
7417
5569
5868
4647
10786
9521
12050
3312
6033
4087
3524
6831
3396
8837
2948
3018
11250
10559
9607
10221
329
9696
5850
179
6379
4036
5214
7353
11263
9955
5143
6271
1069
696
10847
8271
10049
11620
5531
8193
7854
3926
2866
5517
5400
9140
12216
6147
9904
10950
9277
1581
4571
12237
10076
9999
10086
2705
6653
8138
4771
1410
5738
2673
8032
5815
4939
570
12320
5373
9239
3670
1703
10399
9241
3152
1306
424
1728
7089
3055
9387
7093
6640
2097
4752
5410
3223
7892
1685
8663
7336
10925
10574
3785
2054
11808
10446
6861
11276
11278
9840
8155
10540
3843
12248
7429
4034
7216
8434
10462
4605
4018
9595
6390
6985
5223
220
11574
11370
3461
336
2810
7150
11271
11587
927
9359
12144
5387
4035
12005
1810
4485
6445
7174
7248
10067
2536
7758
8494
11396
3132
3777
4873
3988
3912
5003
3607
5465
8914
5427
5662
10922
4705
12078
9070
5821
8807
9983
9141
10839
9160
489
4111
4742
10703
7271
2928
2975
2612
12154
1357
11045
9782
10837
11342
4107
906
5572
3870
10590
2684
9746
999
3164
3832
12106
1174
4737
8564
5477
10510
4929
9298
6923
11632
4926
234
9217
4053
10367
7080
11430
11021
9635
8337
286
10833
7718
4449
10436
10382
10664
420
2639
839
2574
1043
3633
7702
5682
1701
9322
12063
3783
8330
6252
7365
9074
1091
3008
2658
11505
11189
11429
6311
10434
104
8875
1478
8336
1458
3488
6635
569
4791
4898
1868
6345
4094
5727
2008
3200
7795
3093
3784
6613
3950
3550
4790
5429
12314
11089
2356
9585
6597
7979
6426
1030
10425
4354
178
7232
5062
1110
2122
11851
4296
4563
2308
11069
929
2795
2422
815
4864
5177
8487
6754
11407
3316
7306
9625
6677
11745
3463
1633
4313
9508
10617
2277
4070
11390
7596
6027
9858
6282
11162
12161
4129
4943
4301
1355
339
4122
2040
9408
4695
5576
6604
2634
3287
11546
6410
4854
10242
7883
11754
4830
7190
4164
573
9496
4750
7766
12074
3900
1628
299
2700
11827
9481
9061
6186
785
11034
9450
602
11716
2787
4835
8438
6356
11931
957
11446
208
1278
6943
5449
12118
5848
2782
5085
9546
2967
5754
3392
2231
2663
8759
7175
11738
2954
8811
5149
1134
7574
11661
1646
8133
11117
837
11402
7213
8426
7164
9622
4923
6610
8457
1709
3270
11607
9914
6760
2994
2895
6413
1796
2716
687
4505
2246
4945
8191
10750
5332
9078
7669
4866
8987
9548
7543
9855
10857
2229
8048
1887
8808
10859
11466
5726
4558
8097
586
9023
6701
508
8196
3473
3605
10516
4240
7846
4912
982
4994
3067
11378
4851
1630
4386
209
12016
390
4568
8165
898
2006
3531
10706
12039
10836
8640
4273
10734
5705
989
4186
5554
2095
11151
3539
9720
10111
6126
5295
8107
7796
3768
1006
8706
8370
6015
2803
8853
2452
1242
8232
1524
11800
3770
719
3169
5339
8938
4903
8058
688
12055
3393
4996
3468
8994
10830
445
3627
8504
714
1059
4553
10513
11005
7994
11967
2804
9968
10296
3877
4000
10718
308
5530
11483
1175
7922
950
2496
7735
3708
11982
1152
9945
2780
5190
5884
8073
4223
7463
10036
5103
10377
9401
6209
1518
10562
6055
1468
8610
11506
711
10889
4413
391
4701
2069
9566
11702
21
10243
2956
7379
10483
2637
11099
11017
2729
2788
8141
2466
2593
1268
10543
7575
5090
5557
2719
2314
3508
8473
1454
10991
250
3945
1736
2556
2817
10755
8986
944
7822
10101
1616
8441
10736
939
5679
1160
11972
4840
7493
9487
10741
4712
1170
4655
4626
9421
11580
10355
9462
5397
9743
4623
1682
1798
1273
2559
5887
6376
7006
10660
1000
4165
6991
2778
11363
5683
11538
4401
492
142
12033
6155
3373
4446
1466
1634
11106
11640
5538
10612
6315
11226
1648
5893
4215
520
8386
8174
3030
7021
10077
8315
11279
1766
6013
10634
3886
5238
10468
11547
9875
12041
5142
2085
1949
1108
1815
12181
2005
5803
6290
5608
10632
7606
148
2597
3790
11611
5165
2446
8988
8425
4154
3594
7088
4089
9523
11845
10084
11333
1047
10711
8639
8070
379
10147
6189
5417
6531
509
406
1481
4592
5551
11244
6017
10754
9189
10481
1383
8411
10196
3010
5358
5363
11585
7330
10069
9626
7064
9468
11340
254
11384
769
2938
3428
875
6044
11877
6936
986
11907
8343
8633
11792
1914
9886
4047
9515
2918
4060
6774
777
825
1028
11543
10801
9157
11033
4287
2208
11171
10265
12011
7176
5974
7990
4250
10156
8263
7469
1309
3830
6850
2902
2903
5385
6556
4868
3361
8849
11730
10328
11038
11298
7534
728
5942
857
11656
5356
9963
8894
5664
1509
2619
8656
11759
1593
4657
6646
9505
9080
1793
4957
11654
2670
2743
6068
2699
1239
11193
9108
1264
2239
8299
7239
74
10474
2900
9603
10727
8289
3032
11195
5671
10025
2164
10690
7542
1933
10222
3808
1767
10237
7764
6781
7987
8234
3724
2523
11903
4919
8705
856
8751
7873
3814
4703
3146
10167
5637
281
4641
4540
6198
9825
10366
12293
9483
3680
5388
7683
5276
6607
7954
300
3211
2882
1265
8261
12108
9823
7058
2393
7460
6042
8467
3604
2989
4011
4804
7519
5842
8884
418
2056
156
7263
9045
453
1550
9865
9347
2230
6421
5079
12221
10175
11517
4754
4017
9207
4142
7052
6085
2324
7155
7314
3587
9900
7368
10752
8883
5351
6118
2519
11035
529
6076
7933
9947
10840
7618
5299
3259
9280
1666
7800
3021
11861
10392
2174
7977
7515
6603
1225
9715
6405
4921
10802
2982
8586
274
4941
3496
11449
8501
1139
9173
9748
1256
3521
5365
10627
3071
9573
5969
3264
1025
8469
9869
7798
10456
228
8201
9030
9891
432
7406
1730
7789
10024
9069
11101
1404
7186
3552
5935
2552
3480
9650
2830
11031
11846
10396
8567
11691
2613
354
9372
7810
10350
11645
8865
2683
5634
3345
2139
12180
5131
3943
11749
3977
7628
6767
4645
6166
5243
8358
5731
4397
9084
2420
7384
674
1882
2251
9349
9803
5490
7260
238
9062
5112
980
11392
5919
5473
2146
3394
10673
9990
4454
6788
7134
9572
526
9897
9473
3402
6162
12073
219
11366
3892
2872
6429
9380
9532
9991
2647
9346
118
1613
318
8175
6668
11078
3027
6968
3779
12025
4891
8483
3951
4875
2769
5178
1680
4877
11711
10093
6873
10275
3450
4090
4043
891
771
8679
1521
4323
564
182
2733
2950
11454
10009
4556
12056
1987
1600
2458
58
10871
11686
700
10751
2588
304
1445
2766
9152
11849
282
8037
10150
218
4671
9223
3584
10999
5307
1372
8812
11376
5141
4549
10292
1647
10211
8436
7899
470
11899
191
6579
3755
783
1948
1733
5370
816
3190
6918
9025
8503
12185
10135
3842
9892
10668
5527
5076
7480
1994
7569
7553
7279
3171
10050
6131
7049
4423
1167
4777
2228
4900
2664
10261
565
2337
3543
10061
3339
3429
8800
10854
11326
255
5316
1603
2344
6239
1872
6662
9155
5035
3202
11892
8517
6193
9564
8497
327
2155
2195
2052
4735
11559
1528
6916
3646
5927
11649
2680
3321
5589
2044
8757
3282
11837
8303
1332
6106
8733
5353
10687
6428
4529
10250
3976
6389
4409
9032
8906
11050
4755
6215
11592
8342
5392
5798
5829
3750
12110
11606
6741
2955
12061
7297
7029
6007
9518
2111
7372
10858
7582
3557
4032
251
7570
27
1421
3261
4519
12122
9737
3388
8895
3348
4775
9683
5450
2281
7282
7552
5290
11004
501
3501
7273
7136
8846
2355
5543
1121
9442
5579
1986
5571
9202
11951
4307
11797
5820
11119
10681
10345
9383
8339
11049
6614
1910
5960
11602
8209
3249
9443
4185
6872
6567
1791
6466
3833
3625
9693
3650
735
2023
6273
12135
4135
3674
6842
6031
2892
5364
4208
1732
11948
5317
2506
140
660
11983
12083
9648
3494
8095
5401
908
1686
1930
8496
10783
9185
6355
362
9866
4634
1490
8125
2722
3512
2584
11697
10420
7657
12100
9925
5289
8390
1246
3000
4674
5017
6291
2973
595
1738
11482
10351
11103
5040
4991
7908
8967
7313
6715
3789
6929
2725
4513
1756
2642
3516
3440
9674
9102
5467
3009
2516
1097
4276
7396
8536
5281
10514
4066
8212
4046
8976
3903
6999
7869
10862
3176
9479
11385
2302
2666
12238
12023
4841
11986
8513
3803
3734
5924
5909
11107
6667
6901
3341
3702
1874
7362
3346
9257
4457
3140
5093
8794
11241
2790
2916
6447
7767
10449
1890
5661
7614
9800
9345
1358
11641
4997
3875
806
7225
2675
2116
11121
9381
3128
10051
3360
7516
2032
2321
1417
953
7537
4124
4429
7939
7
8318
9227
3723
45
2553
2638
7054
11672
5621
1956
8814
7902
5280
4876
3239
5519
5059
8932
1533
9701
6588
2969
9098
6114
310
2711
7760
3855
4420
5964
5074
2154
1395
7370
11026
10257
9444
11476
7018
3942
4953
2295
441
9494
1772
3409
3026
4880
10804
10746
9276
11176
5080
6915
2633
11703
10453
10509
3939
10993
698
1847
2376
9975
4248
3028
3772
4530
9965
2439
10988
5614
6294
7790
2170
5591
5607
3556
684
3102
12315
7514
2326
2889
1811
8628
613
8995
3741
9708
8227
7780
11682
6777
7414
2604
5122
733
11550
9176
3620
10201
5362
11167
6009
8025
2548
4652
3603
677
6072
7433
4097
3514
7654
10583
7773
7421
8295
11248
6243
3215
5723
10008
5923
6412
2191
7684
9978
11555
5765
7346
7166
1858
7317
8008
7244
800
6587
11047
524
4213
671
12009
11819
11249
9543
9329
412
4596
8328
8369
4326
9149
11156
428
3522
3410
7680
5523
1298
3699
10570
6078
10766
9471
8287
14
9037
2432
6150
6088
3577
6324
5249
7184
5253
7832
5994
3415
8709
4303
3925
9318
2580
4952
10644
6058
6387
10320
600
2247
4388
8459
6576
11736
11752
11762
1282
10535
10123
3688
631
1936
840
3725
2598
3551
4459
7399
3598
4557
9391
7171
4056
869
4697
12140
6530
5150
10798
7308
3324
6230
26
7445
11950
8972
566
6584
5008
3608
6718
3572
3685
3642
11041
7632
11
10191
2158
11352
8154
9703
12245
8649
1176
2022
5956
9287
6571
9015
2467
8458
3515
10592
3108
1679
7468
10133
5325
975
11475
6712
2129
6127
11343
675
1098
1981
8767
462
9484
3157
8876
7742
1597
4869
496
809
5231
7464
3170
12217
7030
11981
110
55
2259
755
3675
7008
8199
9560
8510
9956
1053
1125
2491
6897
12166
8909
8552
1050
1740
7061
4440
10356
6016
6191
164
6331
9711
4865
8004
6581
7952
261
6857
1654
9673
11919
6138
38
352
3534
4723
5306
3153
10625
7140
328
9713
10344
6481
8331
8309
8020
2628
9134
9861
7524
5015
4227
5279
5478
1275
5324
1548
9989
2512
9234
5699
4231
7697
8385
2455
4016
9041
8910
2225
4740
12084
6136
2653
3974
9742
7294
9724
2199
618
10347
784
4807
2753
5537
10643
849
7860
900
5847
12197
7769
5066
4846
879
712
10934
7219
4322
1761
8086
8383
8065
10057
6839
7872
6746
1871
3430
2871
3910
1405
4888
10817
1184
10141
8081
3226
7266
6671
4659
1156
12146
4044
6869
11825
1920
4080
9327
8778
2104
11203
5987
10348
5722
8148
1131
210
4040
5041
2330
5275
5361
429
4147
7667
1147
5262
1848
10199
1939
3317
1556
8183
10884
6914
3529
7257
7677
2250
841
5672
560
2906
10710
384
2520
10568
878
9844
9699
11889
5055
11576
9171
4336
4562
801
4756
3679
4536
762
1718
8772
9833
4857
4704
4811
5570
2703
3811
4230
3151
4495
263
8430
4031
7172
9531
1420
12177
10182
12258
4751
11757
4202
10777
7110
4915
6073
1276
10818
4970
6877
4616
10306
7871
1812
1020
12007
12150
9027
8711
11524
11465
767
8413
590
7210
8661
1453
4083
9
2944
6113
11102
3465
12209
6660
758
1080
5278
8765
2317
10716
4971
2015
11743
860
10358
4839
223
2433
4294
5140
792
7714
1866
1324
9040
3220
6499
8842
9899
11622
10303
3957
4515
5360
10235
2851
249
10448
12202
245
579
7237
5113
704
7898
5067
10258
10990
11105
4029
5335
7531
1033
8344
11419
6694
12091
7736
2562
3771
5588
3896
534
10378
10132
9646
207
6432
6020
3484
10472
6359
2401
2678
710
8989
2815
3161
3530
11192
1204
705
6133
2701
5818
9863
12047
8607
10565
3922
1238
8214
983
11912
2375
1576
4375
9943
11141
4922
1606
9281
4547
2020
30
1349
1318
7363
8159
12143
12130
7425
6346
11258
2656
10373
699
11925
5990
7678
4277
2724
2527
3748
1075
2099
10106
5946
9690
11780
8850
4369
5301
7146
3459
4646
3435
799
8001
9682
10765
4745
10661
10103
12113
1747
7595
4803
5121
6399
1545
4242
2416
5804
10055
7577
3882
1007
11918
1673
7601
5436
7583
12276
10803
5827
5657
11282
1638
2236
72
10527
12060
12111
6081
11389
8136
7211
7885
161
1659
143
8821
10969
7777
6028
9056
1317
5906
583
10253
5886
10369
2846
2540
10714
5730
7500
8521
9903
6021
11542
6706
10866
2445
10512
3602
3638
1821
12046
10160
1562
8861
1959
4554
1243
8719
5061
3913
2697
10431
8437
9834
10206
5219
11059
11590
8931
1396
2166
8930
9265
8321
10855
5916
8540
8721
8016
3405
8771
2650
5337
7471
3849
10567
4465
2283
4717
5474
6731
9745
4719
3107
3769
4368
1484
5604
9363
2694
3865
8747
6680
5838
2381
10739
67
8427
3349
5383
2551
6083
6558
6708
267
10074
3364
10631
480
7751
1412
831
8393
7803
1262
4452
773
8856
512
12159
3156
6459
12131
9489
6710
574
1429
12291
11213
11267
4183
11564
5834
7631
130
8587
10987
6510
3196
4917
2478
5148
1049
7034
8384
12070
47
10729
9268
5312
9718
10947
3213
6477
4160
316
6307
10388
3799
6476
1227
8109
10349
10981
10901
1516
1553
1833
9750
6462
39
7945
4581
7482
9689
10662
7563
6550
2891
9671
4629
6941
11856
2275
2755
9047
11183
11864
11361
11971
2222
2668
1034
1031
6812
1472
7701
6134
3581
4882
9695
11372
8652
7161
4853
6237
1005
8584
9029
3277
3511
6665
1677
9466
10286
8743
6181
4450
2585
4071
4050
7819
6097
2219
8880
9324
2602
1116
5780
10346
689
3398
10904
1809
5595
5806
9694
11902
7153
11100
8111
8160
4844
4367
6750
3978
10426
9172
11744
12094
60
5999
4597
8763
666
2897
7047
2374
3425
10054
6214
8147
1983
2749
2935
8220
3815
5489
1015
1943
456
3158
9357
12219
4961
2325
805
5775
2786
6154
3533
5877
8795
9993
8071
4946
11706
431
2620
3120
7281
2554
2985
9251
8568
8928
3136
7831
7976
9754
2471
11148
8634
10262
2669
693
1645
5855
9890
10372
3422
6697
12172
4902
4801
11178
11567
2942
10283
5125
1280
5894
1081
4744
8442
6630
3262
8616
10972
5913
4312
6564
11087
9726
11495
5213
9156
12326
12114
6217
10633
5237
3129
8674
11510
2735
11630
3056
7121
5286
3181
2972
8194
7510
12192
9933
1655
6634
5293
10438
2428
9887
1008
3575
3902
3212
8892
7942
1145
4330
2176
7235
11350
9795
4214
79
9374
4174
11790
11360
6473
6266
7682
11896
9597
10650
5147
8629
5781
3081
6314
3327
8924
8683
6402
6675
7699
576
3567
9229
9578
8532
283
1899
4474
5983
2768
9182
3773
8168
5453
9007
9780
3342
12264
8096
11110
7852
5805
91
6176
1323
8373
5858
2511
2926
7009
416
7717
3656
2543
3852
8365
1021
4600
12261
7511
12284
11251
4585
342
4914
2792
8688
11945
8285
9431
2883
10289
7385
3490
2837
10105
11544
3469
6325
4633
5944
11420
1512
984
3681
11916
4802
10863
2646
2261
2856
7853
5869
126
6685
4892
9285
3293
8659
151
2084
877
10820
6551
6463
9135
3733
8810
4331
3684
9198
10773
4984
5779
7722
7746
10290
2589
12208
3411
514
11072
1764
8879
11666
10215
1045
11044
11254
8359
6075
8887
1964
6536
7310
971
3187
3836
3162
389
5581
5658
11036
11357
4833
1230
8826
10921
1315
2243
11930
3541
11712
9660
6756
4974
6775
11984
5116
4986
8213
6568
11651
5736
96
440
10130
9088
12105
10331
6306
12281
10126
4910
8350
10674
668
2098
4816
5853
9836
7944
8918
3058
194
2528
5201
3333
10207
5164
10248
1717
8985
572
1384
4191
467
10170
4973
2083
655
12101
4794
11905
5856
786
10600
11627
5412
1774
5721
6452
5384
8479
1690
7610
5623
381
9687
8927
5819
11007
8419
9344
8915
4769
5628
1497
5988
2026
5372
1398
10052
7826
3879
10742
5773
9868
10268
9474
9811
9756
652
7387
369
12072
7198
938
7837
10531
10525
10905
5652
7288
8691
5463
10157
11947
12096
10819
6391
7720
6984
5369
2003
1902
8244
9425
9485
10045
1423
481
6190
5049
4393
4786
9420
2217
3231
2091
11690
8348
5012
10117
2078
8899
6096
11823
2079
6414
8940
7501
661
8571
3822
4602
2073
6260
12235
7113
3481
8935
12324
5626
5756
9596
10427
10536
10665
11591
4567
4653
10928
10997
12014
7661
8623
3073
8042
5119
11458
11412
7491
6926
1984
7848
9501
8701
11090
1012
3145
3592
2494
1704
5440
2291
886
5992
8559
6255
7652
5331
7229
9654
7930
2912
3074
7635
6819
7624
12085
6431
541
4870
7806
6795
8648
5629
9136
11729
1758
8015
9094
7019
9086
7518
10835
9310
8104
4432
239
4152
2066
11692
6749
6251
5496
5291
10205
1951
1656
2578
6674
4232
6221
8760
6860
3015
3532
943
8832
10039
11719
10193
2977
1237
9951
11266
2134
6552
10403
9768
9870
9661
4488
8527
7755
3923
10451
10115
2522
10767
4732
8105
10433
4845
3992
4828
7327
3186
10224
9973
4244
7059
11095
9656
11871
5788
1590
5783
2824
3498
6351
9559
6817
11668
3817
6142
8597
8857
3765
1536
2714
819
1561
5774
11928
9111
8670
11086
197
4127
2351
170
5186
3204
12322
12240
2172
11208
149
2441
3663
8558
1403
6864
11239
7901
2461
11011
985
9773
883
8741
9880
9459
7382
5584
421
3255
9294
3527
3883
8143
10021
8882
11812
1915
9399
12312
477
2132
9850
788
1321
2878
5548
8119
2698
2002
4570
11467
874
6170
8296
8726
7159
4148
8588
8420
1046
1307
4490
5078
2655
12210
4357
1714
2193
2018
7451
4370
5585
5355
6403
9266
10666
2268
8360
2579
11460
4116
2857
11339
4381
4252
10656
1671
12303
4012
7963
476
4419
3665
7203
5545
1201
6799
5176
7799
3998
12310
5685
6264
6498
4813
6494
5737
665
8889
10164
6880
386
11331
3713
3387
7053
7589
2717
11062
3052
9846
8977
2035
11540
3275
634
5526
3379
2
3596
6666
7196
9668
3319
2224
95
1800
1035
1599
4687
12040
4342
7813
7419
556
2500
10319
629
7590
10651
5367
1001
6988
3154
1387
8554
11955
6789
892
1179
7191
3647
1523
6183
9012
10413
1171
5575
8009
858
5414
11636
5977
10227
7448
7005
9393
4872
568
6035
2131
10066
11774
11497
6814
6268
3232
9378
9356
5114
4106
11459
6123
10572
8813
7865
5257
10683
84
3701
3477
4268
10591
6993
10324
9146
1078
9376
4355
9067
11257
3782
9196
8912
6238
417
3096
7133
5642
1130
12121
2577
109
5749
5542
2159
10406
11225
9137
2309
2844
1283
724
7797
4942
3866
1393
11321
2335
11818
3485
2415
7653
3940
7615
6441
6883
5083
216
11915
10273
9095
4366
8182
1653
1929
1931
7441
222
1526
6522
459
5099
1632
7265
6700
11796
4384
1845
5881
474
4064
8150
4985
10502
3742
324
4280
5706
6091
7223
5285
7567
11461
225
2391
12089
9228
466
3335
10760
8775
358
4291
11873
851
9177
10935
2734
3135
8667
3996
1560
8298
11211
9201
6878
11586
2541
3672
1744
7400
8907
9447
9022
6308
11708
5411
2825
7004
9624
7808
10957
8959
5492
6443
749
206
8961
12027
5123
3716
2737
5915
12004
5014
4328
12165
9428
11289
9555
12309
4911
5568
10337
1657
9541
1189
4881
3318
6957
4506
5687
5645
2800
934
8886
10497
11219
5002
10994
2323
3037
7426
7876
11822
11929
12076
1769
1463
7149
5162
6958
4211
4748
7461
3126
5828
11917
4408
9511
6743
12200
9537
9441
9620
7428
10539
9549
9599
12230
6990
1854
1071
6368
6107
11284
8580
10920
11443
3619
7048
7128
10010
3418
11490
9905
4283
10645
9465
6201
8187
11677
8768
7918
11714
6886
5153
4507
7896
152
505
4546
8660
2654
9982
527
1263
11784
5720
3696
9676
3986
9001
12132
4783
5941
9517
3788
2945
4290
4494
12255
6129
8091
4682
4096
9100
8314
6935
7404
7062
11596
2411
10455
458
10749
678
20
7291
241
1720
1402
7010
6898
4141
3492
3002
2730
6752
4441
3497
10551
4739
11073
6219
9010
11857
10926
427
10896
9404
9153
10140
5272
11058
10368
1893
10821
1415
6624
3451
6559
9212
4102
2480
8144
5750
2361
3704
6249
2133
7690
9195
6470
10254
2845
408
6532
498
5961
7165
4193
10329
3911
4207
5745
10091
2880
5910
6965
11503
1197
1894
11867
691
1505
3687
9588
2137
10495
12279
9984
8252
4965
923
1328
10411
4220
3722
1371
9922
1027
8945
8712
9579
10048
11172
9247
8060
10740
2047
3548
7443
7450
4350
11995
12313
9934
9072
6052
10595
1188
11009
9150
947
5313
7762
6944
11904
11071
2951
1023
4726
7472
614
1699
5403
737
9706
6226
10299
1626
1804
7754
11492
2484
8122
9765
2978
2818
11409
5807
8460
7422
4489
10272
2156
884
2976
2242
9960
5110
9675
697
4608
6638
10998
12280
10914
4805
11229
830
1100
8446
3520
4255
531
4082
5659
582
2736
9133
3537
4033
5408
1452
5831
4797
4601
9379
2322
703
9822
6253
2607
6363
2320
7547
3611
11893
4785
9767
1428
4863
4638
3218
5899
9504
11782
8293
8601
5763
2674
4216
10445
2493
9520
5032
11473
247
4848
10027
3690
9709
11064
8011
6742
3885
10252
12081
4041
4264
1639
8034
6289
12170
10154
12193
12283
8151
76
5437
5849
7903
2799
8357
5030
604
3726
6924
7003
5366
5668
3427
2409
10033
5522
5250
9362
24
8612
10669
3479
11112
6589
3175
1485
5880
9256
1367
11820
11474
5445
10037
8258
5212
9020
7496
1898
6231
473
10799
11821
8414
6513
6702
2072
5086
12296
9774
9130
3694
7158
167
6440
9732
9979
4500
7520
2068
11806
8789
10287
4776
10327
523
3739
10058
11721
10903
11485
5812
8512
4239
2318
11080
8254
2923
5719
1425
11662
4315
4137
6689
7559
9799
10099
9151
1411
348
10315
4410
8818
4685
11535
2472
7189
10104
5986
2212
12059
10332
2777
11676
7634
10828
6453
9273
4149
10422
3019
10305
2661
4002
2534
5184
1507
6829
1689
11952
11779
4642
2676
7603
10088
7274
332
10228
3749
8417
9856
3085
5247
4587
8916
11334
9475
3775
6871
5044
10184
9507
5559
337
7097
2806
1941
11681
5921
9124
6956
5715
3715
6909
912
10538
9411
3188
10121
10274
3994
8869
3695
5627
11817
10733
5419
11512
2591
8371
8526
8686
2640
9526
7910
2081
2677
9535
4908
186
9497
4815
2814
278
5553
12075
5665
3272
11593
8172
3353
1922
4318
7486
2173
4962
8578
11926
8368
6084
7212
6841
11663
9369
4484
1183
5611
9129
9878
2610
1881
9432
4055
2765
2153
11190
3752
5864
6758
12156
3626
4180
9403
1103
5479
3426
5483
1195
10402
4878
9253
1522
8054
2456
8192
9336
1818
3221
8179
1622
119
3006
11314
7600
9170
3906
7301
10482
8225
10944
8059
4235
2695
3167
7335
2592
370
7119
9680
6673
9826
2147
5991
4361
5689
7436
11414
10791
12104
8242
11413
6305
6734
8650
3597
7103
9368
5525
8725
7533
6437
2257
1198
8094
3278
6573
10757
4005
8255
11480
4606
9884
10778
644
10489
5998
9117
1436
10279
1693
3098
9099
10511
5251
3955
8223
9206
5516
9913
5265
10796
4415
6927
1342
7527
9278
9417
8237
1711
7194
3637
3930
9881
4338
10793
8387
8236
945
774
6913
10709
4747
1619
2102
9051
11975
3256
10576
2832
2839
9284
4852
5471
11096
6577
3917
10848
1172
7729
11584
326
2760
11003
8749
7209
663
4024
9898
5660
3499
1734
1917
5872
6177
3420
6029
7401
7923
4956
5472
7007
4266
7703
8529
1359
7874
2570
9476
11646
9348
5533
8793
5791
9262
8975
7507
1476
7744
11694
2859
7227
6053
1969
9552
12054
3980
7065
11529
7050
2962
993
387
3300
8855
6423
9165
2198
1208
3391
4715
5615
1623
11444
7694
5457
302
1090
7347
2128
11218
9143
9563
10888
2359
5488
9909
7843
49
7580
4964
11959
10490
10808
7541
11126
11262
8443
3384
3576
4340
454
5499
7249
9370
6657
4285
5357
3967
8291
9741
1085
1207
12302
3535
6570
5835
2741
6950
9561
9502
4725
11707
4389
7122
9738
8395
9580
6224
8288
4998
12139
9789
5396
10178
3510
7555
3358
10964
5054
5762
11196
1750
2406
10885
7268
8971
7879
8351
273
7663
9966
561
10557
3776
279
2515
3818
8396
11440
7287
620
959
419
11548
10965
4352
1888
5901
730
511
11081
10087
6947
6054
3589
3658
1443
4444
1944
7013
6222
2498
9542
7315
7485
1293
5800
11303
8905
12257
4197
4702
392
10519
7622
2890
10945
7904
956
4001
1958
9539
10309
8964
1432
10142
6486
1274
3042
181
647
10285
10467
2348
3761
10637
2342
5844
5378
11006
9306
385
3234
6104
10956
10883
6381
10968
4443
3632
12298
10225
2209
3847
7587
6411
8782
9784
9617
5334
1364
10435
5759
426
3314
3224
8401
6937
1224
3184
8102
10078
6762
4479
1831
4445
5073
262
12241
9331
12079
28
11273
8014
8920
6449
4093
1124
7924
1345
6521
7911
5448
9440
10437
11625
6167
4259
5907
9304
7057
3764
1251
2029
7858
6277
10459
6248
1062
5374
11421
7360
8509
11288
8890
10432
6642
4004
4379
10910
4799
9054
1674
11767
4582
10936
1077
7544
1563
11753
311
8714
8493
1970
10443
11852
798
2958
1834
10281
7303
3416
422
3746
11969
1329
8240
8471
3705
3743
1474
8324
7897
718
3568
4424
5546
3268
10593
3113
2182
10550
6051
9419
3839
10477
2027
4901
7917
4403
4364
7431
10195
7572
5096
6242
1022
890
3005
260
1960
9352
6385
8572
6912
2998
265
8482
11913
9458
8063
4663
248
4584
9216
10429
173
10155
6343
4678
9044
7546
4896
3014
10970
6798
7749
9820
2995
5421
9739
11362
4007
4274
7377
12044
8306
9139
843
1217
2841
6583
895
5088
1608
11499
6726
2443
2109
6332
5711
9910
9406
4270
1678
9722
1382
4171
6786
10026
1670
8997
3960
10080
5233
9798
3825
1668
3862
5239
482
9988
6066
10763
1203
2115
9366
12032
4979
10487
3326
9213
5019
729
5810
4473
1856
2624
7752
12006
2899
4398
5937
9410
10698
7253
8776
11614
2051
606
4885
7454
10700
11215
9186
2594
9775
12053
5592
3138
8506
11269
9222
10097
7221
3237
10322
2997
2206
9667
3082
5375
4729
8040
10400
10360
10168
2203
6745
6528
11349
3941
11380
3023
7095
3183
6350
3802
3134
8983
1272
1808
10040
4578
11554
12008
9664
5514
166
5163
1291
7395
4108
9184
1400
3538
1456
2820
8267
6866
9237
946
8766
11456
9267
6435
11332
10311
7530
11775
8075
138
12010
6824
4238
12102
4609
2030
10670
393
1448
9992
2774
559
3142
9373
5296
10832
7117
12267
2888
8700
823
6683
10523
7139
1151
10190
11876
5654
10623
2256
4938
9835
5681
6207
5345
6178
10860
7016
8367
6074
11457
1434
6894
10856
6863
2151
3417
10439
243
9609
10041
11387
5476
7447
7278
6755
557
2476
11180
11452
1799
10663
6735
11914
12147
5433
6040
97
6361
4265
752
10183
484
2917
9939
4496
2126
8553
12022
5982
2931
9477
2608
7757
7236
340
11315
11367
8077
1117
4812
5210
8752
12086
10409
9937
4709
8817
4975
8329
11308
5404
5454
6327
6145
375
8626
4074
5034
350
11558
7909
6269
5230
782
5566
7350
314
5052
5605
646
2957
1836
7707
4796
3040
5618
7177
8595
6561
4462
7000
2641
6847
6544
3253
7100
9031
2785
9293
6192
7231
12325
6492
7388
834
5704
3518
5922
5854
9320
4766
1621
727
7398
1390
7145
258
2179
5304
5889
9629
11299
1543
3205
9220
5511
2123
5416
10465
4772
6557
3475
8264
9529
9631
5274
11623
1482
11996
7739
6733
1450
9301
9728
1642
3381
463
7719
11462
9230
640
7490
11701
1462
873
6931
3245
8224
4221
10333
763
7462
12247
5269
641
108
8190
11988
2723
5027
5418
4332
10504
1286
2748
6782
2665
4217
8672
4434
2431
7376
7025
11405
5912
11435
56
11998
10128
5277
7148
8461
11648
5081
6538
11824
7319
7243
1471
12218
804
10732
6442
8238
9190
9994
11713
11723
3399
4
8379
7393
7862
3193
10407
4161
2843
8770
10995
5535
11664
10622
8877
9042
3124
12256
11037
7135
2365
10500
9533
2124
9445
11695
2919
11600
3094
11161
5832
7621
11726
8627
8256
8456
6753
10189
8665
10312
11438
288
12271
1698
11029
8279
1784
9017
7953
135
1314
2614
6987
605
6585
933
3654
11236
9714
781
10758
11944
9969
10962
3853
9424
4272
1024
1876
423
9006
8140
12220
584
5622
547
396
9167
963
6644
11283
10014
13
796
4550
3966
9464
7290
11985
10737
6738
976
7556
8019
11046
1751
1991
5120
9409
2284
461
7821
10011
1587
2370
2713
3634
6794
7730
9510
11013
6489
4954
11509
1334
11234
2794
11212
12289
146
5501
11191
12251
11807
3787
7412
1284
5315
4981
776
3720
11292
9302
2860
10404
6815
2055
1531
6023
8791
1004
8545
2907
10639
5268
8090
11906
4275
10379
760
7753
6377
6258
10108
9290
9109
4317
2887
8284
8029
11451
1879
2731
2382
353
1325
7620
1566
5817
12030
7023
7619
2197
1218
1663
6254
11973
6917
6827
5098
4787
2334
7214
1900
2581
3686
5024
1039
2709
8873
9550
8792
2444
12000
1614
3984
3252
11253
2244
9776
5480
3043
5006
8742
8440
8718
3328
6575
3322
6933
12052
444
6693
8481
5897
2234
11204
7847
9941
871
10874
11534
6233
5674
5020
1727
987
5071
8615
5226
11301
4632
11830
1962
8243
8978
1763
488
8108
9326
1459
8470
9046
9801
11423
11816
12250
11629
5995
8702
9154
11789
12019
9509
4068
10629
6120
742
4222
6974
1592
7664
5563
4679
6298
330
2196
3080
7411
3970
3972
9405
4859
10822
7292
7182
5458
8618
1535
3449
7725
6997
7247
6408
6717
10380
6418
10151
10515
5232
3089
10198
10715
317
9612
1010
2358
7676
3751
11519
622
4042
8799
8631
3389
5311
1875
6533
11259
9583
593
6383
2558
4730
4537
3698
12225
893
4925
8923
4545
139
10829
11696
2059
5075
8617
7096
2404
7277
9530
4825
3491
3819
10615
8026
2685
10192
8003
11168
9091
9500
3029
10270
7222
11275
7644
802
4610
8276
4849
8139
2567
5497
7206
5792
1271
4204
11310
3653
7538
9977
7696
6704
11335
10200
11924
2354
2767
4527
4131
5926
5710
10375
6804
3315
2220
275
9315
3876
4358
6940
9932
9908
12300
6478
8963
61
11844
847
10127
8013
8432
5029
8145
10824
3173
10743
4987
9414
10980
2984
6059
5879
3436
7197
1963
8333
3260
716
4543
7823
6844
4502
12064
10614
155
3721
10678
2968
807
1760
10163
8341
3116
8453
6467
6828
4058
9594
2248
4324
12012
8630
344
11123
2659
4916
6896
8364
11068
1598
8072
10473
6034
172
6560
3909
8265
1196
1762
10022
7771
2141
2829
10020
6776
4920
12045
4077
753
1228
9058
9829
4396
10545
10982
9721
8955
7349
15
5435
1892
2039
6471
9246
9506
378
3753
7745
7521
12018
10241
62
7205
8177
2121
10879
793
866
4299
5693
7392
2469
4344
5891
6813
1813
9857
1787
1542
11354
6213
7710
1494
1209
12137
11313
686
5432
2560
10906
1277
5959
6840
4182
8349
5124
4793
5911
3956
2425
6663
6736
2301
6256
11621
6121
3217
10083
4959
4166
8129
9395
673
5242
5860
1973
10251
519
9940
9586
5487
6632
8870
7067
3087
7250
10826
1096
6304
5175
5646
5350
8624
2631
1220
201
11705
8903
8841
2833
3676
1288
11763
5985
6574
2057
8164
5839
11685
1715
4774
680
9581
4374
8089
8381
7564
2014
2834
8219
4295
5182
2599
12167
10042
9619
7839
2368
1980
11783
4157
6761
4746
1363
6874
11979
2390
9039
7440
9075
5676
2269
12020
6483
702
6202
2315
10172
1173
9460
6161
321
2307
2012
11441
7529
8900
5199
4243
6406
5393
6514
6262
5702
4125
8604
2960
4889
589
1773
10110
10861
11765
3547
9436
10464
2163
6082
2927
6598
5283
4681
10878
4286
10892
3372
3719
1322
7258
7215
404
6439
1938
356
9446
2708
4427
2462
303
9817
266
9692
8591
4684
818
1190
1279
596
9365
5259
7069
5382
3442
11233
10843
748
12206
10059
2852
5261
1867
9297
4842
9360
621
102
1918
11680
5846
9944
726
8926
7579
2245
4958
11843
11418
180
811
6309
10017
3958
6461
11023
4378
3851
3507
89
2447
7339
3710
599
3649
7479
11720
3453
11187
12277
3569
6627
5508
4246
10976
8078
11338
10203
7750
7859
115
10774
5407
87
4761
3565
3517
5318
11755
3489
6534
12204
6853
9242
1757
2932
4999
10940
8024
2827
11879
11673
9874
83
8984
9208
6801
10931
6341
8739
3999
2034
3054
2740
6692
5708
10893
12067
2746
9930
7296
8007
11488
4128
11976
5197
3290
10691
1618
9758
7224
7997
11152
8783
5348
10610
12031
1557
7776
10187
4190
4298
1465
12124
11617
1722
695
1392
2235
8319
2622
7670
8645
7331
10143
8583
8820
1706
5434
10124
3758
5209
11992
129
9841
9627
3350
7178
1414
9964
8114
10775
9783
2165
1885
2089
5300
7316
5170
5235
11880
9576
648
11742
2961
2238
9606
722
8045
9343
2037
5505
8257
100
11094
3163
8859
6516
3905
6357
5558
7320
1297
9893
10937
7536
3240
9112
10607
9427
486
6444
1514
4829
11890
6852
5493
6868
10390
3635
10552
6279
10415
8334
5371
11531
1807
2148
3266
7022
2262
5444
11594
7526
8998
7844
3757
8206
7830
9113
6785
5108
2263
5169
6975
7988
9974
7591
3155
3367
11581
5857
6318
1055
4764
10782
4229
4236
936
7055
3474
5481
5220
7081
3820
5051
2497
11032
12160
4534
5107
1617
2481
4818
8221
7509
5128
7608
232
1565
8127
11507
10318
2531
7626
8278
6891
11582
7241
3948
9053
3827
9831
7995
3246
7715
7877
5018
7709
3655
10301
5155
11325
11453
11977
3331
11884
7711
592
10761
7070
795
10220
2392
3210
4309
734
12282
8477
623
10098
8130
8902
8901
8675
6329
10326
7981
12013
9147
9215
8761
5503
6773
2850
2996
865
4607
2720
1365
6740
483
12017
2508
7143
8636
10784
5498
7087
7218
6094
2046
3506
6317
7418
10954
3703
3797
2943
6417
11658
575
10938
4439
1814
7612
10898
269
1547
4271
8439
2762
11002
205
4177
5697
10498
4119
4075
11431
10544
7126
1591
3065
5700
7783
8484
10339
2629
9545
1236
1373
7337
10762
1305
7894
7076
8231
6352
5240
10338
8323
12068
5191
3385
11799
9118
7996
7734
2071
7269
4433
1857
4470
11834
1903
8921
3195
4699
8412
5644
7743
8380
3850
3689
8376
6246
6686
1612
5544
8162
2645
10873
11974
6067
3123
3478
1905
4539
9845
4092
9028
8028
1832
3888
7887
6427
8290
3728
1652
11016
1708
7599
1957
6206
882
6006
2414
4927
374
5680
4934
5228
8655
6416
2188
4224
11670
12164
1575
4533
10418
4710
6225
124
10534
53
3337
10850
4218
2732
11679
662
4967
9807
6884
1013
8851
4425
11577
11751
1998
2379
1906
3807
10212
8946
2771
3759
8523
11570
8638
7779
3159
9681
2442
6060
10882
4538
7906
10596
1338
4798
1461
2118
4508
5246
10924
1829
1873
7698
7147
6496
10284
6636
8669
2557
3380
4261
6768
1624
8551
12233
11836
231
183
2294
2364
2662
7043
10071
8476
9889
4023
11835
8637
9527
4639
4809
4491
12182
3001
4155
8577
11515
2304
10173
8200
9274
4808
5934
7889
1289
2237
9077
1320
3045
1202
11114
5466
11398
5562
4832
2873
10745
3466
10932
521
11609
6205
1935
3729
11886
226
4300
7882
7975
3084
12328
10065
11311
5539
2383
2922
11875
6333
11669
2819
6650
5380
7341
4879
10581
4858
3934
10389
4151
9317
9145
5794
2842
7824
8603
2721
11496
4640
8338
8827
3889
2905
5420
3472
1216
6354
7525
6764
8251
8516
2966
1737
7458
10526
8189
10605
9837
12308
7955
9188
5475
9138
1508
12157
464
10470
6093
5245
10712
5138
4784
360
8620
2742
12199
3868
3441
998
5735
7285
5587
8684
11810
10171
2249
11675
8186
1842
3962
1002
8166
7727
1132
6858
12239
5256
7604
2761
8822
7649
8322
7298
8819
736
6203
10316
5905
8735
9478
6036
11231
132
10374
9679
6664
7724
3570
11612
11115
12196
3692
10153
8694
2583
4827
4955
6146
3194
7430
12174
5077
4503
10424
9616
7402
9827
9250
34
10648
9300
876
2596
1192
8867
9894
8958
11014
6501
8960
9397
6397
11634
3495
1381
5271
2861
10923
11638
747
1438
10983
1106
12001
341
2360
9126
6204
10423
12090
6149
11291
244
3824
4347
7457
1269
9513
10169
5638
6297
12244
3812
3352
7338
5667
2386
6572
7356
1788
1907
1965
8535
2449
638
8515
9761
10278
2483
503
5822
6250
4069
6112
4121
11957
7413
5653
4480
1149
11174
607
5100
3437
3072
9688
7970
7660
159
116
5263
8093
11964
2813
7685
4260
3274
6535
12243
343
8974
3927
1534
5500
10577
4617
6270
8891
99
11377
7246
7999
6539
9781
3198
2460
2502
10579
9602
1234
7554
10894
9911
11043
1455
8539
2260
5347
4076
5602
11571
6966
10118
6626
9082
2487
8929
8798
5046
5343
1802
11511
11601
7692
8555
10549
5102
10302
6882
6737
7989
10005
6816
6336
2797
7157
9311
10471
9005
12149
5945
5908
5060
8943
4451
1095
4316
6780
11468
12286
6875
765
11166
8313
8489
3740
6005
11210
4569
2517
11427
5152
9779
8353
8452
6838
12098
6833
10640
5696
366
7240
5619
2280
88
11866
7598
845
11477
2036
112
4795
8952
11652
12292
8218
5425
8773
10159
11093
5294
6645
8362
6899
12
6595
4391
1135
1675
8490
8969
10578
949
3049
981
6977
4636
11065
11060
4349
12187
744
8316
2273
4874
9132
759
9263
12051
7342
11561
1378
2847
1477
5757
9050
7503
11019
6791
2041
8844
1695
1418
4100
6565
6599
9972
50
8671
3971
8178
5330
7630
8941
10485
2756
9813
3591
2477
2017
4304
11439
5087
7492
5890
12198
12252
3267
5127
6367
7040
9957
10298
297
7254
7108
1567
3286
11098
5211
1635
4673
7913
3738
11991
7765
1491
1510
11157
8858
6661
32
7962
3424
7283
2571
2952
6748
1231
8790
567
9339
9499
1636
11395
8110
5424
12127
3452
1048
9429
11850
2063
3859
10383
1768
9454
10209
1661
2396
160
4990
7162
10807
1568
11772
10849
1335
7748
12268
11709
8180
8687
10880
2816
230
4544
12176
1064
827
6236
120
5486
4081
5782
3613
5
7208
9434
8664
6061
1607
8796
2300
4472
723
8465
9218
9906
8249
6295
6721
5603
1541
9954
5001
3745
4412
7082
6259
7900
5971
9296
202
8307
1700
12057
8051
7063
4555
4279
7455
12103
6911
7984
4930
7835
5000
10158
2184
7195
1852
8273
2550
2385
706
10263
5898
4989
4333
5346
12087
3700
7083
2750
8126
7597
5601
7415
1470
294
11539
672
5784
7863
5298
10916
4576
11304
10744
932
8392
7675
8022
1519
3536
11733
5255
7768
5025
11894
145
787
9677
7972
5802
4924
2569
10125
1206
6684
8134
4574
11840
9355
8229
3446
2867
3662
6834
6900
8378
301
1615
52
10537
9238
5042
10280
6472
7650
10908
409
235
7968
9640
7938
4376
9575
3944
9106
6490
9107
7386
7344
345
1388
2077
7705
9048
7540
5431
3168
11532
5556
9467
7187
4059
1579
1356
6783
6430
4132
9614
46
6976
5065
1070
3374
8657
11131
4677
12223
4528
2312
6380
3874
6479
3671
3509
5914
2074
8394
525
9002
7558
1649
962
829
6524
4319
293
3639
12145
7642
2417
10838
9828
6608
7115
9282
2168
9557
2627
1129
515
3034
10971
221
9407
1975
5101
6709
4940
4019
6770
1118
10006
4548
1520
5824
6454
8622
3887
7986
7142
3845
8480
10582
2947
11246
4950
3997
2657
4758
546
2606
2175
7648
7878
1665
2226
533
7662
5747
9997
3578
3629
9259
1488
4205
6360
5359
11660
7011
4760
3438
8569
6625
68
8135
8816
8896
307
3563
9812
7066
2353
8537
5925
2267
2490
4526
4377
5590
4559
10977
9289
2904
1427
11436
9534
10887
1578
2504
8653
7230
5973
7716
1586
2572
6344
1979
6025
10007
7568
10232
2207
8363
9524
5826
8872
12321
11092
10604
7946
6979
2181
4200
2075
9011
3044
3057
8038
1385
11056
554
7625
11728
3981
11381
6497
8347
8746
3691
4114
6089
2643
4483
11394
635
5732
7078
10353
941
10365
11500
3439
4843
4395
1631
11227
1178
10486
5613
10948
885
9498
2886
9794
821
7226
3378
2436
371
5536
5016
9649
10695
3904
11364
11424
4510
7965
469
6158
11277
12317
4021
11256
7578
8488
11671
10144
7437
2287
5669
1141
11397
78
1219
3130
506
3831
10685
8698
2696
10790
11428
954
2011
9105
7639
451
10419
9921
965
11188
8538
9611
5796
6362
5310
4575
8965
123
8272
587
1165
3230
2053
5993
990
9636
9491
6065
10933
1742
10630
5534
4800
8335
1018
2413
12034
852
2808
8919
6148
331
3121
493
287
6964
8596
3968
6727
10686
2169
2727
915
11700
5273
3137
10092
3959
10381
3297
3872
357
992
538
5058
770
9547
9249
2499
4468
10492
9604
2914
2776
8069
11853
4373
8428
1912
8951
8352
368
9790
5577
12194
9733
1780
3201
11379
3561
3965
2849
8280
8052
4579
6175
8731
5183
6272
5799
11295
4310
465
2160
9116
9691
7914
9055
5031
8802
1707
8415
8881
6159
7120
7851
11487
9882
899
11839
8374
9128
2429
4583
6301
7672
3571
5202
7099
2485
8226
10217
4008
4615
10730
4329
11833
11895
7378
5297
5069
4038
8549
2062
844
3813
2875
1316
8391
6171
11613
16
4669
2253
322
5322
5528
2080
9181
11111
10161
10702
2535
2296
3296
3180
2341
10722
10603
6506
3668
633
9367
7371
732
5616
5097
3329
5462
12275
5241
5691
7366
9164
6806
11247
11541
2007
10558
6596
12228
22
2822
5777
2626
10354
11643
10323
2586
2403
11042
4714
8693
6003
6617
6906
1946
5883
187
7228
1052
3035
7483
9033
6484
10463
2258
9097
10330
9192
6024
10795
12234
4909
8518
3542
9749
10412
5742
7713
1240
11137
8132
9486
11717
2427
11935
9127
11143
4498
12152
5888
12299
4727
4098
410
2840
10841
11910
449
1683
2266
6300
1162
6474
9662
11870
455
5785
10788
12092
8418
11173
7163
6787
6744
5187
5684
292
3540
9551
3683
11978
10588
8304
6920
11255
8678
3340
9777
6245
10416
4982
11235
7245
664
2492
10768
903
8525
12138
6401
5004
1093
2214
991
4993
7137
7015
543
907
103
6045
11802
828
4913
8575
10909
4753
4933
8049
6682
1558
4103
2564
1721
549
10530
1792
176
4861
5198
1352
9538
6951
7651
2418
10827
438
9926
11337
10179
10044
117
8407
8574
12215
10079
7991
5713
4855
1569
7403
9495
3928
4963
10952
10122
6128
772
2380
8602
11388
93
5524
3989
3878
1150
5833
12024
9821
9038
10907
3203
9872
5200
2667
8893
7593
2096
1120
926
639
12191
2394
9319
610
2652
7973
11927
5484
10806
8594
3867
9423
3219
11237
2352
6433
2518
2980
11635
977
764
8990
2464
624
3433
9233
1058
2028
6415
5172
1884
9873
4173
8435
7502
9633
9704
10897
9655
6981
1042
3079
114
2306
11209
1457
3101
988
98
7998
6803
1974
3083
7410
1300
4492
2910
5843
11386
5632
5381
9916
10032
2759
4343
11206
5461
2135
6862
9630
11184
6232
3894
3238
5068
9574
10852
2970
6030
9760
312
7517
9197
1741
3995
3305
8740
627
10811
11644
9830
5930
3189
6647
8270
4664
71
5670
5145
4463
8400
10929
4168
8210
2178
11551
11770
2546
5045
7731
3050
3975
9558
8954
1625
9896
3486
5989
10236
2076
5859
6903
6928
9589
3273
10293
7488
5560
4447
7788
1391
8327
6378
9864
10649
4284
5287
9810
2185
92
6970
10919
9148
7673
8885
6283
4233
2024
4159
6543
6511
10233
7075
10951
5459
3421
5997
8388
10297
137
5464
2925
973
3848
4713
3078
11155
8137
5797
8666
5502
552
5394
9271
9449
11863
11536
7633
3103
9923
670
3821
2405
10521
11426
10
8600
3616
1840
4847
4792
10325
1596
10542
3033
3921
2092
11153
9353
6945
5323
7791
4759
10831
4765
1835
217
10846
291
8710
10146
1588
12301
2965
8562
7864
10269
7870
8451
6600
1697
3834
1611
10867
7333
6218
12236
5836
10587
12214
5707
121
7920
7881
6174
8677
10176
43
8000
11504
7508
9203
12288
2265
11498
361
10417
3732
1544
7389
9716
6323
4588
7373
8262
9122
3351
10444
6969
7494
1138
10501
158
3640
4477
3931
518
11595
9333
1193
6619
10899
7267
215
10946
4716
319
6276
4904
7545
9717
4399
6907
6151
10684
9587
10868
7118
85
2177
8939
7129
11791
5825
3375
4762
1379
1947
6004
8825
7304
10553
11416
10599
8953
4262
1424
5320
6102
10441
9809
8625
5599
1475
3192
6265
780
10370
11575
107
4834
11472
6316
2033
10034
7916
2486
9848
11768
11091
9568
3711
3558
8632
3614
6130
3
6962
35
2868
6122
4947
2630
3574
6523
1643
2479
7584
6124
8492
11051
2305
5342
10657
1087
3858
1602
9818
7961
8286
7637
6541
2933
10918
9232
11949
3247
12295
2031
1580
8948
7074
6763
1003
2205
1212
1442
2171
2913
11848
9792
7890
7381
364
2561
2660
7397
8874
10851
8913
7566
1088
9361
5547
10809
7101
9598
7106
11815
4196
2438
10277
4635
7481
1735
3893
2671
1310
6404
8235
11012
9043
7001
6654
6563
11855
11348
12097
10028
7726
8514
8520
5193
8565
997
5205
8449
2869
1554
3969
5787
754
2805
11854
12095
11545
11778
12037
11954
1354
2855
4969
1825
8475
11182
4146
4464
9452
9204
679
1113
3403
2350
10138
5695
1525
5173
10478
9851
3985
2963
540
3615
4661
2524
3796
11240
2796
10210
11383
6934
2530
11920
5118
2877
4620
7958
12049
6849
90
3088
10915
2140
8641
48
9936
888
5309
8888
10989
10688
4057
5716
9210
8099
11994
513
8619
6152
8804
7474
11908
3623
5053
5063
9415
683
4020
10870
2384
617
3610
4010
3122
2336
1235
7811
10913
5532
1851
237
1115
479
7943
6110
5751
2758
7259
2270
2272
2563
5743
3401
8852
2831
9291
11132
10869
8354
1060
5329
12136
5786
1859
12306
4346
3280
7359
10772
5938
4387
5021
708
6805
7192
4194
3864
7884
5769
12305
4648
5379
3456
8508
7668
3244
3383
5064
4219
1672
4458
10613
11020
3781
6400
9659
3075
11650
3111
6328
3371
9824
11793
1777
6001
7787
11356
5663
8310
4045
8098
4158
3214
402
937
3890
7017
5701
8868
10573
9605
6280
3061
11525
1226
8546
252
8023
8308
7928
2747
4883
3299
8402
5734
4013
2600
5105
2108
654
12141
5386
3311
9744
11164
11699
1346
7741
2363
6720
9942
4935
8474
2338
5966
8416
9838
351
4062
1254
3895
2093
277
9089
8100
707
5050
2378
9469
2542
8068
12222
5814
9337
9085
6547
490
3076
9305
3308
2388
3471
504
820
4918
6890
5222
11324
7638
9334
7655
1016
6157
10564
10362
11471
7850
10149
930
1549
5336
1061
10029
11619
5156
12026
12285
10813
436
3949
4977
7561
6135
3920
2094
6398
4814
1503
3404
8404
11410
9797
7255
11327
1967
7107
3826
5376
4241
921
12265
3413
6197
5920
6659
36
6605
9219
7560
4305
4658
1344
8253
1765
5089
11626
8541
6548
9123
7993
862
6488
1492
11186
4724
37
11216
8455
4720
4109
10226
10484
1489
1281
12260
8277
4257
5955
836
9018
10865
10082
3932
3937
12188
4625
7408
1926
5470
2644
1806
2105
3618
10391
6959
4886
5975
7280
7284
1014
11369
8962
11803
745
4819
832
5712
1826
7912
11961
7173
8103
4418
11522
794
9986
2789
8346
5717
11740
3476
193
2615
5260
3500
6267
6946
6615
3706
8980
1327
11748
9244
335
4448
7571
5513
9019
11489
7891
1822
224
6349
7950
4203
1754
4289
9131
6843
5327
9243
11159
8121
4670
2349
8576
11307
5962
3059
11628
3406
8828
7407
8847
4906
1691
9764
9400
1082
616
10129
6879
7435
3460
642
5151
6229
3068
4475
3756
5217
1259
4782
9528
3295
3242
3884
6590
12259
2001
2763
1229
4837
756
1295
3606
11829
11272
3919
9665
4767
12171
11134
5506
7452
5422
581
3330
11688
1739
11722
6978
7438
12253
11724
904
4136
6505
2372
11163
7045
861
11865
2107
8215
11604
3744
1473
1710
5399
3012
9358
7202
1954
6527
6228
4482
6312
10626
4691
2791
8727
9859
5795
9948
11734
5443
1187
910
9389
4363
6455
1729
5341
7355
7594
4988
3445
7046
7834
6342
4960
4552
1552
5267
3095
7375
9071
10986
766
536
7170
7841
7094
1913
12062
11516
10584
8056
2870
3025
8067
7318
10317
5980
3861
1609
6382
9879
7812
5319
11588
4598
6714
10081
11599
803
9332
5931
439
3915
4461
2142
1051
1336
10628
11777
6092
9115
4773
127
8519
2625
6223
5509
779
2566
5709
9735
1017
4133
6716
4372
6910
11347
7185
3147
7666
5039
8753
2407
11953
10805
9323
3363
3382
5928
10621
5823
7971
5813
3343
4117
7576
1483
9255
9644
2876
8320
9316
3053
5972
4104
10249
4467
2419
1684
3774
692
198
81
398
817
403
9083
10984
5494
7804
8195
3334
383
4404
7423
1786
7090
6802
4156
3241
8840
1620
5218
550
11197
8769
7956
11747
9582
1158
2821
6658
11583
9110
996
2920
1676
5953
3369
5390
11811
9915
8047
8463
1539
3117
5954
5022
9536
1637
8084
8982
10359
4153
2689
1584
7982
6303
10598
3730
6679
2865
1945
10973
5902
8533
3020
3648
5597
3961
7966
1819
5675
545
8163
5673
6132
11937
8092
2143
11025
10694
4118
970
8505
11605
8410
10606
10004
11501
2505
6032
5139
5567
7459
3462
2332
7394
1992
196
7114
11771
8654
11382
9199
7781
2544
3952
2010
11165
870
6612
1971
7035
5303
11066
8250
9283
10341
7895
2424
7071
7845
12002
2201
8550
11401
11022
1743
562
10823
10724
7325
8992
6818
1927
10107
1889
6739
7782
7345
11698
3069
2704
867
9456
7505
10461
3016
11888
5340
12242
5491
4163
4688
2738
3172
3523
10053
10148
10517
298
2276
1153
9309
7616
778
4176
10619
657
7233
1846
2739
5423
9435
4577
6711
1573
7169
9959
8021
6137
9272
5967
10881
11018
9457
6393
2482
9104
6618
1746
11563
6172
9073
4650
3735
4736
8230
10917
6628
2555
2692
2090
1529
3225
8153
471
750
11750
6553
2503
7927
10958
6077
9685
1133
1955
2632
7557
7816
9669
2853
8233
10589
6837
3829
5882
3114
1571
11481
9270
9788
10043
5688
1362
4937
2770
4120
8991
8911
11346
7522
11319
1247
11732
10181
8642
11287
6919
6456
1319
2061
8433
10288
7495
8682
10100
1687
11268
6019
4048
4686
7840
6275
682
625
9727
10000
8836
6670
9439
8031
7264
6394
8787
10229
2025
4383
162
289
11962
1467
2145
8544
10304
1258
1530
6056
10895
3673
8522
3545
880
5456
7867
4320
3160
6140
5057
3953
8897
2397
2369
305
10116
4337
2117
5649
7369
11403
3091
9976
3644
10571
12133
11232
1084
113
7656
2974
916
4621
18
5354
1495
6457
4348
12028
7343
5447
3636
7905
7647
8124
497
3800
1401
7300
9766
12134
10219
2346
6235
3617
8750
2744
11597
3419
1942
7085
11527
382
7679
1331
1079
8188
8878
5344
11144
643
2757
5718
6555
9967
1880
4651
11618
9618
4612
2981
3250
9448
5009
11760
500
6509
2636
7721
5137
7792
7002
8934
1304
9577
4860
9658
6495
3209
6954
1369
12232
1347
8079
8922
9060
8734
4589
2573
4302
5578
7645
10890
4436
7181
9608
2389
2568
8898
9876
3763
7770
8621
367
10872
2448
12128
10408
10834
7532
9697
8697
10218
7127
204
11181
5485
2823
1146
8511
4288
1594
12088
2357
5460
10955
8824
7774
3338
2990
8871
11560
7778
1416
7893
2463
9998
5950
2507
1164
11862
4850
1681
10877
3207
1221
3718
6889
9632
1019
4453
8745
4637
9503
8729
5876
2513
4836
3487
645
434
11502
11083
5758
4541
6211
1253
1783
2772
5144
10060
7646
3899
2874
2202
3149
5978
11725
9386
1776
4405
10726
4905
9569
5875
7602
1950
9752
2538
1755
8115
558
9832
8599
5740
1285
12278
10214
10800
2293
6108
4968
4126
485
10031
2811
9065
1063
5136
8966
7252
1506
6779
2603
4944
8301
7815
9354
4551
2211
5620
1589
11898
8685
1817
3660
11048
1380
10770
5405
10282
6519
7671
2038
3199
4728
1299
8181
5725
10642
6425
9385
10131
9125
9000
3007
7354
4198
4743
2218
4039
10180
1480
1863
6562
7321
7323
8248
7861
2286
3621
10641
6101
11415
8788
7640
6811
8704
8326
2971
8589
4251
10336
11130
1038
3166
3263
925
7439
3470
9843
9325
3235
7931
9786
12163
8722
7084
8957
7827
11787
11243
3525
9142
9303
10891
272
9068
11222
813
11300
11040
3816
3041
2285
1366
4392
200
4471
8777
6830
8839
7504
2227
6766
10725
630
3963
12323
7130
6302
12227
12175
6278
2533
11127
2100
3432
7427
8406
12080
2377
12048
7112
7465
8027
2784
2802
5761
11838
4821
2070
5610
11024
3914
2521
5402
7432
5115
10139
4593
4460
10529
9860
3964
11938
6611
4700
66
8643
12272
11280
10450
8317
3502
8033
1797
2764
7352
3179
6601
6676
7728
9819
1194
5600
4778
6365
3298
972
7275
1692
6616
1182
4028
11530
2339
2618
7374
1978
7256
2311
4516
11070
3880
8332
7409
5586
2510
1501
5007
8297
10966
2937
11939
5038
3222
9712
1725
5010
12126
11566
10047
9340
2319
5468
7309
4006
4614
11764
4145
11710
5181
5196
9778
11075
2064
5596
8006
9759
8831
1604
5146
12169
25
9621
2125
6392
1409
11375
3566
3017
8464
3659
3063
6384
905
4406
3125
11135
5047
8699
1086
9090
7785
7453
5970
3444
9371
7585
10518
4353
10825
8956
1515
8498
11537
3993
2110
4356
11207
3754
11801
502
7207
3553
1651
10239
6963
3376
8444
11718
11265
12021
10961
8431
6469
9413
1233
10308
9087
10145
1211
10234
6540
11809
2112
8101
7498
854
415
6507
1337
4856
2488
4428
11399
9235
12099
6707
10942
5195
9021
1122
12173
4455
1855
10609
268
1361
1540
4890
11270
11631
1664
3320
11057
6080
5647
11946
8728
7151
4531
8797
4414
7983
7154
10119
7116
6200
1407
7723
10597
11794
10090
5666
6182
11434
380
1249
9402
2058
9902
11294
7357
1140
3600
6281
9785
9985
7051
6160
6652
717
5968
9430
11109
11118
3118
256
7786
5949
9769
8774
8283
8275
5903
4112
1094
7573
11447
3119
10397
1374
1770
7027
9757
9163
658
8055
4478
5338
7238
12148
1731
2138
8173
8294
10697
8053
11252
8806
5648
913
7836
11373
2532
6187
4518
8785
2086
1136
1999
588
6953
8184
5094
10693
7513
10655
4256
1169
3150
5377
2144
8117
5305
1339
6893
9719
11028
7636
6370
6594
11116
2898
11470
7629
2863
7199
6792
9493
1785
10561
12003
12082
10682
1527
6125
7807
11693
8942
2398
8185
5793
5965
1989
713
6515
397
8581
3236
188
320
7658
6856
6784
122
6153
8996
10002
6069
11365
2279
1375
373
4667
4822
271
5741
10554
7857
1669
7351
6220
2271
10109
10902
2690
10046
5690
1966
3590
9453
460
3090
11455
10653
7322
6424
4595
10240
8764
5996
9971
11968
609
741
9377
2387
9398
2252
6925
6141
5023
8158
8247
5036
4867
2087
522
3336
6448
4311
1849
9514
7539
8730
8403
11960
1261
3448
5208
3595
4101
897
2316
2127
3313
6905
9036
10585
1916
8366
8468
6546
6168
10401
694
6263
11322
2310
6971
11432
10321
185
5896
738
3982
1870
2162
1694
11358
6554
2161
725
435
10541
4115
5678
6371
7775
7695
1255
3983
4604
6458
11030
11067
10911
1782
3310
7305
7193
10314
10580
8499
10120
9114
7326
5643
4113
9935
10307
4325
12093
4817
1860
9418
2773
11882
10756
12311
4511
5686
3559
4359
8585
12029
846
6395
6022
10845
11355
11813
9591
4476
4003
2240
9159
2726
8758
1026
4995
4631
12035
2999
7123
4643
8651
211
5033
3482
11909
2221
1311
192
1928
1137
8030
5521
8421
6713
6902
1241
597
11001
154
5550
11667
1205
5455
3066
5573
8266
9651
9422
5026
2688
233
6164
8274
3841
6173
4978
5729
3661
1054
290
914
7420
5189
1111
4210
1572
4561
7919
3780
4263
7784
6464
6409
6848
920
9747
598
3762
6039
257
8447
4823
7131
6641
7042
6274
768
6244
10731
9918
6691
8302
9871
9888
11464
11260
8904
7828
7948
1479
11897
9211
7688
5056
2707
3641
11642
3778
270
63
9286
11798
5391
6687
8970
7328
6313
8228
4339
4178
3332
2993
9052
8171
6099
1850
11286
9553
6651
5133
9426
11936
6728
6655
6321
6420
2595
1862
10959
632
8408
9245
10075
7868
11077
8372
11158
10985
2949
7627
10334
6821
4734
44
5594
4624
9351
8167
11136
6319
6542
3973
8524
3104
10271
6888
3307
9613
11963
4781
4514
1413
144
1574
2313
7967
9178
4110
7262
8720
4487
4949
8993
12189
6043
6747
8579
7617
7548
835
7659
7947
8382
3693
7012
1159
8466
147
8486
11039
2587
9907
8041
6820
3182
2000
3898
10245
9166
11408
4199
10113
8169
41
5482
377
9470
2194
3709
2004
3503
11329
8397
9260
11344
12263
3185
7687
3792
2718
2672
2459
1982
740
1032
10313
5520
7286
3046
9917
4079
2254
2915
