503
1349
5927
4627
5150
9532
11802
4408
12021
3129
7529
8655
3945
4442
2831
1764
8324
8437
1377
11892
309
1717
8946
11960
6814
12269
4322
5231
5607
7677
8488
9466
5078
6859
12105
894
7166
231
7523
10847
6544
870
2410
10288
2357
12219
8724
808
10952
8344
5054
5511
9305
1506
4394
11443
11193
5416
1628
1966
10855
11710
5063
7539
5867
5215
7647
779
11027
10668
6703
5734
10237
4119
2423
7742
8976
2570
3261
6837
12060
5726
7864
7270
11229
10620
725
11289
6321
832
9557
2217
3885
5218
10871
4597
8071
486
10667
7515
10747
3924
7280
24
12202
3370
3197
10076
6810
11452
7034
7787
1411
4675
2150
9978
113
2612
8618
3440
10970
1524
2601
4169
9072
796
9345
387
4268
7113
8718
9436
5885
8495
9688
843
6161
1031
8638
6960
11570
2437
3626
4565
10224
1127
10718
8353
738
10329
8598
8424
7683
11763
8986
7707
7597
2186
6932
2512
5496
10097
4530
6861
7214
1361
10556
9024
7191
8520
1604
11087
10554
948
7295
9829
3063
2005
7462
2066
1111
10683
8304
2661
2256
2202
5991
460
7918
9903
3277
5045
6338
6401
5169
7545
944
6014
9601
12075
7008
25
10641
1914
1048
6066
8003
8735
1165
5284
10488
11446
6812
11530
11507
2731
7522
238
5737
7921
4002
5500
8192
3667
339
2419
8904
9447
663
5588
9929
6796
946
9831
4897
3711
5346
7531
5105
9987
8552
9896
11304
5179
2926
6798
5261
2607
7373
178
12177
2261
10111
10145
4694
1379
11700
3609
6072
7987
10590
1131
22
7197
5451
4290
11958
10891
9979
8610
685
1340
10624
585
5564
1993
234
1094
3391
182
6633
12000
10462
2375
12001
9384
8939
7329
8372
4692
9715
7251
6647
1509
35
8175
7726
6696
4445
1402
6878
10252
5145
2273
5684
4262
11695
7910
10862
1581
8341
9852
2345
8643
10238
3830
10433
6669
8619
9916
5522
1987
304
9219
5526
10908
9490
6271
6635
1777
8684
3560
4122
10326
6086
12222
5472
4286
9229
2875
405
891
4466
6816
8554
1386
9569
9539
1802
1710
2276
6729
8123
4220
865
12167
5298
6384
7439
11796
11543
10675
1852
6192
11161
4028
4484
5202
4980
3069
3953
8354
10955
9427
7902
9461
8604
9272
7072
6663
5049
5976
4297
7880
9786
6131
8210
1553
9323
5048
3899
10029
12013
7584
7868
4693
3077
6890
1277
5294
254
8279
2829
11948
8783
8297
9842
2534
7314
6013
10749
9242
9392
4702
1204
5450
6097
1833
7029
10937
1456
1142
5493
2416
6337
6843
4642
3404
12052
8461
1459
3389
5475
8527
3429
7292
6606
1676
2055
8038
11225
4184
4811
1928
7083
4843
7996
6773
4654
11300
4239
7621
716
5706
550
1044
5314
4713
6060
5423
2254
4281
9572
5536
1755
4114
9010
4467
10524
12043
5234
12136
6985
1212
8690
6414
3950
7046
1172
10090
6930
5132
2139
834
3490
1102
10617
3219
8663
821
10406
2173
3912
5376
966
12319
6905
55
10999
10094
11306
6906
5824
4501
2626
7913
2740
5120
1689
9356
1968
7283
361
5823
5896
11086
5521
4862
8798
11542
12313
4607
7735
6136
7829
10051
10287
4088
12276
10950
11521
11877
9472
6426
143
450
7275
1049
9672
7487
12148
7111
11566
6566
3932
702
895
2866
1650
5839
6005
11673
5223
11592
2730
7122
5465
7674
4345
4168
4480
9613
4911
2315
2147
7250
10485
8164
9176
4733
6024
12141
1729
9361
12162
5432
4723
8051
4130
8734
437
8355
6038
6432
6468
4478
6605
7333
835
5698
5156
12074
6852
8954
5232
12310
1291
2253
3657
6199
1016
3798
3036
8433
11472
798
11817
4796
11383
8581
255
706
3854
2793
4801
5695
3436
3033
3665
2130
9255
9839
5971
11180
931
4306
8509
2367
1245
7750
590
20
5172
11188
2897
11287
10477
2285
10074
5352
1072
3595
8606
6277
6694
11940
9210
3025
3416
11933
3709
9308
1041
347
202
3811
11897
2316
7858
3076
10443
4643
1820
10982
11670
310
7106
3005
3559
9563
8204
425
9324
8773
6499
4381
11345
10606
3508
3916
9817
3594
4368
5012
3050
423
7788
8713
4545
1
8020
2281
6259
6282
9760
6717
7634
4806
5510
4652
11612
9429
3461
9635
7820
7413
138
8895
7821
2415
2033
3771
1225
368
8742
577
5552
7117
3737
9604
3549
538
8727
5043
5016
9075
6781
1029
5265
1272
10837
8528
1175
10744
3340
807
10517
8868
8693
10475
6139
9041
11012
6382
7830
5636
10293
7774
4052
2975
3275
7665
9508
392
6842
6094
9691
8359
7055
4550
5131
11493
4196
11393
7698
5142
9958
1991
9479
2805
9700
373
6521
9536
531
11282
4055
10045
3762
4725
8682
3969
3933
2174
8343
4792
3292
6343
7047
12255
7684
7220
9119
4712
6850
3570
7801
4399
6408
11273
12221
1194
7761
6914
10122
2426
11946
10529
7095
3469
12239
11401
9816
5087
4042
11838
9727
8857
3846
3170
5621
10033
9812
11558
2902
9016
5563
11331
5610
10480
4181
241
12243
8320
7400
8181
10742
4865
4261
3525
1295
8767
2688
10107
8770
5421
8659
3557
11506
8090
1170
3602
2674
10314
2909
6505
7758
6262
11461
10541
2156
8274
3428
8245
11206
6065
6355
2287
10461
67
10225
2549
7257
4107
8153
5966
1392
7759
6092
10680
7471
3318
2105
6421
9848
8033
12316
3451
6020
7676
7721
10669
7362
6248
5100
9984
9747
2533
11949
6904
7789
5989
1155
8094
4497
9851
5029
5523
1463
7298
8412
7175
3463
1911
7268
6366
2392
1429
375
12147
2499
5077
9940
8560
2350
4121
11246
4592
2497
246
9662
11692
11171
3165
146
3562
2826
5680
11355
10250
7521
7403
9298
2230
880
1994
6976
850
2942
1150
3859
2098
4544
5125
4552
5128
11464
8590
1007
836
2863
7723
849
4931
42
819
5248
10062
2371
7682
7733
10424
11610
4151
3807
213
10568
967
8043
1077
1671
4328
1592
2075
8989
635
10118
5524
7097
3113
9189
193
4472
5322
10581
10711
3346
2620
8250
5454
9503
6099
11759
4324
7372
1087
1388
319
6677
1473
11554
10506
3962
1672
3067
5464
7611
3476
11769
11468
8382
8549
8723
837
4253
9778
1118
259
8095
4270
2782
697
7731
1381
2296
7857
1640
9766
5441
8188
3439
1176
252
938
6645
257
5692
4846
833
5098
2998
2218
8062
4679
1635
8609
11890
5517
286
9250
6958
2563
1371
11904
4995
803
4371
1156
7714
7172
1119
1970
9301
4515
810
1964
5084
8226
4077
10686
8264
4249
2670
8812
8832
4456
10571
195
10717
9938
907
679
3536
8439
10419
4958
6763
11556
378
7100
6874
3601
1324
524
11090
9895
1523
1134
10232
11723
9470
920
2157
7662
2961
3310
5566
4339
6817
9416
9340
9114
6779
5503
9267
10397
7207
6317
6165
7974
7422
11885
839
5268
11088
3913
4242
2456
10696
5167
2930
3158
2387
12097
942
873
6740
979
11613
6877
11668
5170
5834
7890
2708
10649
1857
9606
793
7496
8821
3152
6870
4212
8739
6616
10472
6735
9755
1907
2337
8732
2227
5721
7599
5787
4452
3937
6918
91
10817
5757
5914
8042
7355
9674
2958
10956
10968
3697
2828
2656
10678
3179
3616
3188
3700
618
4825
7732
11281
4294
7304
2840
10672
4851
7905
8916
3542
8213
10499
7809
274
3266
922
3900
4789
1745
6901
8818
574
6509
1183
8315
9042
9173
5892
6737
4116
4590
1618
8702
1232
8397
6709
5543
7238
11903
1584
9121
2526
6488
8820
11961
10441
5469
923
7610
440
73
10951
10307
8754
11667
2886
3629
5283
10283
10910
10381
3385
6295
2265
5258
2355
7717
471
11202
1535
11624
4769
4838
7769
3578
2823
11079
10932
8197
11864
4336
11547
4153
9589
11830
3967
8585
5683
3790
851
5922
3783
7930
8085
7527
7757
5216
2683
3839
7103
4885
12268
4630
4331
10934
125
12116
9291
6061
7872
3155
7688
1947
451
4867
1079
5154
8093
10415
528
6996
5397
7486
3433
591
7753
6177
8775
7598
10815
5201
955
6256
5010
5776
11275
5573
12173
3083
12093
1497
2544
1081
4320
1982
11351
4070
4096
8692
2653
10771
1834
5872
78
9107
3598
9658
1821
6198
2470
7678
196
10962
10655
4563
5227
10295
707
5381
3607
6983
9608
983
1795
4050
4437
8555
9941
2072
9283
5735
3409
11389
6365
1859
11051
9544
800
3963
3978
4579
3037
4594
12247
5626
9410
6741
6553
2530
11608
5474
11846
11520
602
10271
6265
9293
11025
11491
1037
8012
90
2110
2219
11882
5456
4277
6449
2936
9001
7241
5574
9775
10869
885
11187
3336
4158
295
13
10990
5187
4577
1891
1404
6320
8815
4405
9139
11945
8807
4617
3986
4947
6341
4686
3538
9866
11431
3755
7874
6174
4637
2406
96
3919
2343
2811
5359
8303
8749
3801
9740
10081
10809
9877
10321
1045
8958
477
10741
9924
7121
908
3659
8966
2952
10773
10168
6543
12012
1998
3910
1000
10055
7228
10438
3623
11410
544
9049
2814
10558
48
11741
263
8707
12286
737
5056
2836
8893
7862
2134
8151
4682
1593
6294
3856
8888
6707
7699
2677
5018
2372
2861
3848
6036
7736
11541
4406
11959
6377
10579
9019
9525
11716
10627
1513
8936
10298
1419
8784
6299
1250
8037
9911
4305
10162
762
11731
9732
10584
6437
2091
11325
10327
12059
269
4424
11302
8041
10046
2304
7552
6866
5844
1440
11185
7115
4440
9020
11712
9419
10924
10007
332
7711
4135
2579
11754
10138
10059
8513
5961
9028
7010
10012
5717
1168
1945
4954
2181
10474
2459
8631
2945
9590
2569
1630
9514
9976
5236
6352
6349
7380
5916
4421
6797
10537
7614
8146
8280
4964
3093
7827
11788
6549
12204
6178
4385
7855
11589
6999
1642
2939
9006
6731
5587
10528
877
445
4269
3772
8628
12174
17
6184
9497
4400
3518
11736
10925
4356
2495
7040
10949
11056
8447
9118
5238
6652
2258
1867
1518
12020
282
1458
11230
1403
2632
4370
5516
1139
3426
3374
3643
11603
11168
10115
9388
3449
7824
4628
4066
3081
11112
9870
8480
3717
11816
1158
10846
7558
9653
5602
2874
7992
10373
5160
11534
8701
10221
11078
4248
901
3526
7073
6631
9405
10788
12320
10947
11380
10797
5241
176
7495
4820
1126
2715
6887
7310
6744
2453
11137
5437
2002
500
1951
10404
5046
2303
9315
8887
7530
1124
1901
3726
11565
5068
4850
11016
6571
9633
9158
1412
9062
4729
9960
3890
11117
5143
9469
10587
8430
205
8057
9771
10106
7626
626
7247
1762
11511
9798
3706
9756
5518
12095
2574
1071
3533
6194
6276
7638
1612
3422
6019
2681
322
4217
8052
4743
123
5738
7396
2610
11106
11110
1655
3512
8935
9871
11725
3376
6001
7044
11729
2085
2928
4736
954
8406
11388
5396
11186
2429
4075
10929
2537
10286
2114
7922
10569
673
1052
8182
9620
7886
10386
5868
5373
3905
10129
7119
11593
8782
1146
3892
5749
9621
975
1103
4512
2697
6517
1055
7931
1241
6520
7014
1407
2212
6752
4448
340
9875
11853
6858
1235
3636
12157
1008
12295
5080
8670
1916
7429
11815
7585
3565
87
7859
9534
11856
9391
7853
7448
1996
7903
4912
10141
5731
6407
4423
6963
11121
2115
2088
3641
4813
1631
3100
1482
6686
8203
5861
6251
9850
7747
1617
3619
10520
10273
642
5719
11519
271
9992
9316
7838
10539
2603
515
7710
5764
8017
4598
5716
10781
9452
1818
1100
2113
3332
9703
8307
3936
3075
9366
9108
11009
4973
3156
28
9801
3850
10920
9759
1515
6697
5387
3371
9721
902
977
2431
1784
5299
9546
9730
11991
3524
8834
10969
9564
4939
2911
9785
4855
9716
6274
1772
1544
492
3710
10860
9588
9986
1321
4396
4409
7601
1398
8454
6624
3621
5513
5630
11785
1646
6461
3867
10160
4446
9467
4200
1839
4211
9684
8503
9920
11644
4892
9445
4715
3406
5119
1876
3334
5180
7131
10388
1092
2849
5219
12324
5926
5550
7476
2452
10040
607
6822
7408
8633
4065
692
736
4361
3018
11033
4837
5747
10175
6637
1811
4427
12171
2541
11743
1448
9794
7959
8369
9400
4470
3567
9349
8699
8337
2485
5316
3368
3577
11999
696
4246
1207
4201
9565
6455
10137
11990
7368
11253
6105
12206
10023
144
10813
11089
9013
8254
11332
5807
10144
6149
6573
11637
1732
7424
5228
7867
8494
7967
2915
11189
8694
7620
4971
4537
7428
1897
8150
5252
6961
8063
4835
9597
3222
9096
5114
2792
10894
5967
2937
6109
2827
5092
10312
4205
11587
11916
4582
10919
7576
10450
12272
9124
9741
5390
5777
4271
1799
10967
6829
177
47
9746
9893
3009
2342
5534
7776
9593
2589
11809
5031
8446
4225
6466
5789
8389
2099
8769
6242
2543
4539
9823
11919
9566
4240
10698
5611
2920
2041
823
3167
2654
2379
7049
8224
7289
2532
6962
6490
2199
3345
3006
2552
6725
9867
8275
11932
5388
4832
5795
4762
2525
10092
7812
11910
10135
3308
9159
198
4391
394
3829
11490
7848
2073
4218
3931
7015
2724
6834
10812
9988
8889
3403
6480
7961
3537
1433
8975
4797
5681
11059
7947
5988
622
1051
2889
8097
1670
3412
8233
9917
863
4351
10006
11793
4567
2298
7640
11837
11276
9362
869
1061
11808
6873
81
3047
6705
5623
1297
7929
11669
4856
9033
2943
8621
4439
6676
2698
8423
790
494
6507
6275
10481
2711
12182
10468
3364
6721
6119
1983
5328
7633
7123
7242
506
4529
2493
11532
2611
11619
7399
7478
3032
2040
281
369
9332
414
5544
6439
7881
4459
10933
9696
2013
1455
2853
6085
2931
1144
2749
1364
8492
3270
4419
3749
9533
7316
7381
10233
6969
8873
11714
1300
1924
1711
4222
6044
2307
3358
600
2457
4342
8932
2042
3773
10646
5597
12299
829
6661
2251
11611
9085
10879
8599
660
3828
2488
8161
3427
1735
1067
12035
4112
10101
10526
6955
7816
9155
6233
1422
2771
5408
10716
1439
8078
1074
11602
7772
896
6106
2521
1574
4990
3202
9261
10434
3042
8448
11305
3523
7249
5271
3226
8404
8352
9065
10673
2317
730
5047
1253
7269
9592
3769
10712
11447
3865
11786
5771
12137
6223
3130
9617
8964
3281
6325
5361
12244
4629
2332
10240
4803
3139
6221
8844
8898
1316
3834
2478
8531
6767
6683
1948
10429
3857
11190
6193
7834
6853
12129
6308
7900
11045
12215
2868
9985
11860
2669
1975
2678
1285
5136
1374
10602
8847
8099
7198
438
4619
9420
7617
7037
11569
6670
1214
4596
6050
302
6639
7096
7603
7708
8135
11628
9947
7534
3712
4252
7203
9032
2561
8852
5999
11315
1905
2516
3650
11238
10611
8822
8862
4473
377
406
10219
7426
8681
10256
630
10597
3068
6280
3251
10467
1462
8777
3785
10701
3507
11536
10095
7233
99
3117
12201
5386
4988
10916
4754
6460
9201
3321
4690
1348
10816
8758
10448
10676
3104
2321
6577
5140
12077
1526
10020
9511
5934
3713
5917
8709
12078
8118
12198
9322
6173
5207
8544
10865
9275
9657
2397
1492
11018
1231
8417
2424
9138
1747
4204
3934
6862
845
9549
6668
6402
4536
12312
1013
4847
10714
12278
9137
6687
1840
6260
4304
4024
5878
10034
2356
4499
8104
9455
4915
8311
11531
1873
9363
3140
892
9175
11069
1192
7180
157
7093
8070
2748
10957
3861
5921
584
4230
11913
8475
4468
4097
2509
7854
11085
5113
1980
7461
10965
7217
6167
9403
5505
9144
3881
9965
4913
12159
2781
5803
12088
8687
6027
4390
9174
5904
10884
6008
136
10189
402
10603
12146
6869
6415
2034
4376
1704
7561
11874
7580
1541
11614
122
4120
8883
6823
11125
10342
6949
10695
8157
3767
9575
2540
11196
11685
9401
10172
1757
3503
7184
10549
6941
1075
4987
9821
7518
9664
1608
7936
11135
1218
5155
7343
10518
8001
4477
2807
5870
2446
2795
1315
5297
8665
8616
9262
7418
6176
12302
1267
1263
10636
10423
7793
4333
7949
9164
8004
884
6583
533
1770
9282
1736
3599
3876
10299
3973
2709
6742
4098
7681
7771
11021
1580
10456
11111
10997
2165
4487
2010
6348
8908
5589
3066
4367
3153
1902
5798
3918
10361
9990
7164
6975
10551
7430
6147
3344
6203
3254
4786
10064
7104
4138
11585
10792
7153
9949
1452
11662
9656
3781
7332
542
11653
10704
582
4866
1054
2957
2664
1918
4640
6511
6158
5790
3031
11108
10849
11965
4227
4500
5015
9646
1674
8926
8700
7342
4943
8885
8809
9648
10341
111
331
12303
1418
973
11901
11274
7075
587
11333
5247
11478
12124
1451
715
8831
6374
7070
9051
4817
11167
1181
7135
8154
4094
8538
6059
5862
4828
918
8326
5166
6055
3853
7984
4677
3732
4491
9506
2788
1435
8756
11220
1638
1441
9441
9644
6409
7499
11992
10069
12121
6307
9292
9465
731
2378
10834
9236
897
5677
69
5586
6358
11000
6028
2270
1944
5121
10589
6634
6596
7474
6893
1436
9370
5545
11564
2630
9303
328
8168
11791
2878
4436
7956
5825
7791
1633
2143
7692
3233
7421
1353
6952
6034
6270
3506
8837
3947
11363
4695
6943
9543
2545
9233
7022
3800
1765
8013
6644
7566
7054
5176
10378
8620
10508
11989
266
6471
6826
6166
2325
4036
1309
10044
11895
6304
399
1567
5506
10017
11195
1270
6396
12314
3870
12048
3478
5486
163
11501
5883
3107
5532
5512
8024
2344
8040
7943
6601
2014
6980
4432
11883
539
10909
10463
4546
2968
11822
4760
4989
4099
11861
8363
1822
11095
6200
857
5086
396
10071
7658
4095
958
3809
5900
4298
4738
3887
317
6053
4293
763
3739
10544
9286
5090
2339
2249
2995
1197
4844
2769
1370
3314
11655
3021
10857
1977
206
9898
1605
1808
9562
11483
7850
3138
12158
9803
778
5177
9321
4790
7208
10098
3698
747
694
2629
4086
12181
5852
10700
5293
6328
4149
2386
5360
10966
3483
11138
555
6541
554
6931
3685
1590
1273
708
2364
8601
10308
549
1366
10907
6171
77
2765
5673
10679
6263
6249
2128
8719
4285
2012
3311
3955
3817
4193
4974
7985
9860
3380
10870
10229
5788
2381
10136
7397
4684
4338
841
11724
12053
6297
739
5739
2159
9252
10612
9212
3267
11761
4280
10362
11912
1634
5382
8141
3985
10684
4785
2152
5832
8736
11654
3174
2750
2640
4646
9718
12010
1767
173
10509
7000
6168
5842
8065
7592
5968
11646
9113
3696
7516
5310
1395
2171
11481
6609
4216
7165
3112
10330
11599
7222
2966
6393
513
1274
118
5987
7052
9433
12065
10431
8273
10531
7557
11369
12034
70
4860
4580
4997
9185
2268
686
6376
9704
3028
7379
11140
2417
10217
93
5446
10873
6283
8669
2135
9449
1573
6392
680
7229
11415
1703
7352
7224
6029
9945
212
8098
7940
10383
6025
7376
2835
9529
94
6595
1465
8036
12216
7764
2312
6945
11504
8877
1476
329
5547
7407
11036
11631
1190
10022
4653
5379
10274
3004
3703
7860
723
8149
8298
11887
5281
10784
11962
11156
4037
6613
11226
10027
4137
9754
12090
1801
12028
5139
6899
45
9935
2083
1255
475
11210
5096
2206
5453
7320
1078
7171
9925
2790
12051
210
6156
7330
4310
1238
11438
4186
4084
2119
7326
4849
11707
10120
404
2151
135
10707
3628
2216
10739
5461
7591
11054
9240
11255
5039
11398
9287
4259
1140
5436
2644
6375
5549
4141
7505
1169
8386
3547
103
8008
9090
8347
4287
3766
11517
9109
2502
3784
11159
11080
8943
4808
1095
6743
3052
9791
6245
4236
8656
6108
12161
9809
29
6238
4475
6730
12061
4787
2956
5278
5173
529
3893
11888
3065
5025
818
9736
10026
3237
3186
3133
8286
3741
3804
2314
7588
8310
8566
5591
1603
11663
2244
303
8853
5440
1865
8944
4547
7696
10262
1696
6761
1251
4340
9968
9245
4407
3264
7669
11232
11386
3635
6778
2208
6928
2494
7475
8867
8086
9856
12008
4489
1161
6214
8588
3482
2053
7798
3921
9162
8010
386
6115
10842
9093
11811
1904
8416
12306
1714
8225
2687
2733
7695
3034
11127
1365
3474
10601
7612
2821
4053
5635
11902
2638
5331
5576
3832
8751
9097
2658
1679
8711
10495
9745
6261
5455
9530
11921
5541
9309
8261
1477
9087
2751
10038
188
9551
6674
3013
11976
9654
10923
6354
12229
9188
6211
1470
2974
10890
10008
200
8651
4764
12062
11352
9782
10825
5329
4669
5019
4093
6410
3313
170
6998
4706
11765
5287
5424
11448
9971
3224
3855
11420
6087
9844
8253
10645
3550
11285
6342
2800
7948
3351
2333
8160
11722
11524
2044
10699
671
12307
434
6447
9444
8300
9574
8179
3255
4613
10228
2599
9517
8441
936
10401
3638
11412
5250
11432
3546
9697
430
4781
3400
5953
11870
1335
4687
6310
7002
795
11297
874
9830
1226
1528
12025
10152
11058
1201
789
5539
9426
11502
3458
7845
11318
780
7602
4444
11459
3030
10693
1234
10469
2982
104
11178
7458
729
10664
2859
261
7285
6882
10878
2366
6311
5230
12300
987
2646
1147
5305
12273
9251
2092
532
12154
5211
5355
11687
3682
4357
371
11322
10674
267
10268
1787
10313
994
10804
1682
12014
5585
1599
748
1832
6558
9665
8006
3205
687
4279
8737
2370
8629
4609
10491
3203
5533
2505
4756
1556
10666
3731
1931
10204
6619
2752
6292
11303
5279
8186
4903
4292
4593
8125
6431
2728
862
1620
2468
563
4661
7873
4608
5349
4426
593
9750
11658
1027
2573
7252
7038
5908
6889
11107
4415
7982
12114
11119
5107
4329
856
4986
5600
11693
5289
10732
12191
7528
9846
478
4888
2685
7511
12261
1881
467
8216
8457
6551
1746
5831
7911
11216
2925
11419
9360
5909
8776
7543
235
4887
11697
1130
6556
5300
6660
9268
6479
5577
2409
2899
2380
1793
2991
2825
10435
3420
6940
3116
5463
8113
6833
5286
5212
10478
2901
10765
5237
5085
4927
9874
12235
10743
1217
2201
3674
6457
5527
695
7366
8272
8514
3786
7739
7299
6201
11344
462
12237
3338
5828
10992
156
8863
11821
10616
7843
240
2377
6230
292
2575
1912
11424
5321
3543
1585
8276
11158
10798
11257
9243
5592
6017
11192
1205
1420
1376
229
2949
10114
5036
5377
7116
264
8535
7432
5756
1722
2633
7927
11647
3177
1073
997
11126
5371
12254
8548
6774
1354
912
11926
8646
9681
1847
11066
9380
10503
9922
11068
993
2411
8802
10697
388
3539
8731
2340
649
2582
1336
6237
5596
5959
6243
924
12199
8486
7360
11249
4301
11049
6196
9825
1623
9587
5528
7383
7101
5648
2617
1651
6379
8685
11825
2189
8523
9409
8477
4502
2717
8980
10276
11925
5644
6916
12192
3462
7273
1883
6202
10705
11972
929
1730
9253
8994
1845
5923
3402
4979
5519
2023
10897
5969
1373
5103
7715
981
10945
11451
9840
6990
6049
1393
1548
7492
9147
5876
4178
3375
2852
9247
4057
9165
2188
4923
8415
2226
1431
5581
1622
8614
11042
11756
1569
1424
1614
1085
7452
10159
2921
5412
11131
2434
4507
844
6148
43
953
6302
11358
960
6550
6947
7604
8678
1011
8907
8759
3989
10977
1243
1825
8580
6809
4991
5159
1196
2120
1006
11392
8624
6478
10755
5593
6982
2255
651
10392
1989
1720
2063
10722
3359
8100
8342
11588
10703
290
2390
8874
10014
11463
9432
105
11928
9634
8314
859
8077
9556
4588
5772
3691
1680
2839
8858
9059
318
9580
8647
7763
10706
9377
10515
10215
10922
8425
957
3504
5130
5430
395
9156
3256
6535
8066
10082
2334
11083
8766
3980
9498
5567
245
1033
5562
7586
9102
5491
11781
7338
4898
3743
349
8468
4206
9702
4840
11981
10061
5053
1034
4603
407
3094
2577
2215
7068
6117
5590
11539
3057
10851
7377
4152
5812
1610
6473
11173
9030
7685
11489
11428
12049
4564
10139
9884
7331
12015
8408
2401
5894
11471
9358
5429
11067
6126
8464
11004
2864
10501
9647
2783
12233
4113
1481
1128
10642
8061
2084
3246
5835
10060
9327
10989
2996
4117
621
3826
1686
1466
7155
8657
4625
6920
11236
3653
1256
11567
2841
9140
2455
2178
4589
3862
2742
5205
4506
3496
5827
2684
2267
2919
11985
8504
3473
4183
4910
1733
7393
5556
861
2000
8846
4189
2813
6599
9256
811
2969
8059
8612
4636
676
8180
5962
9599
1415
487
10290
2981
11878
7444
2393
10453
1089
5330
2443
4061
5094
12292
12133
8705
2198
8143
8866
11096
1602
3390
3891
2845
9921
11584
9171
5837
8049
6629
1496
9077
9900
5950
11898
3951
8753
1681
2753
7596
439
1529
4795
8378
2235
11143
6040
1760
3366
6956
5275
9081
5608
6246
8602
447
6357
7470
6808
11240
11320
5948
5687
8269
4358
2037
9811
3073
7877
5304
652
1014
4845
9228
485
8173
8499
5979
8600
9320
12193
1942
2259
7042
4100
5117
8394
9596
2193
5081
9594
1036
3239
11203
8482
2158
6783
9101
12100
4750
6755
6863
4773
11696
3337
9928
2140
7790
12189
2979
4554
505
7706
8506
4839
4770
1598
2462
12287
7405
4005
3064
5341
7743
165
1946
647
1629
5814
3303
10255
8244
8725
10497
3541
11852
5065
5766
1807
7975
3175
4108
6881
7607
12081
3605
10444
4413
7409
6959
1400
7950
9708
11340
184
878
11826
8673
4697
11449
11175
279
1171
2809
9806
5307
11394
4126
2054
5718
3716
8930
976
4791
7335
8909
10964
11956
7065
1708
2772
6710
4678
8476
4401
4587
8201
11254
9134
362
8650
7973
2373
4883
2652
11026
5817
8993
4751
4541
5302
10721
7993
8861
2484
8048
5889
5152
10223
10856
3761
112
2305
7925
5317
2588
3942
10872
3379
8323
11073
9294
6753
11606
11174
268
8371
4213
666
6528
88
11938
6643
11047
3252
4164
5667
677
6574
8349
12140
11987
8842
10653
5062
9029
10142
670
9000
12011
10774
9998
1925
8613
2483
1113
10631
761
9279
9198
9725
23
6586
6257
10785
244
11537
4365
10018
3996
10151
9495
7321
11496
8790
2819
11239
12037
7361
5477
7456
3221
10334
5769
9484
718
4854
7274
140
6818
3604
10294
5251
4043
11671
9373
11640
8360
4583
4485
11638
1691
5580
9213
5786
11984
7955
8405
7303
6069
10694
6084
4438
9847
6621
4732
4774
6181
9482
10261
781
11385
9148
11278
820
5492
130
10379
12017
6287
3987
120
7861
11633
9184
8235
510
519
11259
8379
2865
6493
8983
354
7434
10796
4008
7152
9224
9713
224
3795
3289
1021
350
11165
575
10671
11967
2360
4606
7983
11050
9207
7266
3895
6748
11869
963
3122
5324
7705
8960
9815
939
5624
7466
278
10902
11824
8383
9783
8091
7716
7239
6537
10128
9748
5195
11689
3350
5313
6970
2959
10900
5242
2690
7629
10280
4992
5422
8890
534
2924
10000
9828
11404
6766
1038
9177
1352
7999
9668
5153
5138
7851
3814
1533
10605
592
11605
4083
6977
7720
5476
634
12227
8132
1187
658
11091
491
11509
11456
2038
10296
9994
11486
2556
8894
2472
26
2016
2872
57
9246
8522
8996
2832
469
9073
4767
11776
5459
1333
5740
3304
7363
5393
7622
10770
2668
12210
4941
4258
2395
8358
1806
6758
12084
6516
9518
7613
4864
2777
3686
9568
12071
11028
11269
11307
4961
7768
1153
3192
2331
11682
1057
3884
6496
9578
2906
10938
5074
9002
6494
50
4520
644
5985
7348
9478
5057
4064
9044
3778
1742
10010
4498
10808
3940
11820
11116
654
5301
9120
8697
5225
5912
4601
10600
216
5846
11290
6495
2893
5793
8683
2290
6967
11855
11978
1410
9205
5075
482
783
8212
5582
4568
4788
2476
6856
4091
10772
10222
4167
3820
400
5483
4291
465
10527
2096
11205
6470
10979
6897
2284
11296
8291
1125
12040
9328
6522
4417
9838
12128
472
9542
2400
10778
8553
6880
7059
10725
9977
5938
617
1800
10530
6398
9186
10371
8032
72
10510
5147
10681
3522
9869
2869
8306
10372
1123
9021
11176
3089
1510
4017
11905
11704
876
8969
1275
4295
9710
2064
1824
11649
6994
6944
3020
10409
10301
9541
8617
5540
7813
10239
7542
5267
4078
9456
9813
7782
969
2983
3447
11291
5884
3159
34
10570
1233
4430
4144
11690
11075
5641
5315
5030
751
2517
1186
5661
6273
5944
9582
8903
10085
2498
1597
8219
9368
2116
8319
10630
752
1675
8703
7624
11595
4962
7807
5014
260
7773
6417
5221
7488
8159
1978
3135
7808
3095
7176
5555
7899
7832
10161
5530
6860
4909
5350
1199
7109
4079
1282
8589
7351
3309
297
551
1432
1056
3051
12143
788
9751
5000
11260
3454
10190
3540
572
5213
186
11222
4663
623
1206
11264
1347
4482
11664
6691
3399
925
6042
10351
2650
11211
100
2970
1536
6617
36
3316
3218
9284
509
8242
6030
10634
11469
4027
11941
11747
8278
4746
12131
4731
2496
6950
5183
11607
4076
578
9836
6948
11334
6555
7005
7017
9669
2586
7060
6685
8652
12196
11665
3171
7226
11342
9880
2247
3970
11718
4585
9699
1166
10946
2789
8403
3573
7209
2600
5956
5954
9973
7431
2962
3851
10353
6526
9415
10282
10614
586
1460
9675
2056
8817
10976
1979
7503
3930
7375
719
11873
11935
6502
1032
10210
11295
826
10858
3724
1360
6584
10848
770
391
1972
1786
10615
2903
838
12106
3227
10660
7938
10629
2746
6738
3648
1601
10752
5184
11360
314
3059
4942
10140
12205
1754
11458
814
5945
11347
9435
12099
1346
11787
9379
8938
8805
11794
9329
6974
3681
3043
1930
7315
5579
3966
3157
7703
7760
3960
480
10892
8287
8109
1789
8256
792
11691
8015
7081
565
4517
4387
1444
10407
1863
10691
11215
5851
4807
7762
3325
11328
7237
7536
4349
5378
7307
3418
7463
8848
2043
6825
5595
10184
1129
11072
4029
2786
2913
2028
10465
1229
962
1294
5625
7364
5389
10148
4893
8744
9552
4952
3396
4111
2951
3827
6529
10205
7846
8407
1727
1888
7030
8635
11739
10685
6718
11280
1174
3714
8288
7997
7811
2107
7573
6593
8134
3585
10490
8942
5204
8911
10174
9694
2435
7395
11114
2402
9083
7870
8584
8722
12063
11233
9963
7737
8332
1164
3232
1397
3082
59
398
11598
8941
10727
6074
6071
1301
8558
9408
4161
2422
6627
3452
10484
7232
3971
9930
9904
3654
9686
4976
4020
8082
10245
5181
6121
3201
9372
8392
6658
8156
11209
7433
1227
2527
10400
8915
7651
10304
6428
5229
2274
7507
5182
774
2241
12293
10988
4510
2127
3012
4708
10003
1571
2971
4963
10859
5929
8661
9989
9191
2163
3450
2554
5255
1775
732
4632
9861
5002
2319
2880
5425
3383
11834
11312
3178
6600
974
1136
9802
384
3837
62
9238
3054
5285
10583
3569
3882
1721
3070
7745
1866
2504
10134
2908
512
4380
1507
12175
10918
1355
3495
6871
4722
3617
8398
10345
3096
7064
3207
10451
11937
1934
5932
5847
5489
5342
3869
5964
5178
10130
7213
7670
4535
3151
10244
8640
1414
6813
3322
6885
4229
8746
7667
10031
7291
4696
5108
7972
7231
4131
5571
7018
8765
12055
12241
2850
33
4354
5674
4556
1636
10
10559
11540
10633
1530
11836
4129
3471
1185
6412
991
4068
6195
8375
1514
10410
11777
9257
7386
8428
11845
2876
2812
265
720
1278
10682
285
1120
124
6208
11862
4734
10123
12142
9091
10864
226
8666
4740
9692
1046
5222
10109
2480
9818
2803
9274
11615
8923
8559
596
2136
3956
8317
11163
9886
1872
1115
4384
6312
9374
1319
1783
463
1228
5070
5848
604
5367
5998
1249
9659
2335
2922
2311
9387
10270
4570
11552
7533
3425
2726
6018
1167
3658
4245
3019
11698
250
4509
11699
11200
7792
7244
9463
3693
10447
9753
11405
5008
4092
10802
4784
4244
1621
8717
5753
5433
39
5318
8793
8835
5804
7655
3333
4833
9168
1500
1132
3671
152
4981
8327
5899
3805
567
9314
1871
518
3048
9331
2846
6568
119
11744
2738
8519
11336
3148
4772
5365
4007
12041
7358
6388
1781
6978
2477
11194
611
4753
4383
3301
5264
7173
1868
7767
288
9655
959
753
3668
8083
10987
12265
11803
10586
4634
3529
4416
7876
2024
2289
6052
10203
11931
2427
10621
8431
12067
76
7425
5990
5631
11775
11396
8214
4393
9790
5375
8370
9477
7301
1909
3961
6347
5277
12234
7401
8525
581
323
11373
5111
3432
10041
8644
11455
668
3453
2896
9554
5849
2017
10075
11376
1222
21
2559
7485
5911
3260
1475
10545
5069
6445
10555
4916
1088
3926
743
7748
6673
4861
6373
9879
56
2197
11364
166
11361
5707
9676
2294
5836
2418
9381
11309
2019
12309
8973
9271
1303
5051
8308
9640
7294
10899
6777
7489
8493
683
2550
3362
661
10789
5601
9038
5709
9312
7136
4525
2172
10687
270
3707
8794
481
3866
4366
9103
6585
9600
8955
9948
6646
8362
7960
2465
11842
3242
6715
9045
2680
192
3782
4103
10421
1091
8730
2616
6554
4615
8438
5886
12009
2399
10552
10482
3774
5871
3788
1423
6747
5672
4264
3793
10777
848
537
4504
8465
9950
11971
6301
9318
6701
3210
11659
10337
10078
8876
11625
5266
2651
7281
5958
3794
7796
6463
7369
7107
4375
9690
3128
31
11579
4711
5490
4975
1260
9494
8583
11660
2621
2233
11596
9365
8856
9263
9972
4575
742
4949
4936
8729
4067
6534
68
10843
4920
8920
12039
7965
5032
10452
5026
1860
566
9631
11732
5866
10176
6514
2003
1776
5357
3775
4302
8828
7482
6610
9776
11735
2822
6235
418
10052
3365
12101
8596
7124
11800
10110
2272
10547
7966
1028
11065
5175
1935
10411
12058
11022
7160
5748
3238
2873
1417
9106
4455
11123
1224
10822
102
11549
6443
1648
1957
8625
204
11893
4707
3200
1843
4350
2605
11784
4010
4412
3705
8567
8401
9728
5853
6142
2837
2787
6331
3166
11576
904
7724
5168
11839
3146
1344
11626
2475
4778
4316
8140
4659
4624
7962
10830
2985
8207
2583
11675
6736
11485
497
3195
11301
11375
4704
4810
9125
11430
4352
1967
8541
8442
9735
5685
5466
2595
777
5073
2031
4815
7026
9937
8748
10803
6345
2578
248
8760
5411
9123
4882
11454
9149
3928
2403
2628
6789
8796
6964
7076
9135
7998
1959
1464
11326
2257
852
10619
230
9492
11348
11007
3847
2522
9946
4404
1856
2170
11560
9913
9182
4528
1759
1110
9540
7267
3147
9695
8377
6539
601
1182
4657
3209
9131
4896
6281
1922
5291
11581
12259
5460
12251
932
10257
223
7574
2279
355
6733
6995
809
7722
6559
11337
2363
4899
3347
5208
3357
2117
6224
461
11166
12214
1486
522
8402
10339
3627
4821
9954
6433
4875
5356
6250
4724
160
8510
5551
11522
5720
6205
6875
8810
11411
10297
10828
5639
913
6133
2252
208
2890
12102
5942
2848
11582
5115
7069
12115
6153
11272
11586
5935
8500
6713
9249
9705
296
2773
6037
9343
9273
9796
11911
11362
5395
2756
2121
11310
3040
1653
1559
2719
6500
12311
11433
10745
2584
11934
7490
2301
1211
1099
2696
8028
1338
10538
11498
4578
8562
6309
12318
8791
9430
4420
893
1693
3279
6760
11951
3946
3803
12257
6908
7828
8557
9560
1718
6322
6622
3736
6615
11353
11952
9612
3948
7324
7279
2884
107
7455
2566
346
4234
9390
9901
2487
5005
1380
6336
1157
1723
2086
11147
5083
7286
6422
9584
9100
10053
7653
3983
881
6561
6803
10466
1391
11711
495
5418
6226
11081
10054
8667
7118
2009
7204
11082
7420
8963
11013
6183
3071
2842
1803
688
10942
4633
4411
11034
6892
5822
3274
11548
2297
2904
7290
12165
703
11679
8473
757
6476
8200
8128
7663
6565
5973
7258
667
2369
10121
6441
6640
7480
6749
11488
3957
2531
6080
4758
4337
9143
7230
11324
12152
7313
7003
10564
6487
9595
10147
5190
3339
10498
9889
3392
8453
117
10926
7917
8878
8367
6462
9642
8795
2576
2934
7192
2914
3162
7481
6254
6506
11748
10119
3459
11844
6197
479
5354
6089
4062
5203
10658
6380
3860
10476
5688
7953
3438
10247
1690
10794
12072
5963
3634
10157
2627
9012
7446
9448
8779
9807
1257
11237
8542
5781
7451
6578
6404
9509
8691
6649
5061
8626
6387
10333
11977
12127
7978
689
4124
4826
1394
1117
12110
7019
10420
8826
1961
4745
4109
3768
6327
134
5924
11104
8664
3497
5292
4901
4968
496
12018
7196
187
5701
8733
420
1001
7849
4288
8529
10543
7254
7167
7532
9598
4934
9731
6988
7023
11523
5572
7374
5347
5951
8780
8579
6475
8390
10608
4829
3211
1625
8191
128
1269
3058
8165
2277
7553
7569
6567
7901
8338
8956
8574
9652
4081
3446
7032
5881
11440
9116
379
3704
7546
12104
5149
8171
2133
1540
3189
2883
9076
6867
1546
5384
12209
11132
5055
11177
3384
11293
4918
8778
7077
5072
211
8058
11197
10751
6453
3106
1988
2989
7549
12252
9486
8285
9738
2205
4699
5162
5163
9687
2760
3583
9281
5542
6785
3241
5650
9961
11372
10043
490
4666
11996
1555
169
3677
7088
2323
914
568
5599
10662
8336
8002
5502
10306
6077
6698
8789
10393
6150
9502
2184
8
12264
8432
4123
4816
2624
7907
1913
10116
9203
9581
6182
7013
11144
4312
9841
7879
6175
3029
5122
3597
8420
9523
1252
10449
6051
2705
5021
3566
1558
1965
2209
312
4009
10013
5133
1450
4403
8246
2207
9046
3072
3590
2100
3752
5997
4574
10385
4276
10595
1788
5678
2665
7831
1919
228
2264
11783
7952
10562
10068
10648
2448
1069
6290
11377
6922
6007
10430
2145
6472
11019
11680
8026
2703
15
7312
11923
10913
5372
3079
8897
3123
1471
10807
11492
1259
11199
10199
6070
1390
4691
6424
4224
4752
4814
321
2466
1511
10325
10206
6653
9319
7011
7556
3656
8047
8449
2581
6303
2590
6727
10762
10156
7227
11450
580
3633
4538
11101
6340
3819
6679
1986
5752
2978
10344
2912
3180
8534
9932
8931
4638
2776
1749
2799
5457
6662
1666
3757
3245
1070
5499
7187
1437
4836
7863
9923
5508
6504
1794
10181
8479
2596
5189
6239
5259
11497
7869
3149
9475
4219
10042
11544
30
934
1279
3625
3908
4479
10935
11577
6209
5733
759
5952
2847
4398
1188
11652
3319
5722
3556
1561
7181
10169
5306
5052
6151
5873
1771
10719
8569
3026
4134
11500
8747
9336
11319
11994
8870
853
10335
2237
7143
11154
3247
2103
9302
12281
9166
8209
9651
3217
8571
4165
2723
7006
6699
422
8027
3348
3917
5501
4655
2229
7504
6332
6372
3923
3877
7554
5826
10102
181
6900
389
1493
2442
8720
11157
2322
4469
10835
209
8271
11546
3078
2606
2058
12050
557
8331
5060
5809
8957
8196
11164
10158
1879
9335
8163
1059
10019
9571
6318
3016
6680
741
3501
10343
10154
9200
4831
1609
2405
7806
11760
4660
11350
8875
7464
12160
9428
6082
8208
11703
5507
4194
4125
8952
7540
9230
4853
768
8387
9764
9359
7248
3198
9063
9698
5435
3511
1203
3552
5902
1504
4880
5099
300
126
11936
2560
6397
7402
1673
10389
5327
3352
6682
7497
12026
1358
9761
2032
1443
10214
8563
1624
6642
1661
1607
5109
10368
9347
7833
10535
6135
8871
2547
4038
2275
3090
4251
5819
12098
4514
7288
662
7889
9933
1313
6107
3990
915
3528
1009
8236
7575
691
2657
3984
3017
1858
8910
9744
4871
9355
8922
11227
3487
12248
903
272
10754
5622
8413
10178
4266
11757
1369
5308
2011
12120
11894
579
8395
8982
1258
7074
2224
5044
5405
2049
3872
9507
7411
3824
9334
9439
8712
7520
7212
1728
11515
4800
5865
740
3620
10230
3521
7419
2078
816
10015
4924
1246
9197
10904
5257
9793
9357
8419
7144
7892
6806
9814
308
3134
11368
7138
2242
9040
10507
7186
7027
10814
11476
3868
7382
1835
9202
6820
5482
3746
3341
3558
1677
2892
8761
9462
5344
8728
9003
2463
11480
971
11366
10546
657
12218
1586
2538
8797
10198
11553
1240
7963
9027
4346
1216
7066
8572
7327
1656
7300
6745
7946
4087
3532
11642
7712
1292
5165
4085
1053
9733
10596
9172
6219
10300
4766
11550
9474
5732
3806
10880
9425
9037
12070
5240
11979
11204
2510
9784
8139
10347
10776
6936
10177
822
3838
4645
7098
11457
8399
7675
6145
3216
899
8148
9970
10093
5699
1724
242
6575
5903
8249
3160
101
10594
4457
11241
10635
3993
6801
2082
5363
1522
8811
1159
2693
5449
6775
7636
2260
7053
7565
5981
5076
9583
11367
3045
992
11594
9078
4681
4474
3907
2382
7875
12007
4689
12217
10829
8217
8228
3898
11789
10733
3163
4921
12220
4182
12212
3055
6286
9849
5666
3611
10876
10338
1804
7041
6791
637
3234
6
2984
6225
2090
1739
3401
5693
2940
174
5750
10418
4586
7919
6137
1326
7057
2123
413
704
3444
3527
5334
9265
7367
10208
558
6104
10841
10991
10063
12123
6728
5535
7578
8218
2439
9872
5148
4231
5808
595
11863
4623
11616
11321
12164
12280
6016
4914
1698
148
4948
6921
6925
7928
6111
5815
11721
631
7885
9991
10473
8443
7035
4824
337
910
10196
11008
4044
5295
8014
2871
9311
2175
4902
2879
9480
10073
7350
1276
6334
370
51
11720
4166
11963
3272
9264
9214
9787
5704
3719
3236
10170
7293
2479
11970
7937
583
5004
5050
4325
3922
1516
9726
9660
8859
7969
7033
11920
3356
3327
7398
10886
8351
8987
11286
1842
6608
3958
3530
8340
11849
5727
11370
1575
5034
7642
8195
10644
4049
9679
3751
9150
9195
9260
3494
4118
9290
10057
2741
9944
3715
207
11819
4156
5146
5554
10588
7628
9629
6391
10512
121
3291
6363
10367
7637
11908
10948
4533
1086
4157
8185
1658
6306
7004
3253
10077
8222
10470
3249
6244
9602
11250
1884
7112
9300
2916
6489
11745
3084
3480
10455
5102
9888
2180
1097
2250
4223
2318
4082
5439
6769
10978
9266
3331
441
1066
2352
1096
5282
1769
8803
11409
5668
325
424
253
10613
3864
8198
8507
6010
9559
4147
4759
7454
548
842
867
10254
516
7509
458
5509
825
6381
8079
1662
9412
8129
4069
18
7615
7468
10578
1649
8080
11737
12277
1382
9115
12046
2597
4233
1289
7156
1363
10882
1938
10730
8884
12207
6367
5857
3300
4180
8841
11181
9422
7814
12285
3085
3086
7442
9491
9086
1082
7129
8221
699
5134
5028
11335
403
6096
4907
6524
560
9153
11062
4965
6035
643
10640
10783
9130
10086
11040
10309
9092
8384
11030
4039
6762
9112
12304
2030
1543
1209
1678
2228
11713
882
316
11423
7178
1389
2269
4960
840
3655
11356
11139
8838
4925
9004
8927
409
6456
1981
854
2695
11525
7445
8471
9344
2441
4063
5296
8176
1060
9313
1741
9693
464
5619
722
10940
7671
4940
8979
6836
9915
8565
1356
9223
3488
4389
6671
9576
2659
8710
698
9217
4283
1752
86
3456
11077
6448
2062
3982
2425
8414
3670
10349
6314
397
6530
10881
6012
8484
4142
3125
11600
7193
11382
11474
6390
6986
11011
10065
3849
9689
7751
1230
6041
7871
919
2784
8985
8172
4255
10622
4431
11006
3293
10604
7754
9055
11929
1550
9926
1138
7660
3588
10492
10709
2376
10056
11812
4060
8258
4566
11840
11829
5801
11930
10117
3335
11627
5775
3692
8592
11590
6782
9239
4318
8229
750
6695
6776
7730
2501
2558
11201
4250
256
2449
1659
4453
7508
2641
6965
9169
7770
10166
8030
7933
2454
9701
1151
6229
11002
3423
1645
562
6547
805
11702
8029
799
2460
7437
12047
4919
11677
9683
10084
1790
8183
9227
6807
6891
7898
3268
890
376
5256
1731
12076
11694
636
9983
4906
7646
11010
9443
7388
6216
2266
5810
785
11145
4000
12305
11031
928
3172
7140
8971
7148
4929
9586
5193
11061
10895
6063
7349
6531
776
2745
6723
6356
1281
2614
1314
11390
3176
6604
1643
3822
6895
11995
10394
7746
8346
11217
3407
6179
1995
334
4984
11494
6450
9136
344
2310
1242
6641
6004
6628
9645
7500
10818
1208
8947
2609
6666
3119
3302
8365
5972
8376
3943
5618
7888
1499
8427
4531
6079
3435
1104
4876
5214
3548
6285
10677
964
7765
11044
10939
917
5024
10080
3840
10192
603
4451
7541
1713
4890
4054
4307
11795
10832
1213
7253
116
1830
9927
8234
10357
10540
10659
7216
4208
982
10840
543
11639
3278
7020
7378
9743
8022
11381
1327
12296
10396
3060
6228
7979
10318
8706
4776
2388
5309
3430
218
6632
8121
3915
1485
6047
3466
9561
4605
8072
364
12056
8268
8380
3405
11148
2022
6532
10164
7050
4256
7650
12321
4170
9145
12036
10202
10479
3441
3802
2593
7410
8515
9864
2490
5270
6088
2433
12117
6210
5712
11070
7415
8639
6185
2938
7701
6420
9899
11620
6989
3886
8162
10692
5705
9460
2767
9126
459
1805
5629
2766
514
6252
2185
7559
4031
365
2440
3991
5713
2190
9680
6134
2138
5409
9421
9453
7954
4454
4488
9579
10089
10831
449
5141
10861
3244
6319
11807
9061
6189
3061
4414
8130
3981
1421
4742
71
625
6163
6360
6368
8726
7526
9141
6284
6279
9031
4505
1595
239
6435
8800
2144
8824
627
1332
7625
9519
8757
570
1469
1850
9853
2413
12225
11688
11113
5895
3764
2153
172
9382
9178
10096
1512
8456
9712
3637
7417
3646
10289
11402
2762
8953
4812
724
9819
4379
2074
10315
4006
154
470
3022
19
3702
4410
9146
6324
11886
4344
5905
10980
7021
10790
11750
1861
7537
8435
11263
9196
1882
9639
4
1971
6090
9722
1874
3190
7271
12263
6267
12223
6560
576
4503
3282
7024
215
5604
7551
8220
824
5557
10167
3639
4321
9276
911
8333
7246
6799
1090
8396
8045
1308
12073
1413
8516
1312
9907
5936
6485
10877
8917
1766
3776
9350
9632
3115
2506
6938
3825
4953
9132
2474
1489
1330
3938
10713
620
6805
8593
2923
10131
11950
7568
12108
4524
10251
11944
6704
4243
11208
8112
10650
4317
10665
1816
2757
8997
8470
508
3721
6987
6626
700
436
10258
7221
11043
10921
6751
2374
6732
6169
12002
3273
1062
6217
5920
9398
61
10715
1005
12132
2365
4238
9918
8959
546
2655
149
10494
648
7923
3408
775
11338
5494
10193
4209
4199
888
2503
8147
2338
4823
3836
12266
1047
6015
5383
10165
4155
9912
7479
9624
11983
9234
5992
6296
7385
5192
8850
5413
419
5980
9723
4571
10827
10868
10211
10724
597
8550
10609
9939
7045
12079
3470
12068
612
2046
7354
2
6144
4542
1547
8823
5249
855
1637
4494
1042
10011
7477
9413
7643
5438
3039
846
5110
7472
1325
553
9248
1725
4035
7211
1244
2263
3954
7483
5188
2220
3124
3184
3561
5447
7994
3105
7995
10277
2830
8068
10194
1083
3843
6588
416
6032
8039
871
5755
10821
9071
2001
3395
3818
10311
2817
12172
6394
8988
3553
10504
3519
3964
5127
65
12163
1025
5943
11308
9909
10972
6100
5725
6213
8654
287
3024
5116
3137
653
1202
10702
1261
5670
8283
2094
2486
10153
9487
1427
4074
10689
10769
5978
1107
12096
5480
6802
10532
11248
11717
7406
8237
10422
6592
5335
2368
3630
2168
9649
6474
5669
185
2663
10036
4046
7944
4719
5821
7344
2102
4739
4705
4326
5022
9307
8819
2820
9757
2007
1527
8103
8199
1532
8799
4232
12322
11641
1943
1035
9054
10442
6187
3614
4555
12249
2778
499
5038
2341
3387
8313
1923
5743
444
3863
7202
3999
12211
7649
7099
3664
3903
9481
10146
9127
8977
1899
9489
6894
9673
6587
10150
6656
9043
1963
139
11551
614
10852
427
4667
3411
5671
5616
3624
4728
10399
2500
3952
1293
6968
7810
6903
8189
12086
8373
11427
3101
7158
7392
12094
990
4175
5915
3500
8539
8485
11434
7728
9483
3914
7255
3417
9739
6828
10647
1962
12188
7510
150
2095
10460
8490
1937
2052
2238
2539
5696
10502
168
5064
4492
6898
8119
8436
11170
356
693
3373
511
3579
930
2132
4569
629
8023
5369
4631
650
11384
3871
9894
5488
2051
5226
6533
3925
7147
1237
4154
1290
7114
5697
1266
6726
2473
6484
2239
10896
7130
7630
1084
5612
11634
9393
1474
4458
9959
9734
10943
11444
886
11100
1669
12092
1615
8074
8738
11097
3145
3295
9805
10941
5729
11426
3684
10628
10112
2808
12186
8658
2888
5850
9181
3199
3587
8131
1939
10387
710
8462
3250
197
11218
10996
11277
6625
10632
11103
8785
2816
3906
5700
11622
3378
1341
3126
10355
9789
3460
2933
6510
4647
4210
4033
4658
4362
4273
11198
613
3437
179
11767
11927
10213
4771
7970
7449
9193
27
11266
11632
6546
1841
2702
4985
7334
7450
8084
10688
4274
2093
1737
3791
9389
8289
3944
1495
11124
5632
7091
9244
11681
2359
10058
1434
1706
7308
6446
6231
2636
4486
8524
2087
3305
3758
758
1375
9769
11136
3596
1200
10242
887
10930
5736
7587
8825
5879
2676
3687
3229
5561
1716
8019
11597
5694
9808
5348
5799
6846
4315
1748
6143
60
6525
4425
12242
1701
6910
7484
5194
8166
64
4226
10574
941
10234
11477
3631
6849
5157
6451
3414
5949
8400
7865
7727
4359
2838
9446
2536
4900
10756
1557
11562
7305
1483
3875
11109
1853
4727
8114
3457
8881
4146
9342
9386
4793
2562
2077
7844
9767
7272
4495
7577
1985
5402
12291
9650
756
4284
8781
9289
1154
7785
3257
6570
6651
6026
7939
2645
493
12038
7924
4025
10567
10437
10412
8921
5414
10440
4670
4004
306
11922
8950
8813
3046
108
1687
2464
5191
8686
1193
4720
11848
11851
5426
6413
11387
883
12045
8901
1539
8368
6232
10805
4584
10104
1105
815
9402
10867
4392
4323
9009
4726
11151
4710
2619
9464
864
7245
6236
10067
3965
4879
4581
11758
4327
11865
2491
3468
12274
11371
9167
6700
11465
10317
3897
4481
559
2977
320
10310
9550
8410
11039
4602
6953
5
4428
11762
7416
2045
2384
10070
3486
4716
3243
3750
7704
6569
2458
6403
1026
6564
6793
2513
11728
483
5434
11799
10253
8804
1956
9535
10126
1641
4999
5875
3431
1368
2149
9982
5504
11425
9966
7639
11267
6851
1707
4938
6939
10994
11035
2179
3593
3833
3041
8786
4187
7150
1163
7825
6830
9104
11292
11234
1660
1926
8116
2990
1223
8316
6659
2994
9084
8533
9670
12151
9797
85
11223
2421
4777
2758
4434
8270
6160
7036
3062
8444
7589
2735
10953
2648
7067
5151
4435
1798
6240
6353
4863
1334
11535
1954
3
501
7168
8502
10866
10523
995
6482
608
3472
12085
9890
3816
9241
4443
8295
11843
6857
9471
5280
7976
4870
12238
9450
10285
11473
6477
299
9661
9007
8309
3181
5246
2444
6155
5040
11957
11341
11407
8170
4680
9810
3248
690
2965
2112
7311
10748
6062
1198
4348
7779
7686
10557
6712
1040
5901
2467
7137
11964
9763
6389
10471
12082
63
8591
1587
1903
110
1264
7783
3998
10806
1568
2520
9414
5947
9048
11733
5805
2642
6784
1652
10264
4933
4626
12170
7560
2713
341
11645
10824
8603
1654
2358
5640
10657
540
2194
9528
6268
9080
2029
2214
11648
4757
2398
3812
10249
2993
11395
1141
3215
10413
7802
8892
5444
6057
6492
3929
4809
2177
12138
289
10436
1179
2057
6973
12064
1791
7218
5311
2967
10573
1828
2887
6330
11064
3367
6552
3879
11182
5243
3796
4830
7318
11773
9333
4275
4080
664
8035
1910
3307
6098
4700
7179
7841
8257
669
4032
2129
3544
9707
4101
4522
6227
8122
11484
8142
10863
12155
155
428
8608
9209
4549
11020
8459
4532
2941
301
7317
5520
4688
6212
9369
8348
3014
8649
410
6800
980
2507
6078
2191
6247
7039
950
3652
7920
1895
412
4748
10577
8532
5783
2192
3103
10572
4635
6739
7151
4521
7690
3377
16
10905
9385
443
1305
8945
8961
11770
10534
8329
6351
5906
12091
8053
5931
10959
5768
2222
8325
8177
7154
5495
9192
9512
5171
9603
4308
131
1779
11219
1785
7236
1562
9348
4970
191
11074
7219
1488
79
5855
8750
9067
11678
1317
11730
6576
11738
1778
2351
12134
7645
9969
3285
11231
972
656
83
9577
7259
12080
12275
8265
7199
3465
82
4228
5071
1296
7544
7856
11235
5606
1576
5059
2111
9537
573
446
2946
10324
11505
9232
2932
12262
2761
9822
9082
11674
6395
8474
11015
4639
12145
11099
10113
5568
11772
1479
9709
10083
5380
6190
11591
1885
10746
8632
9952
6714
3410
11055
1780
6486
1589
5479
7427
4859
335
4701
7459
5531
831
3821
3349
8561
311
10265
5791
11986
7652
4171
7080
1639
4955
7517
11102
11299
8174
5598
9863
9367
5744
4744
348
3680
6708
8385
2618
10795
9052
7336
3328
3555
2972
8152
11636
6926
8511
11859
504
3208
4257
5746
1133
7412
8547
8339
1076
11243
6206
1221
5617
5993
6045
8679
6759
7043
3193
11399
201
9235
8521
9015
1908
6734
772
12325
616
9299
3240
353
8056
678
415
875
4765
9098
1955
5645
6579
4496
8069
7223
4709
1813
6917
5913
4600
227
4341
9827
3723
374
4215
40
8238
8855
4202
646
9627
10016
7839
7359
2794
2065
3369
4650
2950
6438
10782
2027
5417
5860
802
1387
6650
11835
6132
8586
11621
8570
3269
605
6054
9706
8481
7632
1271
8998
275
7693
11917
8489
1917
12228
2973
10810
5415
11805
9573
12245
4799
5730
5027
1549
2039
8674
6607
12019
9897
4372
1838
9199
2602
6765
5006
11792
10883
5351
11782
1797
12029
1367
5200
7051
1283
3753
5779
7139
4177
2898
2604
9050
10906
7319
7661
10105
1149
10269
106
598
4162
6436
8551
3644
8361
5319
5910
1869
2511
12290
12323
866
4263
5239
2243
4159
11128
3789
10885
8530
11391
2076
11573
10133
8792
10800
2622
5427
11400
12301
393
765
12166
2679
8880
10272
6253
6924
9742
2160
12298
3271
11899
3904
4300
2720
11379
8891
10710
4982
5818
11212
2555
6997
12125
1337
3720
1329
1611
1480
9788
457
12
6675
7741
11997
9887
3287
7169
1552
10197
11153
3568
8984
9375
7389
10382
906
2430
4664
7276
2785
11242
1893
10760
10416
4364
7988
488
4353
744
432
4783
1579
7977
6293
3489
6630
1664
2346
1774
6399
6241
6614
5594
507
764
1449
8575
9962
2734
4674
10753
11311
421
2858
11798
9531
1288
4335
10986
6623
5874
3649
12027
2572
9095
5965
5655
1311
4296
3118
8995
4747
6636
3393
343
9522
3992
2469
12327
4382
6750
258
10132
3173
2910
468
7082
9768
7265
6501
8088
12308
2101
9277
8124
11262
1122
9996
11
6114
3615
2280
11818
145
1043
5546
3589
3718
2737
8965
5333
10103
3797
10487
1287
3290
949
2997
7648
633
3088
5634
4842
5013
8564
8905
10356
9781
6269
3997
9099
11907
6170
571
2362
10025
5893
12195
476
11568
5553
12113
4872
12030
7595
10032
162
9942
9835
8292
7457
1809
408
5478
10426
9538
2068
2450
5089
7322
1667
3142
3640
4139
5833
12279
9643
9047
8440
5443
1849
3485
5724
11993
11071
1323
9270
4267
8573
3196
561
12271
12178
1505
1039
4614
8054
7345
11284
9154
6011
283
1219
2755
8900
5759
280
4616
9967
8951
10780
11256
2167
10690
4132
9088
7689
11740
804
2881
10575
10839
1738
10319
147
1700
9285
5946
927
3760
527
1262
12156
11651
4895
2291
6454
381
8677
2328
5797
8788
8107
9605
5690
5891
8771
5898
4935
9476
3777
7563
10875
10021
786
2721
10384
2137
2568
10375
10173
9628
6681
1178
5638
11868
3728
9122
3845
5220
7189
8016
11982
4490
11764
327
1936
7126
11872
9857
6009
8190
10779
3792
114
11224
2780
1538
9337
3574
7071
6788
4610
1322
6883
3888
1508
10260
4072
1864
9060
2169
4730
10439
220
6847
2999
3920
3212
8178
6888
8913
8496
3097
6665
1851
11879
8974
9288
46
1145
10729
7562
3770
717
1494
3110
8787
7894
589
8714
9780
11406
7163
5996
1068
7149
1531
3053
4644
6648
11858
5970
8144
4402
5714
6006
8607
8676
1683
5689
8622
8138
2585
10149
10028
5792
4848
11954
8076
10483
5773
10560
4622
6152
8546
1265
5419
9667
11294
7738
12240
11313
5403
6258
3660
8194
2097
2615
9259
180
401
2907
9641
8364
4763
8429
6371
11518
2523
10108
5009
3299
10220
8967
3214
6992
1004
6046
411
8450
900
6093
5702
10889
5760
9607
11442
791
530
9089
2354
11618
11804
9157
2514
9025
6140
9625
4886
2598
8972
10850
9371
1108
2851
10585
11973
6130
132
7009
6068
11701
7941
11041
2867
10511
619
1015
4798
1551
7570
9488
7579
1952
6819
2567
8321
5583
474
3049
10489
11023
10654
11555
6288
727
6344
7287
5235
12328
8046
11422
3442
7744
2801
11499
6023
1457
769
10182
1302
3306
9325
8630
5765
249
11726
4197
609
10728
9501
9346
5584
734
5877
1521
3613
3467
11142
7672
5206
10209
8662
9997
5864
7365
3780
3297
8948
11806
284
5785
7971
8827
4526
80
2313
11810
4289
11528
6979
782
11467
137
1560
733
2689
6855
5042
735
3606
10663
12087
6266
9885
11482
5118
1405
1753
5770
8460
7837
7583
2768
9066
10365
3330
1898
1836
9269
2954
3666
4775
3513
10519
9151
6792
2141
12006
9619
4185
4016
8463
4195
6313
10853
5664
5829
6138
5761
10187
1582
2716
4343
745
9956
4523
1684
5603
8345
6362
10599
4106
10236
9017
9555
7120
7980
11918
11752
921
11323
7619
8087
1572
4056
5058
5353
9035
7473
4516
10656
6764
3909
5431
10911
360
5627
7157
9133
5941
8445
1892
4090
4978
8660
2067
10377
3493
7609
6984
9682
3575
1116
4048
10091
12054
2739
11709
10030
1844
5091
8089
10464
1616
1189
5984
345
5741
7200
10180
9765
9187
937
8830
4957
12256
10226
10320
3223
1894
11847
9547
1063
12022
3288
3949
4768
5095
2385
95
9905
2182
9964
2927
9105
1112
2647
3675
4977
5548
6369
11183
10734
7085
1345
4959
10263
2196
3688
9022
4150
10598
6423
11048
6220
11271
10259
214
9190
9258
1114
2594
11214
2548
3516
2553
5244
3023
8357
8393
11024
4334
6073
7194
985
4648
10183
8990
10125
11790
1819
7133
5615
1644
7339
6003
1280
9591
2671
10231
8240
1254
8582
435
3263
366
10354
11003
9570
6934
2843
2944
3144
3874
3183
7337
7916
9623
2763
1699
4572
5224
6638
7605
3143
3001
8695
7590
1695
11063
2236
5649
1002
6411
9129
8864
1657
10548
5840
9194
5338
1647
978
2725
7234
2673
4203
7302
6848
6033
351
3823
2211
4553
3323
6902
2754
8768
7797
3342
10332
9008
11076
4951
2917
142
10216
5569
2210
333
9053
6787
5497
7571
7594
5514
3354
8762
6854
7932
7132
1814
1180
10819
1401
11251
1578
2905
3581
9117
7145
951
2035
7878
6465
787
4950
11032
4649
3499
4818
11684
5928
8472
7025
10887
5126
10425
1318
3154
8248
9036
10522
189
9545
2283
4140
3612
1286
338
7134
1428
1525
6204
315
12187
7469
1442
7210
10833
2704
9226
7697
11656
3608
431
5001
2844
2722
10775
7657
8193
2383
3185
4163
9832
5368
9614
7340
8840
10799
1566
3927
5210
1310
2528
9804
3672
10995
9908
11130
11441
5345
2662
10954
352
2234
11052
4040
6123
5609
3324
2309
3727
7048
385
2300
11510
5754
74
8508
5033
1468
1454
9339
3087
4021
1306
3810
8615
10563
11572
7260
1472
5174
7353
2432
2791
8478
11029
9208
4857
4573
984
262
7225
429
6110
12284
1792
4115
12168
2706
6692
806
5605
10963
10227
342
4449
3974
10917
10079
9034
4905
4433
8243
9943
3132
6937
3642
6538
7177
9023
6591
9515
8752
1855
6186
4388
1758
1383
3424
6127
8518
8267
638
11160
6191
8136
10592
11881
3419
8005
8886
813
3545
3841
10359
5919
11129
4254
746
3035
956
5662
11896
8239
9417
2006
8050
7986
11349
4160
6993
7346
5897
986
6884
8715
8653
3509
9406
7506
9610
11470
4030
4683
8255
10536
4015
6498
5217
8869
2542
6594
442
1554
10212
10403
11545
7914
7183
5856
9411
6795
9039
12111
9800
8335
11939
2080
10542
8645
4347
4476
3398
6458
8227
6503
7680
8912
5374
9111
6756
1017
10370
7781
3738
6831
7
11429
1877
2164
12109
9762
2126
5859
5484
6467
5778
5559
8740
5020
2221
547
6879
5858
8851
7582
9881
11046
2987
7162
52
1247
10350
237
2299
8451
4191
11801
8919
12033
6102
970
4993
3835
952
817
190
10723
1751
1018
10454
6350
5800
7423
6841
11508
3505
4858
502
7538
6512
681
12069
7794
2953
11403
11314
4519
9637
10761
4145
6300
1484
127
9458
5129
6440
10340
6101
3187
3880
6612
10928
2327
1870
8102
1284
2551
10414
5041
3586
3554
4214
8978
7555
7915
9418
10768
6234
109
11753
6333
6545
10398
8133
6589
556
10811
12023
9310
1101
4874
5646
2240
8501
7694
7498
9352
11823
4314
3708
11915
712
4527
4104
11850
1220
3353
8764
9663
8556
11708
8708
9779
11578
2015
2806
6416
11727
9854
7906
2187
6913
5312
3939
5428
2833
674
9011
8623
12057
2729
5164
5869
10395
8505
11538
2988
9018
8252
6339
6058
682
10973
12003
10516
3484
8491
6386
10960
1152
889
10248
7142
9527
7127
5957
8836
10513
5982
526
12005
5326
11141
6146
5937
5112
6064
2732
11924
4003
54
7656
6684
8241
766
11751
11228
10348
3622
2070
3756
8568
8167
8928
594
8540
10445
2855
1248
12103
12197
11814
8206
2992
1299
4034
7608
12184
6590
6711
935
7438
9906
10496
11813
11339
11900
4873
11244
5774
7512
10638
8899
7882
11574
7891
8105
8845
6527
3003
8034
5366
4313
417
5974
5082
6481
2857
9231
8322
7125
847
9341
3911
11184
10823
10582
7691
1889
9719
2203
11512
1022
872
9758
225
12289
6118
5565
11120
3976
4621
9980
6323
947
11833
3701
7719
11327
10100
6154
4450
8259
1697
721
4241
3092
4511
6536
10763
2213
171
6581
3676
7282
4822
10087
8247
2856
8641
1997
10786
3397
9180
9161
8328
6582
1896
8366
2302
11397
5820
1932
8636
7766
1827
2885
4780
5385
7056
9773
8281
794
7945
11563
5401
2048
10369
6966
6757
9221
9521
11365
11316
8231
7062
943
3600
665
4011
452
9876
1148
10376
336
10358
4930
12208
11169
7673
9792
9833
8543
8816
11755
7394
5647
2183
5364
2508
2089
4819
4794
6780
358
12185
9513
1613
6876
7926
5637
10048
6702
9717
4714
4561
9626
12135
4173
9611
1702
6083
2649
8968
8067
10767
3754
3831
9957
11706
473
11909
5816
3492
2414
12260
3662
7934
2026
9622
3534
9772
8671
6361
2637
8294
1478
12213
10903
7547
8934
6611
53
9179
11683
8260
10643
3618
5196
11630
2774
4429
7817
3343
11686
5487
11516
1239
784
5269
5254
5233
8126
6689
10898
5679
1974
11162
6563
3580
6603
1106
9142
3127
2122
3235
6188
639
12315
3382
10758
8949
3663
9070
8422
10652
4059
4651
9752
4928
4110
98
1430
9442
2692
1887
5101
6540
7102
11778
2900
3651
2060
6405
294
10961
8411
6091
2353
11445
159
1236
7777
12042
7501
6838
909
7447
7866
10623
7012
9749
8512
3808
14
11734
3464
9638
3475
4558
9079
1692
3699
3873
1719
12183
8843
5977
4969
4562
9110
5037
9074
8483
233
10981
11629
3481
10186
8018
1304
11583
2271
7740
6430
6929
3131
6513
2025
3394
9677
5337
6772
2976
525
7535
1080
3443
10639
305
6971
4685
8865
8672
10346
5442
5471
7524
3787
251
6305
390
1467
11841
11479
5458
1984
1933
2104
7800
9397
11330
2394
4247
5620
12083
827
8716
9457
2069
8597
12153
6844
2436
8092
8110
11092
4908
10580
5262
2744
4460
7185
3901
10050
3008
6716
11832
1350
6459
8704
8854
9795
4779
9868
8007
7146
4641
12224
7654
66
1950
5158
5811
10971
2420
2691
4330
3355
645
2347
9858
5918
9330
541
9505
10155
5391
10553
8498
7084
5404
129
8587
12179
1929
4422
8914
11413
3763
307
7884
7635
4591
7440
3080
8576
10750
2700
8774
4493
9630
7090
7819
11871
11768
6868
2580
2810
161
9526
12032
7659
9128
5135
9558
12139
7581
3121
4022
4755
6022
1949
6164
4665
9351
5656
1591
2701
10936
10072
11828
2529
2081
11374
7550
4143
5691
11245
6021
11417
1846
6597
12066
1268
6654
3230
5890
6002
10493
996
44
5452
10931
6923
4462
7752
6824
8452
7840
2860
10975
11288
6442
2623
6162
4668
12236
3326
599
11968
8611
10328
5398
9438
9424
10458
2204
1812
6315
8467
705
3842
8305
7664
6124
4013
10322
3228
11118
141
6159
7935
8096
1565
3765
3988
2412
9845
3531
8296
10049
7436
9824
12203
2329
3889
10901
10670
2862
7371
5665
5715
4192
2515
11969
3564
84
6845
9910
4105
10844
1339
4869
5481
7306
276
1408
1372
3844
3994
8282
6909
11247
1906
2699
7387
1823
5420
11609
8184
7370
1426
11604
5088
4461
2071
7513
10218
998
7502
10550
3108
11617
9951
11643
2288
2714
1342
8108
2146
167
8688
5845
6419
3161
6911
219
2481
12258
6469
10726
3730
1537
5960
6954
8497
8044
6946
5745
8388
5260
9338
7989
8302
6657
6835
11746
4465
3683
4889
7687
7460
926
1815
5274
6933
797
1298
3259
9254
7105
3280
4471
7243
3320
3317
1359
1761
4894
2059
11084
3734
11749
9678
6771
6425
3779
4576
5575
4319
672
7981
7110
7593
4071
9585
3141
10845
8772
9237
10787
2796
3477
5854
4221
3114
11780
1960
10124
1596
4672
4717
767
5325
659
7174
4956
5613
2682
3572
8814
277
8101
4355
4378
4051
10874
9376
1973
6618
4551
6464
3858
3735
2935
4395
6580
12180
4534
10565
6120
2451
11529
1837
4374
655
1058
8924
11975
8745
2142
8469
7852
1900
11495
2293
7089
12089
1191
9548
1694
11998
426
7709
5882
9378
9057
3015
1709
7262
8120
5888
9437
3669
4996
7641
9720
11298
8409
7240
6364
4309
2955
3694
4463
8668
3415
11462
7893
2282
2743
8111
728
1632
4045
8205
7465
6207
1023
4703
6157
8627
1782
9995
9306
11571
2389
7548
1953
8536
32
3935
12190
10791
10838
5813
372
8849
3742
6316
9278
3098
4604
2248
8106
860
5703
1534
7309
2592
12297
489
133
2108
8882
10266
8073
2148
3603
7756
5784
4884
6664
363
4891
6972
9820
9468
6688
5035
2489
8839
1003
2524
7190
8145
10302
9364
8675
7895
7170
10002
3329
8434
7341
10275
6081
9394
11943
4834
10360
1019
10284
3372
4932
10316
9936
4464
11146
3284
4363
11575
2492
9711
7201
9225
1712
7328
6429
8487
7784
1848
4721
8689
11867
484
1520
8374
5066
684
1768
6180
5276
2050
754
10737
3361
3632
1438
1445
4237
7391
9056
2231
8011
10514
5106
11152
3744
6655
12176
2779
11875
3044
8060
8021
11265
2161
545
9981
10405
12231
2232
1396
8466
8896
1024
5686
8055
5660
5838
383
5525
10801
7188
5925
4272
6523
7713
11435
10759
4926
9834
6557
4718
7016
7749
858
4019
11580
8127
2306
9026
2710
1498
3610
3576
6542
1447
10720
7061
7818
1705
7161
11115
2707
11261
8981
6400
9160
9859
11513
1688
5994
