4856
6134
665
1707
11029
2658
10894
10723
5698
2978
2834
9620
1647
105
6007
6689
9999
7474
11178
1908
7225
8057
4166
7347
7993
8308
4312
9658
629
8732
3344
6012
10249
9907
2157
3357
2273
3691
2639
10896
496
902
3638
1205
544
4454
4465
982
2662
526
1796
5154
8671
5401
5176
4762
3079
1674
11356
979
9263
3987
395
2589
3243
3780
5194
8566
6587
8119
3759
1632
6578
4244
3580
8154
588
9746
9541
1473
152
837
6451
11063
7626
2257
9701
11914
374
6795
3134
8497
8527
2840
932
5333
8283
8802
1487
2536
4566
1036
8231
1346
3918
2963
3980
2306
9106
6285
7454
11516
11490
265
8204
3556
1226
6297
3588
10212
2800
12103
6661
9866
9330
5144
904
2135
3325
9655
6080
7586
1813
4619
12253
2220
4159
354
5637
7029
2114
11241
10117
7257
5580
1938
2140
2948
6183
5037
4293
299
9059
9956
4079
3133
10217
7218
8351
1982
416
6310
8441
12092
12324
4843
8626
4620
2252
596
10895
4907
11324
3840
10618
9481
1389
539
1558
8740
7482
11549
2999
2833
4024
6821
6548
9519
2307
8005
9248
12128
9278
10572
2113
2947
10649
11017
3137
12064
7760
4145
4153
1781
6534
11189
281
5248
11591
1414
4396
6108
623
176
715
7497
5158
2406
10678
10420
956
10697
8488
6558
4594
10963
4779
7042
9682
11744
2097
4016
2021
9699
492
257
0
9947
6807
5524
2946
11238
481
10319
11638
3446
1746
5369
4548
11039
10817
10177
3258
6106
4155
1742
11545
1593
4039
2083
10808
5082
4361
11154
2052
1503
6066
7976
10663
10169
8509
1097
7437
12231
6840
1099
7657
10835
2804
3026
10490
9950
4196
9789
8608
7640
10433
9941
7499
6408
7001
12276
4543
2712
10691
3534
11971
10421
8492
1316
4892
8521
2831
4989
5926
10100
3522
11864
7331
2600
8364
3831
6361
10999
734
10831
4273
6416
10428
468
2989
37
9741
8572
506
6400
1321
4724
4318
6309
6586
2305
10261
3136
3393
9186
9738
5391
7251
1159
4558
5795
297
1077
8001
7307
5338
7328
7576
5678
2991
11310
9016
3062
8237
3552
7512
5358
2899
6090
10853
11243
9933
11123
921
9118
4607
5514
10170
8314
5771
7142
3693
2802
4245
3028
7580
11981
10355
9113
1704
7527
7786
11977
1007
6477
9345
842
4402
5041
1402
9532
8810
2995
4955
1405
8327
9250
10769
8713
2526
360
8921
2957
3030
11269
6904
2614
10834
10518
8097
2484
3245
5850
3599
581
5409
2449
4111
7935
6332
5028
2931
3288
1559
9611
12019
6022
10958
1427
4306
7567
7066
12256
9423
4327
4612
3407
5068
160
4851
11904
3839
11985
5587
12054
8739
5437
2818
9023
1123
10397
2142
7667
1650
3179
9457
10756
6610
2476
10836
4216
10164
6176
9905
9813
7731
2557
7460
9822
5460
5498
601
8479
2798
7557
6019
8052
6850
3595
6638
5347
5562
5038
4805
9743
10673
867
1031
6047
4958
2071
6875
9627
1989
4387
11501
11674
9916
1460
7651
9500
4873
11785
2684
6760
4679
1819
5299
5076
12316
7214
1202
9135
3646
6596
345
1927
4703
5996
2153
7325
8449
5463
2037
11752
55
2836
2232
3326
9065
11654
5305
3573
6842
9756
4783
3143
8537
198
1820
5451
5537
10528
10615
568
8277
3330
6325
3345
3409
10620
10125
7123
7709
7313
8280
5234
1572
1323
3925
5749
945
2532
9390
9679
3364
8551
8365
7790
11371
617
9370
4096
7559
5825
869
3900
11703
6778
5586
11280
2403
3056
1763
7227
3481
12272
3085
9212
6526
3250
4917
2078
62
9019
7161
9336
5159
10666
12095
8995
2520
7877
4483
877
12052
7046
7423
983
5695
6780
7074
4259
1832
10097
11879
2679
602
1426
3363
474
5210
10839
2737
3382
1717
5161
8484
3689
6231
6880
1252
5374
1125
8274
9966
622
8756
3116
10149
3212
3940
7875
5178
9968
10312
8948
12125
7149
9393
8974
8381
11388
2438
2908
10753
6723
3406
7519
5440
8048
4136
6266
11118
7530
11421
11649
12029
7373
2242
6205
7309
3977
6629
2894
1404
8255
3582
9104
3800
3186
8817
346
8773
4308
9898
10148
5694
2231
2595
324
8407
654
7488
3052
10075
1873
12134
6611
4133
5367
7344
2029
9080
764
2508
3648
6295
8188
1794
9192
5434
7860
5940
2976
1337
11494
7008
54
2164
3025
7929
801
2638
640
141
7502
11716
42
1533
11644
7986
4247
1165
23
5868
11442
11713
11355
4795
7842
12030
6405
9656
8391
5229
3010
6124
174
3016
9085
5315
2885
9045
5420
486
7168
9827
542
6847
6175
5878
6191
2911
8044
6043
6679
1152
2210
1148
1677
3239
12195
10237
2615
1269
3498
5435
953
6703
11899
5473
8657
9456
4313
10043
4817
5601
972
7989
3368
4789
277
443
9635
7165
3752
6351
8958
7963
7763
2184
1017
8599
10190
2787
6472
7930
9199
5519
8410
9427
2624
3486
3836
7697
11432
4253
10762
6103
301
5209
1778
5182
5794
11708
7333
2455
439
5756
7114
8760
11396
12286
4602
9759
8843
6923
8281
2901
7477
7039
3083
3680
7016
11857
1528
1664
5174
4409
12147
7311
11152
2688
11474
4650
11162
2491
9501
3559
6951
2042
3667
11989
8816
9139
2277
4999
2929
10201
9570
925
3567
9932
9930
6193
6711
10191
11913
9987
8612
201
9603
2208
6568
644
4585
9624
11483
10752
4412
7190
1495
740
7748
9917
2159
4971
3873
6648
10454
8041
1169
11187
4148
7584
6808
3435
11966
5997
11631
6827
10617
10938
5062
958
523
11556
11653
1349
9429
10483
10962
1259
4507
10784
7575
2746
9555
3670
2472
3217
1359
5651
7712
10717
12129
9858
7183
373
6095
8609
6800
5782
10203
9188
1986
6240
6329
998
3046
5680
4035
9311
3860
4319
5622
1456
2158
5407
9978
11786
9025
799
10303
11634
12213
10002
1332
4019
5359
11412
1197
697
9840
10671
7119
1736
3958
4317
6457
7782
6165
6823
1665
2882
1465
11535
3251
6687
3850
4413
7173
9626
302
9018
2799
10516
9868
5975
6160
222
11117
1386
770
6033
10733
2190
5363
3170
8762
2868
1807
8307
3776
4108
2608
8735
625
2936
5231
2032
409
9160
11950
5778
125
8259
10062
6650
11226
7378
4494
1432
3616
6129
7906
6879
5022
8565
1000
2245
2892
6510
6692
6730
5132
8214
4646
6892
83
3898
1595
10679
10922
10982
3975
10543
1244
11813
5588
6628
8754
3424
1544
10301
2814
9676
11233
6994
6499
8939
6023
5352
1547
1841
11652
9208
10911
10307
7334
12241
8516
1838
2845
4414
9754
3427
9848
7456
9455
9063
7203
9857
10765
7491
7682
7563
11995
2367
4256
7659
11354
2203
6444
988
7400
1143
9121
11302
2613
1857
3656
431
701
10137
1283
340
11866
5883
2297
3768
8286
10653
6214
10479
9939
3570
7582
5255
6897
9733
58
8677
10447
5686
4919
2694
10537
4040
7015
5422
11406
2895
108
4199
505
10695
12309
5939
10856
5355
1188
451
2112
1702
8405
2923
1824
3000
7521
10711
6666
5831
85
2300
1183
6680
905
5089
8526
1009
809
10889
4115
234
10384
8561
2452
3346
773
5654
3147
6839
3281
12135
3878
3441
9763
12207
9723
5994
4436
8430
1671
3684
928
8436
8187
2425
9196
4303
5238
2925
12205
3465
2843
10123
5441
634
4278
5475
2044
5925
3935
6849
132
5699
5197
10157
1692
11286
3529
2095
8935
2516
4195
5499
2795
6230
1083
9005
1910
5696
6228
704
1093
6554
5232
2123
968
4992
5930
6113
7853
11359
4017
5313
1597
6667
2768
5546
3821
9193
5833
7839
7798
9200
7012
822
9612
7336
179
12223
5185
5100
5640
916
2548
448
793
1690
3496
255
6652
9878
3540
11463
1939
1725
8724
8985
7030
8710
4151
10334
259
11351
5965
3295
8601
9419
6079
4848
11845
5684
11750
1428
8035
10846
3033
38
7458
11248
6420
4124
2866
3223
3323
4205
2235
1520
1354
11733
11398
9984
12020
3444
8630
4924
10754
6930
1716
9051
10931
3739
30
679
6274
7284
4925
435
10672
9307
2146
10108
8140
10372
2599
9628
3952
6564
1052
6464
9753
1629
912
879
10936
3380
9446
2591
2685
2541
1798
3017
1966
1433
2740
7797
7021
2066
8046
175
1569
6942
4709
12152
11002
7408
980
2155
9943
2934
6371
8559
9347
7577
1046
10031
669
11460
8099
4490
9630
7052
4041
5160
5708
6560
8727
1468
6820
632
84
235
9587
11962
3949
1094
6099
5278
6432
10713
10358
9377
9
10731
5109
1
3190
10624
9324
4664
7854
11711
896
289
11770
5615
5726
5585
3491
6423
11519
8018
9576
7294
9711
9591
2224
2249
5350
2751
7883
6119
2418
6353
2642
271
6716
5465
2927
4393
5905
64
11169
2024
1122
3833
1936
814
3544
8689
2838
2507
8533
3619
172
4615
9722
9493
3961
11601
7062
8471
1201
4359
508
6280
10400
3812
8714
11907
10639
6571
9183
5658
5912
3730
9688
10777
942
12024
9087
3340
6541
7983
185
10669
10517
1383
226
6639
2788
4316
7128
76
7245
9375
7355
4542
4521
2446
1234
3192
1026
5517
5040
6315
8959
5611
6645
6542
2299
12127
1613
4836
4174
9730
6311
1886
7936
8432
4144
6620
9694
6341
4744
11706
3231
7299
10011
6960
7240
9782
5171
11404
8621
10948
6792
2702
10865
2880
6945
6768
7489
9749
11120
77
8071
9833
3890
11687
218
5652
1531
11011
5454
4117
9974
3089
9859
7262
9213
1738
8008
1328
11789
1306
4190
11263
5126
369
8343
4330
11822
6190
3617
5758
3682
9503
9034
1258
5370
5317
8794
9867
4277
6072
1410
4320
6460
10495
6938
1033
5646
6516
3596
450
9619
5518
8682
1659
11791
6585
11400
3549
2439
7851
3686
11835
5955
12123
6050
10525
3604
8050
130
9367
9247
1168
6063
1795
1431
4826
11874
385
6658
1511
5710
1529
3475
4188
10549
9081
9201
7752
3919
10855
9022
9849
8568
10248
11887
4000
1018
10229
8394
5044
597
2223
3041
1142
11219
9696
7536
635
11673
9727
6978
11343
7286
6646
414
4050
2012
5003
12034
5849
11593
5913
6612
9777
573
3974
7696
8696
8012
6284
3905
3585
1769
430
3273
2981
6668
2068
12002
10446
1539
3818
8745
8370
10024
3606
1858
2371
10238
1933
616
9449
820
10775
6098
7829
1922
2107
121
11470
2680
8051
3660
12065
6141
10785
8971
9550
8977
2374
2817
10260
1325
2909
11253
8066
9439
306
4255
1519
7953
1267
9029
11922
2503
3454
2629
7415
7967
11022
8627
2872
5187
12290
9810
4945
10145
9202
9586
12217
3700
2763
852
3750
9385
9111
2335
464
4830
4596
10054
251
2823
3211
7701
5326
7772
6876
298
12318
12179
9319
11
8100
3615
8841
11138
12109
6485
10872
4860
5046
3541
8406
6062
8180
12257
3510
5772
4032
2809
9417
7412
3717
6384
5689
296
10460
10091
10532
8093
591
7546
1210
4665
10771
6494
2990
868
11574
9564
672
11103
2387
6075
10871
1548
419
4981
5798
4106
3581
11546
7721
10600
9338
9875
7000
8993
1335
5411
9112
4767
9787
11235
4442
2582
3923
5378
5503
10926
9335
5760
1992
4777
9526
4770
2309
918
7540
2916
11306
9138
12282
7713
8917
6382
11277
5745
2612
8749
9295
1368
2709
7952
1157
8246
8168
10492
5196
3464
4272
10823
3210
1054
10224
10596
1423
4403
732
245
8313
8463
10393
11182
8078
9665
8230
7081
3173
11196
5287
1199
3488
4173
847
10521
11727
851
12003
4076
3242
1212
1696
4571
1193
10023
9690
8301
11313
3485
10131
9762
5488
7419
9520
555
499
6919
11279
3963
1940
1291
10015
1058
1064
5354
4360
7377
5719
5887
2342
3476
1765
3924
9955
10949
7407
56
94
7053
2500
11066
5790
8700
10228
2891
3274
9441
9610
8250
8175
1156
2131
11430
10252
8943
3124
8552
6873
6220
2514
8562
9819
2652
10413
10584
9409
7523
12300
4799
12126
3213
1447
1040
5803
567
3327
9069
11402
6216
7865
5436
1441
657
490
268
4337
834
3311
2375
1113
1231
9962
1760
9203
11240
8970
3024
7710
1090
7106
1585
729
7716
4132
2343
12229
5021
11715
11816
6725
106
1737
10087
10262
10144
8901
8728
8872
10168
11227
11854
6083
5984
7087
5512
4910
11198
4732
7196
462
7436
10321
5591
10507
2566
8931
10920
391
1658
2635
3882
6164
6253
5381
8780
11342
6618
10714
3195
11566
1780
9355
10124
10632
5304
3950
9925
3415
3216
11695
9221
5145
9725
931
5675
4068
8947
8293
7076
5534
11173
1223
7804
3187
10613
2423
11033
74
3318
9381
8242
6917
4968
1974
2777
2896
10353
4524
7590
8748
11431
5844
10008
9363
8731
1995
6120
9147
1262
10806
3899
7571
2793
5515
2559
7390
3917
9225
3983
11973
8897
6672
8988
8128
2133
605
10625
9653
7248
1579
2590
6151
5575
7300
7788
720
888
8681
4900
7874
5662
11109
5254
1129
7017
4404
4165
4329
3719
5542
9435
11825
724
859
2748
9148
12146
3969
9134
4430
643
7550
12202
4980
6207
762
12061
9303
10660
10458
11942
8299
9325
4147
9091
7698
4074
2137
8846
3886
7984
5897
128
6621
2315
7181
7353
10864
9205
10915
10478
6225
1481
8393
5821
467
7675
1464
12281
1675
4048
5148
4670
2643
5928
4503
4698
7260
2848
572
6504
8642
6707
9189
9339
3252
3785
11583
4905
3290
158
8278
7795
6195
11963
9074
3240
1582
8322
10995
8814
380
7562
6953
10783
10815
1334
5297
6428
8776
5275
6276
3480
66
7235
9871
6718
8345
2063
5914
7982
1728
9781
4842
2065
6004
5579
7971
6060
9169
12053
9231
6040
11655
5908
5410
10647
4248
6342
12081
8196
10327
11517
7639
10199
8485
10904
4479
8361
11833
5937
5011
7516
6301
7484
8363
8034
3721
12108
2825
199
3389
9206
2389
2922
1852
4418
1990
8025
5769
8856
6943
10409
10928
8847
1896
11534
7465
574
3728
10630
6765
11658
1833
6046
3861
11330
10332
8080
8701
3934
894
5014
6583
3913
9504
3236
7740
11909
9747
4933
5202
10313
8181
12044
2132
9264
2993
12214
8443
4146
6243
7507
962
1312
1437
472
10063
7146
6339
6473
1474
9482
1336
3816
9698
5780
6011
11826
6653
11693
5157
8942
348
11672
3040
10703
766
11648
8006
9706
2276
12168
9327
878
4700
9752
7193
6525
4718
6549
2019
7247
8291
7409
3279
9077
4965
97
1878
1797
6501
5230
6389
6922
52
2102
9644
11365
6333
8114
5382
5690
9053
6859
803
4102
1829
10009
2812
3666
1027
9535
9629
10694
10287
6277
930
258
7047
8660
11628
3081
3611
1701
8118
10874
2863
9070
4657
3221
11506
12232
1478
2584
5253
9677
8478
10978
3742
917
5530
4427
8219
10226
10085
1450
8123
9191
2317
8573
7826
8585
2443
7980
7780
4954
4405
10893
7607
428
10654
5736
2949
10362
6520
3618
886
10820
3992
11691
756
12171
3803
1279
4398
10970
9901
8010
4103
9207
11304
3261
2430
1526
5933
11424
11265
4727
3386
10462
937
8961
8120
3658
3920
9036
758
839
4296
6374
10580
5981
223
2776
12210
1988
12099
8769
1596
7997
8311
8248
5221
4676
5811
10270
3778
67
1892
11345
2218
11429
6122
5954
6996
10465
10185
60
8829
6769
10178
1827
6866
6777
11191
9490
7044
273
1254
195
3477
4811
5605
11456
9634
10456
10862
11606
6078
827
10738
6179
11632
4390
3039
5858
5419
7632
2780
11399
6581
11754
10680
3455
7360
2955
6739
1330
3037
10060
7356
12051
8796
11596
10412
7687
11482
4535
10213
11278
10348
503
4557
11475
3633
2942
12230
8795
7103
5723
5885
4110
98
9471
10758
7597
11797
10098
11139
2433
11486
7537
7945
1154
7338
4084
4445
11478
44
5484
9757
7801
1673
252
9222
5239
2747
3724
711
10503
9462
1514
5992
3753
5098
5957
11594
9252
5973
7518
10730
11796
3813
7433
1638
5943
2549
5770
9995
4185
7871
10959
11739
1190
194
7451
5762
3678
3897
4796
3769
5960
11239
2512
2404
7434
2704
4722
4913
487
975
11533
10510
9554
9128
5050
3408
4883
564
12077
8126
3002
211
10751
7594
8899
4708
322
12289
5609
10051
11520
5122
8272
11448
2143
2870
1365
9014
3267
401
1114
9589
2588
2774
5101
4569
1805
2072
5722
7539
10116
10466
8003
1367
3772
1902
8661
4771
11459
3852
3182
4649
6804
376
3108
3605
6413
5608
12218
10792
3688
11515
11986
1522
1379
2789
4101
12118
7627
2073
8651
2997
3849
9249
4549
1806
6401
554
738
5757
853
10646
10997
1209
6544
2271
2865
1391
11529
5956
569
11679
6163
4823
1955
1640
4043
1687
7677
7704
5848
8644
8547
1339
1146
11740
4366
6911
4538
3461
6278
10283
8524
3360
9224
3602
3601
1299
7991
6367
7644
10728
570
8528
5535
2699
5361
9298
3858
9949
2302
5057
2547
4960
6218
9599
9918
11093
5334
3593
2552
11046
236
3144
7152
6145
10598
6561
8912
6267
9616
5884
2772
4072
1472
8136
10929
7405
3374
4994
12120
5592
11570
10957
8684
9003
5168
3470
4662
3460
5134
10056
2087
3126
8871
6903
10562
11009
1103
4666
969
1079
2974
4395
1490
8845
9313
7937
10188
5730
4755
8839
5193
4440
11910
4386
6236
5341
2752
2937
8316
10506
6001
10677
10683
6970
9144
2968
10786
4046
9342
10363
9605
6290
9790
1523
10554
3425
4073
2
2592
75
8482
4455
10407
274
6713
7605
12036
11060
8722
8376
1636
8593
7736
342
2448
9734
9673
8458
3
5005
5559
10866
3607
2907
8584
4505
6691
5181
6475
4029
5867
1462
11547
1172
2258
9292
11232
2645
3946
1282
3945
1115
7274
333
4218
6074
1735
6675
6883
5301
5944
10826
9374
188
3870
11222
8676
8360
9998
9594
9261
10048
3264
3334
10670
10022
10737
8595
5549
973
4754
2731
2215
8920
10875
2690
5677
7535
7118
1504
670
12078
10440
10104
11422
4295
7095
781
2749
1016
1376
816
1706
5507
8820
2344
2064
1248
8306
4064
8493
11335
10555
6536
5632
4189
8617
8169
4071
5866
4219
2082
9645
6492
8678
4362
1100
10980
7894
6509
3378
8807
10423
2352
11072
5461
4553
2750
8638
7768
10435
11647
1353
4922
6316
4801
6870
8243
6049
757
4876
4030
10961
10684
5070
7220
8898
578
5558
2842
8999
11195
10767
244
2939
7510
613
9360
3001
126
8043
3747
5922
10743
12075
8635
2057
7848
3504
19
830
11768
1976
4963
7670
4554
7487
11236
135
7376
9944
6799
11363
10987
1712
9852
1492
6803
10288
1726
2973
2011
9020
2039
7566
9448
1752
8475
3555
6251
4600
11755
3257
11503
1682
7339
10309
10789
9062
5634
9452
1180
1627
8913
7623
3032
9373
8019
11852
9888
8791
8112
2046
8729
9266
7297
6258
1915
1132
2956
885
4437
8401
11472
5504
6836
6871
12312
3673
11361
4339
6115
3876
11027
10745
7555
313
10386
3651
4791
10207
72
2424
11588
2106
3423
7500
7207
9552
4729
10722
8874
9032
1975
11375
2727
2441
10244
5597
5962
2779
6918
4525
2633
8295
6656
3766
3868
2088
9294
939
7774
3391
11464
1603
2496
4898
7068
1872
4926
2074
1311
10973
4653
9856
4291
4532
4480
7658
2691
3300
7289
9638
6855
8884
9026
2801
6731
1271
7470
6798
4408
11550
6484
3434
11659
7835
11452
6430
8247
5860
47
4266
5423
9102
1947
5775
6264
4375
3845
6489
8918
3442
1681
3748
6967
10268
10849
8716
1666
2400
2509
5289
2760
8553
580
429
3265
9657
12026
7065
6829
9304
530
11911
9177
5805
11527
1275
454
2958
12325
7808
5915
3755
11784
10003
7673
3914
10550
9132
11898
7223
9366
3120
10579
1557
1649
2479
6597
4265
9631
7321
663
9776
6086
1028
11271
7792
2859
1213
5032
6453
9566
3379
10650
8685
2362
7422
10130
7529
3113
3928
9693
3754
8534
11362
1048
3864
6386
3114
8741
9799
5376
8924
8477
1357
10187
5882
493
6826
7908
7528
1297
9114
10779
11824
10787
4298
5655
2000
480
11020
12187
10897
61
10338
2434
7833
6158
426
9769
4914
3631
6708
5728
9403
4977
875
11397
2920
4450
4059
8183
6592
2816
3557
3802
10573
5674
545
9736
9684
1059
3781
9970
1804
361
8707
5201
11417
1619
8963
4471
4476
7112
10540
4200
4874
2554
3835
3112
10441
862
6608
8531
5641
7680
6500
6005
10061
10585
6057
6912
2196
8771
2906
10402
9873
4655
5617
1723
7061
2214
1164
4091
4460
6227
1868
6816
8402
12070
4950
1653
11384
3937
7054
314
473
5725
8321
1643
6614
2550
5177
9765
7653
5072
763
3838
11856
7462
2523
2811
4793
12050
8263
9461
5669
9042
1612
3613
553
6052
1510
8704
10028
8673
3064
3698
6299
5523
10272
8260
12175
2028
1268
589
4486
3562
10727
6761
7738
11127
6396
3068
3823
10956
7358
6483
2147
3887
9687
7903
2485
1822
5468
5576
325
5356
2869
6635
7927
2228
10271
6976
4354
3561
3536
10712
1918
7850
284
4090
9544
3105
7084
1964
6905
2852
4011
4565
9204
3087
692
10906
9487
11587
5711
36
3388
4491
10230
10235
8326
890
658
12038
4957
4582
502
9600
7890
9614
10152
2742
8944
4879
6054
8743
1905
1449
11626
4007
10821
10645
2187
5819
5010
7708
2522
10049
1662
12317
2222
2499
7957
11257
6481
5832
8331
9024
5309
3050
11636
5063
1264
11224
9967
4691
80
7591
2681
7221
9101
8653
12055
5244
148
10081
1537
1967
8166
3278
8412
11268
6867
3084
6498
5116
4352
2602
1932
7394
9850
5506
10869
7440
10912
12268
6973
9510
9996
2405
4962
12252
6814
11157
5392
5335
7739
1062
662
4944
7014
11542
6811
6776
3933
10366
8173
5704
11965
6338
6532
8896
10565
4935
5786
3851
12017
3891
1401
21
2773
7137
9050
7630
8238
2427
5258
4686
10241
11935
11675
11830
9880
7899
1697
8373
5898
9784
3253
4023
9887
11592
7876
9432
12145
9648
4894
9282
8574
10509
4249
8318
7636
477
9396
7431
2898
2360
9546
5781
11201
5976
9522
8122
7393
3972
7830
4231
1363
5826
1001
8262
4054
3160
4941
7244
11018
4371
4835
4001
11848
4207
6170
5808
2421
2002
7601
9742
4451
8425
5683
4976
11514
11932
8483
1235
1287
4018
1390
3206
8014
941
8854
8522
11976
3174
441
10709
11329
9037
9797
5746
2125
7931
7430
4286
352
5945
9333
11497
11493
6372
9812
1118
162
4515
8517
6701
368
2622
6157
11034
6719
5316
10641
396
7241
920
5737
11779
10539
4350
11949
10605
7290
11504
349
9768
1060
12006
959
11395
5043
316
4170
2274
6893
4757
2618
11496
10236
10881
4677
2649
10867
4714
5375
4036
2664
1642
7648
1396
11131
2327
5573
618
5947
10089
6213
4932
2953
10113
6169
3384
4045
9182
800
4401
7079
3726
9675
3941
960
7849
10621
4747
6202
11773
10206
3509
10530
3271
6177
4290
8738
3387
8067
7185
3332
2385
2206
2236
485
8324
6366
7455
6032
11860
4201
848
5379
3508
7762
3948
4672
10473
2075
6654
2535
1670
7024
6779
8398
10072
5400
2265
11445
6985
6950
1227
785
9894
9625
9058
4013
6392
1015
11025
11122
7691
11070
11409
4778
8022
170
2959
8747
7466
4637
9803
1507
9061
7416
1329
5693
3058
11297
11611
22
5020
1341
4697
192
10184
5327
1074
1247
9515
11428
1895
2696
9288
11267
12037
1785
2971
1506
3075
9560
9312
4325
5482
3943
3151
11231
11788
3375
10216
804
6543
11933
7970
8656
2251
3042
10870
3436
5869
12033
2359
6406
2256
7501
231
2192
9518
1153
6334
2761
10232
9280
10426
1317
11218
2004
12098
3074
3967
7425
9214
4529
4943
6634
7007
3533
11999
4397
7397
9411
1006
5490
165
4419
1714
8972
2667
1076
1732
3537
10885
2651
10094
6184
3350
2285
2650
1051
11943
10276
11206
7303
4847
9992
11010
8990
238
3829
478
1754
11340
10891
2141
5351
3951
909
239
6097
3450
5245
1135
10438
3824
2370
7784
10637
2994
1489
2644
5570
6697
11751
4300
8256
2420
11180
10033
3675
3395
1455
2179
196
4816
3665
11850
10173
12080
3859
10194
6533
3314
633
9860
12259
6925
261
5563
10219
11378
1888
12267
3966
7102
3676
8692
9960
8091
11408
10693
11065
9158
2832
8108
6887
726
9598
9652
3473
9154
9583
7278
9165
10368
5065
8435
9120
12220
2573
6785
856
9273
12243
9993
4204
9940
6934
10239
4358
769
10214
5008
453
10382
12304
533
7050
5415
9744
2437
992
9079
9129
7873
1731
4137
5911
10375
11564
3296
8980
1351
4995
3043
86
9308
777
4633
11738
6377
8723
10099
11721
2272
10761
2089
1718
2630
6538
8269
11112
8755
3696
6388
3038
3832
3727
7923
63
7395
3697
641
7769
9935
4717
264
3885
1078
3538
2854
3695
3955
10858
10181
7246
10340
2513
9265
4964
6878
11043
8563
6182
8469
9484
5724
4432
8494
6495
5508
11439
2361
1025
1870
7144
9155
3694
4234
3647
5692
5544
776
10059
1970
6067
1937
4380
7003
294
4472
1800
6272
9724
6721
11597
8778
5742
7649
9164
4381
7414
6899
4149
11499
5018
205
813
7496
5211
2340
4167
8789
11558
2992
3625
9659
4986
10302
11759
4643
898
4420
11376
9512
3349
5223
3207
117
600
8800
9815
5828
12301
3854
9100
2237
1241
11086
4533
4284
3167
2156
2676
926
8254
9459
5545
3889
4982
8385
2027
6373
5226
3546
10989
382
12005
836
8784
512
5661
10263
8578
11941
4690
6056
3968
10612
9473
7055
6759
3291
5403
8417
9975
3984
12239
8950
6104
4863
8523
3792
1942
11337
5987
8450
470
12059
5974
6161
3094
8744
9368
817
3629
9012
621
5767
9748
191
11177
10883
7504
5876
1050
5260
5348
8694
532
7361
4882
6511
1793
9067
8560
6521
8193
9302
4861
4341
11780
4258
698
11736
8055
11945
3844
4611
571
2933
7493
11607
3811
4626
4597
4824
3309
829
233
1073
11745
8588
5092
9637
3129
5169
8163
9243
6064
5213
7895
2414
282
288
8772
5029
9274
11314
8628
9525
6152
7186
7898
10467
5566
7688
1843
11970
11255
2227
9569
5452
705
3574
7987
6181
9052
10477
8117
1849
9640
6474
4315
5890
8719
8664
8862
7368
10255
4180
6837
7439
565
5991
7553
3825
1310
304
1846
11840
8637
11423
9961
2769
11390
3015
1108
5012
1904
1322
4411
3400
786
2810
1233
5242
1347
5471
5064
11175
7271
5487
33
2105
1686
101
3622
3650
6852
8879
4675
9217
4069
3365
7581
4603
10030
5734
5603
630
11230
2120
9124
7258
9315
2564
6221
5310
5495
11258
5428
7369
9990
4904
11024
6933
10468
6348
6015
7542
4813
4280
5964
8028
11875
6901
5978
6415
7413
1019
7420
10533
8548
1546
1999
4855
8347
11266
4376
8447
10001
1589
7811
3563
3699
3542
7427
2886
6979
12189
2745
6288
2828
10469
1149
10497
3149
4202
750
7685
3628
5104
9575
11656
3706
3474
6722
10514
7552
1458
5085
7843
7357
1786
10323
2168
9761
11272
6784
8357
4299
8023
4577
10739
5929
5560
11772
6076
1087
1803
12066
7974
5806
2960
9161
5114
3163
10535
10027
7230
5918
4774
5792
2689
8752
819
8287
3970
7132
3668
8611
783
10924
1721
6809
4734
7367
5779
3294
5717
5446
142
2154
7374
8342
10682
3103
874
11530
4605
2230
10626
2625
9854
8103
11149
1773
11562
7764
4208
10055
1550
2677
9884
3310
792
5365
1703
9444
4936
2563
8207
1972
292
4105
1621
1298
5298
6712
9009
181
9378
4131
6192
249
11064
9007
5416
1771
225
12226
3826
1039
12056
3598
5031
7827
12297
6403
5761
3238
5595
7363
2207
11188
4908
2357
11303
6747
8054
10195
10291
6304
2853
6014
2983
124
2188
11348
10685
513
7209
12137
5240
7603
671
7442
10411
528
5163
11541
854
3995
4628
4782
3926
12045
8513
7587
8926
2324
6818
3189
2733
11722
10401
147
9927
6061
3270
876
3158
2903
2830
11581
3685
4827
1555
5056
4573
9889
5618
10064
11982
3543
6694
3191
5830
3494
9732
11469
7472
12288
48
7689
5687
8189
2967
11878
3896
1549
995
8663
3743
4025
9545
543
11734
7301
9632
560
6140
9669
12182
3362
5872
2093
12294
1484
5802
1945
8139
5362
6705
7404
2336
12043
10614
1141
4213
4871
5720
1499
2238
6550
3272
689
8428
2728
3915
8570
10668
3183
10142
8991
12208
2185
1768
2189
5532
11972
6450
1245
8021
9853
9951
12060
11285
9030
2410
2117
9110
4578
9329
749
1082
667
10635
8514
10718
9103
1580
3410
10863
4589
11615
2521
10143
2373
3302
10315
10642
11915
4692
515
3293
7226
8323
8252
11425
3805
11585
6602
6344
8085
8858
11000
5074
1406
8851
8142
2487
742
10884
5500
11743
3283
3600
3331
1583
9674
3277
2036
2077
11960
4530
10025
11145
2193
8809
1566
590
1178
6746
12313
8753
10020
9421
7823
6355
334
6261
2921
3775
3621
9097
8631
4870
3586
11890
214
11537
1853
5823
3019
1700
3560
4903
70
10690
6665
12071
166
11618
9509
702
270
10298
10325
2013
7028
1840
168
11819
3497
3765
7083
4810
10689
6441
11841
577
6370
3584
5203
1348
7447
881
3904
8893
1848
11524
550
11419
4773
8208
140
2145
8464
7515
2330
12028
3687
1029
8529
4331
1438
4461
4818
11670
11480
986
7978
3034
2183
656
7684
4210
8911
10547
3176
1308
10908
460
5373
9817
6196
9745
4685
10240
8892
9402
1630
3990
2666
465
6174
6324
2003
7023
7951
6234
6112
10350
8045
1952
11102
8127
7920
7686
540
3301
5140
8665
11955
9989
1762
10329
10809
8670
5476
9399
5706
3201
5971
6452
7222
10592
11657
7058
7043
2010
736
4342
3746
4118
7647
1894
7602
10010
9391
3610
9647
11292
11920
4499
11698
5228
9718
7110
2839
9044
11161
7349
8654
8416
3764
11886
5006
1041
2070
2919
6020
9167
1225
11806
11528
1753
8089
7724
1416
1012
9244
12161
469
3545
11492
11885
1977
8344
999
1120
8158
153
363
10567
4493
3181
970
2877
2104
504
7746
10172
11947
6419
12277
2475
4715
2537
8908
7201
6693
7554
3762
5457
6270
3429
739
1512
943
12271
11124
11089
4844
10361
3867
6552
5815
5459
6461
5522
4552
1639
6681
4020
8590
11334
2545
5528
5319
10449
6999
5225
10935
2378
4184
10209
6601
10590
10174
11905
1678
9667
7113
7237
5438
4363
11440
5812
4983
4260
8667
8615
6623
8356
1133
12140
10345
10476
1014
7272
4264
8185
12308
2023
8996
11105
808
2144
3942
6199
6607
8742
11944
12094
10790
4680
6891
8861
4177
4740
2504
4453
9364
2846
858
789
3175
7071
10909
7855
10289
5149
4819
11465
5906
6502
3106
7932
12086
8288
7828
610
3165
11888
7315
10631
1812
11842
6071
7631
6580
8480
5787
3316
5186
6044
7075
8730
7192
9195
6643
11811
10736
6686
5924
6513
5533
11590
6497
10012
10951
6757
10814
6482
11975
4592
3519
6009
9477
8708
2717
5619
6293
9601
12298
5396
10065
7438
11468
2560
8367
5293
3390
5443
8726
11437
10741
8346
11251
4489
9060
10898
5243
8934
11877
11812
2862
7600
9095
993
5128
7351
8567
11012
161
6456
8975
341
4683
7836
10139
12106
3959
3073
5053
5589
328
3347
10971
743
10726
2913
3953
32
6720
12227
10140
4081
427
8164
8864
8434
2127
12221
2716
11447
5691
1705
11006
5598
5935
10275
7973
9942
3412
1634
11203
8224
7324
12058
12305
9973
8489
682
10902
8423
5235
5184
3547
8182
9066
3125
1816
5141
4618
8215
169
3822
3214
11804
11997
10141
844
11665
12320
1032
10574
11261
5797
2996
12142
1591
7396
12321
8437
2060
12101
10496
2596
133
8271
9739
2682
1877
1293
3399
12097
7073
10581
432
12315
6767
11954
9398
2199
10314
1534
9259
10763
10520
10941
8821
7027
6127
7444
3735
1047
8290
6677
11938
1030
6909
2139
1598
8649
3790
5478
5700
1615
5292
7160
10405
7573
12240
5385
8907
9078
2459
2176
3877
3973
10643
2197
7403
9997
4707
9219
1355
8873
8289
6888
12016
10845
1373
1622
10058
3566
3282
2888
6326
9825
8915
11274
650
8155
5958
436
7126
6360
2051
184
9397
11633
12160
11344
8236
2431
5602
11828
208
2594
9002
9830
6070
6244
3681
4347
5818
10357
4004
949
6787
7162
6977
8427
8328
1668
9506
4349
9508
6963
433
2303
438
4182
8201
4012
1324
9805
4501
5024
9948
4828
5303
2480
6101
1893
6249
765
9468
10378
7131
10829
12162
8378
10841
4716
7295
1003
6409
2067
2413
7287
3784
11829
6320
674
6465
6762
8161
8703
5026
3893
10569
11690
5895
8507
11403
10233
7606
719
4537
11642
71
3405
457
3524
2321
11054
2474
10918
9988
6111
8532
2177
3452
8951
2932
34
2319
4788
6998
7265
8098
6233
3202
11589
8133
5449
11211
4154
4422
1498
2808
7882
7022
5553
136
3418
11525
6263
11438
5281
10067
5096
6698
392
8625
5102
3883
4452
5520
991
1203
276
3449
9502
2785
6454
3525
5294
3991
1590
11176
6781
3006
113
4063
2735
12224
11249
3138
1899
4168
9841
5108
5660
7548
6557
4546
3996
463
7753
9090
11930
7569
11774
4128
6958
2191
3156
9464
7846
6313
10390
336
10484
826
559
12263
10489
5075
7457
4194
8420
5861
7326
812
4764
10576
12176
8130
4852
9293
11163
893
6096
11237
1442
4918
5408
2693
4551
9369
6751
2753
3744
6927
10498
11040
9536
2175
3373
1037
3371
9082
10868
4616
12156
9719
9844
6027
10648
51
5153
6328
718
3090
12185
1801
1830
2601
7391
7870
9883
11627
9662
521
1411
6974
6670
6770
1340
5901
2296
660
855
3337
4798
7678
1973
628
10127
9559
6988
1586
10045
1356
9834
4719
1552
7481
8102
6817
2803
11523
488
8618
6642
535
2675
10977
2673
11598
2148
11100
3916
9038
11775
10354
5439
115
2498
5191
4705
4237
7239
791
6902
2043
9210
4567
3971
11426
11645
10102
9798
8698
9794
1854
7273
12151
12188
11498
11221
11321
1121
10640
9806
10595
10380
3145
6616
2211
8049
4857
5330
10622
2678
4520
10198
4617
1382
2108
11802
9891
691
10107
946
860
2469
11643
408
1429
8241
675
8082
2539
2284
5600
6188
11311
3168
6894
2705
865
9039
2663
4869
10331
7864
6565
1070
5342
1774
4274
2365
2640
10665
6832
10367
6337
5190
2009
11723
9783
10403
7664
3827
10013
4526
9017
2850
5312
11609
1633
2924
7108
3848
12136
4285
455
3516
3171
4251
1584
4800
11174
620
12009
6262
3225
10802
1300
11509
10379
7723
1909
4162
1962
1412
7398
10880
11676
7655
9379
6331
5246
4233
8933
4171
2620
9574
1994
10578
7599
3553
870
3999
262
1720
144
8818
6574
305
11884
3135
9720
11489
4931
8758
10210
12018
6906
8979
5946
5893
3060
8860
9228
9234
7656
8206
8086
177
9064
3672
11988
8087
3965
5386
11307
9874
6173
10472
2876
11859
2316
5516
3796
4780
11080
11061
4952
7314
5633
1385
5212
3782
2355
8496
4760
6118
11411
1808
10047
1265
6148
4470
11391
5118
3203
8266
519
5804
9008
12116
7837
7429
6167
910
11612
10204
10317
11927
11666
2050
9801
5613
6116
1525
9260
8106
9314
8658
1747
4336
11262
11327
2692
1266
5543
394
10129
6854
2119
9046
9048
1925
9596
6381
10774
3663
9469
11616
287
10424
3806
3550
6841
7916
5827
11413
2041
8928
7293
11418
2724
10175
8982
10450
7048
6640
9879
11787
10748
498
7728
11814
8954
3306
4439
7105
7878
2700
3285
1842
8408
552
12042
12258
1867
7614
5584
8887
1898
8966
4745
7904
4077
6073
2099
9232
5688
9714
10850
156
8798
8036
9068
3674
4355
12266
3609
5627
10661
1971
6306
6900
5494
10146
5224
81
2619
7345
7283
3431
6947
3957
10519
11053
7551
3623
8511
12158
11832
2826
8310
11767
7706
976
9013
8717
9902
9251
10782
8889
3169
7956
10451
527
4825
2884
4901
2121
8613
11037
7862
6861
11401
11714
2138
4122
5486
7036
7872
1607
3842
1494
608
4909
3119
2325
7350
10702
11536
3348
7135
10914
8715
5200
9571
6884
1419
11731
1604
4463
9837
11190
3215
8068
11778
8869
8113
518
3879
4049
7158
7832
3166
4015
9255
7306
10750
10349
10455
5842
12280
12206
6582
551
10860
5894
7264
3402
7269
3241
5133
16
3807
9969
3526
12073
737
7025
4647
10342
7750
593
2269
7282
8646
5727
903
5774
4997
8200
805
7725
10828
9382
11380
3229
1116
5909
8633
10364
7292
7844
9341
8383
6848
10797
3841
5417
2778
11300
8147
8457
2706
12023
8368
6224
4979
11457
12299
6965
5729
9697
2530
9359
759
6825
3929
3575
8218
3583
8232
79
11641
6856
11367
4425
4743
9340
3276
4421
6446
7661
5233
4522
5649
1883
11883
11701
10559
1711
1260
11958
4302
484
2757
846
9175
2263
9171
5754
8194
652
8989
8240
1777
182
684
6728
3009
11576
3828
7386
9300
5393
338
12178
3502
5206
1415
548
8020
10293
10153
11074
9775
12186
229
2659
6168
444
9351
137
5027
10701
1105
6790
3315
8581
10250
3269
2394
7802
10389
2328
5442
6604
8782
9826
10071
403
4282
31
3871
11605
10575
2489
7949
9318
5115
1648
10330
2739
4407
5731
5625
6682
167
5450
11749
11156
11254
6858
6724
7140
3944
9361
7232
5565
232
3014
1863
4942
8389
12247
5610
10943
1211
213
10674
2059
4634
7981
10406
6788
6089
10667
5829
9442
10794
5809
9700
4969
3710
8916
6229
9181
3196
8004
8766
7399
4385
10628
798
8038
549
3072
11756
11599
7217
11212
7291
11548
1641
10976
9388
2008
10501
2492
3590
4099
6069
12076
2086
9216
4126
2478
11322
1782
410
9344
6100
10824
11937
10070
9416
710
5624
1069
12244
1408
217
775
5888
2332
4382
6039
1486
7045
4508
12251
940
6796
9496
8964
11790
10005
3417
2290
8267
4536
603
4348
4328
6471
6907
2483
8831
9538
4333
8466
664
5636
4953
2672
6318
11205
8952
4911
2583
7018
9912
10277
4938
11635
4961
4495
760
6632
1515
308
6219
6323
12048
7285
327
9184
2393
10463
2463
1403
11377
4758
2338
50
2987
6503
4865
11487
440
6928
2889
1063
4468
1831
6735
9633
5390
2979
2493
6247
2874
10445
2244
8890
7441
7585
8842
1378
9523
2381
840
5838
12261
35
6002
11094
1960
6222
7660
2368
8545
3799
4868
12173
1930
9766
9380
6810
2349
8973
6133
329
6006
7219
10487
5525
7531
2603
12302
6364
9159
2837
7343
1571
11159
1729
7921
12107
5117
3801
7645
1151
6136
12072
4060
9371
377
9486
8770
10299
8047
1477
6
587
8955
5344
7694
9691
2298
7858
2246
10878
1466
8165
2171
5916
9567
7020
10074
9641
1879
6496
10159
725
2669
6246
7834
10812
6359
3669
6085
5993
1513
8956
3982
8171
5865
2129
7821
2569
5501
378
10998
2980
4062
3704
3146
5966
772
6387
6524
8643
10545
1288
12141
11098
11838
10189
579
15
9474
3366
8195
6937
9622
11664
4428
8604
7668
155
11381
11150
4687
5081
10662
7744
8453
10437
2282
4785
11685
2229
8669
3779
9670
11382
6125
5155
11059
10304
6345
11939
2606
7933
3117
6539
11416
6889
6886
11776
8490
8309
9557
7992
6622
4504
5069
372
2213
10004
9758
4008
7757
4888
4834
6966
5593
10218
10439
5510
7167
1919
11897
11338
3523
642
4540
9926
5371
1543
2151
5179
3910
8733
7100
9895
4804
9963
3110
6740
8053
1195
8711
12013
4364
9420
645
9127
12025
10813
9976
8369
10563
2665
104
5322
5881
4973
10965
7543
1131
1847
3507
7845
7375
6480
6819
6609
1951
8160
2655
2259
7863
4301
11934
10833
7384
1901
6771
690
9751
4599
9881
5331
9529
4496
7961
10633
1013
2320
2562
2031
2092
5048
2835
6217
3731
12088
3228
2383
6211
12102
250
7847
12111
5764
2998
8276
8885
1395
4498
6980
6402
4858
9256
3093
8332
8606
10715
8319
8886
1524
7814
4902
11225
6556
11876
5899
6084
11275
1814
65
7612
11895
8761
11699
2363
6662
4243
1237
12105
8844
9299
1699
1023
9476
1192
7159
6773
9083
7891
2377
3275
6744
5236
425
1564
2849
8137
204
3457
3634
10732
5799
6252
7911
599
24
3139
2904
8543
10225
5638
8211
475
11742
11554
4541
1035
8334
8132
5963
2527
4528
4759
11560
351
4786
10068
7928
981
8894
7533
12203
7387
838
9623
11434
2806
1096
9983
9041
73
627
4723
938
1923
4636
11164
1480
9116
525
9890
2605
6368
6010
2905
1084
3097
9773
11608
2312
5129
12209
7154
11619
10339
2162
10256
2345
2116
9818
1098
10132
6589
4915
8826
6793
6017
6404
10227
3577
1236
4808
7663
3531
9938
9505
4568
10513
4829
1968
5666
5707
7365
9226
8519
5571
4426
8891
312
3814
9643
11553
9179
7091
9073
2807
6146
7134
1616
12262
2781
11216
2794
256
4737
11801
1921
2815
7187
109
9922
10934
6676
8473
8501
11427
1089
4631
387
717
4279
6935
337
12121
4853
2743
3472
6987
12027
3592
12149
3751
3499
7506
7421
5743
11961
5948
2531
9242
7382
7370
7988
11540
11160
6931
9162
10205
3005
5412
5263
10215
7791
3209
11151
5325
8623
8199
1110
3396
10336
4379
10747
1836
11818
8141
10983
4509
7238
9156
8709
4927
3059
1136
7327
10101
6684
11028
4669
6296
1957
4956
6336
10120
8170
8510
5123
3528
366
7471
2551
129
8279
5257
2723
11668
12234
3230
4009
1987
7743
12068
1333
11135
9099
11121
6522
1278
6398
20
11918
2287
10297
9140
10461
12200
424
7121
6393
7822
9276
4254
5932
5033
8962
4500
4014
9923
3620
5279
7101
6269
6194
11256
6864
556
2962
8600
1850
2775
7999
3157
9851
7432
4645
1124
110
7897
7889
8781
1010
2965
12153
5167
5215
4456
11350
7094
4674
4746
3100
5290
10729
2047
3255
5180
357
2415
2719
3907
4221
3578
3458
1452
4002
4556
2101
9075
3130
11146
8866
2397
4088
9451
11709
8558
4946
6915
1388
5810
3260
3761
9400
11183
88
5059
2744
9764
10306
6185
11544
2061
12133
6298
4085
5998
4652
2182
5198
615
8451
7881
1542
2708
12046
8586
12000
7880
6490
8863
9491
8925
11113
10524
6806
9004
5170
1043
1740
908
10221
11373
4203
5282
6268
11446
10084
9953
2964
41
11902
3740
575
10696
11617
8577
1661
8981
12035
3220
8554
3479
9686
248
5670
12235
2149
4802
6936
3432
5078
11328
2392
11629
1381
69
10186
11368
3652
5900
10944
8426
557
11766
2506
6715
7010
6349
12011
3356
1305
332
1864
3482
7818
11871
2348
6990
780
11320
8440
8403
9185
11569
1200
8598
8145
1451
7125
3063
2103
9218
8205
10471
8011
11360
4587
1394
11312
7040
10281
3069
7598
2570
4921
11141
1501
11068
10257
7476
4889
9440
9049
4610
3286
6896
11250
3514
9565
3463
3487
5583
950
3233
1251
2062
4481
11308
6130
1221
2575
1295
4181
3451
6330
4756
3445
7177
1350
7318
3224
3109
7761
12310
151
1446
2280
11823
1929
2098
5150
8987
6376
1568
6395
1045
6546
8300
4581
3902
6166
9028
6993
9581
1739
9328
9809
10208
5188
11531
1034
8997
3649
7722
11282
4864
4109
10778
2169
3903
8965
5324
10179
7337
6868
661
8104
3459
6613
4433
2445
6845
7592
2401
6678
4574
7940
7145
5547
10905
10077
537
11479
12250
9240
9096
3204
6346
1218
10843
9816
7948
5479
3321
10429
3352
3715
8282
12087
3579
824
796
7803
3758
2353
7151
12115
1818
9334
9194
2254
11990
1637
10795
344
5942
2519
6159
12012
6813
307
11697
7819
445
4641
7319
5923
7060
3227
3712
8757
6898
1208
923
5777
11331
11281
7170
11116
5121
3791
11508
8607
6764
5986
10985
3237
11290
2611
1352
5013
10945
8157
7595
9760
1667
8721
11055
541
7004
9904
7059
1150
7450
5599
4806
8390
1140
300
11925
10611
2945
4332
815
9356
3645
3927
4781
9661
2444
8033
3954
563
4139
2568
11244
8535
2730
2610
4928
11008
406
8555
11870
9528
446
971
10284
11108
11199
10919
1232
4206
10822
7783
9125
2598
6627
4790
8150
9678
4622
10764
2384
6952
2940
10134
8922
12021
11309
6275
7695
215
9031
9979
7305
3576
4584
3234
11807
1949
9920
5892
12124
11495
11998
7133
723
12319
356
1364
7104
5972
1243
6683
1270
8329
1011
8474
5967
11817
11748
6003
5800
7629
10035
11476
9985
3936
489
2358
8349
2617
5394
9551
1710
8830
884
6131
4367
2331
4164
9142
9346
11500
3053
10391
1826
3268
5380
4466
8941
3369
407
4378
11252
4511
11030
10135
3061
10474
10553
3738
934
7692
8785
9577
6487
8512
11128
4052
5030
12164
677
3172
11204
11921
5657
3420
4993
4034
12296
1102
7699
9387
2502
9092
11735
8456
1518
1956
790
1068
745
2726
4939
7115
9910
4263
2565
2657
8906
6458
9639
3513
6407
10486
3979
5058
7596
2938
5568
5383
1327
5135
10832
7364
2200
8330
402
5623
10770
4389
11315
3875
2482
8930
8131
4438
1435
12314
6209
5648
4630
8384
5343
1128
6088
3297
8583
566
4970
1628
8026
5989
11671
6283
4160
821
10527
3140
2462
6036
716
2607
2304
5644
6093
2040
303
4886
6443
10780
818
7514
9547
5208
5405
5106
6137
4712
2253
8455
2366
8919
696
10037
811
11919
4862
5679
9434
9542
7446
405
1654
8253
9337
9561
1772
3091
10090
8292
263
11185
3931
5271
6944
900
11760
4809
10990
2950
11834
1978
1360
5541
1694
11449
1220
12148
6132
6335
7637
10619
10594
9524
11077
3180
11815
3003
5713
7492
11677
10757
11370
7638
4484
4469
5555
7915
5951
6029
358
5055
12096
2488
10021
7191
8442
11808
6641
7184
2126
6908
10341
4340
6745
10310
3101
4987
2283
6156
8875
1307
9716
927
2333
5701
11853
1608
4172
8823
5910
2935
9683
4242
11168
8178
4082
2821
9708
5388
8641
8929
4388
2628
8234
3298
4512
11051
2915
362
9470
9896
2111
4812
8422
586
11389
186
3011
12211
10464
6948
5251
9824
3856
11578
10568
3244
4095
2637
1277
4270
9383
4766
7674
10388
12014
9584
3355
12225
11436
7732
2470
4006
3565
6369
1679
6983
7787
8679
1161
11959
10396
8629
7633
11906
1491
2408
1516
7485
10266
1789
5628
6559
6232
11044
8855
483
8579
10608
10111
3153
6553
5366
10196
10151
1631
2910
9209
3795
2534
2432
4275
10942
2020
11712
3679
9257
9651
3057
1301
1345
1900
476
5630
315
100
7767
10416
6835
10418
1563
8221
9168
6340
9965
7188
10825
6198
8640
7985
6436
3055
7034
9592
5856
7733
3872
3266
7200
3416
12248
6399
11453
8639
5217
8655
197
5103
12122
9286
9796
11454
10504
9936
7253
5195
7525
290
2627
7086
2178
7443
1733
9107
10155
1617
5425
510
6838
11341
9553
9157
1285
4880
7275
7966
7954
501
4092
11660
10044
744
10522
4130
6914
9668
546
11082
631
8848
524
10234
6877
11050
7049
10166
11194
2217
10324
3912
11466
8957
8881
4447
4224
5274
3401
3798
12159
2881
379
3690
7179
4738
6885
583
120
4353
3433
1644
8429
11087
2460
4093
7155
5877
1117
5220
10245
4684
6092
11720
3127
279
9117
5113
3385
8763
6034
4448
6223
11349
700
4972
11208
1758
4583
11209
8074
5091
6797
7031
8317
7229
1369
9376
11035
11795
9893
5705
5538
4051
4967
2347
7092
12004
3411
4488
6065
1179
8210
9426
8124
5835
11056
6969
11394
10947
8806
8569
4357
10371
9755
4748
11936
5990
6260
8895
10907
2890
5839
5270
3333
90
11646
4736
7868
18
3035
8452
10796
1315
3421
753
7097
9582
754
171
11579
11651
3809
8674
8092
11166
7172
1398
5318
2407
11993
5107
2661
8518
9460
5216
6427
2546
841
10193
1862
4699
4849
7098
7224
3111
9187
11839
562
7473
5183
2069
7267
6743
92
4534
3572
9241
8090
810
1730
3505
7127
8042
11929
2941
5402
8571
9320
10115
6857
1056
794
2782
7549
9467
11455
4975
2571
4226
11624
3159
1856
9384
779
5124
9428
516
2670
3280
2553
5265
6626
8273
4720
1745
4815
1953
1645
1851
7033
5300
9301
3303
423
787
3439
6238
3492
11595
10882
5173
11610
5548
8202
8176
6357
1240
11110
9702
6435
11283
4283
7129
10803
11630
3361
730
2262
1683
924
9343
9475
10370
230
267
434
9952
1609
3733
6529
3909
1680
4639
9681
5732
3493
7545
7561
4191
1578
10994
3707
12233
5097
10544
6924
7610
11003
7298
7547
3757
6910
8632
3370
2604
2654
11073
1177
4067
3993
5635
5269
11567
7147
2275
2754
9488
10993
3104
2014
3760
8305
3044
5426
9721
7720
6802
3901
10032
4814
5650
3653
8549
10337
27
6114
10114
5759
10740
10512
2928
2180
2766
1344
400
11405
2538
7513
7635
10410
4161
12132
11575
11968
6257
5086
1392
5080
5581
6203
7618
1085
10523
10746
2150
9173
10136
7250
850
9685
2984
5527
3741
3642
1493
5152
1981
9767
57
3339
6028
3888
1959
11088
4608
2714
11270
12022
10360
3317
6478
7213
10335
4998
7085
4027
5492
11741
10927
6518
7969
10122
2966
9197
5368
5847
7322
2291
9494
11891
11076
6749
1983
4792
5668
4267
10475
9863
7683
4198
11067
6008
5766
10147
7035
3048
8525
7402
1253
2270
5902
1554
1887
3353
3847
6347
4241
1186
6874
8815
11719
8603
1541
8683
636
6117
4098
4083
4550
9811
3376
11620
8446
3511
6024
5857
3568
9929
10587
2930
9792
10602
6940
11926
8576
5432
6242
2725
7938
1377
8037
1876
2556
1463
3857
1380
2279
9707
2417
2339
9040
5982
6077
1042
9778
4885
3107
722
10316
7734
5413
4150
687
10290
9093
5418
8191
7681
2166
6081
5837
10903
2756
11179
7856
8564
1005
5001
78
4078
45
8387
393
11415
11023
7727
1663
1281
2914
8499
3131
11951
8596
10318
7965
9572
4268
7950
3664
7869
9845
8413
10819
4104
1160
11532
8503
5288
5019
6576
11079
10888
6669
7051
4
5137
5346
11058
7620
1954
7280
7204
11507
10356
497
9466
4053
6417
703
8538
10106
1672
12198
8063
4169
3737
7406
3571
914
9011
7139
11038
5095
7942
343
9588
9454
7977
648
6696
9463
1759
1985
8659
7564
3199
3624
4763
1575
1273
1229
11186
6317
9172
4467
3049
6042
4614
12183
9406
2855
7141
8505
5164
10076
7755
11293
9573
11276
9108
2653
11090
190
10448
10083
10842
12228
1556
7859
8296
845
2461
10220
11133
10251
4693
11865
5816
7156
8144
2660
5886
6685
5467
7628
9924
6624
9001
3709
5709
5131
1756
6700
9642
11680
207
12306
283
8793
3612
2379
880
7
10788
1182
6831
4065
6204
2517
12166
3881
2447
452
10359
4539
6729
4377
7056
8695
584
5612
4725
9590
10515
8159
3185
1698
7459
6237
7236
9649
8865
9664
3161
7005
7838
2292
10
8094
2369
2458
2022
5870
11707
10344
12169
5596
626
1715
1362
4230
10296
6439
11407
5249
6515
7505
1509
7379
10719
5079
11347
8838
389
10735
9131
9410
4135
5147
7002
6508
906
8648
4156
8530
10436
11526
4940
5308
323
11288
11872
8184
6512
3661
11718
224
3012
3589
3403
8550
10500
3797
11700
4197
1320
6154
10161
727
5620
3865
8837
6528
8341
1594
11316
7941
5364
8315
2026
1602
5531
9703
422
10583
10720
1144
9617
9972
11957
7261
9170
4262
7707
3884
8459
4021
2001
4668
5199
2456
9495
5904
10988
2170
4752
7751
10095
3997
9235
9321
1685
4276
8998
9877
10036
7745
10385
1599
5296
746
7329
2567
2255
11908
7690
1545
2683
8197
693
6547
7475
2412
4959
7958
1946
1540
9728
9174
9309
2494
7759
6755
3985
9915
5949
5039
595
7726
7800
4042
6664
9126
9971
1134
9283
5659
1443
11462
7410
4833
6674
10026
269
11215
8339
6121
11014
11213
11844
9937
7138
7467
7448
9357
1676
6869
11502
3095
8229
4726
522
1482
2266
7925
3359
6431
10254
3312
7418
6851
9119
6962
11393
8379
5953
6045
8421
3198
7893
12084
5007
1734
8650
1790
9275
8504
1943
3530
609
4010
1219
9109
5175
9483
3659
4887
8686
12067
707
10916
8258
2952
3703
4429
2091
4654
1861
11798
82
10629
6913
3808
2623
11165
4292
7234
1560
11555
11559
11136
11364
10308
935
6250
4559
1461
3335
10128
1950
10176
12180
4642
4356
11473
9886
10073
6254
3437
3080
7778
7742
5000
10351
8284
11047
9071
5988
6563
686
7426
10768
8445
3626
12238
7776
9909
1224
5852
7228
7754
2351
10156
5626
1646
7077
2495
2477
1517
11052
4458
4141
3960
10526
10038
9035
9842
10879
3922
3319
11923
11325
4459
11084
5851
5398
3313
3639
11467
7593
11847
10499
8765
5320
7070
4176
4821
390
5042
8836
5112
5491
6606
747
418
1576
6605
11019
9392
1890
741
7884
4158
7389
8251
706
11246
6843
6150
7164
9808
5871
6774
2174
1479
11026
8399
3248
7380
1897
7558
1421
3351
12015
11171
6035
6733
12264
11129
1303
6590
1471
10505
8905
11264
9692
1130
3235
3988
4784
2641
6319
5607
1600
5663
10444
1553
11488
8883
10211
12285
6863
7195
7166
3976
383
11167
10542
6555
11142
3956
1497
2314
7671
6695
2986
6545
2770
8335
6426
12139
651
761
7544
4416
3018
10459
5073
6013
2411
11126
11692
1809
2422
4731
1088
1457
6445
5934
2982
12154
604
6732
8706
10917
7453
4441
9362
6531
2944
9239
8056
146
9903
9054
6946
10422
2202
2435
459
12062
9499
4878
4269
6895
3478
10007
6523
12074
10651
8109
7650
11763
5406
3304
9870
10222
8619
10597
3644
897
5090
5667
4209
606
1189
5272
509
3640
4750
293
8597
6789
4514
278
4394
1815
4344
7990
11294
11505
9352
646
10006
9408
7468
12113
353
9211
495
8852
11799
3551
10442
309
4751
7946
2240
12100
447
9215
5672
3932
7037
11062
7939
6717
9290
4787
355
11511
4417
1358
7758
10069
6438
5716
10415
9913
7781
1689
10419
7445
8007
11081
5791
10541
8153
11792
11769
8192
6271
437
11075
10480
10387
9621
10840
2243
11385
11726
6142
3501
6619
10029
963
11001
5629
2457
585
3007
9332
3287
4186
8787
7896
7486
8720
2308
9595
11245
4710
1215
9958
695
10305
10485
8774
10955
10996
1075
4929
10603
2016
6537
5572
4310
1204
1067
10431
12057
6433
7032
9291
3023
4383
1926
1216
4157
10346
12236
4119
466
8582
2711
7231
5919
9450
9317
5262
5676
11901
9828
12245
3027
6984
11862
9780
3701
3994
611
1399
2313
3381
12326
3705
668
8411
7205
5880
8792
7815
7424
10014
5189
3774
3594
2167
2822
6055
5567
10551
947
10046
8602
9521
11900
6289
247
4695
7348
49
9527
145
1092
6791
5836
9153
2577
1708
7522
4644
9786
10586
4066
4564
2329
8822
3938
3815
10050
5582
5733
5846
5941
11704
639
8465
7766
11894
3512
1206
3467
6462
10158
6397
5025
7176
10887
11229
3503
1469
6354
5977
3071
2972
10655
2409
3218
9597
10392
8605
10258
411
6286
11510
39
5472
5009
1709
7944
5143
5952
8270
5345
1181
2576
3447
7417
4478
10320
9906
889
680
2481
8075
1439
8397
9105
2396
3749
5891
8476
5995
2791
7013
5740
2783
8226
1757
11684
11223
5843
11228
4423
40
5227
4473
5470
8186
3162
7705
806
802
5755
9136
7995
4502
4087
12322
7063
10383
1187
7934
7288
5060
6187
11710
2017
5353
103
899
10018
8904
728
4127
9646
4214
4061
8801
10946
2048
220
5853
5539
4271
637
4667
4735
8337
1903
2851
4807
5084
6107
9386
2341
699
5261
784
11143
9945
9047
1207
11214
11346
1217
5256
6833
8994
1860
12112
4897
1020
8835
1618
7646
3307
1527
4753
11095
5747
3132
8396
12165
957
8325
7887
4134
9843
5511
2350
10571
9981
4334
7914
11827
9353
399
2827
6273
12
5035
1891
9660
8857
1276
9350
6343
11158
1176
2587
7210
318
6422
6865
5855
200
2289
5874
10859
7979
12201
10328
8976
4113
10827
10253
8111
5824
4872
6463
2380
3671
5931
4733
9710
8409
2454
1693
10781
11083
4487
6527
6208
3328
6706
2616
10952
6954
9407
1931
6968
1979
1338
9057
517
6279
6828
7093
7662
4988
4831
9354
479
6932
1565
4143
3022
954
89
4446
5397
11301
4689
666
8151
3986
7912
7841
6493
5739
4239
8062
9514
2969
11004
4281
11696
8312
2525
10852
7182
8352
7866
8491
4443
8058
5034
3358
4462
8064
4895
3462
4694
2080
6636
11622
7317
1375
2346
9717
242
8359
2267
350
8424
4112
5817
10710
7385
8481
1222
461
1828
5841
5862
9613
10343
9921
6059
9977
5110
8303
415
3711
2326
10079
3635
7775
12275
9145
11147
11015
6786
7556
10481
1055
2473
9149
2025
3419
6153
1109
1214
11831
9497
3289
4114
5340
4658
6352
1881
4523
5399
10265
7700
2847
3962
3086
2337
6763
8414
9492
7082
5529
1684
1561
5267
3263
2212
2124
10644
2079
10706
9269
12047
11318
241
2035
1587
2943
11461
11867
9580
10556
7902
4094
1581
10322
9233
10165
3777
11323
6294
4338
3978
3066
11681
7171
653
1834
4974
1779
5142
5807
8302
10434
7972
7346
7215
10721
7634
10593
9731
861
8690
1257
386
5712
9663
6021
1914
3548
3324
5822
7259
12110
8375
2250
6517
4951
8333
7310
8134
311
1021
4624
8152
1592
5291
449
3177
9770
10676
1614
3518
8059
5052
8580
4678
7122
8506
7208
7714
9994
3892
1106
1294
12041
5614
5664
9267
8249
4217
5125
143
5205
7959
11640
11572
6752
6736
7498
1086
12295
11728
4289
10470
3322
673
5130
10589
2721
26
4215
2038
412
8298
11881
8668
7078
9285
46
592
9579
7401
5681
9220
7312
2294
7909
10766
122
9238
272
8228
11661
8986
2247
2194
9306
4937
6147
4044
11614
7096
9271
4028
8813
6599
11115
5054
5980
12196
5447
10851
6455
9785
9892
3597
2686
5323
3008
1626
8849
8096
6997
1104
4225
7964
4742
11983
8472
2579
1755
8225
5521
1127
10133
2631
10399
7242
9771
131
2372
5763
1656
3440
9297
985
2902
11392
5959
9000
4056
43
9513
5241
10933
3817
5424
12150
3299
3208
11571
7335
11057
2426
3788
6380
7604
9839
8
275
11604
8759
11678
8076
4713
2395
883
10698
9671
8675
1885
7735
3354
7588
9253
221
10285
6358
10502
10267
10093
1521
7572
4570
11717
7216
6949
8833
9322
9424
7617
5455
3342
3874
7994
11952
11979
6573
8647
10759
4492
8751
2490
3767
7342
397
93
12190
1343
955
9713
6307
2172
4070
10688
7520
7198
1080
9489
1175
10773
6860
4575
3456
5673
5093
4005
3500
1624
5431
413
7495
2295
6126
9086
11153
8095
9296
12104
2436
7006
2829
4323
10954
1430
1688
3527
7206
4107
10656
2428
10854
1761
8737
7532
1038
1242
10564
6144
5750
7211
3786
3077
6644
9795
3641
3515
7652
9281
11992
872
1917
6491
10053
375
12278
9372
5139
5738
12199
8105
11663
2402
12117
1764
1928
5192
1691
6961
180
6291
5557
6775
8542
6241
7464
4867
4661
482
8162
6410
6982
4223
7796
10798
295
12114
6507
3804
2844
1444
11903
3413
7824
53
4841
1744
5336
2110
5285
456
683
7892
12194
2054
2736
5377
3197
3736
974
9430
1775
694
612
6655
4688
4560
5357
2152
5561
1476
3483
9695
2820
11623
9991
2090
404
8725
2674
5219
10560
8388
10457
8936
6663
6956
5979
5448
8217
8016
3895
10857
11637
9607
2301
3392
12032
10493
5590
11217
9015
11613
11969
8039
3082
3128
2897
8983
712
2593
10040
8927
7254
6688
7111
10112
4477
10150
2954
9413
96
3489
5276
28
8502
11096
12323
9438
8174
8790
5714
2471
2912
607
1284
2134
7041
708
6660
5864
3930
919
1170
134
1101
2813
5936
8734
10937
996
8069
335
3164
5218
1272
12269
9152
892
1342
1049
10844
9310
7922
7469
9562
5793
7366
2248
9098
5395
2466
1532
1314
1869
9602
10347
10417
8536
9268
11725
2561
5172
1024
4728
7913
11688
11032
5306
7820
1256
3115
12007
7117
1787
8386
11582
10529
9530
10848
8077
6429
2586
310
1505
6772
6468
8101
9349
6394
10373
286
4192
2419
2056
6600
4482
6235
10279
7615
6566
9838
10582
7120
6991
1751
9305
1081
1770
11099
6322
9176
1866
4175
3532
1071
6363
5927
6569
7777
1065
6822
2797
3367
6282
4985
9043
10877
2710
4625
1448
7038
3148
828
11686
2540
2786
1601
9689
8372
9289
11896
2221
1407
4228
9027
7296
8786
936
7143
2464
8697
3428
6449
12131
3054
280
11762
9715
5554
1839
4232
364
8167
1228
6975
112
4250
11667
330
11444
5840
5138
7268
2926
4769
6753
8261
11485
8110
10494
994
6470
3655
7730
647
9531
12093
10707
9414
11491
10755
8938
1535
3178
1722
2524
1924
2049
10900
8622
3939
1791
1577
5540
9543
7622
4934
3256
3154
5023
685
10427
10969
10273
11291
2386
1467
4673
9230
9931
183
4820
8203
4252
2382
7613
11450
3520
3794
3569
317
5268
11379
11319
8392
8268
2572
2505
9437
4080
558
594
6058
6189
1920
6812
3662
5250
10352
10606
5015
11114
1871
8687
10725
11104
9006
1044
8448
8468
5999
1167
4563
7578
7799
5259
5796
4033
7711
4100
10453
11946
5594
866
1741
11242
1998
7715
11372
11132
2578
9864
3866
10034
8768
6308
1508
3377
9608
8803
2558
10968
4305
9443
11036
3608
9802
915
8395
3725
11289
8061
948
7352
291
8699
1422
8227
3122
11435
2917
10365
2204
1620
6031
11880
8539
4314
714
8156
12090
7169
9680
4696
12255
7729
12327
1263
11414
6038
1488
12212
1874
6026
6562
12260
2732
681
12293
11106
11783
7263
2626
7926
3603
1562
4372
1606
7703
6123
1855
4588
6379
10607
5088
1008
3643
6128
913
8515
3414
6782
3630
11045
3614
367
5578
11846
1239
4406
2136
5247
4261
8702
5307
12191
1821
6082
9395
3102
11287
3729
3770
3853
7320
951
1657
6390
8859
11956
7136
4877
8811
7669
2281
10913
2646
4765
2429
2468
8666
4730
6986
8454
7463
7917
9980
3262
1984
3981
11551
2030
12031
10967
12273
3714
863
8520
11978
10623
1611
5204
10546
6030
2985
8029
6312
9412
4047
5785
260
7666
11916
10000
3554
5458
2759
11552
1625
5801
2233
1387
4850
6206
11689
6425
1605
1066
12328
10991
6201
11333
7517
4384
8418
6091
3587
9146
9959
7304
11821
8880
5314
9704
11771
1198
1107
688
11353
10269
6048
6631
11849
2084
1162
10259
6834
5751
2391
11861
10742
2784
4444
1766
331
8348
5433
2647
12204
9705
6742
9846
5606
7756
4138
8355
7568
10180
7197
10557
5
1817
1280
10078
8213
7178
8967
11021
8799
7362
4307
1022
9774
2698
1372
2465
5017
2918
4431
4309
7107
8853
964
2765
4374
7330
10200
5414
2871
6068
178
11383
11451
7672
266
11810
5302
11764
2656
10838
6109
11705
7478
922
11484
59
7538
2609
10975
4343
10183
4399
11586
3341
4022
11352
5768
8712
9836
4038
6625
5616
1837
10981
1573
5765
7157
10246
6143
6551
7124
2053
25
3013
11584
1993
6519
6110
4518
2055
219
11974
1292
4803
6709
5496
3734
5280
7765
2518
8508
12157
10103
1425
6593
4097
5067
1184
6916
9279
4721
11369
2081
1906
9404
12144
6805
11892
4297
3732
5875
4545
3539
4794
1652
8223
768
4246
6215
4410
1669
1610
5907
6018
4026
10705
500
11625
731
2878
12001
11863
4123
4368
228
9750
10508
771
5071
3020
1255
6248
11893
6051
209
1934
12287
10992
8900
1935
8827
240
3422
6442
7243
5845
944
11912
5493
11602
1440
8013
9835
7011
8764
4595
10807
2544
11013
1004
7266
6378
4629
9737
8850
11980
2715
7611
8460
5621
2701
8419
11991
5896
9122
10278
4984
11809
10398
11577
4840
5119
150
10610
8177
4704
9088
6459
5474
9089
5718
10292
5814
7770
6595
2450
9832
2399
3471
1366
11386
3070
6617
9964
417
4772
3430
5389
4037
1875
8027
7749
825
5985
5788
7281
164
5105
1459
3756
12265
12155
9666
1230
12219
864
8870
9517
7541
10171
7718
7428
7807
10443
9237
11332
12049
871
2755
3713
9986
1655
11928
10019
2130
2186
7962
7150
8382
9709
3484
5526
13
5703
6505
6365
6738
10776
5642
203
11172
649
891
6305
9537
1845
11543
3521
10699
12222
9190
371
10886
4623
11259
68
4681
4140
5921
4193
2555
2988
10295
3654
8575
5047
10811
1907
9422
189
2790
2720
5252
6756
7907
8264
3722
3793
6699
5489
7809
8592
10394
2497
9180
4884
7852
3205
5653
3466
4846
12008
9982
12163
9163
1194
7998
3338
7879
10704
10109
4706
8470
1880
8805
4761
6155
843
8244
8125
5286
11984
8556
12184
4391
7255
10801
9394
8616
1941
10561
8216
4142
10082
8718
1249
6037
2580
7693
4351
6448
11747
511
709
2515
9539
3989
6989
17
2900
3292
5509
6567
2758
11917
7411
11170
9094
7905
6178
2094
4839
5513
9431
5156
3031
8783
11800
5697
1138
8135
6139
5854
5146
4866
2225
11048
8115
1371
8662
1238
5497
9447
6710
10890
6469
6758
8546
8467
11443
5165
1727
2695
7900
2893
6300
7153
11197
11521
3591
9166
767
5604
5961
4648
11702
7621
1961
10395
10837
9021
1538
11603
873
7968
3843
10408
1783
9485
12172
10197
8953
6726
11858
11200
1420
1361
2364
7270
2977
1660
6794
3846
11621
7737
1112
10377
12119
9123
7524
187
1588
12167
7256
4768
4580
7202
11836
11565
10531
7901
10953
11650
3771
1053
11155
11869
4912
2738
2015
1948
1137
10482
2887
5094
8433
3787
6412
11669
5162
11753
7189
9453
11326
3098
11220
9604
1163
9445
1409
3789
11730
3964
3702
5574
2796
8840
1286
3184
7511
8148
11600
6186
10452
1911
9779
1147
11563
4238
7955
9615
9254
339
6226
3745
5748
12307
721
5889
9133
9876
11761
8070
10326
6801
11940
4373
5536
216
10984
321
4513
6741
9804
7719
11746
6579
11948
6138
11125
9425
7616
8984
9954
2528
2268
12279
11539
5577
12181
977
4891
6102
10636
2226
3065
10700
7174
4057
8366
11107
8138
1309
4474
9829
6506
6704
123
5237
1145
10692
6591
2856
4854
9540
8444
2451
2867
3398
3921
8116
3343
4899
10876
5744
2058
11069
10294
9415
9223
6087
11805
8834
8149
11561
3535
4896
7009
1304
3495
10182
11964
10432
797
5789
10659
561
7509
10716
2764
3222
1965
2857
10658
11016
4947
9735
6846
11202
11757
1185
5264
11433
7779
8220
3627
11639
381
6714
1171
911
4775
12174
7641
12215
7624
7388
10414
5387
10899
4930
9861
1436
5784
1250
7383
3320
788
9911
9143
118
206
6256
10121
4400
4923
6570
4838
2018
1417
10247
3232
10591
3718
5166
12246
5430
1574
5483
11557
7771
9433
1400
11387
11181
8000
1418
10799
735
2076
2581
10925
11284
7199
598
8767
491
1500
3855
3947
7249
10734
3453
9957
11273
10086
6466
4506
6314
2875
12085
5045
4659
8969
6584
8462
11794
7483
3426
5469
6287
9277
6025
4365
8812
458
4211
2096
11967
5480
6995
10376
2181
10601
2033
9556
4547
