917
7532
1458
10968
9959
11118
81
11957
2307
3965
542
3340
7359
8473
6781
12231
9837
9454
7183
3812
9879
1107
857
6926
6576
11865
8327
345
7041
3922
3708
8045
12155
3303
6220
656
3300
1897
6314
5413
3817
270
7919
11694
2043
8035
9316
7914
6114
2919
7112
379
6237
11091
6596
5833
9596
5960
6088
6724
4597
8101
1165
3125
125
6495
11991
10933
5287
4154
5237
10165
5309
11228
11077
943
9065
1047
10479
3120
7245
2535
7800
10512
6375
11768
8973
12090
10675
11327
4793
7256
4122
11812
339
9690
11116
11185
8390
5759
3071
7589
6627
519
6080
2237
10394
4076
8152
4736
8842
10320
3197
10795
3723
5480
700
11633
11809
3038
4883
7460
7477
1915
2557
10835
3265
7074
8718
8313
5227
7406
9738
5229
6033
52
11267
9784
6836
1831
4913
11863
1924
2244
10797
7507
11677
998
3657
12139
4414
4048
2277
3640
7999
8138
97
4696
6446
6801
892
1122
3894
7237
890
9341
7588
7278
8648
7491
9235
7652
9131
11559
9788
7632
6947
6231
3481
10224
4053
3325
4797
1875
7620
8609
6460
10221
10625
5884
6421
1832
3607
7543
8385
6505
8841
8909
9229
8927
7051
10164
3117
11333
3168
1112
608
6639
7333
6132
9336
5478
11494
3162
4484
3433
4245
9390
5880
11769
1152
6571
2595
2268
802
5347
5025
4130
8551
7833
2168
11737
4524
12096
2755
7007
287
5637
2759
5408
10945
11995
11506
2315
8837
11839
11395
101
10591
1180
12232
9793
5566
9044
11545
6716
9921
5618
11849
9656
868
8647
9508
3037
3559
12040
7874
12210
4721
10842
10567
1768
7946
9783
10699
5173
5079
2883
2725
10607
1179
10054
1024
9319
2572
9042
4073
9933
7618
9786
7962
3984
4965
5776
5541
4692
5291
11534
1243
4425
438
11028
843
5018
9171
4486
6720
975
2130
8130
3324
8987
8330
2930
5462
8804
7267
2023
5182
1583
562
2037
10061
7091
8554
6730
4724
11295
4572
6590
7127
1334
2845
9052
3475
11139
1354
4603
1740
3883
11937
6016
15
10769
9540
11733
4847
10583
1578
5221
11561
5639
1730
5432
2599
2310
2350
6984
7259
7856
4477
8248
521
3785
715
3437
4722
7739
1589
2257
9444
10878
3436
9982
3760
10049
2385
10613
8481
7407
4488
1444
9854
8094
1031
1017
3431
5824
10621
11192
5033
8665
5304
8067
1681
4070
2415
4279
5787
1207
2122
2700
5563
9340
1404
6810
9511
8713
11558
9758
3908
3616
1483
12006
3828
6833
1986
616
10150
12146
2420
8310
2677
2193
6289
524
6979
11003
6040
8780
8977
314
4496
2529
10819
7904
3057
11938
3936
10760
1039
2711
5883
10289
1169
4258
1966
920
3693
4807
9217
208
805
539
9317
3682
6344
7964
4804
4094
1829
2872
5099
7519
12179
4607
4760
7079
8029
1923
10111
1969
5438
5689
9983
855
6512
5054
3678
6848
11470
8098
4594
9461
11425
333
12154
5732
3498
10509
9606
3648
11696
10538
46
6757
5683
10526
5501
11278
8312
2301
11404
11686
5448
10937
4511
8281
896
1392
432
3033
5935
6980
11006
9639
12142
4595
7540
4581
6069
3517
4690
7362
4079
42
9974
5904
11965
6450
3231
9865
3285
9201
8612
2570
9193
705
3310
8539
7961
2406
1323
4664
2317
12324
4708
5331
5718
3990
4494
780
5298
6899
112
133
5854
9442
2185
5931
4652
1358
4284
2586
2801
5708
3118
4643
4058
4458
6813
11437
2024
11306
3203
5586
11771
5279
8321
8392
11382
2352
8056
3313
4335
9489
7861
10969
8214
8577
4214
2945
2768
7252
7382
2902
10995
56
3506
4665
2116
4705
10267
7459
9976
1873
1977
108
9361
6296
10913
4098
10754
4400
1684
3166
2181
9529
610
11518
154
11296
183
6191
3623
5746
6403
10203
2792
9582
6390
3479
4983
3073
11429
11
5890
3243
2551
4250
4667
6710
4354
9500
3996
9534
2293
4503
1696
7905
5826
5873
2662
2789
7279
7262
7569
10701
4510
6160
934
9513
3577
6890
7750
11044
1628
10328
7583
10308
7053
5177
10154
5577
8151
10746
8275
716
1284
644
4474
5027
2034
2971
1436
10975
2313
3174
10179
10890
4397
3541
8065
9821
3995
4904
5999
140
10889
10898
8522
2804
8899
6155
1872
7215
10719
2816
7523
4344
12173
1263
100
3488
9024
449
5619
6339
5635
1685
10861
11389
5051
4996
10523
1636
5786
7065
8730
2156
9868
12030
4512
11032
4728
189
3841
7077
7463
11625
11120
5661
5030
11456
3460
1568
9964
296
3557
11363
554
10486
5608
7169
11831
8910
2905
3999
11204
2573
9806
6294
3628
6264
5453
7619
10434
7710
4096
8879
2271
2646
12056
7554
9296
9374
5044
730
8710
6119
1561
5100
3158
7777
3653
6150
9227
7422
5266
2397
7537
2668
1213
8052
4340
10356
8627
9527
9497
4879
7352
6124
1905
4421
4200
500
4977
2253
5192
6130
9005
9630
6051
7493
3270
1929
8845
8489
1219
12134
1925
3334
11085
5757
9538
3399
2240
606
9002
3647
7249
5053
2254
213
231
10854
3277
4309
12272
10884
6584
8073
9076
325
10181
3084
9687
4523
3747
7426
4556
2799
2192
3750
1199
10068
5450
1121
11156
2242
1102
8992
6363
7671
7653
4504
8776
8132
3320
8097
4906
6722
5752
12188
8844
11488
797
6935
10971
3322
2333
1279
2926
1190
9502
1722
10012
6997
6176
2346
11940
3182
2110
5887
1012
7487
5832
1329
4733
2555
11544
9797
4325
5333
10572
7666
9664
903
4777
10647
2084
5756
3159
9231
12027
2706
8541
2121
1384
8676
2699
6327
7337
9790
7099
3152
9471
8938
2514
3161
970
4592
6089
12046
4820
2742
8012
5988
8953
7202
2161
9318
4769
4037
5723
1421
12167
1498
723
7343
3772
6196
11040
1320
11513
8405
2587
3338
10865
7799
7773
6614
4152
1657
2003
9830
2367
9173
1172
10643
27
1311
6658
5502
11594
945
10802
4236
8009
11535
10847
5444
1128
2338
10631
1787
3253
11061
10530
11097
2285
2539
7481
1606
7102
6908
10785
4934
10541
8963
3215
6543
9224
10493
458
2794
4274
8409
7953
5026
7972
4056
8156
3363
6090
9015
3452
10909
10557
11919
232
8006
5344
533
10069
5136
779
9823
540
4483
11974
1719
6190
9088
10368
1582
10704
10117
4032
5357
10887
6094
7719
6061
5403
9842
6489
3293
1141
4006
11256
11583
7733
4656
7727
2543
11288
10576
4508
9375
8610
6663
5740
4362
12271
8749
5424
305
9288
2735
5617
11239
6070
515
2449
4988
6169
6109
9075
7027
9578
602
9154
3179
5111
5297
11305
10212
2059
8547
7781
2916
2455
4579
9550
11078
6560
8510
8817
10172
11702
11997
754
5792
6533
3176
5071
2736
7933
2715
4564
1268
5120
12296
9159
10393
8168
10321
244
4010
6679
99
11688
9409
10951
2328
5953
912
3649
1677
9352
1193
3727
1646
11236
4031
8486
680
6945
5943
12088
948
9991
1064
1854
1680
9563
5335
5719
5056
8088
1285
3867
2018
10580
1999
7117
4228
3318
4522
5973
12197
12220
6328
3109
5368
8896
3552
6682
5204
6637
7839
8465
10600
7085
10085
748
4315
4544
2395
7954
5648
7266
5521
4519
12107
374
2402
3045
2302
11741
10844
2790
2478
9178
10678
8962
12028
7222
11157
6729
2203
10539
4206
10515
5933
9972
713
8847
2143
11641
2978
4281
6770
10260
10214
8320
4277
7553
1878
6112
9321
11801
7219
1041
10667
60
2968
12176
8542
9432
4472
8961
6418
2532
8192
2031
8854
9632
11803
10518
8220
11474
9706
9097
10964
11441
1090
4179
9349
4896
3844
7319
10337
6804
9109
6433
6864
10092
2456
5706
1275
12204
10940
5316
845
2805
8278
1858
1297
11662
12274
199
4348
8354
412
7462
9608
4617
10957
6715
6881
4744
11366
79
10584
8534
4233
9032
10352
11269
12120
7542
5323
10153
8157
1450
11798
1587
9085
10597
1301
10351
9575
2806
11546
7659
5029
507
181
10831
1802
3225
5828
7098
6548
4268
8728
11508
11850
3553
12052
1144
794
8532
8068
10268
4521
641
3269
3199
10938
4900
9268
10205
527
1853
10022
6923
4237
3001
10949
1995
10751
2219
5634
1640
10239
2476
6626
1419
3685
5398
2474
737
9430
10946
5685
9969
1521
11074
12011
2754
8878
1218
6680
3722
4196
2080
3456
3291
11756
8946
4291
2644
8858
4380
8553
7076
5739
2584
3945
2547
11620
1609
9652
5524
5602
10166
2701
7756
2461
5174
5560
6735
9875
5171
3741
7121
9946
5436
639
8279
2990
8815
11515
6141
6025
9605
4752
3505
5067
9874
10744
8825
12191
7677
10454
8936
5176
10105
1407
1385
8185
3062
2981
4083
11274
7947
298
7045
11125
3675
2753
12226
10395
3916
3419
1909
5802
2460
4575
9157
227
7069
5095
8466
4316
8887
2928
2836
10196
12306
3039
1423
6619
1814
10455
11212
5358
2371
399
1725
8740
10866
8
8206
9397
5548
9308
6959
2863
346
8518
2658
3503
4283
1312
12321
5015
7396
4364
357
8905
1686
2995
9698
3360
2141
7399
10856
12242
7432
8435
8980
6420
9888
343
6615
9857
4332
8883
3738
7419
1434
4927
11383
4007
3997
9831
4105
6752
11332
3893
5292
6986
3752
8729
9124
246
3321
9747
493
10405
4549
5812
12067
3260
7841
3271
1665
6146
8622
7682
457
488
9899
11004
5647
10467
1656
3992
8588
6182
2493
7669
5830
7420
3155
5006
9988
10258
1111
9093
11070
5142
12258
10979
5197
10925
3145
8084
1777
6664
7140
1487
80
3654
976
0
11678
9878
4246
1157
11178
9817
5094
8744
479
9926
2407
11998
9126
11129
778
3826
10590
4298
3351
441
8450
85
6649
2523
9037
12016
7324
8797
2400
2316
10075
1335
4379
23
4049
2953
2443
11093
5479
5920
1638
761
259
9148
10147
1435
6694
5669
2142
5138
3982
11005
5632
9078
1225
3414
6698
3797
9882
7298
2095
5679
6950
7123
8934
12109
6941
4314
8373
4647
2950
6502
7816
670
5967
3409
7438
911
10730
4974
3210
9370
7291
276
940
3596
7286
8868
3029
807
8437
11659
372
8183
9198
3977
1642
12062
1580
6838
1167
11540
6267
4803
1661
10743
3898
10481
1293
3952
7115
3207
4516
11980
10248
831
965
5705
4745
6010
10663
4158
5001
1018
8550
2868
11603
185
3439
1876
10669
2321
4814
8618
11555
9194
5209
9284
9276
5471
11262
1810
9479
4830
7901
5200
2261
1797
9098
1314
796
8112
5645
10562
3297
7909
3659
6621
4532
10192
9372
10220
10403
3448
10798
5538
10535
4702
9763
1015
8829
491
4350
2441
9585
2053
4542
2495
11744
6153
6273
8737
2466
9368
9536
804
10542
8468
8316
2821
6703
2199
12045
1841
10118
1899
3408
2967
5340
4134
3920
3446
7241
710
5135
5928
5677
6021
3455
3196
2429
9453
5055
10183
5332
9517
2661
4347
3111
2417
3870
11606
2174
11123
9246
11710
7370
10633
5499
5481
11146
6440
10891
194
1754
7080
2394
9907
3178
12097
2613
4338
10620
10076
1596
2720
7171
7577
8954
10466
4471
4171
9322
2998
8093
8384
6857
2904
4437
11619
7910
5853
7072
2820
3333
698
3548
8295
11640
4381
10097
3263
1252
2703
4086
5743
2169
4937
7128
3710
6870
12319
2231
2383
7022
6241
1045
12091
4213
4095
514
2590
8526
5232
9343
6361
8673
3644
3028
6092
5251
255
6023
10759
5978
7349
10279
10171
12209
8630
1055
1741
5427
4249
5069
2368
3368
6529
6352
8431
7185
11979
12121
6828
12084
6667
10459
6394
9013
1863
6199
3031
9932
2540
8613
3202
1260
11298
678
7821
5924
6405
4466
4580
9953
8355
12269
7965
6922
5305
7405
1812
3790
10363
8705
9393
1258
3572
9941
121
1363
2359
3925
2335
3880
942
2549
8666
1059
8300
12059
9081
2510
9069
8349
7039
4024
7916
6050
12160
3508
5537
3339
556
212
1110
4
3799
3907
8250
12279
11355
3415
3021
5433
8563
4933
1928
5377
3177
4500
2483
9410
485
11423
8651
4106
11574
147
7430
7308
1569
11489
9971
5224
4917
9271
386
1209
54
7516
7367
2403
2729
9369
4462
2895
6368
8202
8107
9323
6815
6792
12206
11171
2862
12089
10598
721
8935
9249
7312
7412
304
8843
7636
9364
739
654
5871
3865
222
6841
8477
9112
12087
10851
7613
7351
8646
9599
117
4191
1860
9940
384
701
6525
10834
1530
9174
6855
6172
11748
7508
422
8329
3023
661
9180
10764
11679
5062
3521
10250
3242
8271
4649
9535
7873
1391
3873
1935
2714
10312
5704
4566
2563
10209
5667
9872
2217
5522
11886
10883
9155
9311
6745
4015
9108
6212
6564
5440
11264
11958
7036
4686
10195
10462
6895
898
7193
7365
10252
5240
587
9324
6910
11115
5106
5088
6254
5609
3783
4009
10163
10120
10558
3663
6901
1154
2859
6693
8210
7106
806
12317
4970
4746
11002
522
242
7745
9490
3139
2827
8506
11782
3679
7686
10916
3286
11112
7580
5996
10128
2516
10894
3730
2373
215
8802
11859
718
8139
12266
4036
3352
10579
1390
7164
7107
1874
3780
6933
1119
3547
6811
5409
10444
11218
1670
7155
6530
5640
1118
11777
4853
12328
8178
8485
6086
6401
5308
6060
7300
9125
5330
8546
6665
2713
5534
2030
5905
7711
3961
3580
667
4926
902
4000
663
6392
8923
10298
2659
3866
2731
2008
4080
4175
3025
4898
595
11977
5569
10836
1057
6078
7030
7782
8790
283
7877
11616
7439
7864
5325
9804
8856
5770
9515
4920
39
10290
6093
11286
10176
5132
7672
11217
1003
10096
1142
152
6011
884
10998
10645
3877
10919
2035
9633
1544
7093
63
1460
7728
5307
3377
12260
221
8136
576
582
3921
4001
210
10464
4431
9696
9716
3700
9282
9681
6123
7316
5822
7845
2923
2938
8615
8249
8334
6230
1943
2028
9344
11216
830
2831
9405
968
8721
3610
9094
6232
11362
11107
5539
495
5245
5098
2410
8270
6046
11405
10072
2329
1845
560
8286
7221
9040
11492
10566
11322
10810
7929
1634
324
3966
10987
10380
2323
5970
11019
2424
1757
4042
9277
149
2273
9058
8662
8337
12287
96
11931
2134
1250
5212
6434
7687
12281
1355
6318
5034
8188
3853
9286
1545
4254
10409
10090
11451
10375
5129
12320
11941
4417
6782
47
1762
11316
4247
179
8160
3306
1496
4670
6002
9849
1698
3892
5525
8166
5782
7044
11244
12112
12280
2294
9265
3405
944
962
9918
3315
10616
10503
9985
8491
2688
6062
7795
162
5603
7338
2983
7763
9306
4938
1333
7064
9942
3830
9459
11248
3230
10173
9544
11746
11486
6534
974
11610
3133
9565
5572
11062
11081
9080
11304
5153
11211
5760
3626
10182
10507
3471
9775
3357
7130
11682
4456
7277
727
11895
3774
7071
9481
5128
10482
7263
9571
2094
7408
2423
11221
6681
7996
11102
5150
9733
10713
11358
392
10386
10924
1388
2776
2038
11589
9795
10671
3467
1485
5810
5804
5352
6007
6012
1772
12117
7855
452
9012
8077
990
9153
116
3742
3474
3251
3080
615
8399
6519
8537
875
7105
10868
10895
11747
6845
3762
10712
5293
4016
6825
2766
695
3213
2976
5827
12294
7489
4834
738
8656
2281
2734
12024
2830
4893
380
7755
2066
12247
1094
8396
9202
12051
4963
5280
8133
1871
5899
11145
4954
9360
1501
10266
5080
30
9819
7743
4499
6561
5218
5730
11133
8070
11413
3015
8131
10843
8881
9233
6045
8684
10762
4942
12208
6592
1855
3658
1113
24
5105
551
8427
2733
7650
9968
5076
8853
4430
6030
1494
5439
10651
4786
4039
5219
1418
6393
10689
484
3060
1184
8619
1095
660
8933
3538
1083
7963
5636
733
1417
3396
5613
1900
1497
1066
12255
6787
11668
10246
9735
3019
5379
6837
1846
6686
5263
187
6805
10519
6147
12276
5270
8184
10821
9861
2878
7974
6558
5321
11622
2093
11392
1397
3681
5897
3427
11874
9449
4915
5646
11984
8644
4445
12218
53
6300
8026
11195
3606
4306
4903
3244
7520
3768
5620
8102
4773
8322
2614
1673
6383
7534
563
2959
4188
4515
6985
2386
4217
6320
10463
7713
1056
3660
3775
2588
9488
6916
476
6784
5371
5779
9507
7908
11458
1115
5863
1177
245
620
3904
9947
7645
10808
8614
9970
9701
10520
9278
8784
11894
6456
10977
8810
5370
7775
3284
3132
681
9478
7453
10767
10553
1402
11215
3687
4104
2567
3027
8569
5547
7802
10823
6611
2693
421
1720
3171
8013
7847
11273
11072
3126
9927
2054
130
7633
10859
8252
11624
6427
6174
4097
7892
6591
7328
6911
12290
2746
8948
854
1946
7716
6306
8981
941
12009
4711
8058
2473
4674
11509
5749
2348
11128
2732
8524
11942
8236
11361
2450
2940
3383
531
9259
6208
7386
396
12012
2920
629
1028
10093
4790
10853
7441
956
11705
2896
5412
3164
9087
7254
905
3201
7101
5109
4008
9294
7299
11666
8125
8949
813
217
461
10460
7806
2743
2773
11776
3787
8370
5411
10422
11868
4916
11478
9328
10440
2421
10571
3620
3222
3061
10430
7530
8859
7674
5402
9922
10825
1547
1163
10338
9832
8900
10408
4161
10830
899
1299
6168
11352
11699
4275
1061
4215
10211
7976
12183
11784
8928
11170
646
3234
10749
11499
2762
10967
9256
4160
11095
8589
10134
10560
9251
3449
5660
1682
8559
9545
6939
5045
7735
4409
7885
8227
2327
75
12240
10242
1989
876
4051
4434
1373
9504
6373
3317
7678
8717
8032
8400
8413
8074
1910
4886
6780
348
8017
10642
9351
6111
6275
6017
8548
4588
8638
10533
4701
4410
8625
7526
7305
873
10906
1287
9779
11815
102
5487
10284
11826
8079
1591
2360
10029
2675
4990
4818
1228
8991
1126
2284
6768
951
6463
11632
10988
1554
1130
10812
2498
1885
4328
5318
9924
674
4146
8660
387
2520
11670
10413
1473
7273
3457
702
2726
8942
11897
460
6793
5313
9803
4370
2667
5915
6982
4444
8255
9697
6707
7383
8781
6802
10619
3090
10247
12004
789
4885
10715
5622
5721
11149
10966
7725
8827
8299
10686
9300
3529
1081
3582
9768
2286
5289
4197
1440
4507
2282
11103
7119
8544
10257
1572
2596
2226
4569
11255
10537
1911
10626
11279
5546
2571
9746
683
2365
3183
3814
5691
9
161
7649
7191
1206
9871
9073
5223
924
10001
770
9889
5629
2296
5414
5518
9523
5954
3983
9944
5934
11867
4842
9722
5559
10114
9530
5844
12161
1306
3782
11254
12237
5785
10316
2892
11745
11501
5434
3829
1482
9195
1224
3299
3106
8284
684
11309
8606
4177
6994
1269
3566
8224
1124
7518
1789
4469
1433
8333
10007
3564
6013
10330
2936
12071
10391
9524
391
4614
5443
7444
11609
7353
6942
1968
11949
4573
506
2125
4460
7363
7029
8678
415
20
10106
1086
10144
7109
6554
7567
3881
11402
4949
11354
1611
7693
4741
11932
4821
7391
8643
5301
4021
11553
4231
3612
9119
9421
11832
6977
7859
4720
8786
10132
4253
3549
10953
4501
7272
5903
364
11104
729
7355
6014
8134
5796
6382
3311
11031
1344
5216
541
3656
8898
8875
1683
381
7990
511
11017
3143
4640
12278
7568
11700
10301
901
6998
459
4850
4828
12101
10778
8449
1511
6195
11196
2562
9509
1463
5203
5588
1241
134
9939
5144
2345
8436
6940
2434
11507
1739
11549
266
11781
2533
9001
10219
10045
1538
4762
12104
11986
11993
11068
11173
728
1170
7824
5416
5891
6377
10398
5638
9191
7831
2295
4626
10291
3903
11969
2838
4699
9128
8342
1601
192
6967
11230
2374
4475
12166
70
1710
6466
1830
1034
3002
3534
433
6271
5778
9867
5031
8960
8244
5512
4864
9519
2292
10639
8636
5374
3605
2448
673
9029
4473
758
750
7796
6713
11357
3673
7372
9925
10119
8552
2689
5747
10930
3613
10060
5872
9977
9486
7525
803
9165
450
5421
9225
11052
7940
9014
8047
546
9238
240
11168
936
8389
4074
5310
4479
2039
6000
7898
6989
7717
7134
445
1790
4121
1737
8142
671
6152
4203
6395
1891
5922
1997
9460
10354
6386
6459
446
6198
5217
9429
2948
8558
2264
10487
477
8915
4765
529
9647
3381
7690
11988
12123
1265
11223
665
4339
5068
10549
5930
8231
9556
13
5399
10833
4147
9383
10055
7258
8076
1708
7100
5907
1906
2775
8789
5355
3753
3017
11482
8447
3030
3326
3719
4748
2655
6538
6048
3562
8512
12044
6139
11331
8163
9355
5312
4759
10303
2927
9643
6678
4529
5253
12135
10983
12302
8700
12018
6962
340
10274
4023
1099
9017
9263
312
3748
3757
4452
7683
51
6852
9911
785
12318
6408
38
3991
9095
4875
6575
9841
284
996
11531
4758
2132
5852
2657
8030
11845
4641
3236
10051
6286
2399
9221
8064
5543
2687
326
7168
7103
1817
5530
2897
6181
916
5362
3788
11618
6334
11706
6268
1166
7662
11403
2778
4642
6081
12000
9666
3223
7418
5628
12288
1188
8990
6486
7648
3953
1515
757
8308
1707
11664
1338
5089
6746
8128
11399
6988
3478
7268
10765
5858
1054
8127
10235
6498
8783
3044
9813
9359
8932
4772
6714
5553
2233
7660
6728
3863
177
7895
9774
9417
11300
5916
7968
9904
180
11427
2014
12256
11928
10418
2465
9083
2782
11500
11193
1011
7104
7646
7244
2680
11385
4657
8930
11527
1132
7866
7608
3362
5122
10125
10989
7501
5065
9047
83
11122
8043
1991
2109
1892
3834
1994
3261
3777
10158
6927
9425
10309
9402
8372
2392
6424
8695
10282
131
4185
1546
3173
6138
7118
5161
8957
11767
2223
741
6148
8456
9046
4836
2270
5430
7480
7602
6740
5429
4862
40
8639
12253
7234
648
6883
10073
11882
456
11448
11663
2684
2917
2325
9549
7676
440
9731
98
3359
12083
3734
8725
4303
8774
5382
1441
2416
8787
889
743
9839
8830
3480
3016
3484
11493
3053
6485
7414
5715
10010
6449
9056
3114
7175
5937
10918
4498
7081
10484
4953
5468
5372
1654
3504
10563
351
10427
9293
7260
9702
7688
10473
4654
12207
2901
1749
7427
4003
3129
4490
10641
12125
12205
10476
11445
2000
11400
10371
2955
6879
407
1040
82
9645
9371
95
10672
5185
10944
4230
7559
9579
3594
6612
8993
7809
4164
584
11119
687
11569
596
7067
8063
8233
8105
1659
2004
7842
6640
7012
2503
10947
6034
1602
950
1766
409
7536
4837
2201
895
5242
3769
6003
8809
9269
4342
2250
10960
3611
949
249
2069
5314
8822
7002
5668
4884
2628
7136
6200
5247
11671
5580
139
10775
7384
3600
6185
4240
9200
1617
2379
4816
6917
4932
12254
9205
8494
1127
10864
10025
7951
6442
10956
12118
3267
3470
6652
4004
2481
4295
8587
2695
1474
10952
5043
2113
7331
9379
6214
9030
2645
6643
9272
1877
6135
7203
4293
1963
7251
4202
5992
9581
2873
4714
5621
3912
6669
9305
11073
4994
10084
4251
1000
405
61
2963
3763
2717
10516
1930
3706
6589
3249
8369
7730
840
6808
2235
8788
3871
5191
3294
3911
1078
3258
1072
9662
7108
4057
11643
4985
3571
4796
10565
2289
1620
10899
6718
2118
5592
5445
11852
8420
3993
6218
9061
7805
8371
8870
4059
8607
8291
11060
1882
510
8402
1257
3546
5311
12217
11281
6906
6338
2866
7601
3715
4945
983
3066
3524
7979
10362
5137
1202
1478
580
1264
5966
9657
8743
11294
7247
1396
2648
2101
9120
8972
10366
3144
6862
7188
6689
11645
10269
8866
8200
2810
5889
10445
10108
7820
9464
7269
8263
10349
7345
1491
9707
10433
6971
10982
6309
8501
7213
5893
3913
989
11736
4115
836
11203
6567
7070
4782
164
1919
8813
1913
7371
4406
10594
8062
138
6765
2885
12127
7639
1386
8840
1021
2078
5146
6457
26
300
7133
1704
4376
10438
359
1957
8359
508
5075
2215
10950
791
9588
2522
9777
7498
2850
11722
1513
11151
1869
11792
2908
6580
6996
11652
9642
1274
8445
6515
10107
12106
993
4120
2924
6312
5926
10063
5359
4808
7942
145
5081
2537
8857
578
5463
11108
127
2811
5898
5257
9910
5867
11751
503
3560
5971
7302
2849
7000
3067
2306
2637
10283
4392
10333
3369
2869
3601
4151
893
7461
3387
3603
7529
6641
281
7592
8458
11716
110
11905
5788
1715
4378
4055
10568
3835
6607
5121
7983
7350
10263
8670
11114
3170
6754
3214
9096
10877
4571
4738
6432
11627
5997
5856
5202
4278
3150
7948
2061
184
4075
10546
8179
8423
6727
8951
5641
3186
4648
6938
7570
12060
5296
9031
4872
8683
1881
904
2376
3092
3587
7692
6756
7186
10948
3406
10087
4601
6065
11911
7149
7647
1579
453
1221
6192
7626
2511
1171
2722
7586
1533
2224
6928
1524
1185
4967
2305
11556
7564
2025
11490
4891
1426
6376
2442
7853
5531
7327
6795
9067
11842
2314
12008
431
5059
11379
9469
2887
1610
9653
4956
4426
10104
12211
1026
985
1981
1032
8049
311
2578
9004
6287
10426
4324
3281
3773
3624
9950
5823
10912
8469
6632
1938
10294
10736
7375
10064
4068
10654
10674
2681
3063
2670
7201
1514
626
1060
4064
3854
1403
8579
11035
4619
9113
2413
865
10582
4045
6892
5271
1106
594
12277
6972
4227
599
11669
7257
6887
2331
6310
6455
2351
1146
10399
2651
10292
1796
2287
6545
9901
7380
6165
10727
294
7610
2191
10846
12082
12165
12158
10692
10253
11350
5267
6145
4087
6633
9485
8388
2910
4979
10965
9898
9455
11858
2592
186
10101
317
10357
1437
2249
6719
2718
11479
1555
11409
9675
4211
7827
10385
6550
8470
8792
6075
3345
3
11189
10867
2432
8122
9499
7891
1002
632
9539
6103
6636
2013
9802
3227
7307
8824
6293
6482
7167
12326
6238
6201
2002
1332
6884
1350
7798
6321
11672
4568
1430
9137
2744
3988
5927
6380
3621
4313
11816
5492
7195
3595
2064
3671
650
2488
5980
8024
1581
8897
7056
3781
8919
2898
4455
1960
1027
12182
2204
8908
419
12195
8114
4184
9104
9199
10295
10850
977
4882
370
8014
9999
11898
1182
10723
8680
7957
8251
5367
11505
10818
1070
8886
6859
8492
2769
206
502
4852
5789
11990
4627
2086
11380
555
6157
8267
11814
3890
5465
7467
11428
6816
987
10339
5058
9329
1975
11138
625
543
3717
10702
10599
6409
1564
10456
11994
5211
10080
5215
9760
2269
1868
10446
712
3070
10782
9179
2788
6818
3273
3434
8357
7026
4365
3944
7563
9141
11455
10705
9121
10824
3861
172
9723
4961
9358
11065
1139
1751
2558
7817
1759
1549
1208
5235
11818
1237
3040
5825
3468
8228
3641
7465
8764
3200
4660
3756
8814
11342
9734
439
5653
664
1424
12013
8620
10465
9307
1114
11234
10628
1005
473
10236
8467
4802
9880
10724
5808
8240
6497
3802
6335
984
4520
10226
5284
946
7585
4578
12029
3536
8264
1457
251
8509
332
11484
5441
4127
59
12219
3581
4321
1507
10996
1651
9338
6295
11412
2690
2195
2663
11765
2698
3707
6006
7129
4536
10416
10601
6036
9590
6544
7593
5589
9894
10200
3617
350
11109
11851
4201
2358
10381
442
6107
5840
4666
9007
6100
8605
11572
653
2612
1222
4687
11341
7145
10740
4811
5147
4778
2029
8429
8921
8294
2633
9207
5225
2464
5157
3083
11452
6850
8254
769
5143
2685
8311
10033
9266
6020
6443
6451
5673
7347
6514
9752
3496
5366
3986
3165
11265
3935
8341
4027
8515
2747
4761
5214
1714
3458
10813
747
5768
3906
2969
9226
9101
5941
7549
4239
12073
11593
5264
2177
11701
1838
10131
7670
8597
8345
3692
5019
5083
12126
11570
7883
12020
6835
4118
1117
393
1641
6617
2446
4668
6699
6154
9789
10888
3554
7358
1262
11896
11270
470
5583
6696
10649
8687
7055
2155
6913
9895
2772
10527
8403
7617
12150
10471
3323
10574
8584
5467
9862
5011
4698
3910
5086
1701
11533
1535
10747
5201
7385
1189
11276
740
129
3354
4867
1409
3094
2724
6670
8652
45
3766
2040
7421
8229
2067
10046
2867
12141
5470
7702
5477
11909
10822
3157
4936
3422
7804
4955
9468
2196
1849
9303
4910
336
5551
1282
4411
10872
9900
9105
6057
4029
2561
1051
11201
4881
10753
11530
188
6826
4841
12264
2638
5527
4756
10679
6912
3098
7472
10299
8807
11806
8211
5886
2158
11959
2616
11698
5584
860
8472
7486
11644
11471
6842
7958
7409
4242
2340
9192
3858
423
427
8753
7522
11908
203
11009
4712
7848
4124
4468
11247
11198
4789
11187
826
7190
318
8180
4100
3473
1215
751
7828
1734
634
10955
271
8495
1557
1352
12198
3115
1042
5874
8913
10534
1955
2036
6164
8090
12193
9408
6712
10024
2438
3688
2006
5070
1811
8303
1647
1976
6305
8707
3337
4725
11166
11703
10708
3442
3355
8301
6396
11948
4817
1775
10410
4267
3398
5009
10793
4835
5615
7232
4825
5017
5064
8306
4562
933
7548
8158
6324
2010
8862
4537
7163
11161
9521
5190
10020
1614
2525
7792
426
1703
3634
12099
9516
6225
2163
3290
1326
10710
5694
10396
10837
463
2311
4548
6340
10792
9598
8694
9555
5456
7326
2676
11718
3238
8378
8393
3335
12199
5919
11564
10911
7959
10187
8505
7339
8471
4375
5490
2120
398
1984
7797
6444
9023
2962
11391
9607
135
7061
6419
9161
230
2741
9876
11472
9613
4334
744
11475
1918
8339
9187
1947
11786
7008
7868
2015
2855
11891
8566
5396
964
9034
827
7443
9518
8562
1940
6891
157
9851
2854
7967
9990
6256
961
6151
1240
8650
7097
3511
979
6161
10609
4824
10543
3805
3112
4710
5861
10684
2344
841
11537
5571
8199
8831
8066
11519
2190
6654
4101
953
5295
8755
6250
11497
504
4887
10904
9586
9406
9843
12177
6429
5526
8379
3014
2060
2965
4297
9151
7131
9741
4114
5845
2636
11349
8533
3522
2381
8631
11695
9298
10958
9473
4337
327
8150
6508
9283
8121
4779
11252
11243
8426
5585
689
369
8054
11653
11176
78
11076
8124
6896
5454
4327
2550
6930
2227
11542
11536
1804
6342
1305
3009
9751
8742
10575
3082
5816
9312
4454
10170
2419
1341
10771
11235
8978
383
8777
12315
5885
9079
11885
3801
6809
4244
7442
9826
2593
5294
1576
9998
8455
5851
10717
7025
3946
9381
5990
5895
6059
9958
3929
4329
5461
6430
2780
4662
196
8763
742
10886
9395
9022
12157
6019
8129
955
4799
10993
3454
11571
9038
11615
2942
465
9923
4540
592
8439
7010
10934
10240
1067
907
5361
1870
1678
6522
2629
760
978
3314
3113
8568
10151
3052
5650
1795
4168
7888
7981
8260
11927
6775
3417
1082
9631
12
4845
11685
7437
7466
363
3712
483
8161
5797
5829
4078
7621
6685
4518
9963
371
8454
2643
136
11924
3733
4628
11066
8072
11738
7323
2099
7884
5794
4302
1076
8640
4740
11760
2255
7290
9845
7388
11335
2783
10178
9966
525
1937
1954
2083
7162
12170
3859
1990
6426
6706
2278
7366
11100
9077
19
467
5003
3745
1718
6326
1036
2378
1234
7482
11154
7229
6853
4439
11817
2147
12003
6921
6582
2852
947
6919
2164
5261
3447
9548
5000
10517
9978
1492
10411
2585
1134
11130
6581
3622
1523
8731
5119
1625
12312
3194
3532
5722
1336
777
11233
9054
1668
8266
10115
5610
1432
2425
6478
5651
12234
10738
12314
10528
7700
5714
8586
10341
1724
635
2984
10632
5687
512
6556
2686
5283
7826
7664
8099
9564
8754
2436
11291
11473
960
6417
9893
4384
4669
607
5657
1431
10216
9060
10169
2426
11442
5848
4219
11012
4194
12153
8331
8761
6374
6356
8386
4558
891
11960
12171
8890
3901
2126
11422
5193
193
1604
2234
115
5126
6595
7989
5540
8162
9951
6593
334
11438
11460
651
2388
2123
2194
9257
3593
6469
9554
6067
11575
3228
1852
5285
1401
6526
9483
2844
3491
4749
5048
8832
9254
6359
800
2001
8243
11266
9342
6261
7984
3635
11443
8416
927
1309
4476
1351
1345
11434
12032
10043
2501
8543
10364
6867
11581
10750
4119
5644
9438
7173
2574
4407
8348
5516
12212
11001
4033
8863
8080
2925
4944
2889
1227
11723
10892
4054
6496
4646
5389
9145
10596
4066
7681
436
2452
10044
6944
4192
9855
11213
2697
12038
5568
6900
1422
48
8154
1288
9557
7778
4205
8003
8123
4299
9993
7784
11340
416
7246
693
2458
1425
11069
7836
5114
8111
8277
4968
10874
2138
10606
3008
3292
10185
11875
2763
7837
603
8637
1459
3856
3148
8702
1471
10327
10745
6563
10896
5917
6579
9897
10066
4398
3135
11167
2553
1577
12249
11259
10784
5178
11401
9979
11148
3972
7172
10801
104
7348
182
8689
1690
1328
4688
8811
880
12156
4180
5234
3042
3032
3051
10552
11795
8770
10249
731
7558
10695
12300
10414
6840
12114
1605
5754
7751
7336
4386
9949
9356
1104
11330
10897
10941
12151
8979
2297
5449
10602
1700
9634
6987
4922
2087
4506
1537
4610
1731
6924
676
8335
3219
4952
4300
3823
6800
9437
2966
4650
1747
11844
6189
9981
6594
1712
2076
8671
6436
1527
7248
1283
9685
3024
8001
1921
5866
3939
5726
8448
2757
11325
2825
6535
11321
8801
2607
1369
11371
5149
2853
7401
1528
4482
11289
3217
5579
6163
11378
2045
6701
7468
10305
9661
6602
342
5535
4957
1633
390
4223
10570
609
1453
5690
5798
5110
10714
1038
10932
10199
1449
6235
2937
6282
1771
7936
9934
8709
10159
11344
404
8741
11861
1621
5979
9416
7425
11152
5819
8966
5300
2635
11158
11510
10498
132
4467
361
11313
11287
328
490
2189
9354
4061
1380
2604
4373
5550
12192
9937
167
9156
2694
10071
2343
1958
4169
11225
9084
2496
10271
6999
1699
4457
9332
10204
5728
5763
3530
722
10086
7655
2750
8007
11906
8352
2162
11673
12282
7431
2505
2985
8796
11856
9418
6350
8375
6657
2974
8176
10145
12138
5817
8836
9450
6559
7174
9241
755
315
11638
2650
11092
214
2256
12308
2136
532
2173
3938
4754
4663
10780
7614
5976
11046
5671
9975
5474
9431
4432
5964
1509
1308
10174
746
1303
8256
12313
7668
5426
8564
1886
10648
6077
6905
11285
2494
2422
2894
77
10827
4412
2972
12251
289
5576
1801
9295
10026
2882
11693
7886
3181
10348
12311
3637
1058
9566
3666
5811
7114
9771
6824
4609
4941
11516
8293
1342
12094
2050
2832
5857
3404
8018
9620
73
1489
4634
10008
5021
825
4416
2727
5908
4081
492
735
7788
3569
8259
10915
5921
649
6598
7819
11245
1212
10499
3464
1844
8779
2748
4351
5780
9704
8693
9204
7059
5038
4221
4964
5277
4528
7811
2354
8517
4044
3759
8055
773
6961
4757
5049
25
7915
7138
6934
4838
3086
2057
7876
3276
3872
9130
2922
9102
3390
3058
9807
7823
8795
11345
3212
4178
2366
5306
8592
4684
6889
7024
657
11436
6601
1785
11636
9659
4833
12064
5329
9260
11067
9654
6832
12305
4928
8081
4899
6113
12063
4415
11386
9945
9628
8873
9309
9612
11626
5262
909
9553
8497
8920
5194
7404
11373
1978
932
7264
1974
1945
7001
9270
1420
7226
1536
5014
4700
1778
6288
4280
1603
7551
2934
9378
225
8364
1030
1071
7454
2556
7512
8633
6412
11770
9115
4924
5028
5745
9884
11873
1349
9009
8571
10011
5010
11121
7834
10637
8508
6642
8304
3561
2765
11724
2492
5348
11377
12050
9274
1116
5766
1125
4939
243
3839
2012
7376
9142
11183
11713
1216
11440
8383
9362
9146
2958
4726
6583
3349
8738
11481
8791
9139
4363
11319
8835
3848
282
3985
202
401
4402
6173
11292
3438
4156
8044
6224
10718
10443
6258
10223
10124
2678
633
3076
11730
10277
6290
7019
4551
4972
10681
8884
2152
3702
12245
5162
11825
1194
2941
3110
4193
11828
8023
4553
6353
7830
7157
9036
6211
2470
11022
5418
10359
10683
1490
9936
8708
7794
3796
1077
368
2518
6960
3813
3689
10139
4658
3691
11987
11579
3642
8060
6954
823
5407
699
9543
10849
9404
1503
8438
1379
11590
6907
3776
7622
3026
4248
3425
9186
118
9443
12119
9140
228
8594
3490
11277
2472
1953
11950
12080
3631
12181
9446
2259
7015
6341
6956
5373
6516
11772
10390
252
9931
10472
11466
9736
7641
7808
3101
6734
3737
7872
3119
930
1598
7473
10429
4980
3365
9568
5023
205
4368
8265
2186
2796
11605
3416
7881
2946
1376
6675
9380
6360
3515
7718
9859
7918
5606
57
5258
8053
12145
7340
7736
5077
2063
3443
10355
12036
5498
3224
4116
2370
8634
4112
12180
2276
12098
1793
8590
6886
6234
10401
7731
11712
2265
4113
9419
11096
3184
10453
41
7696
7791
838
4355
8567
8350
5755
2182
1729
6414
4683
8722
10412
8005
3758
9436
2970
7894
8031
5199
3190
3981
6140
2079
9694
1764
4809
10041
3537
195
5969
2016
10140
5186
1447
4264
93
2326
6750
8855
1644
6766
11394
3151
7200
1133
3411
772
9414
6347
11257
2622
7715
4129
1987
6521
474
3153
3465
397
6053
7738
2943
4465
7535
10091
2236
11888
6207
7187
8820
2047
10157
6823
11207
7635
10127
1765
4812
6687
3216
6472
6799
11582
2220
1689
4787
9209
9729
8645
2749
3138
8432
11649
1238
8521
9400
10845
2513
10244
2462
9824
11165
1836
12293
6387
11369
8851
3048
7166
160
3632
1626
1971
6868
8175
11477
8816
3930
3860
8287
4545
9604
3091
5476
8025
11830
8082
8487
9881
10419
3556
5205
814
10122
4322
10839
11415
10428
444
640
3371
6709
9255
3256
3886
10496
11720
2606
3487
2921
6115
1153
3585
5303
6791
6731
6769
3588
3421
6806
3198
9214
10175
1181
7150
6565
4831
5233
7496
5101
12039
321
6487
3989
10737
3818
8860
9287
9505
4224
636
2468
2384
9622
5345
6263
9567
279
7754
11469
11547
6491
10218
7020
7132
2797
1820
11432
11312
7225
11414
1143
5950
5133
1294
2552
10800
9299
6708
7623
6058
7381
913
11324
3699
9610
2840
10858
11588
120
4072
2435
1586
10545
10581
9335
8297
4133
7578
4513
8976
111
1246
3655
5991
11804
5159
3226
7137
1244
7230
2581
4341
9250
9689
1253
1847
3619
11970
7148
1295
8965
12133
2771
3428
9887
12309
5423
6125
10841
10605
4289
6854
5125
1726
4442
10776
11467
6175
9552
35
3836
3444
4727
7209
1721
5410
4099
7295
11732
8947
2129
848
9172
1632
1394
6622
4301
6597
3533
5643
1618
10103
8602
8956
2992
1895
1542
10973
679
1727
5154
6585
6624
3811
2098
3075
627
6178
9063
7294
3899
9772
6968
9749
7642
8108
3401
3815
10544
8171
10067
448
207
8623
6700
7734
4975
981
10036
5672
4750
10329
2534
2980
10264
10931
9164
6869
11517
5195
9016
7595
5072
12227
8196
4907
11163
11014
10126
8118
1266
3476
2848
9609
9551
6946
7377
12102
5238
6650
11367
1770
6431
9987
11290
4622
7875
2019
8358
7292
7667
11523
5274
10388
7206
5473
2973
9712
6653
2389
1585
6084
11961
11802
10053
3987
11538
10758
1052
9006
9776
9498
4533
8931
10577
7110
6458
3526
12236
3049
5813
11996
2108
12054
1085
10838
6129
10065
6022
5696
766
1746
337
1008
9475
7912
622
2074
6257
3928
11529
7943
12310
3065
4993
3356
6772
3507
4894
5282
7722
8704
9713
9533
3430
10587
6638
5814
5775
9905
2791
2621
6266
7361
4535
9858
12200
8319
9840
3615
6481
4637
6877
1962
8664
3857
8205
8096
7726
7758
4060
11651
6527
4608
9285
8318
3942
5181
11789
8699
10513
6843
7926
691
9169
4822
2479
1455
7005
8143
7935
9118
5012
10006
7342
3978
2987
8057
2026
11111
6904
1600
11543
8340
3341
1048
6672
4433
9189
8690
5902
34
5210
9424
798
3665
5616
8100
2956
10612
9973
4108
2728
1310
11725
1755
8765
9838
11866
3629
3672
1412
7760
7759
9938
6479
8759
6381
9477
11526
7047
6284
12259
1674
10595
2939
12241
10336
9452
4323
5066
8483
611
5393
11762
9149
3551
4220
2211
5894
12122
2167
2075
11480
9765
3851
12283
11042
9732
8604
9082
4320
11983
8460
9995
4865
1562
12068
5485
9526
3462
2497
4374
7058
7835
1558
9326
1822
16
313
437
6216
6513
9107
6738
3609
10137
2712
8599
11464
6410
8850
8516
9243
1226
11893
10358
11557
4677
2608
9770
11872
126
3519
10384
4195
4613
3250
1959
8785
11740
2222
3020
1709
12248
2418
8611
11365
1272
285
6239
3218
6620
8323
5324
9816
1438
7629
9935
10310
5686
11560
9727
9956
171
8937
6711
7147
4602
5604
9045
8004
11946
11835
3514
9401
6599
250
1667
11847
7924
7170
2089
4144
3400
3970
4207
9138
11351
7094
6337
6184
10860
1464
5731
612
10143
2114
2200
2157
2751
4768
881
11376
9809
5727
7695
1232
1158
711
12113
6849
8823
6180
5404
5698
7301
1773
4877
7939
9392
4128
7182
12235
5494
2858
586
9398
5536
1337
3771
11426
9476
959
200
5341
8246
1807
2865
4978
2886
567
12048
3424
2042
2710
5558
4633
2582
4598
344
8033
10816
11416
572
8733
9463
8736
12307
6562
9671
6083
11372
10673
8235
7218
2988
3955
7285
373
9070
8688
7197
6329
9891
8772
7161
4166
929
11752
7675
4844
11343
1788
9315
966
8325
8904
1445
8462
2702
7882
6311
9957
10346
1381
3232
11587
2154
11047
11838
517
8641
8768
6623
1518
229
6671
11284
2175
360
2372
11975
801
6037
7698
1364
2077
7373
4639
8499
1466
4408
2642
5612
8011
8674
1792
5145
1362
8723
1254
8104
5703
8083
6
6536
11857
1850
2857
5676
8712
8164
10799
8075
8419
9183
10857
7783
6943
280
9560
2779
9011
10421
5230
4565
1129
7851
4356
8172
2823
8929
9883
11877
6609
1702
1774
1387
4276
8984
9780
9677
4067
486
5093
10475
10491
6540
3743
3375
5878
7812
4527
8581
569
1500
87
3960
9651
4413
6958
6666
5326
2528
4450
1949
1825
4138
6029
3915
5729
9679
3413
6035
2266
8996
5552
5795
8089
6749
11407
1016
11550
6039
8691
6194
4017
10826
7539
8280
11834
1783
12270
4951
264
10504
12289
5957
11057
4359
1105
4582
9280
12297
5039
1584
3237
1374
10436
6570
9123
7603
2428
9682
10361
7612
3573
10110
7541
4984
3664
8523
6739
6936
2179
11613
1908
3618
9870
10160
10593
1469
1767
5387
8117
10489
565
7311
7250
7231
5765
5773
7289
10788
1062
1050
9474
8106
254
8692
1851
2931
4262
2530
1629
3154
10353
708
5165
2502
8872
1399
11058
5073
480
1481
3931
9333
8109
1502
11829
9090
5239
7737
7561
2469
2665
356
301
2205
4461
5555
12034
1815
11892
6240
589
9562
11511
8958
638
11328
7969
1261
11796
4676
2632
11846
5509
2944
887
8773
113
4357
267
1499
1313
3423
11683
8608
5843
6796
8591
12295
2566
11717
3445
792
3235
2565
617
12284
6098
8952
3806
1695
6506
6400
8078
2055
4770
10273
10773
3187
1627
1331
6204
4492
7545
278
1255
10004
9433
9091
3555
11904
2398
6753
1271
5807
8269
8891
1256
1046
4919
3319
3784
8387
4781
6330
10480
6779
3558
6736
6110
6831
7514
767
1174
10923
9644
9208
9683
262
1019
5047
7637
3874
7284
736
8395
4082
8511
7556
3868
3006
4680
9111
4557
5299
4763
9691
4716
9160
1505
7815
7296
9755
9836
3240
11141
10656
4235
6629
414
487
5630
7766
8714
7624
2299
9232
7768
2508
156
12265
10756
7862
2577
669
1022
4645
8706
2320
1652
883
33
7787
4103
8528
668
10806
9650
5972
7703
219
6547
6490
10334
3054
10929
8876
1493
5567
5599
10608
7950
1736
1879
598
9394
6303
3305
1887
10757
2880
11200
2957
1322
10009
2774
9531
2487
8624
8580
1145
10133
9726
12144
8194
8955
5060
7446
10611
6475
9574
3463
11823
3407
2589
7032
4629
8734
10243
10726
590
8655
3690
6333
7315
10521
4591
362
2027
5246
828
7181
643
7176
11708
3592
2082
8262
11086
5180
8135
10404
2626
9132
7192
7402
2409
12187
2221
8268
6385
11947
5024
5896
6042
5102
12202
5984
10635
6539
3412
10787
8201
9320
2453
8144
11611
5574
5533
1956
12033
11388
12010
11758
10227
2730
2903
4126
3477
8476
820
11840
3876
9055
10457
10232
11147
10245
7949
6406
498
7400
2546
6501
9559
7144
2580
5196
7503
11461
190
9027
6483
9068
8212
3597
6630
3888
2046
11137
10345
11143
10615
4271
8381
150
22
8425
7902
4538
4753
2355
10556
1382
7478
2798
8010
10848
6743
11260
550
9387
2319
5035
2817
10056
241
8596
11799
11468
2103
5623
2414
2829
4857
864
6484
4084
3441
5674
3804
5656
2005
10777
2440
1286
226
5388
7075
1866
8290
7625
4986
7511
8085
7314
1982
10817
4353
4892
7429
7374
4673
1465
6087
4766
2761
10016
4367
2022
5658
7582
7825
3451
10233
10450
1236
7818
5799
1671
11684
9447
9892
4296
11188
9184
734
462
2739
9185
11978
3064
3544
400
10761
1776
5140
2541
11525
7988
2544
3041
4631
7995
10763
2206
2752
10728
11080
703
829
6285
9339
1035
10037
8411
10461
5360
11586
11177
11205
3643
6468
821
4623
5605
5510
516
6278
7767
2048
5838
8282
10040
11707
600
10917
3255
2839
11794
11098
9388
3036
4950
8679
4966
11783
6325
1608
11520
1098
10721
8549
4848
9591
10614
7332
3130
253
4111
1961
4132
435
3122
9206
6697
8959
2382
8204
3803
6355
9020
11315
3262
8940
3579
1220
7780
8799
1495
4615
4107
2527
3969
7945
4383
11788
5483
6297
8914
7779
3169
4801
9915
1980
5175
7474
2117
2639
5020
3714
1688
7417
5115
6656
5652
11054
1108
4973
7143
7591
9066
5491
9852
5627
768
12115
11660
9916
12267
795
4911
3837
10976
3875
9863
3840
1325
11933
9314
9127
1087
4077
8051
4534
9116
7016
2304
11621
11956
9718
8408
10311
6156
1539
908
847
7120
8653
8186
1522
5986
2218
12085
4139
6474
4832
776
3926
9275
4785
3598
9583
4287
10231
6183
3343
5554
7657
1942
1732
2165
4585
12268
10694
819
7476
9350
11271
11709
8222
1468
4013
7082
9242
3208
5945
11210
2682
10555
7978
862
8642
10670
6978
2913
5877
4420
9542
12025
10019
11592
9152
4552
7048
1353
2337
430
8042
9989
9753
11787
2062
5977
8601
7364
9856
6976
11972
6186
8328
7789
3677
2740
7631
9033
3720
8686
4897
10644
9800
2900
8724
8190
9714
9638
9510
3891
8531
6747
4635
8002
7436
10511
8226
9655
10343
9992
6695
7096
4999
1635
4358
1916
7220
10662
7517
11954
10779
9176
9039
7803
6265
2837
3680
497
1859
5103
170
6255
3683
9667
6873
234
3523
7354
2081
9994
4046
6969
198
6159
4012
3668
5790
5940
547
10805
3204
564
10629
6858
6970
11966
5343
10863
6872
8034
6755
237
4800
6812
12070
5428
3395
9850
11268
3847
7597
7982
7497
8490
11591
5707
4336
11697
5254
455
6435
105
1893
4823
7599
12149
822
9520
5711
7576
4292
2653
10234
6121
6336
2072
6860
8818
8137
6370
6552
8215
11504
12239
10939
4526
8912
2843
10994
5774
10261
6411
12246
2877
5401
4167
3909
7807
1210
6243
178
11182
619
9345
2623
2560
10943
11384
10658
4189
310
9253
4238
10928
8982
9230
1932
3035
5702
10986
6604
10109
8806
8232
5981
11790
7644
7931
4813
11206
10540
10278
7449
7600
8719
3489
6149
3295
5753
2318
6043
2691
4448
6846
9742
4620
3971
11431
910
8145
4599
558
124
5649
5380
9640
1183
224
12301
9617
1951
428
12201
1371
4780
9019
3309
9261
10999
3744
11238
5337
5556
5493
1277
745
4693
141
11020
2248
454
4868
8698
5016
8632
11450
10910
10417
1827
7634
8302
2996
11027
10990
1745
5801
2447
5938
6965
9367
10177
10551
376
11915
8397
6307
5472
11936
2178
8189
6032
3701
11918
418
8475
7922
3550
871
2145
9778
354
9962
9150
5692
9188
5565
5697
4186
11890
4554
8970
10905
3735
375
3630
7042
11773
9906
1168
10382
1902
630
4604
11750
2594
7938
176
7615
3897
9215
7413
11964
3786
3933
1550
11251
8317
3366
1599
5748
11793
7867
3205
2509
10502
2439
4530
10213
1416
5260
9494
1415
4331
4396
8557
5925
10687
6608
10332
4958
10903
12076
11807
5236
872
935
6454
11563
2263
1933
9589
10034
928
6009
4377
11329
11222
9761
4435
12163
897
3956
10741
724
3018
8994
5252
568
8398
3099
4547
11283
8261
11551
992
3373
2166
6973
5315
9703
4030
9050
8657
8036
6133
7985
8488
11184
10304
12185
12079
9248
9791
4675
7356
9000
3902
613
2090
719
7452
6416
6397
2183
5118
7447
6761
11368
8762
8338
7920
4035
11084
9869
2802
11841
3895
9028
7165
5475
545
3209
6829
10400
429
11742
1979
10323
2216
268
11876
17
6717
4874
8444
4739
1504
3469
7424
6366
9756
3535
2160
8276
5607
11922
1552
76
8191
12031
11496
10350
3957
3499
1079
7274
3914
4943
8974
11601
11502
10974
3513
4117
10688
8147
6767
7325
11608
12041
9099
3824
7921
4330
2197
3967
12244
6422
11921
3279
10781
6170
8874
7880
11827
12292
11887
9796
4153
4085
1472
11800
1203
1454
11346
10547
7410
6882
7605
5664
4561
3602
5104
9008
1304
12092
5391
8538
5328
1643
9025
5134
6236
11000
1164
7224
1292
4638
9512
11055
10550
9767
3050
9955
4661
263
5420
8573
8805
8407
10377
5198
6074
2835
3426
3386
9304
3403
9853
1693
5713
8046
11883
6283
3055
32
5901
114
10293
6384
11036
8778
1347
3789
9290
5459
8585
10317
9330
11630
1413
2445
5947
8086
7320
10501
9175
11647
8360
5717
8745
11397
10255
3307
1408
10803
6635
749
10193
3128
2787
9621
10306
5879
666
9864
1135
528
11562
11010
4443
8677
3591
7411
6244
10700
11447
861
2781
4199
8775
11164
12105
1548
6298
1597
7142
1467
11968
3288
7389
5573
7116
7565
9787
1525
1123
11655
7705
8418
6476
9220
3669
12043
8747
2137
8071
11241
1340
3686
2879
6441
10862
707
11297
11907
489
3728
291
10370
3832
9363
1655
5506
10365
4422
11338
8668
11090
1840
2512
2065
103
10102
11939
523
8258
9365
10739
1939
2666
8943
10786
4584
4065
9546
5112
2106
10207
11963
6351
6415
6346
8894
5820
10
9719
2097
5074
774
10791
759
5032
6316
6171
11101
7088
8682
9382
9281
7423
1479
7970
8140
5394
6839
5662
71
10711
6704
6126
9759
824
8578
5815
347
2807
6865
10665
8165
468
8223
4632
341
11162
9491
6091
1619
5082
2490
11310
2660
12196
1927
8911
2833
5179
9739
6861
3180
9967
1653
8941
688
10789
2861
11132
7850
3096
9273
11719
6878
12325
382
8945
9482
11654
12137
1531
10198
338
6817
2347
9829
1251
3670
8760
7740
3453
10439
8628
9110
655
7457
8746
4876
10142
6628
4388
7594
8794
8803
2357
4204
7335
4326
11334
3650
8343
7546
5961
2073
782
4493
166
7849
7073
12159
11246
6105
5892
2489
5738
142
5336
11676
2499
11302
6557
6319
4333
9181
1758
9213
11186
866
11599
5415
4387
1697
4395
6313
8519
7762
11541
5678
8995
3108
5322
6983
12143
10189
10451
6203
8593
5983
1346
7552
7708
2391
1267
4901
1443
11444
8377
10113
5847
2085
10693
8288
2119
11253
7023
1
1752
8661
9071
4672
3825
9668
260
4025
1223
1377
7306
9413
9597
10703
535
12327
7991
6518
2212
6277
7887
10589
9135
4502
8433
1926
2603
526
7966
1159
10622
12203
2960
2252
2088
6227
4525
6162
10914
11596
6903
9670
4349
7317
320
6144
9997
5042
1084
11117
7428
1191
3827
8812
4846
7089
10415
2803
1864
7160
6054
8769
12017
9587
10677
6279
1805
12111
4366
8362
2041
4440
1233
5911
11232
5169
7387
11150
3819
10729
9467
10936
11955
2949
8461
1890
677
3097
9919
1296
7628
4391
5166
4149
2239
3900
8008
3342
6102
8493
365
4198
6888
11419
2795
6827
3694
9049
4405
3005
10963
10276
3254
544
5447
4485
4946
5956
6260
6358
12131
5141
1894
9376
3004
1898
832
6323
8882
11155
8126
1512
6362
7770
12189
11573
3882
1075
12128
2202
7997
6453
2111
7889
7062
2602
7378
8944
7211
1361
2009
1835
8555
2764
9327
6915
3807
6523
1679
3589
2356
8663
9814
6616
11045
4810
12190
2068
4389
879
6909
11681
4959
8950
3121
7095
4478
6741
10062
1020
1073
5849
58
9441
8478
5334
6789
7557
1068
9669
9705
4451
3068
5164
6291
10959
11691
4612
8484
3289
1799
11018
7878
2500
7242
914
8019
4288
3795
3721
10098
7560
6274
6055
10089
5614
9495
1173
9624
9291
8598
11539
12057
1405
8242
8361
2813
309
5508
4090
8967
5670
367
570
7611
9785
12001
1541
12022
8366
4644
5365
6127
5041
8146
11307
72
4829
5090
4858
7863
6233
4269
6952
11665
3736
11023
6948
7054
7283
7271
1780
6447
1534
3105
3765
4960
3330
10003
10573
7772
4394
5995
3962
4256
1784
7205
1029
8711
7210
5319
1914
238
7555
9801
10962
395
4190
5881
1983
1936
3364
11106
2618
1033
12252
604
11810
9623
11646
4902
4208
1321
6167
2576
11396
6914
5273
6688
10770
3754
5666
11614
3380
4318
11314
10815
7090
3932
1742
10722
11869
7456
10698
11612
2841
10875
4209
11813
8219
7275
3568
7896
6492
2176
4621
2521
9799
9903
11926
9415
2444
7604
3312
9708
5791
7035
9818
9456
1964
877
11454
12110
5735
4109
481
11639
8464
7313
6520
11791
6647
2918
4041
12019
4995
9133
11880
11973
8480
7397
11127
10254
1809
6317
9357
204
3509
1162
6774
9792
86
5965
10324
2207
3046
7747
4717
5909
10141
10659
8556
3980
10190
11030
9484
3975
7679
8545
11113
999
3172
9228
11275
5184
9528
995
8412
2401
11808
10991
1044
3821
8441
2007
5288
10078
10638
4659
10690
3466
7214
11224
4481
7492
10748
4618
591
11008
2225
518
7870
5684
4691
3104
10215
4062
6603
5982
1650
6056
11951
9466
1816
4851
6898
2634
1327
4735
1053
43
7
8672
7906
5590
471
2322
8091
7643
8846
11680
4404
464
4563
1691
8889
2230
7579
12262
8257
1348
2480
5528
2149
2096
6188
5091
6467
11981
10387
7233
6205
10992
4225
4136
849
1821
417
3718
10661
11199
4173
1922
11029
11862
5489
3761
9711
2102
10832
11879
4155
2232
11631
9673
8574
11853
6301
4931
29
10059
8513
1823
6920
3697
10326
3684
3344
5968
7993
10655
8771
11160
9129
10794
6511
3280
6389
2947
3167
8289
7004
2412
6308
2245
7584
4606
447
5772
5993
6964
14
4393
11763
9407
5663
5504
3794
6226
8170
11775
2342
286
3843
4218
2312
8971
5750
7270
11916
4019
2052
10500
6660
5004
4446
11607
165
11240
8852
6391
1339
7043
1138
6302
7753
11033
2188
3973
5228
299
12164
6541
1615
5327
10981
5659
9325
3081
3142
10129
6066
9240
1427
5243
5624
4148
846
8443
3034
9219
11661
8998
9744
31
8907
10676
811
11179
1484
3459
9236
5855
2144
11714
6452
3191
10578
8766
7810
330
11656
3510
11943
5611
9053
6874
1198
5207
4423
3951
1088
11075
2515
8195
3724
12147
4040
7923
2459
549
11348
5581
2300
4360
3095
9663
9426
9346
9593
11503
8092
918
5160
9815
10942
2601
3633
10013
8659
5097
9684
4630
11715
12074
4170
1888
10900
5805
4861
6120
10697
8213
1204
6524
2673
5625
7357
9506
6631
9239
3247
11797
4390
6073
10468
810
6785
12261
1368
1520
11913
1205
7238
2332
4034
3849
4226
9147
859
2033
1315
8498
7122
4719
7638
4784
55
1366
7293
3924
7504
2506
7199
5875
7458
8654
1573
4888
308
10313
6507
579
1705
7276
6651
5107
10920
2994
7178
5130
5900
10229
696
6477
6955
6332
9144
10287
9062
11900
12169
10497
9168
7063
5803
957
5914
7006
5269
9532
6071
10014
10121
353
4827
9637
4798
11821
6758
10755
10652
7281
9577
3246
501
11465
9440
10296
10425
11889
1007
7152
2171
5383
4464
11833
10485
1318
4589
4429
1475
8871
6932
5317
8038
10927
8572
11174
5831
4163
10074
8669
8095
1613
5268
425
7746
10809
10447
9525
8391
10510
10130
143
3820
7724
4345
8496
9646
4788
7661
9103
12172
4681
5369
2309
2112
834
593
7732
9480
9847
5008
2131
765
11339
146
394
7701
8600
3808
8237
7721
3494
2184
3336
2159
6732
10149
7485
5712
10376
3410
11049
3497
2071
1367
2364
7709
12124
9122
3512
6364
3501
4574
3141
6041
1247
8798
74
5860
7334
9514
2396
8305
986
8347
4843
5959
8414
5598
5761
7699
10184
11356
4131
8834
1761
4263
4212
4043
530
12250
5124
3954
7814
5063
9522
5720
223
12053
7907
11989
1779
1025
6568
3778
8273
10768
10222
9984
2716
6206
10682
6993
3482
4653
3402
9886
6253
10148
5725
6794
3869
5741
5800
1378
7398
1551
3136
8503
1631
4260
10259
9618
10194
4453
6504
3810
5466
10961
10529
5923
128
1009
10005
1290
5342
201
3695
7440
12140
5517
5913
954
10610
4020
9021
2361
8149
4689
9162
8394
8021
982
3696
6142
6076
2380
2486
6470
3206
5958
11731
3089
6166
1187
6425
6438
4447
7499
3919
1595
4092
8234
12229
6245
3347
11727
5168
1273
10374
574
10112
144
9048
6272
8061
6143
10000
2620
4914
5994
10038
11884
4971
2770
10650
4889
7322
7505
988
12129
9625
4480
7977
8903
10564
3850
6222
6684
3565
6503
9210
3887
3296
4403
3461
4909
4137
8697
7956
11491
9873
8028
10161
4794
725
6063
2051
5783
4311
2146
10514
2696
2482
1370
1566
7416
12275
1516
6844
5862
3627
10378
3308
3731
1037
2437
2999
1510
411
11007
7774
9493
3259
5392
1317
7571
8969
3069
6645
4671
7987
4854
10559
10668
4890
8217
3392
9600
5222
7673
9331
505
1560
7538
6610
7616
6404
10814
1120
12026
4682
8793
4707
7282
6569
3941
2737
5631
8540
4981
12225
11726
4878
11881
11079
8821
2517
7189
2548
10876
6553
408
3391
8356
2291
2336
7822
6068
10618
9279
5818
5281
3770
7235
5963
5850
7470
5061
2860
2363
4624
7321
6064
4123
9348
274
9264
7998
10379
6276
7813
8867
6398
3382
6733
11410
3704
585
837
4806
4399
2615
5346
7243
9629
1553
816
9435
302
2619
11917
8141
2485
566
1063
9064
2819
952
159
923
7018
11648
12168
7899
10167
1839
10586
9289
2056
8681
3713
4925
385
2283
1824
5484
4419
1588
2871
3348
9762
9943
5400
9423
4089
5888
12072
12291
3160
963
352
10030
11039
6586
8193
8975
11083
10588
11064
68
8595
8116
7194
1161
218
4273
10331
1200
6072
2915
10492
1756
3486
6702
9769
2719
2241
6024
9699
5593
3749
11318
10685
12174
538
1330
2303
10691
1612
1488
10210
1744
11567
11953
12184
1393
9700
9386
11446
5405
3645
5962
3800
11359
10123
2812
10731
2669
11194
7844
5213
3248
6863
573
7748
8888
5507
1556
11617
7265
2598
5167
4157
2187
4022
8453
10237
8474
258
2664
11229
3233
8917
9828
7014
11110
5248
5442
8247
3614
9603
11390
2214
5457
2935
888
2954
1687
1819
3703
1972
8113
8187
8906
5152
10478
11923
9648
7871
11135
4713
8315
11364
11453
980
7832
5503
7261
7223
8367
581
11037
9808
5290
2876
7135
11299
5975
1861
5446
3575
11985
4505
4771
297
925
1590
10307
7765
7490
1307
7037
4767
1672
9391
2229
11657
12233
293
6345
10882
4222
2579
7575
6343
8314
692
686
817
216
7934
3889
322
6104
478
5378
5700
1889
5762
11604
812
7433
4346
9035
6221
3056
2375
4069
2032
967
11528
972
10088
6331
2704
6299
9347
9678
7860
3374
11159
11208
11495
5601
2951
9537
9167
9451
8701
122
7216
12065
9902
2100
869
11687
9222
6790
1998
3590
1156
3156
4428
5688
6480
1575
11902
8253
472
4997
9057
3583
2932
5425
8751
3388
2180
4743
11584
7125
11181
9820
5488
10630
1149
1160
8000
256
10790
793
4873
9297
6197
3855
557
10042
10280
2899
3220
261
3740
6762
8819
7227
10081
4305
10270
4304
5244
9798
9212
8800
9595
6822
10288
209
3798
3539
153
9782
10634
1147
1967
8153
2433
9825
597
3137
6027
9848
4776
11393
1565
6246
7403
6448
9710
11282
7304
8417
11598
10709
2243
10585
9952
1360
3304
2324
8040
1480
1833
3661
7694
10201
5123
4187
7471
7654
8885
5241
11721
5834
10804
1186
9561
1907
4088
2477
8208
10706
12228
10397
6847
1486
1676
2353
8848
1571
9929
5515
4495
11038
11172
618
6223
6880
2847
11920
867
2507
4982
10302
4695
8039
4418
7003
8649
10325
7706
790
7785
7450
3822
10452
7515
7829
11778
2808
5050
3518
8925
12132
3958
7344
2133
5052
12257
10136
2279
659
2430
3751
10720
11704
2591
6315
642
168
9709
1800
3394
1917
272
10660
12077
11971
9258
494
6788
1912
3646
8230
306
4102
11021
781
5286
534
583
1300
7060
7495
8241
11053
316
10389
6510
2564
11692
12049
1794
6677
11878
11337
8463
548
1692
3525
3012
1630
2390
4694
9086
10191
10314
9439
7704
4487
1259
8022
809
6388
1049
10070
11071
7390
107
6249
8865
6786
11635
4605
11408
5455
1532
4962
10047
211
3147
5156
10448
10297
2150
6995
1973
4685
8182
7607
9693
8838
771
7502
8895
1249
7890
7253
10664
11629
6573
10052
6819
709
2672
4514
1461
9676
2545
7741
7217
8422
1356
3011
851
1004
10188
1834
7903
12037
7742
1316
3327
1623
9672
3833
5744
1278
11272
10015
9245
4145
8667
10474
3146
5642
8527
7139
2617
3662
88
874
8735
3000
2760
12303
1880
106
926
6365
319
878
6773
3994
4921
5386
3078
4730
11822
4234
4259
9810
3726
12136
9237
1750
7691
5151
3878
5864
5600
1043
3010
5155
6777
7786
4590
4751
10256
2964
8833
137
9072
10168
9773
1097
11476
11903
6549
9584
10275
9458
6471
6461
5265
10766
2135
9695
5458
5078
3367
3729
148
303
5113
10116
5148
1270
10829
1904
2210
4294
3842
3574
9960
2875
10432
5040
2298
8675
8155
5278
5435
9472
5127
8983
6528
6894
1201
10554
12285
11261
3429
1865
12116
5575
10783
7057
10902
5716
9721
4998
2809
8877
9743
4255
7528
8752
10442
2890
3500
10881
12162
3379
3193
1446
1952
7124
9114
1624
8502
6949
1319
3531
1663
815
11735
10458
9665
9965
4775
11836
1093
4176
1950
3884
11711
11910
2800
1239
329
3102
8434
2542
4737
4792
10449
6646
2818
753
4531
1563
1934
7207
12066
3493
11214
7712
10840
1856
4697
3563
10156
1013
9619
6108
11514
5482
9487
466
4028
174
4880
277
1069
9740
9216
5561
6866
5036
11026
6803
9658
11739
5545
5002
1713
7640
2611
7393
388
10262
8020
3495
11013
4976
9616
3542
7288
7310
50
10079
6587
4229
482
11585
2251
4162
12086
10505
11041
5092
3103
10657
2929
6776
4969
64
11999
7573
8968
4587
10926
6402
10772
6209
4616
3332
10536
7587
2815
3964
7606
5381
5939
8916
3241
10531
2793
5733
2524
1735
7960
3124
4940
7975
273
11136
12042
7021
11774
6555
5578
5496
1452
10907
2692
2767
8410
239
1131
12005
7893
3264
10431
5349
5764
1383
3074
4860
1357
4871
2630
11024
624
839
4723
7663
323
1867
5256
2826
5172
7083
3927
8629
119
11934
11759
2377
5910
7509
10031
9218
3301
7524
4172
11293
9092
7879
9396
11824
12298
5037
6721
4050
6963
552
406
6213
3134
9805
11126
3298
11025
7479
2349
5842
11301
7665
9930
236
5781
6082
6079
7897
3163
499
4918
3625
3127
8986
3358
11483
9182
7078
10627
11568
8582
4839
10592
1217
235
331
4576
3188
7776
44
7925
11945
4216
11628
3072
11326
7911
5022
6659
1594
8415
4709
2891
1245
7769
1540
11729
4625
10725
818
11650
155
7510
6744
8635
248
4014
7609
10828
5226
8174
8985
8119
9917
3189
2649
628
1230
2339
7707
10035
6830
7368
9812
1451
11094
1828
9018
1639
3864
7937
11105
11131
3420
3767
8727
5906
10855
8346
11433
5596
3149
11144
9503
8514
5806
4110
11522
1798
8274
10752
10135
1988
11728
1574
11169
2723
11597
2058
9954
9686
10272
9366
4509
10820
4261
9592
6251
614
3093
3450
1014
11249
1716
3905
7500
10373
3418
4651
3100
6464
12130
1211
12103
8826
9247
10532
8988
7086
5187
4270
2814
1080
9846
1607
8336
4241
90
7846
7930
682
8041
11623
8285
9026
6052
12058
6005
5131
1400
10483
9692
7255
2262
9660
3245
9190
853
9334
7843
2274
7040
7562
4497
7572
1103
84
10402
5952
4210
6814
5681
3440
1567
7033
5597
1660
9748
3764
3584
10077
11336
10058
6951
2874
11780
11459
2884
11082
3007
1826
5929
2640
9717
9754
5701
8535
10734
11577
6437
10604
6322
2707
6158
7854
9302
11634
2213
1359
2107
4805
5974
6820
9570
2828
424
292
1065
7017
10569
5734
5108
10319
9909
7196
937
3779
6893
8446
12100
9674
9136
12230
6280
11375
3266
7346
7723
4819
11099
969
496
10021
10369
5835
8529
4704
1148
10435
5809
12299
5005
3968
2151
10202
7761
2491
12214
10002
10186
4815
11124
2824
5665
11089
7038
2275
8626
8167
5395
6270
11015
3755
7917
10696
7204
3211
4308
4992
3540
11462
1941
10083
3599
5385
9457
4438
2597
1410
1214
9158
9422
6439
4791
7596
6217
605
8296
645
5500
3088
9211
8283
5208
2870
9100
5570
5837
10342
8430
3140
9134
9462
938
5520
3229
11743
1862
1669
8197
4343
3943
3013
18
7574
10162
10901
10424
6577
9003
9492
5431
8452
9996
1570
10646
1743
7009
9822
9908
520
3937
11674
1658
3472
2475
3948
3934
11837
7153
763
4703
7236
8027
4427
7658
7729
1091
3608
1101
7379
958
559
6990
6834
1519
8839
6128
2484
6634
366
12093
6193
7531
1948
9764
808
11424
8203
10217
5013
7685
6783
8368
10680
12078
2569
3520
11952
3282
1664
10383
12322
3370
6966
8115
6572
10852
7927
4252
6683
3578
10238
5946
6605
2624
11602
6399
6101
9377
1006
11761
11929
2049
4011
269
1993
265
9106
10470
10423
8048
290
2912
10285
6542
9844
4141
4257
11231
6871
10869
288
7757
3107
8069
12286
6044
575
850
7483
12075
5350
9914
6229
3949
9292
7801
9399
1843
1848
10716
3947
1694
4181
6369
12152
233
11524
2647
1711
8374
5096
5737
5452
1462
49
12221
6673
5354
6004
7790
8298
443
10146
7656
4742
7180
726
2238
7932
2330
4125
169
1001
3252
2148
197
6122
3793
647
11227
4140
11925
2758
8565
8758
11912
11087
3485
1155
4135
973
3287
7151
11819
3638
5882
5594
6600
10027
2308
10032
6031
2044
4372
4732
4718
5955
844
4489
7913
10347
349
6668
784
8239
11843
5751
4018
1439
6097
5085
10057
6885
7865
5406
11387
8225
787
7684
5139
4577
5339
8059
2627
6625
931
2404
9877
1248
4855
92
5511
5437
2851
10985
6423
764
6748
11180
5469
6047
10640
9920
257
7240
9411
7651
9353
8964
5582
8504
12224
4859
2997
1176
3896
9541
11967
11308
3516
7955
10490
11063
7680
7084
8583
6015
1456
1092
6118
3239
10970
4441
11848
2583
7566
11449
1372
919
4307
5699
10742
537
9412
