809
1305
642
4413
6871
4328
273
10470
1372
11505
8142
6747
431
12308
484
11905
6464
74
8267
11745
4258
11536
2072
3630
1286
930
10315
7674
5580
12066
9005
11800
3406
8650
3930
2645
6853
8202
6985
3663
3674
2773
11509
4725
1383
5832
5763
574
1801
407
4130
6647
4666
7033
11714
9697
1936
9787
10006
8990
3212
8182
3753
7482
4216
10185
7669
2518
576
7383
7887
1567
11629
11980
8083
8045
10009
9542
8244
3002
10310
2163
5752
6922
154
6287
1274
3641
1309
11408
943
8408
8728
10166
4481
1970
6739
3501
2884
3620
2816
7125
11087
5794
9442
8065
6631
9414
10407
8974
925
3743
6208
1510
11755
4615
11343
12074
5746
2134
6636
11430
1178
7374
5606
2302
11558
6040
8595
9438
3598
4715
886
4739
10124
9628
7981
34
4383
2361
12010
7378
11305
8640
11018
6691
1391
8261
1474
3318
7741
10978
2009
1993
3231
1051
4160
12070
3678
1647
10494
10525
2850
9227
5258
7495
11297
3941
2175
11130
2084
10796
12046
7703
12328
10615
2963
8
4193
5124
9381
9266
10822
9766
12197
1495
8863
8696
8712
10541
9156
9066
6550
487
11592
3118
5371
3873
10880
11812
8828
3413
11268
2015
1788
5649
9087
3558
8465
8905
10921
1235
11861
4238
172
2027
10738
4231
6914
8518
4757
2897
3617
721
9656
671
8328
9252
4819
5102
5810
8002
7614
10436
1600
11050
7999
911
1666
2374
11740
7090
707
2615
8246
2260
4430
2635
954
6672
1901
8668
12283
9590
532
11619
876
1999
3387
5665
8876
6175
6049
10071
10733
601
3405
2630
693
9209
6654
12113
7950
1000
3479
9961
11769
8441
2753
3079
4727
2775
11473
2403
6067
7536
10089
9013
12141
6577
6595
195
3439
2984
234
8891
1778
2654
11423
12054
10588
11224
4222
1419
7571
7165
8976
5044
1499
7137
6977
5212
1996
9932
5986
1753
2287
5661
7876
4570
2457
9622
10245
11386
8386
10049
7483
9454
730
4572
11534
1242
3782
10544
10104
11669
6243
7023
2929
1564
4255
11289
1140
4205
1660
9572
5988
720
9665
6268
11111
1279
4188
5920
5755
4248
11295
6628
2972
2524
6409
1633
10830
11385
8844
11532
2056
8122
2575
6929
12009
7584
2484
3072
4571
1366
4927
5349
10785
11710
3238
4054
1290
16
2923
12073
9564
10617
5761
6658
8019
508
903
10482
10753
1121
4290
11528
3233
7018
11246
8669
3096
7985
11994
6810
2656
5465
5663
3905
1020
6837
7948
10225
9827
10405
5624
1650
3156
12244
5527
4766
2319
4732
3111
2408
7142
10511
2958
9019
6916
4544
6347
9317
224
3029
6479
342
11017
7925
8226
9043
5966
8196
10971
4089
4719
12059
2698
5217
6387
1620
12089
9965
3549
11249
8166
10936
529
8449
10296
9942
4025
4340
3772
7360
10293
2180
12063
2936
6492
4228
3183
7984
6350
12018
10205
7560
4304
11671
3164
4479
3797
1848
11758
6962
10082
9993
658
8745
12262
10081
6012
6834
9518
12250
9399
10800
5179
2032
10339
10328
6623
9254
2543
8513
194
2786
11031
12014
2546
10478
7326
11786
1424
5459
212
11164
10444
11577
9891
11735
3213
1442
11195
11158
9698
1673
4055
3622
7017
3860
9661
8564
5473
12207
8049
10763
9749
969
10653
10254
10916
1923
3322
3843
9428
11309
417
11360
1278
160
8320
9395
5259
180
7184
10775
7870
6384
8765
6998
2793
10335
10145
12226
6472
2296
6930
4069
1521
31
1686
5981
9175
10369
8047
8637
8377
1849
2677
11597
3428
2087
6454
4703
11556
7373
5974
11397
11469
2960
3738
11722
2978
7058
6259
506
4319
352
2402
11010
1086
11162
2196
6652
5468
1980
5627
7280
10747
10715
522
10843
4828
283
10248
5959
10774
2764
3625
2896
10489
8078
9946
9092
11719
8784
10858
8327
6583
11052
5335
4200
10899
7340
11977
2931
3574
618
4445
6599
12121
2158
3446
2439
6222
12239
11954
11483
11770
9074
10117
5141
5070
2587
1573
8008
2637
2855
477
4041
1990
2464
4833
5530
6428
6622
602
10616
4879
8283
3604
5720
7493
3673
6281
7562
11587
7323
572
4257
334
8043
2536
8048
8111
7457
4636
293
4215
3853
9063
7696
8117
8604
10298
9363
1835
4275
2002
11582
8649
10735
9437
7725
10632
11108
7145
1979
8028
4034
226
733
11182
732
11083
4033
11991
7911
10780
198
4007
8916
6879
4907
9089
7466
6356
6635
3074
1685
128
10187
607
9912
5799
3352
5780
11793
5424
11372
9213
5556
9459
4869
6565
7035
9747
11341
6632
11830
9050
11819
7566
9812
11241
58
7998
1550
4515
4001
9615
6474
765
4364
2307
3115
4271
2735
5429
6312
207
7162
3453
9257
4351
1914
11521
2605
6064
3971
7143
10606
8683
9144
8448
656
6693
942
9441
9857
11127
9370
9108
3066
7625
7908
6624
4501
6223
4997
11190
1624
3003
12168
4101
11817
4432
8871
11378
3533
11045
7282
874
9511
4972
5667
10573
5538
2708
6423
10510
10643
7662
8979
3454
4803
7905
5595
3046
8908
9944
10151
8549
4659
6659
3053
6461
9607
10551
9774
55
7320
3888
4251
1207
9070
10321
8363
7933
339
10474
8021
8432
2272
8611
9420
5012
2022
4014
4139
8495
9579
26
8996
3375
11494
10156
4651
10424
748
10160
979
76
4931
4547
11776
7843
5144
6793
2189
1658
2506
69
4539
5191
2856
5147
8088
3437
10231
10779
4108
6750
11999
6812
4968
3368
10197
5808
1818
10912
1230
8114
4563
7527
8184
5486
2811
166
5286
327
9427
2369
167
6811
2948
1040
4381
11777
9705
12052
4373
7636
1675
3400
11374
1795
10279
9248
1842
5762
7195
7124
7036
9956
6585
11862
3416
4943
3794
6068
9577
7909
1783
3012
11112
8554
4326
6280
10731
4433
8245
1774
8678
10088
9573
2320
6972
1819
10016
10762
6324
4844
2987
2342
8290
9180
871
8651
2802
10059
8598
10244
358
11971
21
1182
10576
4824
6077
6069
672
11209
10283
11525
11097
9015
1646
9547
6198
9285
7517
5815
3784
9274
10719
10563
502
3474
12229
8514
5906
5718
4823
2443
12261
11721
7541
12104
1833
4969
4370
191
6639
10508
8653
6326
6482
10550
5463
3052
8801
8341
6821
9907
1518
5374
8163
11004
6059
9482
6712
2914
11146
3490
7471
5409
5241
11001
8164
238
5590
3912
1803
734
5520
12160
11616
6591
5315
8858
6060
10765
4806
4278
182
11895
11611
10257
7942
9321
12144
3182
9600
11075
11560
6434
7054
2300
2329
5885
2327
1481
10045
1724
4321
1333
2146
8454
11229
6698
6292
9508
10308
1725
8434
479
7935
7289
11476
4623
11441
7479
5671
12231
3909
9746
467
12145
9387
8813
550
4143
1628
9864
8301
8883
8140
9109
8812
1868
4830
121
11489
1027
7869
3469
4614
787
6992
4378
1532
2514
11898
4080
1566
1809
5365
6235
8772
7146
9023
7587
15
10672
5372
8141
2393
11382
3056
11912
1545
5080
12165
8357
7855
5439
3807
1368
1015
11728
8085
653
3157
6642
141
6688
9322
8799
7654
7012
11926
4016
4197
84
8864
5870
9718
3644
6758
10351
7152
10711
11025
349
823
10048
8749
3835
9715
4753
11948
11522
11732
2549
8830
1433
7812
4787
8312
5926
3540
10693
2051
9258
8720
1311
213
5884
4453
4616
7369
1702
8747
2030
629
209
723
4277
8340
8015
145
4973
3235
11260
729
9488
2872
2337
2391
122
7540
9959
5980
10889
6523
5738
6112
11683
345
3494
8667
11579
12028
5772
10383
4592
9085
4006
10664
5895
6754
3567
6057
8917
8219
11093
1029
4315
1098
6609
7467
2961
8480
10364
6638
4613
575
10041
4809
9833
1612
6889
2046
11564
6564
239
2801
1473
10893
6096
4396
676
7151
5953
8776
6796
4081
11107
8603
4211
6311
8476
9460
6727
1105
6276
588
11149
9657
7573
420
7690
7736
163
10106
5227
11122
7740
2399
3999
3444
2079
1347
8625
1890
7126
6186
1173
9072
1961
4186
1060
786
11746
8097
3923
297
9357
12234
1649
9036
2122
6944
7415
177
4281
9173
3546
11429
5247
4577
11825
4965
6052
11581
9262
10695
8212
1525
7279
9680
3305
11641
2544
6308
11192
425
4918
12132
6720
10909
10740
8697
9733
7838
8722
321
7991
7651
1145
841
11598
9723
1429
2826
7512
7398
7021
1863
89
3712
2648
476
11037
3565
4877
11779
5321
11798
7612
3485
9193
2504
9934
962
2744
3568
2387
5228
10689
9160
523
739
8511
12256
4375
11034
274
12176
12285
1810
8071
9247
11027
9549
9624
1087
9957
11036
10425
68
4305
12184
5307
926
2115
9558
1531
4555
12090
10627
6003
4392
7376
10667
8541
9905
7523
4468
513
10086
10198
7492
555
7005
2995
10140
56
10757
7849
6211
6335
7500
7113
8493
6132
4914
5827
10957
5091
6910
2705
5186
7632
4992
6865
4964
9318
1003
4630
11820
193
9940
4189
5889
1782
12103
7708
10249
11056
4377
4783
10947
1526
1300
5112
7553
2295
1096
1894
9014
1814
5902
7443
11215
9792
8605
9830
5740
10649
5741
3210
6284
1269
4490
10554
7297
8755
1158
7542
11882
2103
7491
4155
10427
5565
10007
10963
11964
541
7298
9634
11601
11306
8080
12134
3130
6124
5277
1022
2865
10220
10209
12278
8412
11841
11646
7079
5967
2939
4921
4883
6621
9476
6777
9439
10583
1340
1250
7697
6986
217
3614
7845
7646
10087
2937
989
2352
7864
11754
12151
3745
10349
3425
3139
7268
8703
4801
3313
6681
10092
6692
4141
9592
12265
1771
811
10058
6955
6412
8822
3460
7956
992
7318
589
6231
10171
7555
5143
11700
3280
5449
6902
10966
10801
8787
222
8685
2917
7183
12201
6625
9167
5357
7144
7283
5245
9392
571
2203
4362
3082
11583
9871
8609
1974
1932
7187
10053
4285
6724
6221
3883
3389
696
294
5190
1023
225
2624
12219
9869
11082
9425
4202
4747
4896
1710
6989
5633
11984
8885
6320
751
5852
5985
10035
9647
3256
10917
2047
6725
1423
4542
9492
11775
6494
8461
7049
6185
2887
4668
5350
6242
1453
12187
9201
2024
8877
11942
8867
1176
3145
11433
4861
9510
4677
2492
2749
7
11405
4465
2425
3839
11575
10149
6366
12130
173
11355
6322
2176
6847
1370
4712
346
11881
10420
8950
7639
7574
613
10199
10645
1674
10463
10043
7687
8522
1135
5464
5654
4503
8878
9273
8306
756
6165
1476
8680
10023
6763
4590
3577
1172
8982
8524
11277
1763
5472
464
1765
6129
3158
3041
4267
6459
8124
7763
2815
1621
10739
10322
6611
6134
6415
1939
10614
10065
10354
1941
2800
6333
7190
11885
3410
8186
6826
8358
11561
8679
10710
11892
8931
1455
5203
7345
8700
6509
12171
3936
8113
4842
6838
8934
4923
12082
7824
514
3027
9779
11047
6183
6532
9025
4996
675
8282
5254
793
459
7135
645
928
143
7100
5176
5413
10272
1285
2317
9320
5862
2692
902
2238
7554
205
5998
1797
424
11235
8105
9645
12051
4580
2062
4276
812
11105
8641
7437
5017
1221
9972
310
8856
6158
9734
3137
8960
3016
5648
9886
367
12315
11773
6504
7290
7507
3202
10991
7752
12153
5607
3393
1089
2888
6199
5125
4005
3484
1136
6976
851
7924
2660
7645
130
2019
1093
5835
4154
2411
1416
5566
9390
7316
891
4888
701
12186
6337
7920
6531
2652
7299
9331
5294
9012
5721
11585
10446
1780
12116
11612
6039
1557
10497
3522
8624
5045
4201
4272
1186
7994
1915
2428
5445
11900
3846
1645
8967
6288
9736
10484
462
9536
11348
6934
805
1054
10200
27
10287
11231
595
1050
7103
9883
4467
11736
1891
7693
7251
10892
5898
3572
10942
3034
10986
11488
11233
6765
993
10834
9911
365
10451
11667
174
1884
9136
1533
5272
923
3207
3123
3260
6794
1363
9326
6399
3953
6762
8519
8463
5180
3240
3035
9580
1696
2979
1294
2716
184
9064
5894
6487
8944
1634
8732
6075
8443
2228
9078
6164
3116
10132
3175
9217
7000
4280
8671
7329
9846
3973
6050
7954
2455
9814
12183
11938
4853
1635
11333
5564
8868
7692
1784
9475
1811
1912
3219
9057
3309
12180
2780
10189
6120
8467
2481
3417
7388
4422
7642
181
9135
4520
1084
10610
2141
12164
5260
6891
2965
11990
3739
2956
2437
6250
777
10941
8337
9850
10786
175
7892
9670
2
5668
1587
10152
1661
556
10239
11859
11996
9458
7474
2410
10028
3471
6119
2596
9304
10393
9111
10885
3302
8262
8156
6212
2745
4781
215
5236
9429
7793
10888
10938
7932
9365
7110
9277
4338
2333
8798
12303
10090
450
4554
5339
5996
8627
10620
1156
3520
11514
1180
4980
4356
8748
10660
11414
8168
2706
599
4064
8241
2275
7817
12193
12025
6574
8373
11490
12058
5587
8162
735
2054
5924
4047
11417
11196
4663
9853
9110
11502
8860
6441
5326
7516
10589
2822
10968
6219
1888
1458
9982
3942
9924
2500
10854
4746
2239
1454
9790
761
5995
949
9964
5224
9048
10698
8183
2068
1837
12216
2712
9840
5650
5123
5122
981
485
2509
2593
11437
3586
9280
741
6093
10460
2070
8981
12019
500
8460
10172
3084
11733
82
5909
6162
3759
3287
9236
3184
2082
4122
5282
11412
10406
260
1475
8688
7913
577
9582
9894
3624
11006
1036
3629
6888
7599
6216
11685
7834
610
7306
6931
5744
1509
5090
7327
8881
1584
11131
6122
4405
794
9716
4733
8250
9822
5292
7858
11858
8969
3434
1053
9127
4488
2498
6408
1622
8423
10883
11682
8724
3089
10414
2592
11760
1907
7934
8793
8993
1672
5098
6711
8590
6130
7762
2717
5081
11928
10682
4524
6973
7167
1606
112
11654
259
6133
636
5610
8618
6706
8594
1404
7851
2375
7918
10077
11936
10803
4087
1126
8222
10961
8206
3515
9393
4085
5038
8075
1196
8638
10356
3290
3502
7132
6018
6646
9984
7485
7698
72
1272
8486
6792
5025
8317
11796
6485
6965
9902
1668
4457
3821
2638
7221
5117
3336
762
3894
4404
6729
4841
2649
8090
3968
5749
7270
10316
6325
3584
10969
6302
7281
3607
8352
2075
8277
9212
3643
10865
9985
6465
6512
1446
5701
3102
9978
894
10904
3661
8115
2893
1520
4511
7224
98
6817
10671
5657
5887
11394
3073
5943
10891
3786
7633
3076
6648
3274
4737
3320
2407
8384
5395
3291
5523
8879
519
2601
7751
4724
4530
1426
2651
4187
905
4523
5119
1799
7314
2225
8806
3222
6410
1519
12077
3251
8417
5531
7828
4876
11879
2280
10536
7105
12002
4320
7786
2338
4782
2799
3977
2528
7644
6683
9725
9138
10547
10079
11517
1236
6881
8010
6669
1190
7118
8286
10521
8676
1539
3823
8256
5433
1965
12310
1831
9529
392
10491
5271
9851
11438
1233
6301
5084
10397
5997
5922
3022
7205
10486
6619
6336
2212
10258
9618
81
9374
9256
5689
12162
10252
9068
1816
11389
6608
7944
4218
232
8827
1246
5376
5103
2423
1155
1490
2156
1627
3871
6926
7912
5037
1244
6285
2224
5801
1822
3538
9648
9234
11420
8374
8424
6913
7134
3826
11145
518
103
11908
7683
5659
7402
4229
5715
8918
10528
11046
8995
947
4600
8310
2422
12005
3140
7829
10835
1403
9703
2031
8565
936
9210
3176
4030
5154
6203
9664
6903
1669
4565
4650
7155
5544
7397
8559
2827
3397
11875
605
8647
6378
6885
2432
12012
2347
9950
9410
5545
6458
10935
3269
11891
4895
335
1287
3311
5110
1033
10863
9198
3063
11750
10688
2157
9296
1264
2489
9855
8022
6275
831
3499
11759
7041
4420
731
8453
8681
8001
3557
11163
7237
10452
4192
4735
10505
1517
8004
5266
10998
3049
1975
4829
4793
8082
1969
11172
6127
5065
1103
1744
12087
704
6283
7476
6270
435
5308
8984
4516
5767
9888
2362
286
10098
5338
8279
11653
5836
6700
8791
2511
11133
1731
5573
7757
10080
11886
8201
3435
10578
4911
8750
362
5177
2626
9310
289
8177
60
9020
5641
7454
6520
4436
6779
8562
3273
5379
8175
1758
10267
2685
9125
3869
8539
9169
9613
11078
1183
8278
5858
10127
11955
5020
2368
11860
7929
10345
9963
8563
3861
4093
3732
6665
11362
5632
2359
331
3526
6737
9406
1110
11571
8316
10924
10848
10742
11151
3330
8324
11270
554
7938
5039
6990
10506
3994
492
1718
10744
10853
7597
2343
11782
158
8599
940
9190
10340
4988
3296
10435
10896
3504
4406
11103
2689
8814
2401
1791
3534
3714
10392
10603
382
3415
3658
5968
7210
9677
551
2845
5869
10487
7286
2257
10038
8874
7656
1345
9843
5018
10798
2207
9126
3512
882
7903
2035
9162
3638
10179
11265
1073
3390
3528
11666
2315
543
3346
685
8081
8056
11864
3575
11657
246
3461
597
4499
20
7971
11970
4880
7767
6836
4903
660
5764
5736
9289
2265
4633
1542
5507
3947
171
1080
1554
4750
7271
9755
6936
10116
9157
3778
3675
2531
10134
775
5132
7671
4473
9704
10592
913
7906
9519
8207
7104
3891
8195
3254
6076
10096
11618
8769
1381
6156
5238
1562
6667
1422
5341
5380
8546
5939
6576
11972
10648
4760
4909
4367
3343
7896
1544
1572
66
4529
3976
968
9145
486
11110
3618
216
8475
1881
9706
3640
10211
9679
8098
9799
12062
4874
766
2394
9917
9711
8120
4156
8055
2598
3349
9249
28
8407
5051
9491
10333
7391
3042
3146
11021
9669
10721
7480
3470
12205
8730
8420
4164
8332
11887
3510
763
7203
6269
12152
9890
2563
4052
12140
744
9804
4163
9170
2179
3798
278
379
953
5135
11659
1704
4259
7339
5685
5290
3191
9466
3836
9699
1942
10694
7960
9327
5155
6827
5838
9637
3378
2746
3108
6193
11743
10954
11079
3093
9737
10756
4165
2951
7978
6714
9155
1700
9930
10051
4587
2241
6137
10447
855
778
5100
539
4150
2200
9368
7065
6451
9
6640
2184
11040
6238
2623
10791
7992
10005
7637
5492
2449
1386
5503
666
7902
4665
1824
1397
10061
1041
6610
11247
4440
6679
5046
9738
4726
5687
5563
4491
2365
1222
9729
5867
203
1806
6937
4607
10749
11916
9674
5958
10384
2057
11676
6125
6975
11237
8560
437
509
9352
8579
9906
1307
8774
776
6995
8127
9651
2264
11140
3854
5442
91
11273
11868
5275
1613
2844
7303
4839
3090
10360
8936
9809
5283
7469
10196
320
9666
9768
5562
7570
1314
11824
11291
2460
2412
7997
8589
4741
2153
11615
5145
5914
4176
10300
1917
10736
10983
9071
10022
6416
9597
2762
11415
6996
11677
679
9297
9765
38
7158
10584
8464
4212
8158
2838
5513
6010
2385
9421
11318
440
1299
3224
8020
6224
4875
35
2515
8551
2451
3679
5757
7842
11727
6951
2077
3648
8770
12282
4019
9992
8355
10702
10128
11499
12095
9344
4388
9265
3803
8391
11253
7590
9627
8394
7026
10374
8234
10462
9328
10568
2356
2880
1065
10769
7993
3718
2659
3876
568
11799
3496
2534
4979
2728
1219
1925
9691
1077
1885
11515
2482
815
12209
1543
1529
5410
4573
6742
10271
463
5803
4900
1873
10126
8509
8561
665
8717
2058
11570
6560
1410
5636
5850
681
9581
8987
8438
5816
188
6420
9641
9445
6745
4951
11867
7681
2395
8820
8613
5028
3193
9137
11966
7010
9189
1900
10192
402
11956
8062
1779
10498
585
5753
9340
10479
6920
2301
6538
11853
8630
10512
8406
7586
12156
3769
6373
3578
4136
8041
11673
5702
10717
3820
580
9598
9187
534
1231
7140
11069
982
2783
11630
10794
1308
8198
6759
803
4311
6174
9638
7713
4551
9653
2950
1365
9049
6103
5826
11319
6843
3750
4480
11106
5322
6530
453
848
6306
2372
10236
7583
7535
7234
1167
5778
1390
7121
3697
6121
7168
3709
6007
8842
7081
2805
4870
8058
3204
5079
11156
3457
6339
9343
9407
6299
12056
2631
8852
11117
3682
12272
3885
632
10708
326
11555
9100
3050
8411
12055
2710
6021
6463
8132
2661
11452
584
7338
3581
10370
6915
7509
3019
9353
2383
6713
10261
12224
2462
3850
5743
6641
2483
12312
9211
2303
9824
1527
9813
7859
10030
10831
8046
637
9045
9409
813
12220
5207
8537
5024
1002
371
3795
5908
85
7114
1384
2879
5574
1091
5693
1578
5696
5406
11945
6184
8859
3536
1671
6234
2795
4567
6886
2642
1637
7623
2932
935
7556
622
5330
9981
4714
7352
4627
9386
499
4531
5883
9031
1056
6317
5270
11424
594
2740
2658
5183
3733
9688
7101
10433
9355
4233
2109
5373
11698
41
5790
8335
187
3717
7798
7882
1275
1743
480
11635
10665
10359
9309
8677
3896
2390
7076
2313
9366
3865
11695
7694
9816
5615
5937
9782
363
6078
3194
9516
9859
10133
3928
3719
4346
1910
1445
2014
3345
12274
10725
12232
2476
3492
1214
10341
7361
3530
4127
142
3418
8501
5935
4521
1538
3160
5628
2502
5076
10269
6510
5554
8635
8515
3350
5447
3866
8614
2763
8414
10139
8826
7115
8102
827
2770
8361
8149
9534
8330
7435
6086
3179
3234
7088
12123
8133
7769
3818
745
1039
3357
2453
1721
5681
10586
10120
10829
87
503
2234
7170
2414
4125
10910
393
10670
3603
4599
3704
9356
8000
3500
677
6958
3402
5325
5728
11484
10929
4073
4681
8896
2900
2922
10531
4745
10570
11946
7844
3275
11261
1916
11366
3165
3195
6053
6070
7193
641
7013
8940
9654
4831
10320
8754
7575
6486
5351
5331
5716
4820
11718
7607
1428
1977
9741
3401
8160
7546
10401
5164
7204
6196
9223
5925
8263
12175
8853
8736
3751
8956
3725
2424
4246
8909
2367
9283
6684
5008
5240
5427
5522
3120
6746
4804
3374
5493
10415
2477
11336
11734
9435
6365
6168
6787
2628
12091
4886
5546
10123
8670
8392
5706
1785
1565
1074
3811
1927
12243
7439
709
3038
11506
7640
5756
5707
176
3981
719
2622
1793
4419
5965
5977
10449
7455
307
9546
6436
1439
5642
2664
9636
1267
7579
12161
8662
398
9692
802
10953
12053
11593
6604
6627
7783
3724
9186
3792
1418
1281
933
258
4693
5131
4028
10980
5042
6651
3649
3134
6002
11664
6016
1038
6823
7711
9575
7321
6298
2633
4349
4288
6181
8506
9183
5742
3919
30
858
3092
3462
1631
10102
8534
10782
11524
3249
5634
3833
9337
4412
3987
11851
616
11013
2723
10457
4190
11357
5582
6217
7419
5497
9925
6694
11523
5905
10294
1124
3990
2466
9158
5231
3419
1920
2445
8264
10409
6431
2691
8346
2021
9494
8018
2331
1615
2620
10567
5253
4398
10305
7400
9467
817
201
7968
3992
11807
1209
7407
8103
11205
700
10503
1504
10207
8901
7567
8580
3185
11453
7348
861
5936
7688
9949
10533
5499
4597
6149
10389
5302
4265
877
10628
9134
9710
4893
8007
4647
2616
2977
214
3804
10348
8455
4912
1575
9251
6554
8200
4863
4867
11120
10143
10355
2933
7643
436
2797
11953
5116
11244
2209
7067
639
6571
11713
9037
3705
3615
5336
4437
3605
2964
5396
561
10914
6673
764
10799
4705
7246
4640
10295
4762
2919
1462
11271
6813
8833
2632
9785
7949
8645
7441
5239
11377
4939
1460
12314
5578
8039
332
12213
5389
10534
8478
9250
10955
10366
1507
8326
4808
3315
11610
11962
7676
5337
6617
3831
5130
5821
8536
8240
10350
10869
9707
5963
8313
5453
5456
2842
7016
1592
5923
8100
7366
2226
792
5559
9608
4263
6258
10877
1568
11238
4309
1590
3532
8297
8550
2991
2325
6502
9152
10919
4857
3676
5792
2006
1716
9775
10306
1501
9915
9937
8639
1893
12217
4062
8502
12039
3606
12115
5561
938
3268
9472
7959
4355
10549
3507
5800
127
2195
308
6201
12068
3467
10303
6900
4191
11349
9849
12033
12320
12196
9722
5184
9535
5006
3106
2044
8938
2918
9293
8751
1358
6344
9588
12096
1776
4960
4415
11811
5694
9276
10876
3325
3198
8543
5375
4431
6686
2344
2085
548
8350
1642
6950
1323
4316
52
438
159
4851
4300
1967
5419
5962
7706
7784
9701
1177
8805
12301
9595
4702
5670
3550
3097
4434
9986
1493
9567
12268
1551
852
3169
9650
5196
557
1596
3478
3703
7719
1494
4149
11063
11011
6170
4593
5069
875
6527
10706
4078
2513
7117
7564
1243
9377
7581
11073
6209
1277
2116
1013
984
10634
1328
4817
11871
6605
1356
752
4631
11965
7801
8037
9232
9244
7381
8481
2643
10338
6732
1951
2350
9770
7921
3473
6443
2233
2247
6567
4936
10052
1839
706
6362
6101
8307
1909
3333
11832
1400
4678
1883
1116
6024
11375
11173
7973
896
5170
7014
11648
8491
10681
6227
2078
5291
8907
3101
5653
2069
5541
1149
9974
9129
1255
4472
3764
9764
5770
8866
10403
7958
3580
3142
10419
6949
7619
1836
8933
3208
8139
4167
9434
2017
288
403
10626
5005
12284
10259
9096
322
6540
10501
11259
1586
955
11193
6180
3324
9342
1352
1115
11057
4442
1934
2270
8816
6340
8433
7733
2064
1708
9610
10579
2521
11621
3316
7588
1992
11226
6151
11072
1085
2213
4963
9826
9448
7543
9554
3100
1487
2066
9225
7522
9033
7979
5700
9971
6674
4084
6575
1108
5719
7238
1500
6108
8425
3694
1800
3890
2326
2011
5857
9207
1902
768
5613
8462
6153
4865
2306
8051
3382
6816
5303
7309
10014
9544
5386
270
11961
4075
8832
2718
5363
412
11491
5809
8535
7189
5072
5209
5083
2108
11337
5912
11451
10714
1547
3588
10748
10684
6809
7477
5785
11330
9131
5178
11002
8556
6544
8174
3766
51
11535
9364
6000
57
2404
1169
11692
4975
2193
3178
2982
4250
3355
647
5830
3304
11388
1766
287
5059
11168
4628
9455
6055
6071
11701
6984
2222
3232
11627
1143
2606
3144
1956
8224
9090
10538
5643
5695
2110
1807
2599
8585
1750
8345
7458
2568
295
9880
3535
5211
5398
7795
8440
3851
261
1359
8547
1987
4667
1014
11637
6013
11313
2576
10988
5833
11500
583
3856
10362
9042
6882
11321
6456
6342
6600
64
10793
1195
4168
9927
872
10266
2721
2926
12094
5273
4264
9990
2171
11068
3944
12255
7531
12281
9983
9753
9324
2935
6330
2188
1857
1069
3033
8309
10091
1338
3431
2400
3758
10372
3727
10999
9172
2339
7354
357
7333
5588
5134
654
8054
1447
11989
11716
11317
5390
7011
2250
12106
6563
6294
10517
10253
11998
376
915
3996
11220
1715
2980
6997
2715
12185
8401
10677
10707
7830
12139
10289
4949
2034
4065
4655
929
9192
2417
457
8815
8707
11981
4986
3791
8927
1100
1617
5066
530
1127
1413
9222
7663
7635
2555
8702
4446
2604
1699
796
7910
3925
9143
3188
7940
9903
6351
1769
9659
9001
1083
5425
3133
4836
6526
3384
10840
3388
2332
11016
8761
5849
11288
9943
10862
2430
7679
747
9714
4759
10464
11457
10945
10678
1638
4401
9426
11191
330
9038
7217
9199
10237
6382
1924
5876
5703
5940
11152
488
1210
5647
7666
573
11992
11763
7563
11550
8086
5158
4564
6272
1061
6743
8061
10522
7412
9237
5377
6304
18
7514
6820
2713
4017
11569
8847
781
4266
5769
10073
9728
11828
8906
11175
4166
11842
8672
108
8824
9694
5899
8617
621
11600
2813
11643
5861
12325
10789
7084
3991
178
11142
5068
11262
7229
727
9191
7779
7670
525
6971
11230
8325
7983
736
208
1198
8642
834
8567
10811
2690
3726
3666
11098
9483
4748
11702
11214
12236
1306
9921
5735
1947
10329
2113
1958
4279
11189
12093
9617
8966
7794
11562
1679
4755
4235
6460
7136
5348
10907
5393
1496
6653
1667
12083
8469
8243
9967
7127
1468
3783
3201
6225
1802
2067
5252
6522
11258
3205
10826
2866
7179
3369
4892
7461
7319
2063
3763
12137
4999
2814
833
11081
8294
8371
649
6536
7287
3372
9241
3525
2750
2073
11444
2036
1838
11364
11737
2552
9889
1396
3855
10509
3292
10493
3221
9240
3867
4380
4976
8825
10385
3498
5475
5552
8922
9394
6206
9121
12289
7765
9471
3505
6407
3314
9028
6033
6261
2595
6775
1204
11686
688
7053
2603
1469
12290
4060
8980
8971
1536
2111
9874
10582
9640
3217
6141
4221
6019
4301
3475
6457
106
2104
6442
6316
5787
5234
7335
2695
10496
11137
5452
2854
11632
8983
7048
434
5955
117
6297
4159
4449
11934
8416
12092
11979
11795
9793
12257
2074
2647
1296
11595
7069
6169
5604
1011
2765
10577
5023
1471
10751
6379
5774
773
8488
9122
8107
3652
1153
3110
5777
8607
5085
8655
11518
11809
4329
4773
12212
9242
9361
7710
9909
4354
3939
3057
9501
3154
4485
1821
9149
3216
5555
12044
1652
3282
830
10344
780
5517
7806
7995
8629
230
11978
3945
3541
1427
4791
2384
9960
2452
2091
4105
9233
10611
755
3551
11901
11254
11256
3755
9604
3646
593
2754
11328
6766
7638
11008
1826
12105
8458
6788
1735
324
309
7050
2526
47
3458
9200
8929
6925
2174
1962
253
4183
909
9537
11439
5418
967
3878
4698
11124
7223
2346
7841
9532
10887
2231
7802
5053
12032
10507
5169
6255
9521
1607
8779
1168
4854
4998
7927
7539
7700
6097
2916
8675
9757
5708
8064
795
868
11573
2757
6967
9130
1215
2579
11038
4813
3004
2440
3735
10054
9884
3960
1751
3940
3338
11422
3421
760
6734
1930
9540
404
10313
1362
10703
8836
9783
782
4609
8233
11975
5060
5504
5205
6736
8388
7242
11540
2152
6860
11910
2655
807
10469
8284
3698
7894
9525
9975
10557
4662
1546
9349
10076
3842
5932
7747
8116
2419
9461
249
3297
5323
421
9630
8231
1045
6768
2992
3480
5834
6470
1037
6430
10949
8395
490
9194
10119
8923
11634
4029
8211
4643
2223
10601
11154
5202
12133
1049
12004
3354
753
10164
9847
4220
6848
2639
11353
4107
4744
442
1682
10618
1599
3344
7673
5407
9405
3771
4115
2494
3911
12192
10386
9631
6432
9154
140
10758
2548
8790
5726
4391
119
11539
9388
5305
1030
3351
8197
5368
4561
6661
7161
7926
6573
11403
3922
2256
8237
1480
10114
821
4384
11395
3147
11538
7835
7729
3895
8689
669
6968
2010
3817
6398
8586
3556
2162
5723
11213
12221
9876
9490
4389
1680
5360
10713
5099
4427
2420
12048
11102
4195
5438
7465
10995
5656
7774
7931
1229
1713
12238
2665
5672
8723
11194
11943
6561
1594
6099
11774
4500
7243
4486
8296
9124
6020
10154
4325
5444
8632
8173
11298
3700
8489
5222
7484
1004
7185
2812
7715
11845
7254
6630
6106
1291
11074
3870
11503
3127
5151
8584
6266
8459
5795
7296
9415
7414
5807
4832
7852
9451
5052
11603
6190
7153
11865
6023
11846
10962
11335
10967
6361
2406
5470
7782
2924
2007
619
7122
3464
7497
6466
1224
12098
9077
3103
3091
9678
3155
11184
2118
5640
8057
4210
9449
907
8508
5950
8545
3516
9416
2574
7967
8052
12322
3455
5111
3327
10097
6232
3211
10332
279
2353
4948
303
8118
12155
9693
430
6163
3796
4416
8872
1057
4974
8295
5581
11679
1757
8145
3172
3529
1950
4121
7031
3239
9626
5551
125
1405
8807
6117
4463
6875
6898
6401
3150
9748
6892
2990
5243
8365
3398
2503
10008
612
11465
11520
5071
8785
1854
9562
10112
11766
1171
2381
6091
4526
8631
8087
380
2310
6741
3774
3543
640
11421
2847
6404
9633
5394
5451
2817
2732
8763
5819
8193
10773
6131
8708
6660
1324
5930
10860
10868
1361
2557
860
10612
7288
5839
4585
5216
4090
10047
12326
2516
4236
9672
5300
9316
4641
4838
1847
5400
11995
822
341
11165
3662
7947
6192
6417
5013
394
8633
368
8025
5278
1895
3647
150
406
1079
10330
9362
5638
1850
10183
8540
8385
7089
8399
2276
2139
2444
11803
5837
1581
5289
1406
10571
1118
11089
1112
7228
2769
11482
6685
2198
6649
9060
9220
5096
12071
12088
715
7964
1549
2510
1412
1348
5584
6469
515
3966
4546
7245
1377
10353
4429
975
2871
107
7029
4172
2490
5605
7133
3125
6906
10728
11645
9858
11744
11781
1123
7717
7510
4576
1075
1063
5572
9882
4253
8342
8238
8538
6524
3181
11282
2142
7175
164
1860
1662
895
2232
9621
3075
2427
6058
12072
9810
8009
10382
6558
9689
6517
5187
5820
12173
6918
1133
10162
7265
4023
2166
504
5297
6767
1886
6663
10565
3752
8753
12215
1380
10242
11485
5484
12309
2243
7285
5710
11178
418
5775
3148
1059
6265
7977
11834
6710
3969
674
7987
11334
8159
3310
1443
1342
7848
9712
5907
11223
8300
10814
9330
2737
5182
6048
3684
5251
7879
2127
4822
4009
221
12167
567
7606
11866
3566
4926
5765
6345
3303
5460
9391
5854
4208
10937
4137
2614
6690
7709
1122
10701
2136
4901
10072
3785
8435
8343
10055
4448
2832
10890
4784
11725
10302
5644
5188
5948
5675
9447
9335
8566
5602
1585
7847
2268
1331
9848
5230
4044
3236
10581
4270
4424
10925
11604
7060
9788
1694
9756
7001
5528
8943
7916
3024
6240
1470
11204
192
9777
8144
12118
9417
2210
269
2144
6814
1081
10908
7425
9112
7356
5411
9709
6015
7357
5
11831
9478
7707
9017
9009
8157
2607
1024
8783
2282
7266
4541
6612
12131
7860
1044
8468
4800
11042
9754
3186
5537
4761
11715
11658
10178
11359
3559
8378
3364
237
12107
9468
10004
71
10432
9299
1028
10483
2479
8500
11783
5003
8829
7020
8548
9695
1720
7343
11516
1066
1817
2727
10545
10729
4454
5095
5987
6542
5804
9935
1576
7337
3380
114
391
9029
3524
4579
11413
11300
5244
11893
6394
6207
2033
11813
3877
3623
7885
2566
2674
9578
277
7002
1588
3250
2218
3332
1859
9559
8364
711
9667
9820
4196
7008
8260
3481
8444
2657
6549
7024
10466
3701
11067
990
1436
1608
563
7800
7037
5583
1310
10598
9218
169
8387
8568
8920
1789
4026
5713
210
3348
319
5655
11599
9348
11307
9995
7116
11369
7771
4983
4492
7278
6214
714
2890
8042
11308
5032
2681
7315
3047
11202
6562
3271
8738
7302
5073
2132
3113
1897
312
2619
8170
1129
4185
2761
9526
9007
7582
1792
648
2602
12163
7102
3560
10390
9041
7878
1185
8716
4740
3005
659
1664
8014
1748
7501
2981
10981
6677
4459
12233
11236
8347
2244
2714
6171
10170
8437
2930
7173
1297
202
10605
7423
360
8123
3848
10519
4256
7986
151
8280
7872
4493
8884
4207
5242
9436
5105
5397
9171
10241
2335
12228
4751
8823
12241
5896
495
2448
1589
7595
1657
8818
5900
8484
9424
3993
5093
9487
465
2168
6355
8137
423
638
1781
9430
4214
10190
6004
11129
11609
8194
8719
6251
8096
5312
8426
4928
6148
779
4595
3601
11950
5026
9052
42
9440
2891
634
4146
7809
7667
6513
6534
3906
7344
10958
6723
9097
2968
8269
11279
7057
11003
9568
11958
3429
4644
6606
10894
3645
3272
11361
6405
12006
1283
10476
2186
5480
11935
267
6450
6363
10841
1260
4043
9400
1191
6495
8634
10003
7197
12007
7547
8693
1754
4088
6566
1313
11401
11512
2255
11496
4294
8479
6771
165
11139
8660
7148
2485
5000
9913
10970
2473
4682
3967
10838
1295
4245
3265
3067
3300
5768
2386
2870
7347
6102
11096
11365
2768
3613
2839
10399
590
4374
7015
2123
3045
1579
8713
8654
8180
11651
5215
73
11293
6314
5490
204
11791
9351
10543
964
10284
4962
9563
4239
608
2382
7074
6912
1162
471
10760
3252
10524
3136
664
7099
10075
9354
9561
10430
3008
9955
7513
4701
88
686
4020
644
6
2720
7723
9376
5705
7629
9861
10590
6072
8951
3734
697
8079
2215
9566
7066
10911
10168
3547
8704
8067
12128
1197
5760
9106
11787
9794
6073
9797
11094
11135
4535
9541
5973
1067
10915
7284
5498
7027
7818
11177
2974
12069
10377
7689
10651
4397
1770
2020
6449
9073
5599
9625
3827
8421
11363
12172
6878
11470
10532
10471
6391
3308
10776
10657
10529
7941
10594
93
11468
10984
9831
7653
9504
11486
3299
6952
2700
7219
12182
1701
6901
3173
7459
11303
8151
3104
1265
8275
11176
3900
2582
4076
5423
2774
5007
2903
9662
6589
8266
5529
11419
6719
2308
927
7363
9684
9081
598
3690
37
11274
11915
10108
682
6884
3702
5378
11608
6556
1341
11638
1010
7776
10661
7275
1747
7739
11064
11000
3319
11049
1259
12138
4038
4632
4045
11171
3206
2584
1880
6537
9991
4123
7448
12246
1986
9989
2617
7839
6161
8356
2181
1879
2100
4353
9988
6008
2894
9966
3824
5748
7362
1968
4002
11541
10778
10234
11549
9086
5218
3519
10788
1411
916
1154
11161
8752
6863
8623
3228
3117
3131
1655
10985
8265
11596
10417
5699
2927
614
4899
8592
43
7325
4217
800
2145
3868
11080
5608
5941
11780
7895
211
3677
517
5332
11652
11222
10000
10680
2221
3554
3360
5614
5751
8315
8889
9740
5476
1401
11633
8682
8066
4385
8962
5313
3283
1435
11821
10040
5040
5621
7160
946
7630
4376
7962
4133
2585
9003
3060
4525
8802
11023
10555
7658
5549
7216
6081
2542
4345
4514
770
5466
8089
7821
5725
10644
7384
4223
11299
489
1206
11872
12218
5401
4198
9203
987
1787
2418
6022
2266
1337
2194
3859
4086
4291
227
7166
2041
4557
9383
3555
92
5524
4852
7648
7796
11062
6079
11114
11325
9095
5501
4704
2016
897
8663
2161
9506
6764
6928
12270
9182
1334
4786
9418
2831
12120
8893
7139
11443
4439
10878
1867
1864
1903
2629
6104
1812
6357
7603
10368
628
2806
4113
1134
8997
5301
1303
12199
6473
3926
1677
1911
12208
10856
5575
186
2983
10771
6036
6319
6253
11272
5500
2905
11650
535
9881
11973
6981
2962
7359
8706
1717
9204
3531
4021
941
4350
4363
10630
8762
168
6295
5159
4225
6815
1852
2155
9781
4460
846
9008
454
6844
1320
1978
5851
8293
4815
5684
3312
6273
1025
971
6094
446
257
633
7966
5354
7616
3642
9904
8409
6310
1451
4756
1409
7194
7490
4071
7761
4292
9011
11969
1728
705
1018
3085
578
9585
11546
1946
4688
8999
3632
6979
2564
10175
9868
7863
4935
10808
6939
6749
7055
11703
364
1878
3995
11278
6448
11547
1249
1371
6349
9116
8621
8849
1772
7580
1047
2229
8299
2183
11693
3463
4947
5333
62
1508
8964
11240
11753
12294
7301
11283
3748
1966
5138
4680
579
1593
1378
12190
7868
9290
2741
3723
4331
9866
4905
6044
11563
673
7866
1385
3331
3596
5510
2398
11015
7826
7456
4067
3590
11314
12086
3672
146
12286
740
5462
7432
7276
1164
6113
9652
12204
370
6785
7038
8370
6498
3915
3373
4736
12050
10042
7331
7961
10229
10404
9805
1434
1192
2529
4810
3294
1152
1663
4517
716
998
538
1670
8003
8225
10208
2578
6241
5547
626
3422
10448
12269
10219
7701
4713
1262
7453
4634
1943
5871
1448
5891
5157
6539
6948
2501
3852
8797
12198
6092
1752
9524
11675
7754
11863
6383
3608
12254
3626
9382
9117
7052
9908
8695
8154
10857
5367
5596
10019
7565
129
5174
6140
9786
3927
432
1266
3959
3747
3337
4818
10264
12127
10458
11919
3258
6849
10001
7180
11584
1415
9896
4452
3935
11312
11425
2261
3187
5319
2447
8292
6393
11280
5611
11706
8379
4400
12297
2028
10222
5430
8073
4425
10488
8248
2253
19
7045
3583
9462
3170
5049
4307
9493
10148
7572
9789
11544
4184
1604
3447
12076
7702
3840
4970
10074
1489
6988
8380
6105
1071
2360
1174
767
4158
6634
9528
11290
5893
8473
3597
4178
10477
10819
7141
3931
220
8692
4553
11921
11058
1933
262
9452
4318
789
2397
549
2304
10564
2567
1420
10125
6385
3323
1312
4731
156
9132
134
10376
10060
1263
7750
4730
4169
6959
2373
8601
5133
1483
6805
8063
870
5030
1414
10017
8013
4342
2570
5664
12022
3908
702
7404
8869
7043
5324
4575
2608
6167
1120
5118
3064
887
10044
8831
8104
6802
6446
11628
3917
8367
9686
1147
3339
1625
4604
2038
11888
1107
2776
3548
8622
1006
1853
4749
2154
9401
1997
2236
3059
10265
849
3587
3153
4848
10299
11636
743
3295
7716
9530
7231
2588
77
1463
10716
8526
6947
9632
8110
2507
5960
5990
6872
1402
6921
6904
6429
7589
45
507
1843
7759
4691
4840
2318
6286
10461
9948
2967
667
2431
5750
1552
3972
8941
9291
10110
12191
5359
8450
1335
5793
8072
1511
6177
2878
10870
7241
8187
2059
9603
5856
2216
8767
898
6873
8252
456
3552
5167
5576
3776
5972
3054
10136
9856
4934
4295
9584
5399
11174
8557
3394
5404
3563
7056
5391
494
10281
4695
6942
4286
3914
4435
7770
2322
3196
5454
7768
7823
6348
11187
10658
8656
11816
10686
10750
1151
5733
2938
6476
9614
687
7836
6831
10705
3602
10214
2559
7389
1336
6043
5866
148
3664
7724
2530
5392
5033
3488
3711
8069
1640
6819
9936
10243
3813
11542
9841
10227
7930
11874
3503
2998
9177
3261
11327
2969
5150
6689
6804
1062
10326
9533
5880
10021
5261
1387
3720
2298
4608
10623
11234
9261
5152
5652
8510
6095
11565
4671
4332
2667
4135
7937
4558
3610
8796
4120
9465
4720
9367
6467
866
7675
8691
78
7900
4711
10064
6789
11708
75
447
12097
6696
2392
3595
7198
10177
1165
7277
344
298
9844
7422
9717
6246
12305
3445
12240
1437
3017
4684
9784
10226
10291
4769
791
240
11203
10997
2818
2885
5358
8302
396
9539
7613
9620
970
11467
4860
1284
3223
7832
9411
1871
2600
3657
6375
153
1611
5949
8838
10587
1114
6987
5711
5153
2676
10256
3518
2612
7503
6413
5662
8471
4683
461
8912
4224
7943
11294
11709
4805
9065
3858
865
10342
8610
1740
1761
5010
3151
6197
7236
12038
3514
10746
6772
8205
3432
11913
9745
2357
2120
4098
2959
9470
8099
9336
12079
2821
11963
10879
7470
6334
2262
11383
9980
5600
6555
4411
2450
1482
11323
1417
4458
7087
2172
10699
1707
1972
12011
2143
7917
416
7269
8447
2324
5474
5951
5589
3742
8658
9375
8955
11511
6548
4639
8516
10286
8093
3070
5198
493
2621
5414
6783
5992
7552
6038
1459
8044
3456
9823
10734
6503
3244
5543
4826
6822
4368
11446
6160
7919
3015
6188
4058
9230
5094
845
10690
8382
1904
904
8179
2957
692
2955
10764
9148
7766
2825
4707
7342
12001
2124
4327
8291
2704
5814
7379
3933
2053
9928
1601
10025
12026
3497
11442
2508
7634
3023
5892
2858
1252
2725
4985
1597
7558
5511
4487
4696
4478
104
6370
1111
9345
5773
12111
2436
10036
5366
7077
4333
4674
333
118
7171
301
9685
818
11320
997
9976
12242
5446
3929
1840
5197
9202
7889
3863
11655
7226
8092
2435
12248
2254
670
96
10675
3001
995
6331
699
10553
8112
2235
4847
5910
9495
2467
10827
3872
6425
12117
1813
7568
3028
10502
4171
10861
9346
2096
3989
1327
790
1537
8383
11066
617
1068
4882
1009
2680
9457
6704
6862
11925
11460
4621
46
6083
5618
11024
7064
1293
7951
5890
1316
9055
7071
2804
6307
11022
2686
6581
9743
3132
3167
3948
10304
10704
10743
10274
7250
7682
1602
3838
6505
1503
10309
1491
7608
12108
1101
5489
53
9323
11185
668
725
3706
10465
8571
1369
10575
7965
10520
8442
12252
3775
11227
4314
6290
1046
9969
6468
1654
4455
10352
3362
11588
9062
1563
323
2522
1332
3814
4379
3639
5233
9551
10186
11957
3048
9556
1995
2487
9552
4209
11026
4162
1580
5806
4795
5865
8803
5415
4369
10642
10759
1034
7426
6403
265
11150
9901
6919
9545
5087
2913
10034
9456
6252
4134
2299
11218
11400
10530
5082
7827
12112
8914
2461
2911
7660
3359
3762
3665
3241
9292
40
2771
3126
10113
11856
11930
2025
533
4010
5384
458
3964
7091
1220
8606
3979
7256
10111
6708
8084
2861
2843
1058
3889
5982
6598
1104
9114
2533
10629
8978
10990
12230
8172
5403
2160
11461
819
6553
9413
6597
4056
4260
2675
1141
10903
10882
712
9958
5782
11099
4859
2363
4031
797
4601
5214
11301
9899
9268
5204
5781
1598
2137
2029
2227
2819
11951
8994
1268
7300
661
8810
11418
11814
977
606
4244
3841
5246
4114
6956
6267
9301
749
11472
603
8992
11792
9929
6722
11212
4046
742
10434
7413
2187
4625
5993
7508
448
8837
11572
9146
966
1289
7394
10085
6791
4170
8298
9527
12102
9593
12148
2994
5704
9384
10099
6488
2434
4920
6508
1922
11267
2787
7650
1223
3680
10982
581
8415
8686
12013
8817
4582
5679
8768
3693
2904
3731
6626
4382
10201
2150
11416
7481
2640
8789
11553
11463
5747
4821
12249
8101
3229
3121
5201
12000
4254
9560
4293
11674
7468
11624
6118
11044
9616
11852
11404
9759
9164
5609
8733
2191
6455
7853
11121
8727
2167
9863
2345
2760
8897
7312
10654
11778
317
4589
11815
9557
9115
592
4344
4796
4706
7255
3436
1026
4475
4884
251
1741
10443
3171
4957
9821
10946
6699
5210
8963
4466
2005
9938
478
1692
190
7174
680
4177
1618
2274
10066
7332
3744
5281
9118
8759
5875
7609
3754
7430
1734
4941
2976
6264
10317
11326
4118
10754
7324
369
236
3189
2273
11095
1270
3168
4694
10450
2798
6657
12321
1042
8965
12181
1379
10224
7209
6780
9166
3107
8429
5690
4417
4003
4925
8040
6999
1820
3328
3837
2285
7488
4063
1759
8474
5417
8949
4471
4942
6800
3509
7424
12311
2590
139
7395
7790
6993
948
242
8070
976
1558
2376
3715
9895
6516
3521
4237
10784
3983
9612
1555
5828
152
11051
9347
7401
6905
9862
6643
9751
11909
8504
351
305
4543
5416
11245
4438
6709
3696
4079
4456
3037
410
9802
3486
12319
8873
3353
11507
9083
3633
2834
4723
9735
820
9094
3396
7051
2389
10122
1302
9229
8273
9119
10135
311
8819
2743
8648
9514
11275
12263
10817
4194
5897
3301
12288
7685
9565
6927
10331
4649
11784
5616
7730
11358
1375
5015
5873
2779
11153
2862
10635
4620
302
7086
2055
3200
7974
5737
7661
9239
4403
11061
6011
1465
12078
5620
4945
8017
11985
10766
2999
4898
3729
7820
5570
6277
1292
10137
3685
2505
8583
3247
1887
10046
3276
11894
8203
7230
9039
3284
11501
5666
2433
2147
422
10700
10500
11772
7396
6191
4598
7061
6501
5734
2003
5075
5759
3248
7334
5491
537
9795
2293
10263
6390
10558
2190
5843
12021
11968
155
6846
9479
11039
3767
8699
3511
409
7003
9500
3688
7758
1216
9512
8143
2252
4885
906
10724
5362
892
6703
5200
11947
11286
6760
10842
5192
11329
7109
5625
1184
9181
6274
10727
1488
8153
2013
7094
10347
11762
8698
6890
9080
4423
8285
4538
10922
5488
4494
9133
7119
6960
5686
2722
8185
1629
4690
9422
8372
5458
6974
8821
10845
11960
5161
7393
8095
1330
10129
3449
4937
2830
12043
10950
5496
6842
8445
6943
10325
8389
3898
11911
4866
10101
3409
2459
10103
9245
4000
11747
5622
11757
5709
8924
5267
3710
9808
5106
10203
3589
475
1304
9837
7537
11993
282
2627
4497
8694
6629
8855
6953
3946
9951
5229
8369
6701
4699
7429
1582
7199
10886
4930
11029
10806
3913
11232
3788
10781
6656
7778
838
5577
10255
281
10138
2220
6376
9030
7042
9496
12057
4372
1464
5502
9243
2086
33
7594
11324
4070
4606
24
7544
8558
867
663
8254
1019
4179
8725
5279
244
5882
10720
11625
4552
1876
10174
604
1254
5532
7899
11346
11790
5569
4812
10095
11660
6533
2240
2997
587
1861
6932
1322
5021
12203
10240
10238
10247
5601
7684
10311
9760
11578
7188
4932
2340
5298
3246
11138
315
5388
3161
1
3243
8573
8258
4040
952
9865
3278
7349
2707
4652
6085
11876
9359
2910
2004
11255
11201
6481
9271
11398
4148
4642
624
2416
9941
9443
11922
5509
1855
3570
9021
7494
3934
6633
11228
11384
545
828
6969
7475
4306
5434
11748
10228
9024
10324
5248
353
1963
6880
8050
7780
11332
4507
3654
8851
4545
5946
8091
2305
8968
6728
11590
4638
908
9922
1461
5626
8130
9815
1678
5487
2396
6107
2849
2591
8303
4653
6856
3901
2090
4443
4352
6799
7511
8743
5022
3974
769
8176
11474
4772
9275
11055
5262
1170
8875
1513
3984
11527
8413
3728
4679
3149
2778
11434
8439
9660
4474
7274
8959
9446
10515
9719
4175
2517
10371
1921
10900
2321
7856
3376
7428
1099
5954
6444
854
2182
9358
3088
4510
2281
11838
12031
7592
6088
9952
3466
4365
2094
4012
10381
11789
1905
1738
2496
5420
11390
972
12299
6637
2102
1874
3832
3450
10475
5844
2199
3736
3363
1273
2709
8888
11477
7336
9987
1394
11742
1257
4586
11092
5089
337
7215
10437
11889
2107
1534
4310
10992
10142
1478
847
54
4697
2670
9412
4509
3340
2684
11170
8527
9235
113
4506
6866
9215
5521
4958
965
5534
1991
11705
411
4765
4173
11552
2539
8665
9522
5450
9752
1636
10816
10490
4583
2128
5964
8094
2493
934
8582
863
4418
2354
11696
889
991
8591
5160
5280
3627
3482
8544
4966
1945
3288
12195
2946
10468
2699
10797
516
12280
3266
272
3579
609
231
8161
10232
11711
2126
7854
8259
3071
11100
233
1350
8661
7409
292
10940
10656
3420
8989
2159
83
4843
1166
7665
1280
8446
2915
3961
313
826
5249
10268
6857
1506
3689
3893
7727
6017
5903
3653
3442
7945
7577
10569
5036
138
1440
483
1689
3957
8771
8276
4855
8947
2309
5983
7262
5041
4341
10561
10083
5928
7445
7156
5592
7093
11802
3918
1524
3279
4232
5947
4027
7664
6818
3253
9834
2456
11717
10752
5293
2446
3218
2138
8405
1343
8757
8577
6041
5483
7449
7890
1374
974
5879
11662
3062
8643
11447
5034
10556
5536
9141
4102
10566
11449
6832
1479
8587
6006
655
7596
4213
3366
8531
9431
625
8208
12170
12275
9594
11987
4366
1651
5318
7107
6586
8129
1931
4004
8131
6260
10943
6907
3040
4990
6580
11568
3152
1399
4771
10959
4182
12100
12298
3255
7601
5829
1709
1205
5818
10204
8257
2499
9474
11354
758
9333
4534
5766
2284
1908
1148
102
1684
9576
10761
2875
7068
8766
2415
10440
6707
8529
11028
2848
250
8572
3433
4426
8843
355
9272
1641
10927
8628
11644
255
11376
8428
11656
9302
5853
2080
12042
7857
5788
8147
6159
2561
2794
144
1869
1815
350
4779
2271
12041
7070
2050
8973
10820
5840
6327
8932
10572
9059
1639
7351
1729
2719
6271
1484
6568
2121
7649
6249
857
1727
6897
9432
2580
4624
5195
1090
1339
4050
4464
1786
7096
6961
10144
8596
2249
11712
6671
11870
2742
6911
9315
1691
2323
9332
3317
7874
4603
6833
10388
1808
5108
10109
1194
5428
6144
1723
10562
11580
10948
9079
8011
1870
8809
11967
10956
10815
11988
7392
11269
2734
3985
3847
8074
7626
2001
9658
1072
3143
6066
1714
837
183
9503
10194
6139
10402
3010
11924
11296
856
1200
473
10024
8507
6439
8060
12271
10062
3361
9596
7159
2278
6602
4489
498
206
10608
3988
4754
9702
1319
2092
9067
8760
1605
6519
7672
4157
7815
565
5471
2954
8659
5001
10069
8928
3298
7108
3669
11155
7569
1048
2237
9105
4849
6615
6761
8227
124
844
10163
3044
10367
6845
6478
9174
9139
6770
8323
10874
3681
4151
6876
7624
5226
808
12143
4950
5149
9553
197
1913
1790
6705
4502
708
7252
880
5859
4243
4008
1256
329
980
7865
1845
878
8854
6142
5683
1858
2259
2525
4203
6680
6027
1102
10810
2859
1382
3468
1844
11752
7072
9035
5680
10619
4814
1497
7787
4106
1245
9208
1623
724
2112
219
7163
1877
7291
8705
7447
5455
3761
6525
7009
12084
135
7264
9264
6031
3998
2729
4845
11531
5979
7515
1398
2065
11665
7365
11351
7311
801
7988
6917
5535
10852
11751
8322
5823
12194
12200
8351
5031
2471
3829
2867
4206
6392
3760
2148
4777
10641
5729
318
825
12307
7063
10262
11371
374
1094
9605
10818
7861
3544
10989
3513
738
8764
5057
10872
7893
917
6756
6490
10394
11281
340
10673
9051
11497
11012
2810
1344
983
2553
247
2618
8496
9713
6037
11345
10687
5469
11873
2205
7791
2472
2441
7605
3379
2125
3635
1271
8229
4629
10157
3370
5327
10039
7257
1175
5560
5107
5558
4299
6054
840
623
6051
3058
10542
4984
11504
9150
9224
4588
6402
5274
10640
11048
10275
7004
3245
7618
6852
9153
1043
470
384
4916
3055
11030
6395
2759
10439
2975
6733
10400
5426
5086
2495
11818
229
9295
5364
7040
4032
6521
850
7749
6964
2899
4767
11574
7668
3031
10964
6380
12327
1211
1698
8155
266
7789
6084
8181
6731
10327
10115
12045
6859
718
5825
356
2673
6341
6233
9523
6098
10318
5019
17
9690
1719
3367
5629
11396
11071
3399
5877
7452
3746
12099
1227
10492
2846
11059
3978
9294
65
12179
12316
2571
6851
3197
7627
7816
1610
8027
7953
8937
11475
6506
8494
11723
7772
5383
8314
853
7862
11833
2882
5304
8199
10314
2672
2061
6803
3564
9372
4685
6189
3612
5557
5029
3517
2269
10674
2099
10357
2668
9839
11263
2550
316
6786
7341
7907
7822
586
10181
1187
4241
5194
10832
7147
11687
449
6116
6543
2985
3636
5316
2351
1756
1955
7097
5678
9165
6179
4298
1745
1432
7211
12225
6014
582
8900
3582
4908
4428
8038
10987
7788
4953
814
3756
3452
6146
4716
9819
746
8975
6228
9061
544
4174
6155
8410
2211
9147
4199
5901
10442
3740
1535
9773
13
1737
1449
3426
11180
7433
1353
558
2840
1329
6718
3465
510
10722
2669
3812
8666
11939
6026
383
8034
10398
4708
8664
8946
9176
5340
8913
8135
4296
8904
8714
4504
1530
9325
6035
2597
7472
3951
3068
3013
10560
6128
5848
11688
10337
6182
3886
6735
8687
1825
7248
1193
4890
2925
5219
10873
5387
3119
9673
2371
4421
8711
5975
527
426
3592
1872
6721
2921
8919
4995
4770
3707
2912
6178
4902
7518
2790
4161
11902
7742
4408
8841
3691
2545
39
7487
783
4610
1431
5669
445
5344
9288
4605
5682
3805
5343
5915
7462
2807
9742
3864
10495
3411
10996
5185
9875
5223
9453
10412
11808
7505
611
2823
6123
7617
7781
9589
6065
12030
8492
4648
11639
2242
542
2756
862
7504
8597
381
4954
8281
1892
5347
11533
4656
3683
126
9497
11642
5623
8958
7463
8016
9502
3591
9303
7737
11519
5264
6414
10849
2824
5945
12169
336
12189
11554
8925
4324
11941
5265
10147
4993
2214
4594
1146
4872
5128
7075
10
4906
6411
9000
10527
6938
5296
10418
8578
4929
4039
4887
3403
12027
864
754
1438
11602
1954
3881
10920
8255
11738
2130
7840
9730
9473
8136
7819
10792
7022
11897
4035
1595
3699
7963
6090
5136
4559
10790
11631
8126
7502
5617
10944
9763
883
7550
10396
3487
3356
11009
12036
11510
9919
3334
10084
8026
6790
9255
2129
1742
12129
8898
3907
9744
6570
10770
5822
179
10379
11854
8684
5314
4051
7655
7486
10783
3459
11513
2379
6497
6424
10453
3952
1282
7385
1898
10669
11548
10866
11492
11136
1142
10210
9583
7520
10804
3845
2208
4878
12166
8839
7891
1960
1767
9676
6152
6569
4894
4658
10552
11730
4858
4635
7294
256
3086
7310
4792
5062
132
8191
200
1301
2883
6572
9507
6303
429
4469
5237
9860
8954
1247
8808
11276
5594
5369
8986
8652
433
635
9140
10159
408
6030
12114
11393
10375
3553
5043
4646
7726
7499
6655
401
8845
4864
4099
6372
9231
5250
9082
6343
405
7534
8452
1157
3667
4721
8788
2895
7897
11649
6001
97
3692
8368
4971
419
6528
2906
9385
8305
6195
2898
12279
8786
8741
4789
4283
1829
4095
757
7883
5676
5009
6143
662
5927
10647
6087
7355
4110
10580
5435
8646
2547
2970
11837
11589
11115
11132
5571
7939
3286
8620
1764
1492
5408
2782
3668
2852
3932
8718
7346
9319
5113
101
4664
3098
314
6645
6695
9032
10662
3879
280
8059
9010
6801
2808
3713
859
8152
10636
8362
5933
6229
7807
11077
7427
2577
7220
869
5812
7529
7293
4145
4037
6933
8615
12008
3920
5754
9721
5269
5732
843
5481
6753
300
836
3765
8709
11869
1450
4774
11239
10934
7059
3412
5786
3326
6009
1199
7032
9900
2355
7621
5970
5515
570
6515
10812
2248
11084
3628
8431
9463
806
2876
8053
10574
2185
9973
8533
7691
8253
11767
7235
1875
6744
3078
5847
7207
12253
8915
9931
4261
914
5989
6421
3695
9517
3899
8272
4728
11487
12146
4578
11125
7095
10270
6367
10285
5309
9968
7149
7785
390
11855
9084
4924
5586
10221
10772
8121
3386
10131
1906
6074
9046
11169
3472
12047
11545
6893
3770
6716
8505
5976
5817
3962
564
8739
10625
2537
8023
5783
1571
7368
268
8329
11134
10624
6291
6386
7406
5824
772
5355
2413
921
937
2294
10535
5731
2902
1457
5796
11411
7073
11840
5061
10180
8318
3955
3109
6603
8006
415
1703
11607
6368
2731
6726
11464
2610
4537
291
4361
10741
11617
2634
5193
2877
3128
5938
6496
10847
11198
12119
9999
3721
1017
9197
4956
5148
6868
2908
7232
9380
9433
11707
8744
6262
6499
7901
7745
8977
4348
7382
2589
6941
3779
6954
8451
3773
986
7418
1726
11826
5448
5050
11613
912
3381
3902
3970
6593
228
4476
11764
5284
901
8608
3257
6237
11322
7946
12188
5519
6215
6751
8945
2688
8029
2370
9569
4991
900
5310
7218
466
5077
8472
3593
3383
2201
5630
2469
536
615
1218
10809
804
1516
5591
5612
3903
4785
8555
10292
8952
7591
8483
5929
4768
12064
6666
6187
4096
1938
5225
835
5016
9334
10067
7225
3032
6828
1466
4153
5697
4061
3077
9069
9914
12101
9769
8249
4124
10692
11143
11243
8108
1408
2662
12075
5405
6620
4470
6668
3576
7489
1407
10408
11431
12317
11435
5074
3080
11471
12267
3862
1092
10473
1541
11216
4371
9018
774
4881
4560
3000
79
2586
3159
596
7811
6559
2758
7112
1181
7980
9269
100
4477
11019
3414
5048
2540
1477
785
6675
4556
3997
7350
8758
8734
9004
2554
4994
10206
4049
2380
7867
10523
7718
6318
386
4282
4549
10650
2018
7738
5797
3395
9373
10609
5163
10280
5550
9997
427
552
9300
9720
8861
7521
4407
389
9369
784
9910
8422
9398
10251
6263
299
10591
2429
5845
11445
11007
5121
6616
6807
2560
7538
5311
5677
8988
12126
11043
6173
6389
5514
7871
10057
7610
3162
7370
11952
3081
4015
5027
1755
1616
5526
10972
6861
10011
4938
9450
4358
366
5813
11440
2042
11557
10881
10193
2909
4142
5092
531
7399
1472
12292
5478
2497
3809
816
482
10441
657
4846
2653
7080
4018
6514
1393
2752
10454
8935
90
5129
3722
2738
9044
5370
4402
10839
2378
6453
9260
6204
10974
7403
10428
347
4334
5842
2105
10012
3215
3573
2663
8581
3801
1929
8523
196
2468
11880
11035
7460
2791
1688
620
5361
6895
2491
8532
3949
6042
2311
6484
3656
6111
6157
12264
1827
7062
10410
8466
7092
7833
4763
4862
8490
1514
5593
399
9945
2000
1189
9238
5863
4700
9408
11409
10438
8230
7756
888
9047
9873
5436
3192
9962
4528
11426
8436
9920
9515
6063
11126
7712
1078
2523
6806
2267
10431
1088
6923
6381
1896
11849
8602
5999
1834
2881
5165
6752
1918
12296
9758
5878
6147
5054
11559
3051
11352
10290
8167
2644
7775
10802
1739
7129
7371
9305
7157
8895
1948
6309
11032
111
3448
9159
10015
10867
1444
2837
5539
5904
2703
5381
1804
5942
9329
524
10455
3616
10480
86
5805
1983
10668
5299
3686
8232
10960
6864
5841
1161
11857
1665
5874
1540
11591
5263
6797
491
973
1796
11785
4686
4670
9586
2131
4323
9574
8834
7881
6935
1919
7377
7330
7208
842
1736
1130
4850
1203
1201
5461
1695
7028
7154
11844
6045
1035
8499
9870
7559
11200
4505
1659
10691
1031
7259
4982
12266
10851
5479
7923
5673
8375
2165
8886
3141
8576
9817
3954
6697
3006
2135
1326
12060
9286
10277
4672
6757
11689
1188
4807
9852
6594
9801
5345
11829
7928
4548
4483
7880
2788
6899
11128
11406
3267
1234
12023
9188
9996
29
3483
6332
472
23
1237
9818
1425
994
12323
4242
6970
11160
8593
9281
2863
2973
2039
3938
4709
9646
444
695
10539
10993
8795
3916
12259
3177
963
1351
9762
9796
5109
9509
11367
10343
3825
11284
8542
7317
5140
7106
10683
9878
3341
5688
7873
8552
2377
120
7773
4897
7904
1643
7620
10413
11211
9006
4622
4132
4496
9780
496
1882
6400
3810
11005
3262
4645
9550
5722
8221
566
7922
8223
11090
1998
7261
6005
1064
4112
11157
1805
683
2739
2475
6835
5402
2583
11250
3391
7417
6839
12125
1258
5146
2625
3963
7386
9806
9918
359
8360
4834
2421
9587
7721
9643
7975
2611
4871
8076
9623
10913
10223
10906
8600
3882
2045
4482
7202
9163
11726
4940
4094
8887
3230
5518
2748
375
750
2920
3980
10146
5931
1856
2292
3237
1583
2747
10027
9098
10824
12177
1005
4952
3631
6587
11835
11391
7420
920
8381
6870
2868
11407
5067
5868
9054
3857
1984
6687
829
9811
6592
5064
11884
3634
7734
11167
5467
5758
8910
245
6841
8393
455
116
1248
8308
7549
9671
6994
4827
218
10346
3956
6220
7253
7295
8397
1076
8287
8899
3007
7164
10373
9761
5232
3083
2609
9629
11459
9635
5579
6946
7732
5533
6110
2348
6529
10823
1228
11479
2263
6028
8192
10697
3342
2283
4780
2755
1012
9002
11311
6854
8991
7292
10807
12258
2551
11207
9469
1346
1865
6590
6440
2364
771
7046
5431
4584
1349
1730
7952
2095
9947
11427
9093
10215
9513
6210
4775
5872
7186
2641
4317
8031
9185
2083
6493
8742
4513
10307
1681
8236
10526
10828
4451
810
7647
7846
7150
11765
8985
8077
4274
1008
11085
1553
7478
7222
3495
1226
8773
12109
4347
7578
9571
6338
8710
9877
6321
1561
9933
6245
32
12158
6830
10965
5957
10018
559
10141
12136
1630
9195
9872
10548
6438
2874
1523
6909
264
8376
9103
6032
9423
703
918
5727
1632
7777
10905
1574
9609
6507
6730
3440
2463
6205
4048
4104
12287
3270
3263
7451
10833
7813
4498
6940
7600
1238
10026
2733
5295
8033
11883
6354
2312
2701
9253
1354
5329
2535
4100
3227
9485
4778
7305
1937
9216
14
12318
6100
1982
547
9619
3523
1971
9075
10951
161
7525
7705
99
8304
7172
2089
5482
4944
5199
3
690
6296
12147
8338
1775
9306
1609
9555
1559
12222
4661
4825
6145
9998
8835
8840
5056
11448
2772
11661
4116
2026
4540
11929
8588
11850
2594
11455
1522
5646
2581
5432
9040
3965
12034
11101
7176
10288
6546
1113
8319
275
9828
4596
6738
10933
4891
2197
7551
10599
12313
12049
3757
11
11338
11456
890
10416
3875
1106
678
8644
439
10020
10513
1208
5506
6230
11450
241
10233
7201
10795
1202
11144
6406
5257
4654
8961
1830
10391
7548
2573
8148
4119
10864
9481
2458
2336
9104
839
5422
4512
10276
11827
4462
94
12110
3655
3844
10930
4734
6239
3816
5097
48
2114
2702
11478
7532
4915
10056
1648
8512
9279
1851
9923
2943
694
931
5235
11041
2245
6840
6282
6388
10363
5385
6874
652
373
3749
1298
5674
7825
5921
3799
4144
8792
7744
10380
8138
7728
4138
4269
1131
6396
7814
5991
8119
3122
5353
2316
9601
8740
397
11537
710
8349
10737
5206
3306
1082
2873
2040
8674
12035
7731
9570
1389
2572
6202
10975
10105
6483
7746
7206
8800
3562
10875
5888
12
5168
8570
2767
873
3651
1705
3599
4743
1097
627
5691
12251
9838
1179
11932
6480
95
7247
2679
899
11462
3892
650
1603
9791
2246
149
7353
4180
10387
959
6887
999
5508
2409
7196
11797
11054
1016
1430
651
8778
5798
11982
11480
10871
1926
4835
9371
9829
11356
1321
4669
3087
10472
378
5437
11691
569
276
67
11847
7898
8218
10902
6226
8737
7328
1373
1239
11668
7273
2204
10013
1994
12065
11148
4689
1117
8220
7358
387
1355
5412
2290
4626
11903
3806
10323
5724
6618
1928
985
546
3822
1119
8404
285
4111
9056
2049
9803
10411
1325
7191
10976
8616
7557
3539
8657
6300
8359
11199
8612
8921
11065
1512
10217
6346
6313
12029
10037
5011
3408
8268
6557
5916
5969
1989
521
11088
1773
11339
11937
7837
9205
6236
7308
6254
235
7704
5952
1687
10070
1823
11109
961
1619
3021
3069
7177
9879
10063
8477
4059
10213
2289
1055
11123
7524
9639
8171
11720
10604
8569
4091
6061
11481
5971
7260
10235
2860
11248
8035
2149
7722
10033
3780
2569
2829
6364
4764
6769
7799
932
6855
10836
6213
11983
6293
5356
481
2330
1866
385
2097
6353
2646
2173
7602
9282
3687
3884
4617
5956
10155
3830
1656
5173
1253
4131
2334
4718
4410
11801
3787
1137
2366
4387
5421
3476
6323
11530
1556
4811
7528
11350
10422
10078
10301
452
1676
9727
2678
8354
7410
9360
728
5651
1395
7019
10597
9591
8288
526
7604
9642
7886
8109
2792
1109
136
2060
6535
4011
10100
9379
4619
7390
3358
9977
505
10230
9498
10732
8485
3910
4302
8998
5352
2288
10173
713
2864
10107
10319
4978
1935
7169
400
11761
3537
157
11918
12157
6869
6824
4068
9926
7615
3377
5276
9602
9113
5784
7831
8270
11974
7130
4240
3506
2784
4790
11907
3781
2532
11959
7272
11788
8903
9845
5142
133
3190
4910
2694
7006
9091
6551
2202
9221
6422
11944
9531
115
5328
7755
2023
4036
6025
3958
1357
8400
2766
10825
1032
5342
468
11526
8731
5635
9027
10768
1940
4335
1577
8880
7440
4337
6601
10659
263
10130
11940
11159
7227
10153
12122
2478
8012
5440
9128
306
11432
1225
8274
348
2206
4181
4249
11906
5525
10365
4618
3670
1749
11804
7914
4919
11567
11381
1007
8902
7805
5913
11188
8930
5597
10593
6991
8715
3214
5002
1722
10977
11331
8970
10723
7506
6980
3011
4394
4922
9464
7473
3335
2993
4092
3545
2901
5139
8235
2169
10212
8150
1569
7304
9259
6858
7764
7442
5745
9771
12178
6717
4752
5346
6614
6435
698
2671
4129
0
2986
1159
9681
7976
11622
1560
12306
6369
3585
12061
8214
4339
2314
885
10709
8169
4053
7372
3174
3138
2857
6166
9611
6607
7678
9548
11614
6896
7421
9683
10169
6613
1746
5078
6135
6305
5494
3671
11116
2945
7131
11684
11986
9120
4955
5789
9419
6670
7792
5944
9898
996
8336
8482
3281
2736
10546
2730
2217
5779
3438
4450
6578
413
5058
7214
10639
9842
3527
10445
3443
7387
5101
4386
4097
10176
328
11771
4484
7720
6547
11252
4357
12015
388
2192
2488
9034
10426
5172
10595
10485
2820
7464
7743
2230
6138
11756
2781
3789
3489
2106
443
11917
10600
9151
3209
3347
395
10979
4024
2177
3768
6358
6418
9228
6776
2940
9022
11741
4042
10712
3259
8430
956
3036
6877
11681
6491
1653
12024
10481
3834
6715
4532
4673
9341
5014
9979
6200
501
6782
4444
8574
