1915
2293
3253
10371
7527
1809
8908
6203
12150
4956
5764
10831
7240
7513
2080
3923
9960
8917
5385
3186
8527
7377
401
10644
9031
11962
8902
3014
11070
714
7750
2102
2397
3716
10631
1740
5616
3291
2145
7759
5044
5424
11576
8863
5743
6937
7380
2243
9840
4645
8663
9052
9789
108
1038
4403
1462
7259
8245
605
3614
9368
9618
2131
6731
2975
12023
175
956
4029
3264
8030
1562
6013
3128
4114
1544
7289
8686
2182
1362
804
3868
4184
10252
1433
1404
1475
8941
2490
10726
5650
4329
8211
1749
1122
2416
7930
9562
11450
2919
3913
8387
9614
8297
1436
3773
2419
4363
11290
5235
134
1583
1703
6420
9315
5570
3592
3427
3262
1963
8693
12162
9628
7615
8433
5408
3833
3072
9000
10477
1173
91
7682
619
6560
6017
9520
10080
9073
1814
10182
2336
115
8978
4076
4264
11581
11354
8879
2954
10265
8380
1356
9447
2367
10126
8372
2445
10770
4841
3518
9193
3671
10002
10175
6582
728
11202
9197
211
1508
4139
9379
10892
8381
4906
4494
4675
3144
12295
4280
3899
85
2807
10804
837
7482
2987
9975
9761
685
897
10593
2140
625
9684
8167
4661
9834
8859
5542
5707
11466
7803
3851
8047
10996
7742
797
2745
12231
9382
6915
7769
2477
3011
1416
11364
654
4090
6850
6992
5855
968
10076
4837
3198
229
900
8173
3019
3473
6744
12177
5812
6964
11611
7816
11753
218
3829
9028
3167
6988
9527
3006
9668
9648
599
913
6554
6909
10456
9337
2005
5215
3505
5937
1049
1488
9409
4292
781
1505
9091
2016
2210
784
4847
3802
4834
459
12025
2027
1420
2103
3213
3886
2687
4567
766
527
11802
4873
1851
7437
6782
10583
3589
5363
2563
5134
7306
9875
11139
2432
2701
10377
11111
849
4663
2600
1186
1080
8736
8897
4543
2321
7188
6189
10944
11984
918
9413
9137
5948
11473
1198
9026
6071
1140
11192
10054
8351
5969
2373
11390
2619
9198
5042
3956
8260
8625
1856
3401
2982
12304
4611
2282
1123
5015
8322
8347
1536
10048
3501
9925
10668
5073
74
8429
4364
1228
8204
5518
7903
8254
10784
4211
5075
2492
9604
7490
7722
4933
9286
377
9257
9891
4479
10627
6685
7565
1141
8826
9704
6075
1649
7778
5450
3289
5417
10246
6066
2809
6370
8355
6546
234
2364
12014
8447
5640
1271
1941
2569
6720
9266
1578
1160
6611
2811
8177
9883
4928
9408
3013
7892
4504
9938
10164
5815
1777
5796
9853
8912
11293
10498
9151
3475
10348
2675
1371
10800
10621
9569
7654
11597
8419
159
9791
1868
12194
9571
3544
413
1988
5811
9218
6320
6770
10078
554
10121
5729
6331
7506
5395
10055
10049
7647
10068
4882
1790
2751
487
12063
10670
354
10522
3701
6095
1959
8735
4173
9923
12234
3576
8034
10321
2456
4013
9047
9607
4434
10376
8024
391
1989
530
8400
11151
4357
575
6516
1513
12053
9523
2894
3588
3485
2598
11734
8480
11634
11721
10581
8123
9934
7579
2739
7783
8001
11957
4941
6671
3407
5127
8888
11535
10458
7293
9831
6971
10559
6043
484
7451
6139
9453
6881
2048
8489
964
2924
4894
4765
9365
7552
2356
4188
7039
5226
2770
11792
10241
130
7059
11643
7945
669
4599
4360
3361
9706
2311
11156
442
5221
1060
6574
1847
587
4517
7409
1569
1830
12022
8737
2625
7345
1153
8711
9251
7075
232
10759
2977
3724
10036
7727
4057
2674
9813
11387
1147
4287
6034
11033
597
4315
7350
1892
7670
9332
3424
1094
8358
9929
796
2161
7912
9800
9988
11232
9331
10294
4426
11393
594
11414
7417
5515
6969
6892
1936
2795
6565
9458
6457
3077
9006
10780
834
10245
1338
177
3071
203
2411
3704
5746
6150
503
1543
3689
2717
7134
6268
11160
2525
423
65
1687
8370
8293
1937
639
3057
11961
2581
8803
7347
5282
10703
7842
7507
1308
7648
574
11790
7107
11727
1939
4133
3529
1711
675
10019
8081
783
10407
3740
3920
10629
7487
7065
7732
11268
8406
6598
6273
9498
6995
1601
830
2657
5089
8741
8440
4908
5831
153
11125
8385
5645
2443
5744
6882
10823
2354
2021
8248
1912
1898
10895
5246
8003
4337
9179
2422
3370
2330
3844
7351
7175
359
702
1499
3492
2539
5914
11952
10769
10382
10502
12027
7123
7671
2298
1085
6184
11947
2711
891
4980
9601
4683
6702
4767
11311
6127
8654
9093
11265
357
6262
4824
1034
5959
7231
9283
3231
1225
4150
659
793
8050
8435
11542
1421
9248
9927
2106
1587
8507
6788
4171
11570
7285
9298
306
9122
7153
10676
687
8134
9293
4469
2697
9119
3432
8145
3612
1506
2030
9007
8608
4528
1956
1897
11398
2316
5615
8424
10829
5690
806
4314
7053
9200
6875
5468
7152
217
5338
1366
4089
10917
858
10524
6656
10433
7359
231
3354
365
5891
5739
950
4798
2353
3312
6105
7187
1615
7495
8421
1753
3181
921
6873
1961
7353
3021
4247
6705
468
7771
4244
4954
11475
4669
1953
6978
3249
8949
584
5307
6309
6763
11884
6115
9262
9514
2403
12324
10781
11710
8162
8770
38
9797
1718
6965
3286
6433
4273
5111
8876
4235
4512
4758
4904
1010
5484
11275
10640
11841
7067
8229
2943
2247
3787
7980
9698
4104
1689
11736
9612
3423
1990
5431
1545
5335
1443
4017
200
2038
3406
2051
7156
5160
8063
3010
5763
4592
8318
5665
280
3568
8410
10516
11927
6093
9723
8352
3300
2814
10301
4421
4658
4008
7856
11832
6208
9106
859
4288
5176
4204
1903
2206
11321
2784
11102
9649
10298
8713
2617
1470
5486
7386
4015
7587
3880
5798
10003
3484
2819
7968
8877
5198
5477
9241
9269
6454
11593
11292
98
2410
4170
6785
3679
2730
4730
9253
4178
7268
3532
8543
10275
5003
8977
382
11565
10877
4920
5985
6993
8573
8366
4354
4940
6239
8396
8074
11776
525
8067
10628
181
4994
4411
9778
10907
8992
311
4488
5857
5877
10158
6498
11789
11805
9415
6375
6503
12284
8234
5800
6187
2418
922
8771
1295
6402
5664
6091
11725
9080
288
8528
2120
4867
10145
10154
11031
5495
4876
2273
2899
3582
6868
4784
5253
8901
7986
11747
2524
9098
4084
5674
4388
4297
4967
6242
10517
7126
260
11012
5104
2862
8621
10508
3564
6579
3953
8541
11395
11733
348
473
4276
45
875
6249
337
8881
4484
953
1622
11422
5189
3064
11989
3862
8451
10364
1840
10352
9884
1647
8320
11068
8967
899
10369
9406
1524
1857
6306
5065
906
7511
5285
10710
5765
10130
8983
2404
8317
5299
11315
6520
4996
9245
5646
1410
11983
4641
1103
10744
6032
12196
4593
11263
5213
6340
5411
11373
5194
5155
4474
10050
5620
1674
9280
4410
9356
11064
9844
2400
9946
8886
9633
4689
9986
1154
10011
3649
11351
12283
8964
8051
11423
3836
3867
7868
4852
1125
8652
10899
5714
8561
5206
1893
11429
8315
9583
12049
276
4179
12299
9726
10898
6926
202
12221
9515
9995
12112
2979
10813
119
2910
9645
5723
2232
10793
10584
9314
4423
6672
10059
11719
1329
6040
8195
7787
3105
2647
11153
3050
2227
3764
924
5953
5137
8040
11434
2147
604
1024
11513
5258
7617
10219
3943
6024
4220
3645
1519
291
9124
9760
8161
11970
3577
4080
5887
3207
3042
399
9222
6620
10424
7543
1126
3158
2947
3339
8943
4300
9782
7274
8349
1305
11909
3431
6519
3798
10150
7219
6351
4843
9342
4839
4493
616
10949
7003
2081
676
8691
6608
9553
8769
3479
3382
4499
1234
2820
9500
7715
6968
9220
1273
3260
1975
8094
6180
5581
11521
7612
7811
8904
12088
552
9624
11384
3443
1589
9712
566
406
5709
10037
11503
1104
11059
4736
4537
11448
7609
9861
4371
11367
4907
11546
567
1822
12082
5151
9856
10748
2787
9616
4331
8057
9009
8113
1748
5012
2185
9664
185
9999
9223
10701
10619
1185
4569
9631
1797
2505
3448
6910
6481
2896
11814
8925
272
3086
7181
1572
383
8278
995
6663
1501
6680
9671
1955
7069
6692
11120
2506
7699
397
274
2698
7696
4649
5119
256
7580
296
10878
332
7002
10499
11138
3383
10031
9522
9732
8198
11636
1113
12190
4471
556
3305
6117
10106
3397
11106
2285
4747
1859
1144
5453
694
5023
5402
10598
289
3372
11346
11615
5906
5642
9420
5816
7251
1427
8041
6950
2054
2571
12310
2549
5261
6902
5543
2046
10385
3804
1628
4545
7163
2078
4991
6725
10774
9463
5523
4792
2885
8469
6757
3530
5902
4141
4620
9895
12137
5689
2134
5513
2588
1005
3065
5928
3911
11358
5096
3516
43
11187
7281
12182
3903
2785
12073
10429
11436
8991
2159
4395
10926
12213
4586
3449
10263
9302
7653
9848
6192
2854
5990
3436
10139
4046
1684
4634
8172
1507
2740
7991
10349
3363
5386
11385
8454
5219
3506
7909
2248
4614
443
8856
8436
3755
5499
1552
3917
1011
2694
840
5663
1266
5767
3497
2722
3982
9102
1047
3731
7854
1620
9540
6098
2465
12311
333
9709
939
10303
12140
7537
10079
9077
32
1510
2040
1409
6568
6798
11711
10118
250
3834
1755
2406
1619
11913
458
8498
7383
5905
736
3611
5202
3068
2768
2804
11021
10165
11310
1854
5702
4643
12147
3648
5775
8916
5727
9942
8751
1818
4246
8103
9805
9858
5376
8246
11259
11871
11991
1168
4406
9492
7083
10515
12193
8427
6698
536
876
4239
1735
6974
36
10266
8662
7022
4648
1495
4997
10722
7611
9042
954
1571
7837
67
9503
7254
7457
7635
1873
558
10024
4422
4576
5728
10886
4465
2790
7900
6536
308
6795
7366
11127
7746
9010
6927
1041
3229
28
8497
10035
5118
9985
1063
8325
5029
12024
5975
7774
11372
4859
6157
6289
8448
2672
4581
5045
4476
11590
11797
630
5114
6827
4953
4701
6405
1664
1269
5514
5425
3023
2082
929
309
792
7967
7292
2053
7439
5823
12045
5851
2706
10653
1035
2764
3195
10604
2296
9128
10712
520
3176
6990
10814
8551
6887
6077
2917
1390
11809
4326
34
6651
6986
8285
712
11250
7356
4226
11164
7524
2940
8364
5461
6637
3674
5481
3000
5810
12305
136
8453
2333
8506
324
5193
8465
11058
1532
2489
10240
9163
5090
5322
862
2196
526
509
1565
7844
2907
10897
1452
3812
11441
1764
2576
8264
11738
16
11330
8835
5696
8392
11029
8656
9216
2014
2781
8911
5638
7707
6313
9326
7556
3004
4558
3669
10678
11729
1637
8679
11419
6835
7645
5753
8048
1015
3088
7935
1717
8873
9357
8350
6499
9964
5938
9252
6741
6802
8610
12236
10363
10817
407
215
4223
1264
10185
11642
11836
11728
3058
8617
2655
4631
3745
11558
7080
7242
6670
457
6856
6572
5164
3625
4413
3687
7200
2618
9090
8374
9423
2682
4258
6
9900
3272
1213
9256
331
2018
10017
9129
1945
9482
1183
39
961
11117
12235
10824
2585
2660
8474
11194
5504
5721
5604
6627
11078
11889
4538
3774
12101
4124
4137
4698
4207
11469
7316
9387
4050
7479
1373
8169
10880
8105
147
4120
10661
9488
11695
2385
7873
2590
2857
11222
9525
10205
259
3081
3380
4709
3709
11077
10735
3419
3856
4585
2376
8553
1114
6482
4253
7687
3227
6943
1291
1732
1815
1435
7833
10169
40
2378
11735
8740
8681
9359
11750
2001
5245
11539
10988
9145
10747
2512
1691
3770
7446
904
6877
608
5814
10222
6914
998
8378
1947
3707
11284
6869
10610
4613
3107
2179
8212
11901
9627
6444
10159
6475
2217
8476
4221
7042
3815
4302
895
3972
12099
5199
8371
4883
9064
4245
8564
8155
2209
3675
1904
9489
9737
3784
6815
10725
6559
11406
10358
11211
11685
5487
8581
6571
1233
3322
5945
9535
9717
6275
931
9956
7734
10832
11575
4518
4862
11174
1218
1279
3854
7882
8096
437
8620
12134
7502
11886
7101
4325
11567
6531
4490
975
2705
2901
10612
7326
11066
6439
10539
10596
5475
1533
2942
6494
1190
513
2773
7471
6318
1170
778
2010
7160
6332
10654
7697
3526
6323
11097
1906
2202
8846
11092
12242
9751
5950
3980
5441
6348
2331
725
9313
1762
6002
1852
11693
5204
1935
3258
5102
2776
1723
6428
6686
4737
9291
3373
11937
8900
9951
3601
6395
3908
2347
7298
5283
4500
4660
8792
10305
2912
10635
4772
12306
10819
9209
10526
1812
6938
1916
6647
1875
802
3357
3785
3290
3499
11519
5166
5589
9343
9335
161
5368
10438
8965
11985
7147
3472
8158
5752
170
3079
7120
2401
6888
9068
10555
9909
4636
4180
11182
481
4594
11014
1262
3957
1195
419
2073
4884
976
7704
8624
7460
627
1424
5760
10582
83
1917
7318
4140
2726
2215
9647
411
5853
11890
3224
3203
11006
11304
5670
2874
12120
10787
11049
4984
3251
8801
8994
5883
2452
9455
8782
9579
7957
7592
11115
4369
1668
10708
7118
1117
10077
2692
5933
8053
5328
11514
3283
3500
12271
6746
9059
9865
9882
10439
7999
6084
4968
7981
4591
4111
11228
2423
9754
5894
7822
3728
420
7284
9330
1984
6492
10918
9202
724
6039
8532
7911
6416
106
10462
5832
2620
4151
4352
11096
4781
5304
6817
8979
12276
1078
6557
8834
9793
11377
5265
1422
293
6562
595
8535
8545
4974
6209
4487
1388
711
3796
5792
4397
1090
2036
9328
5302
2983
5163
10293
7034
11621
10553
9189
4814
11437
11201
1304
7032
2976
11349
3342
6148
10258
138
4779
7135
4446
10373
3491
3894
7379
5420
8232
10679
6549
11891
4482
10940
7641
5892
8224
8588
11343
2870
3624
4399
3657
2624
8442
11040
7346
887
5197
2941
4379
3919
89
10168
6283
8684
9961
8361
5388
6666
10471
1172
1163
2229
8641
12241
385
2550
6722
6806
10334
6363
1756
6661
10147
3946
4729
1396
2897
7533
5476
1925
3925
10360
11334
2133
10796
951
10172
6852
3660
1037
11760
1576
10846
6688
2978
8812
2606
11195
1750
3001
2370
11136
7867
9740
6952
11166
4148
7839
8382
2151
1515
5156
5779
5608
7691
102
9005
1652
7287
404
8508
10762
2656
12323
11878
3979
9432
650
7395
3391
7525
11699
5787
571
9483
9454
2627
2913
221
10720
2007
3639
3749
1299
3188
11246
10493
11123
8729
9544
4936
5358
444
4732
10799
6911
9617
8539
2671
2653
5337
1380
9380
9952
1132
3780
2827
3280
12056
1910
8546
6116
2359
8472
8862
12066
386
10507
4243
8477
9072
11612
3469
9049
8634
10108
613
10538
3244
8655
5310
2780
8748
3085
9567
8468
5568
4431
9849
7064
5437
1759
57
9655
6895
162
4473
9196
2583
5862
197
1296
267
11011
9127
9205
10942
741
24
8462
1683
4387
9779
2749
6737
6619
1227
2039
2951
1608
2680
3895
9479
1050
8647
5505
1321
4301
8887
3111
3720
2123
6592
7004
10721
4071
8038
421
11748
697
2793
5287
8882
8294
6691
1768
11248
8499
10372
10444
9084
10044
2684
8106
5149
9670
6596
12262
4549
6859
10478
2348
1148
5185
9149
6237
9566
3881
343
1624
7205
962
7952
9297
1256
6113
8102
7477
8521
4804
11975
5330
4532
12143
5080
192
747
4335
5207
1993
7472
398
6170
1267
3832
1064
6921
3092
8181
8976
4067
1595
6434
4544
10199
6070
11147
8927
11601
7700
8712
617
6381
8175
3964
8271
6054
3627
313
8962
5037
2482
11397
5931
2545
1145
2430
10111
5912
8425
2649
4227
11244
9336
3821
4679
6142
7686
5761
5701
12114
2741
7180
1197
7322
9643
10480
3338
246
544
2911
2973
1946
7202
3628
72
4584
7427
12166
5923
8286
116
2167
6463
9094
1358
4806
6023
50
9852
8744
6476
7908
1221
9035
5022
6304
9111
438
4038
7450
11587
9318
6399
10084
10350
12083
11756
142
959
665
9496
9926
9738
4021
5150
4228
6261
12218
10589
8127
11060
8984
10217
10960
8039
11227
1646
9323
507
7531
5398
3035
2124
612
3729
9013
4339
2459
2836
5231
1600
2414
12086
2562
9758
7132
7623
4126
5356
7373
1504
4152
5947
4451
8505
9370
1242
3073
11872
7575
11109
1156
11378
10365
10530
1465
4442
10014
12012
3463
2875
11053
2938
1220
7109
1447
7270
7866
303
103
8894
10933
4566
11208
758
1121
6638
7458
5603
642
8986
9795
12192
11639
1804
8714
9226
8267
7124
3439
1883
8290
5684
12272
4165
9177
5660
10120
11046
6014
5655
3583
2930
2407
7636
4216
7583
1933
3028
3991
5844
8584
8417
3735
1178
5239
6624
6908
4320
121
1540
9048
6344
7465
1477
11132
4535
8059
7224
7091
8536
11698
8383
6337
5558
11048
7956
10083
6948
9577
10857
1973
12007
10529
4771
588
8139
2157
3347
10659
10142
7291
2294
5369
10990
3922
2450
767
559
2328
5228
1458
5879
3631
2362
150
5797
7976
1333
3399
12157
10655
10946
3817
516
12104
4069
1406
2165
6441
684
7397
8892
901
7362
5978
5837
3112
5601
5444
5732
2037
5678
10614
4625
9910
2346
1216
10943
6866
11230
389
10985
4530
6267
10974
4370
9526
10367
1108
9212
8353
1654
9783
1924
9651
3418
1437
4232
2335
8450
3737
4685
8388
10445
7827
645
6526
871
7505
6847
8690
2344
5047
9600
2463
370
6408
5705
6941
11949
2122
9777
10351
9250
3824
239
9430
7374
12054
11296
4445
7925
10734
2639
5126
3978
7210
3404
8969
1379
5142
3990
5442
9419
10073
9231
2844
1641
8305
4175
1098
5736
1303
9828
10296
2652
6796
12046
4265
2833
10395
4312
3205
3909
4909
3067
3655
12036
8692
6812
8333
9372
10099
4610
11924
9187
5222
10519
11751
10223
5014
12200
5630
5122
4177
8434
11056
8707
6174
1008
8825
5308
2042
1494
9933
706
9185
12153
8577
11043
4237
4270
6567
3888
10354
11369
11306
3846
3344
6951
9117
6599
6386
5362
7204
186
11146
4092
8091
21
6701
4703
1972
7688
10965
2023
11104
4522
11533
3521
7601
1079
8011
4704
10428
925
11899
7414
6305
11237
2754
7905
7342
6625
1392
3790
4939
3533
10190
3907
8028
8259
4427
1882
10995
8980
7939
3178
3435
10325
3571
11435
5414
5768
1202
6558
9788
564
6409
10685
6366
958
8214
10901
11600
6818
1169
7361
4219
6710
11904
11571
9658
10778
751
6857
7489
412
3725
8132
9866
7099
8923
6235
6018
791
10536
3818
1036
7752
1773
5682
4006
3433
1162
6545
10978
7546
2304
5241
9272
7584
7267
11557
9862
2205
1879
5836
4286
2098
8077
6330
325
8838
1386
7332
8568
3732
2314
1302
2242
3388
6636
6808
2339
5281
8065
496
2008
5539
8274
6484
3761
111
374
8174
11478
1342
10181
5313
4009
3810
602
9812
11844
11669
90
6834
6349
11131
8316
11591
283
10557
7793
4019
4145
10231
3396
9602
169
6185
9997
9294
6828
10865
10934
8398
5229
6800
12107
9661
433
6153
10809
1483
9613
6889
7317
7504
9660
7520
2999
5821
2126
1423
11592
1690
4970
4405
4268
9796
3513
12302
2394
7312
9864
10707
6270
10211
5868
2688
2822
7154
2168
810
5911
1995
1383
8703
7927
2261
4250
6447
7977
1149
9135
6693
101
8015
9086
298
8816
2567
11474
5686
6107
9939
4799
4963
2774
7825
8122
11830
9594
8913
5772
8045
25
4249
2064
6255
11687
823
12230
6233
1745
10532
5397
10302
7657
4327
4135
2584
6371
6260
8950
3490
1155
9147
8529
7096
2570
6593
726
46
11186
10405
10087
8674
2615
5546
2933
8500
5596
11028
5001
4579
3368
12285
7922
3708
6826
10896
11350
1322
11994
5918
3554
11712
9018
8207
5871
1793
4506
10112
6480
4186
2015
5977
12122
7148
1395
5459
8414
6321
9955
1929
9943
6583
8189
3747
11999
7529
2720
3722
6799
6020
3330
1566
6813
800
3775
11020
4597
8205
10117
2237
11245
686
11624
7324
11661
11086
8393
7777
9354
1317
10549
12154
2263
10256
8281
9267
7081
11005
2045
2441
5360
4993
12321
8513
7689
8919
2772
3835
4901
11910
10997
1382
10546
10751
6136
3555
5292
2651
4464
11672
8571
718
1219
7548
9104
7245
9977
9155
7719
6675
1716
9587
11548
5822
8291
8033
4740
9502
3063
12315
7598
10602
11420
4189
5470
9206
5757
10764
957
3670
4881
4362
11191
2613
48
8790
11866
11312
4525
6346
9835
2575
10801
10356
10986
11167
10206
1954
10894
7703
3005
11289
7910
755
7526
2487
8555
3269
7834
1065
9683
9167
9391
3949
6916
3268
9850
10208
5018
2775
2451
9911
2992
942
1944
5167
10146
393
2568
11820
9815
8952
4052
7508
6063
6588
10830
5289
7624
1909
3801
10092
11676
787
2530
9464
4670
7303
8395
5882
5903
693
4819
10132
7415
6954
11493
5818
4879
7921
6193
1255
8631
7658
11874
7403
9175
8502
3471
4298
9474
4033
8867
596
9872
11326
10282
1758
299
10308
2198
6282
11489
5679
1825
10051
2582
11877
11758
8988
2300
1278
9906
2369
4209
10634
8585
6635
3858
3692
5671
7885
3096
8233
11771
4477
10355
1728
6257
9136
4289
11843
2527
62
12009
9887
8130
3123
1658
6247
2888
3202
6510
3143
12255
9693
963
4778
11122
7662
1653
10727
7423
10
4400
11091
2957
9543
10575
7569
2150
1821
7877
3782
7578
1669
5043
4252
2361
8754
4895
9691
5550
1138
7243
664
6244
9770
5856
6096
1457
6466
1484
11300
4016
9806
10209
12191
263
4503
4777
4096
729
3695
1004
3977
3223
11608
10834
11813
12095
1813
9053
2249
7720
1176
8330
5179
2915
5218
10346
5946
5996
1466
3632
11327
3376
4761
2253
9271
2149
3059
8715
1534
803
320
6256
6597
5585
7171
9141
60
2557
557
2455
651
9160
8430
11041
11365
2088
2985
10415
118
305
2605
5897
4582
8054
5649
5113
4640
3984
2573
12239
3998
11424
6846
2079
10396
3948
2903
7043
2640
6154
8830
12013
1837
9015
2586
8951
11360
6569
4285
9164
6704
10482
2878
6462
11568
2351
1655
9213
6496
5635
3597
6058
10338
11630
6438
7166
5332
8296
3937
10959
5502
9038
3595
5180
6901
3169
5527
9842
4322
9444
9626
3993
11443
11851
2188
512
2794
4865
11019
8367
10009
10858
10025
10451
11317
3642
634
3552
7314
6102
955
3680
6183
8037
8716
3585
7890
5528
592
606
219
2472
10342
10268
9448
9874
8119
11190
3069
10533
8814
10715
4930
5393
10518
10366
5220
7639
8503
9237
6294
6473
11974
7814
11224
3633
11768
5506
8369
1002
10788
388
9032
11887
6089
710
8272
7690
440
12290
7983
6534
2435
3769
5489
8078
3313
6809
4306
10230
1516
5350
5033
6603
2707
10520
7564
1855
8639
4809
8042
5216
10476
5531
4563
7223
4274
8375
8921
5913
11515
2883
5123
12163
10270
10307
7766
4391
7819
10156
7708
8324
5132
553
5466
6617
485
5567
12317
8961
8108
11926
4651
3878
7434
10137
8196
4627
3335
11915
3842
9625
11781
3604
5227
3350
2049
2089
6584
1951
2143
6325
2719
8163
1556
5749
3682
10317
2946
9499
4215
11943
3508
4657
10483
9186
2197
5355
11562
10920
7874
9744
5559
11840
7117
5458
3476
8044
3265
2284
10623
8101
842
7568
11815
1028
4961
7030
5926
7121
10447
1686
1977
10340
10765
6696
7025
11680
4271
4497
5725
5339
11980
5529
3743
11852
5321
7162
8076
1736
3145
1894
10545
5636
984
4682
4825
1760
5793
5312
11881
7779
3551
3108
10615
12109
5980
5825
7918
4600
9838
1597
9573
1676
1853
7462
3384
2183
10910
10143
705
5469
5039
5436
6126
9576
3219
2495
5240
10311
11644
7301
6087
11895
11308
7491
3840
9918
5440
8201
122
9460
8302
9333
4905
7140
6122
10625
7449
8558
2239
5329
2748
7655
11143
1250
2546
2031
7372
2358
7348
12126
836
7088
3809
1270
7113
11449
3126
8861
3296
12149
2718
4684
660
6214
8833
3727
10010
3688
4880
1309
9126
7853
11759
2326
12052
2461
1512
9870
7851
3353
982
11394
4296
9922
5994
12214
3228
9480
1224
9917
11796
10291
11481
12005
6717
2889
8397
6312
4035
3351
3850
4656
5390
10157
5503
54
10537
7872
1086
3839
10421
11108
3018
1249
1627
5562
6840
4935
8948
8391
903
12110
1461
666
2402
10872
3017
3277
7659
8883
9491
6137
1776
1051
7781
4714
1599
11662
7616
2345
593
3187
3121
2695
10737
4313
10512
8678
4344
10389
8510
5699
10201
8402
10697
10558
7942
9242
6886
4266
9300
7023
5691
1431
1831
3204
7629
12212
3822
6712
10057
3295
1564
940
2577
12008
2623
454
10883
1714
4917
4857
7501
9921
7879
4911
2228
10658
9014
1950
2119
9264
10637
10318
3417
1287
3831
2762
10860
462
1171
5552
8143
9546
11653
8855
11834
5776
10128
4897
7714
1414
3496
874
9012
7726
8723
9931
10138
10607
9386
1971
7176
11391
1702
6197
965
7694
4167
11960
2108
4962
3192
1511
3771
6726
1102
5297
4381
7622
5270
2408
5932
4200
5140
9799
2645
9598
2847
10386
2805
1040
6007
139
4417
11000
5900
1817
1075
3759
145
10251
4655
2909
6525
517
9696
9663
6506
6001
2056
2918
8578
7276
9924
870
5485
7863
7266
10347
12296
273
10645
8975
11039
1789
9727
2083
7323
1919
9249
8160
1
6682
11079
7666
11603
11013
1785
12288
10806
465
7455
1635
6528
11657
6946
7040
4507
9339
1459
456
10868
9741
9983
6600
5790
1413
6394
5583
8027
4695
1829
8971
11981
3556
9358
6748
12238
11042
6271
4424
2520
7806
4053
2174
11553
7749
2233
11458
11212
4919
157
2729
6158
361
3806
1263
12326
5780
5633
8190
2529
6739
2815
8594
6906
1066
326
10229
226
4068
6634
7630
5318
3510
252
3860
9736
11955
6074
10928
9247
4851
3032
1550
4197
1705
3975
7438
8802
5657
9142
4668
12069
8665
12206
9486
3206
7474
9083
8957
8556
6053
1921
1077
2252
4637
8953
5840
4521
8669
2703
12267
5988
5076
9345
5478
8870
10398
543
2704
1586
2961
2136
12111
8087
10361
10486
10297
10028
4324
9919
6530
1761
9531
8046
4467
9146
9851
7011
8823
6133
9194
387
850
9171
9957
9586
2871
7782
8540
9752
9063
4820
366
7596
5919
6061
2341
4299
12125
346
5680
9446
2393
637
3180
9347
927
195
9485
6000
10468
7993
11069
1310
7076
12170
1751
11622
94
10374
1827
10411
6793
8659
1316
2849
11638
7110
9688
12015
11302
3859
11746
11173
1381
10122
11976
11357
4192
10976
1657
6780
4829
9555
9753
11933
3940
1701
12026
470
11352
2379
1577
6419
1248
10680
1638
7898
10288
4346
10238
3237
5890
3730
2905
7588
6654
8767
8221
8226
9826
1394
1869
8649
8515
727
2608
9398
376
6277
4095
8357
9230
3271
3157
6479
9295
2664
4606
4230
6504
8695
12160
4240
8903
11810
1111
9989
5336
10923
3864
1261
1161
1692
3375
5669
2589
3659
2434
3100
11941
10588
5372
7915
11184
4284
6920
5929
7600
2734
9153
6772
11213
3887
6789
4534
2968
4428
4498
11038
9970
7555
7391
6865
9490
9421
2593
6723
9228
7503
538
7860
7189
1604
4164
10739
3285
10827
2388
9572
4789
7433
11214
4848
9877
2916
7760
987
2270
9839
11101
126
2256
3040
10571
9699
8056
7515
10267
11883
7048
4028
3225
11762
285
314
3327
1721
5064
4554
680
2479
977
1960
1525
2723
8635
3883
5781
4154
1681
8987
3691
1891
10155
4958
6500
779
2425
4912
7979
6036
6307
7093
5422
4942
6248
8191
2634
6505
11812
4551
2478
5364
11831
10999
1548
607
9428
716
364
6229
1247
11133
7305
4546
300
5446
2004
2067
3196
3558
5849
11650
9820
10463
6614
6958
4515
5881
6458
9894
1089
9638
10056
7870
12041
1794
3694
2742
8937
4272
9045
8660
1109
8637
7467
4396
1503
8165
5438
4816
6029
2440
2491
2554
8954
6822
11918
3310
978
5352
1554
5730
2735
8963
6930
7721
1232
9885
12071
4557
3941
1784
2192
11930
5144
10705
1570
11400
7549
6410
11126
8845
2500
6591
1009
10693
9414
6338
1727
4463
3938
730
7328
11875
8999
2887
10805
2068
10497
5401
1347
7239
11516
5494
1938
6917
11285
11483
6643
10541
7914
7178
11715
2721
4032
5058
7966
7840
1418
4717
3282
9374
10686
6155
194
8997
6626
3201
2514
3553
8587
7170
422
7768
1095
2309
7226
251
9112
10573
1614
7532
5512
6246
4607
3245
6982
2643
3171
3046
4130
1330
1251
2043
4448
2828
4267
5553
7082
10544
5593
2334
3301
4589
5795
12106
6855
279
1211
6933
12274
5139
1331
5448
1027
5013
10091
11035
4945
7677
8422
11946
3421
9510
12183
8029
4708
2405
8592
2076
4229
2956
11773
11816
7167
11080
3926
237
4049
11720
6086
4650
8514
5086
11113
12228
9062
9700
1574
852
3578
201
1101
11455
5211
9429
2349
3527
7354
7606
2057
3650
3814
745
11446
11876
7684
2796
8228
9984
7995
2338
3458
141
1313
8765
10491
7275
347
9876
10401
7634
10729
9629
11075
2303
709
11183
8710
10884
10474
8095
4093
5191
3247
8203
1377
2127
2325
2710
5675
1770
5735
6382
5462
9288
6595
3447
7599
8270
6878
12068
8439
1473
6161
10694
3287
5613
10742
8929
1913
1651
7692
2176
7805
4190
8220
1610
9902
10816
9785
3626
7702
8456
2959
166
2724
2700
188
3608
11331
10327
10446
10691
704
33
7637
8338
2708
10124
9622
5103
3076
9436
8945
2732
7949
4762
9551
1922
2852
2363
6755
7852
4741
4531
4699
10326
11
2319
9066
1682
4072
10731
576
5201
12040
7516
1235
5334
4495
6097
769
10791
1835
3465
7667
5799
2921
3543
7212
4995
3074
10466
9958
10957
11098
8922
8973
1230
9109
10568
5451
1498
8732
5359
7435
2867
4770
4435
9539
4351
11114
9878
5430
4948
4575
4555
4023
1743
949
10567
7138
6442
2689
1502
10713
12076
5212
3039
10236
1403
10273
12081
5998
11189
3349
11633
4638
7992
12102
2141
5971
8670
7858
2528
3756
6445
6695
8758
10357
1135
844
2914
125
9827
3066
2800
6169
5829
4888
3442
11978
8687
9680
6662
8157
1802
3153
3127
5092
7068
2845
10285
3364
2017
11076
11271
2115
10430
1127
12316
8178
3
9243
6049
4802
10133
3875
3683
8720
6359
10196
6022
352
179
11588
7767
7473
9402
11681
2595
2865
7841
1860
9637
9384
5429
5025
9597
2497
1992
7130
5806
2421
9746
11100
7384
362
801
4947
3987
2801
10123
11340
6947
3248
12039
5819
3284
1675
4733
137
6790
1998
9019
5467
3522
1592
6781
7392
10864
2069
7443
11128
9389
2254
10271
2272
5009
5874
214
10259
10473
7304
7488
12186
865
10935
2350
9441
3945
11845
8237
6220
5658
3402
2340
821
3952
3514
5387
8851
1179
10650
3746
5125
11808
9465
1949
6700
824
1476
3789
11700
910
4850
10228
6678
68
11552
3599
5435
5244
9270
2175
9611
2731
799
1344
10368
11073
6491
4985
4318
1014
10065
3467
10733
492
713
7014
5960
9350
3656
3721
6280
5259
2097
11563
1134
4511
8747
3914
11618
11262
3104
4277
1858
748
529
7510
10603
2993
989
9204
10479
11257
10320
10232
502
8763
1603
3078
7105
1746
9232
9669
3935
2034
5594
1660
672
3048
1428
884
8072
11508
7036
4453
6367
3230
10093
6699
1045
7416
11675
9728
8052
646
482
539
3091
6026
6205
11110
4856
9559
8648
1907
10225
1528
11329
8339
2532
1152
4896
6650
9281
9348
8589
3218
6573
3024
4153
8164
9191
7591
8914
5712
11074
3509
3616
547
10188
667
8138
9478
5183
5614
8636
1899
11468
8032
6836
5783
5521
8107
1056
4368
5600
4677
11958
8774
7128
10550
5961
8457
5174
7958
7028
11637
8092
4553
9317
7024
318
11761
5863
2783
5904
2677
191
5173
679
3477
9260
6339
3703
3766
1845
5676
210
11485
6640
6945
87
4728
2587
580
3603
936
6838
1671
11141
8806
4100
4462
8672
10067
8210
3080
5005
2544
268
4965
7191
5178
6300
4222
3135
5547
11196
10170
10443
9229
5850
1408
12103
3861
8517
10861
11967
9411
486
7077
4536
2842
11089
6129
506
6690
2755
10941
11421
794
10888
12178
1738
11431
4083
8491
9431
3470
12232
11908
11709
1636
8470
10773
11218
12169
7994
11386
6011
2389
2736
9165
12318
11526
7087
1301
808
3411
1231
7246
5774
2868
1991
7801
703
10797
3961
8791
1246
10184
2714
8559
11185
4082
8426
5053
233
7265
1277
11683
7970
7941
3293
8699
3757
7252
7413
452
5184
10250
8268
4383
9689
9397
349
5704
1666
5896
403
11629
8840
6612
5130
10794
5210
9416
10454
1584
11811
5182
2594
8420
1766
2886
10109
4966
3969
1886
8918
10110
1974
9103
2413
1355
1042
8522
6754
3189
5036
11067
11220
7159
10032
416
10771
7396
6253
10174
7603
5838
6753
5
4012
1819
12294
4560
3209
6821
10854
2515
6143
5324
2611
12097
9596
10237
3581
297
8208
1497
5238
3274
8288
1862
996
9279
9144
12121
11880
10151
524
10728
8168
3142
8915
10875
757
1412
7709
1665
8153
414
5597
8849
1097
12211
3741
8197
6566
6316
739
8481
66
548
304
2312
7509
10916
11854
7137
10511
6973
611
7385
2967
8554
8176
9235
1662
1072
1387
5008
997
11620
5301
6668
8249
5551
3803
5340
985
11950
410
3636
9501
3819
6138
2753
8552
10973
5733
10587
4598
3778
5687
2637
12064
10845
7052
973
11007
1374
55
334
11666
6111
6431
11906
10852
1084
4048
1928
6380
7198
11470
9847
5556
10822
7157
7989
7920
9282
10390
1791
9364
6258
1558
9915
9273
2538
5243
9021
10435
7338
2540
9940
2169
7663
636
2231
81
8854
5300
7464
3147
4168
3630
11486
5722
10931
11982
5343
9588
1196
12273
212
2194
8292
883
1384
1561
10432
4238
756
7299
10696
7217
8586
4156
9558
11269
1023
2534
395
1012
10328
1345
12280
3665
1013
11928
9310
2935
9211
11707
11219
2437
11744
7847
9157
4751
2114
4662
2327
11775
11451
3053
10414
9755
7370
9184
9722
2200
565
10552
8209
11585
10855
5830
1889
9725
5939
1626
11921
9274
9081
698
1881
1771
1509
9138
12131
5802
4785
5997
8269
9439
445
10038
11782
6759
1399
9950
12259
11614
2011
242
5524
8850
11494
6749
9445
12145
12129
5549
9472
11594
3190
5769
3607
4455
9967
12300
5447
10380
6630
4278
5930
1730
451
8730
6718
1625
10053
4260
501
6324
11694
5876
10565
1621
7258
11682
70
10719
4748
2130
3504
6206
12135
3663
3550
196
9674
2315
11433
7339
6430
9978
9392
8487
6436
3686
10309
11407
4727
117
2990
10283
12254
2483
4524
10998
9769
2991
8831
6251
1700
2415
4304
3788
4678
10116
632
11207
5576
4317
2837
620
4034
6486
7248
7146
446
8947
1298
11532
4425
5738
10114
11209
10020
2667
6495
11463
2840
8312
9058
10554
5128
9143
6080
8060
9639
3185
6195
4757
10594
10052
4903
6400
367
2448
4206
5652
5673
453
3242
11396
6335
5809
7843
5266
8273
10968
12096
9456
3905
5048
6610
5028
3676
11223
10839
2246
9742
11023
3239
4380
4981
3308
6132
10992
11137
1918
1020
3084
10662
7943
4977
5084
3318
7602
11544
7142
2187
7849
6586
6956
795
1334
8781
7049
8035
4078
9182
7899
1962
4098
3336
10207
6907
7590
1807
5758
3560
7296
5143
1017
5993
1884
11956
6736
12146
508
3916
11667
8075
3712
9899
206
3900
6083
5520
12181
2166
5177
6037
10642
2803
11004
5648
1877
880
6706
4821
4198
8079
9417
1357
10618
6733
2275
7388
8484
3385
5347
4385
3459
682
8628
2890
86
5257
6241
6540
9450
11480
11282
9174
750
4452
7640
3924
12115
1245
10085
7102
5873
10930
7168
11550
10958
3453
9889
1364
5181
6336
9843
3944
3750
6576
7756
9695
2075
3394
10772
8858
9807
6042
11375
1719
2861
238
2352
6124
7429
10503
8409
322
8326
5766
7422
8779
7821
9203
7800
1826
2375
11501
8110
7046
4626
3915
7017
534
9690
10202
5944
2831
11578
392
4261
3593
11583
1999
5357
9118
11599
11332
4376
1026
4653
3511
11055
2156
11791
3480
4754
1800
1016
12301
9224
3538
10815
9886
9965
5577
7494
3823
3816
3451
262
7079
10613
846
4875
1490
8114
4353
5492
3590
5027
9969
2063
4086
1238
2797
5107
1146
1642
3343
8575
5482
3893
353
8793
8509
3667
10204
10452
5382
4389
8171
8423
9721
4950
10908
10148
1453
6681
1697
7313
9973
861
5242
9524
11479
10331
3662
2429
6411
6575
5233
10666
10442
1905
4721
8179
3398
9896
12156
4900
510
11140
12246
10426
8645
7122
7933
11255
11231
2555
10580
3898
6303
2146
10227
4548
3246
6811
9650
4342
6396
12219
1549
7651
7652
9434
10353
8640
8328
11940
9729
9361
4556
6182
10425
2880
10963
7593
10210
4800
9776
8853
4652
5833
10646
993
8479
1054
4796
10029
11564
4887
12000
2998
5135
10008
790
9044
934
9168
9055
4002
1783
1426
1734
700
3872
9667
4937
344
4797
10460
8017
7405
1081
3644
1043
3037
11965
11052
8766
3857
7273
3765
323
11280
5108
3896
5661
5989
2268
2220
9366
4044
6372
6149
3777
1878
2750
8626
719
5569
1175
4712
10419
7492
11801
9040
6783
9468
8931
3876
8199
777
2427
5275
6432
12289
11855
1385
5083
432
1401
2636
6605
2473
450
5631
9296
9907
6919
4158
2893
3273
11652
9285
6665
6252
2565
5804
4073
2696
3420
417
8623
2746
10487
6146
5717
7485
3234
4853
8300
11171
9928
3377
1039
10850
2851
2117
10134
7538
6016
8909
7550
5533
11839
9818
4444
3811
8970
9584
5232
2927
5361
3974
1833
1942
5509
8745
7950
5196
2241
3661
8698
701
2426
133
4925
6830
3341
6369
9935
2470
270
6518
7336
10042
8705
1398
11444
9841
4739
9905
9451
6326
6641
6999
11370
2866
1839
1019
6069
5987
2610
7098
8619
960
11944
8574
10891
7878
6200
7412
11085
3390
8599
9705
7597
2142
5708
6876
10481
1351
6144
11572
5982
10306
7701
1931
11828
1579
5136
5170
4866
6222
8473
2292
6555
1927
2193
6360
8250
3658
1215
9941
2855
1265
2966
5154
1456
5976
4502
7320
2945
11170
7536
774
819
7344
11018
9152
244
5055
8009
1393
434
10922
9608
6217
9234
8493
5847
8824
657
6201
477
2162
4807
1482
11939
10912
6319
2685
495
9497
8996
3325
9481
845
6984
894
1272
9381
10641
6804
7050
10239
9836
5066
12281
907
4846
563
11772
4382
2879
9715
11945
11161
9039
10667
7084
19
5880
2060
1709
123
6140
7718
12090
839
10633
6106
5366
2392
9589
1725
10484
4874
6293
5471
6033
4458
2212
857
8696
11471
4063
6368
4202
1236
2699
11605
6996
4822
9320
7398
3174
3488
4125
4934
1673
10971
11399
11145
11993
275
3619
7094
2578
10925
4193
4136
2632
9963
8346
12055
329
11225
2922
11355
3371
6985
7234
10687
6276
4205
7534
3044
5965
10107
3643
6843
3140
4892
3696
3904
12047
7902
9043
8129
8755
655
570
8985
10163
1865
11717
9549
683
7776
10843
7026
9593
2190
8989
12091
3099
4169
2591
11723
6803
7542
9508
8618
3408
10936
610
9739
11663
12325
9304
560
8629
10967
435
8664
1596
2765
12001
11543
7646
9351
3792
2869
7387
3238
10601
9284
6977
2601
11647
11339
5525
7831
8283
9561
11129
661
10149
8627
100
1467
4986
9327
12132
3772
8562
3210
2821
6355
10062
981
8496
7115
6354
7060
2553
2343
8866
11319
4489
2969
8560
7149
1240
2107
10952
10153
3849
11931
7158
8308
788
11345
6164
3026
3215
107
6159
2420
3012
6352
4359
2531
6135
6544
9780
6103
11279
2882
8266
980
2266
7745
3988
8785
6483
6925
8982
1742
3162
11912
4102
6860
205
7478
1375
1006
466
7327
5943
11540
11233
1142
8852
4159
2216
11920
7095
8788
11635
7998
12116
9133
10761
10652
7228
3334
2980
5899
10304
6580
1630
9227
5537
5214
6012
3736
2105
1352
735
2498
776
10495
5106
11654
11896
11616
2186
2860
1866
8180
2902
11833
5327
7861
4794
2289
2366
11320
1650
3109
9816
8728
11154
772
9716
5392
6446
6347
1007
518
4291
8244
11922
3715
9442
10212
1448
7426
11158
471
6048
3125
11260
3052
6204
2767
7954
1107
9854
2948
7530
1796
7349
11016
6343
9070
2112
7940
9325
8808
3405
11305
4112
4341
4099
5693
6333
1360
6905
6912
1061
8676
10887
4241
5117
5955
8231
190
6891
9306
8708
4580
7408
5455
7269
10523
11769
10981
1370
9255
8467
9023
120
7996
8137
110
8149
3738
1055
3502
789
11299
3220
11793
12
11368
4328
5344
4234
11860
8141
4786
8836
2928
1914
8463
2009
2650
6673
4461
12204
10638
933
5141
909
5952
11094
10437
2501
37
1560
4108
5522
6072
5483
9901
4066
7810
635
5234
4402
5099
10812
2457
1021
4932
7540
9352
5534
6894
12108
2839
10254
8256
1284
11679
3134
4058
10521
5035
11547
10339
3767
7007
104
5860
7835
3392
9623
9075
11135
7294
1268
4615
5247
4612
4724
926
5267
663
9748
1541
6742
10909
5991
8940
11452
4143
5901
3359
5794
10322
8148
9050
3317
5954
3197
8775
6062
2207
7673
9548
5333
11894
10467
7278
9590
7724
11745
3865
678
7808
8236
9190
11095
11530
7390
11176
6047
165
4938
6027
8799
7812
12266
2442
2032
9536
7436
7539
10849
535
1606
4913
230
8822
546
8959
8109
12179
9518
5591
1557
4622
4667
3483
3507
5041
6764
7948
1648
4142
1926
9309
8222
12243
1850
3762
6181
12314
885
12043
10535
10171
2308
5254
9290
4999
3233
9085
11402
4107
4026
9564
7757
4113
10295
5992
7824
9371
2113
6064
11882
8819
2155
3985
7668
11740
6152
966
7454
5606
3276
579
4115
9225
5491
10569
12233
5109
4617
770
974
1765
4949
63
3414
7308
9734
3152
9694
494
1083
418
2548
4040
3292
7964
3486
5190
12209
10890
12034
10105
10825
5647
10564
1324
8811
4697
12297
11714
7369
6468
2318
4182
11640
10879
10441
1724
2138
2264
2936
5634
7262
480
4705
6301
2950
2204
10543
11353
9101
10547
3194
2139
1044
2277
4144
10939
8486
1810
10704
6618
6758
6322
6385
7057
10591
6374
5584
1419
3753
5100
5061
7604
5209
626
6281
11169
638
5017
6837
10551
26
9798
10394
10513
4983
8443
5449
1634
9869
3587
4647
1563
4305
12020
11743
8534
9324
10018
10938
6967
8750
7321
9756
3422
8073
2949
7894
5762
1335
8884
2738
10088
10599
1788
10672
6523
5316
8386
7815
2274
9745
2513
7557
5070
3677
13
10786
3208
4157
2084
3168
2382
10332
7567
7250
4587
7789
11990
10383
622
1680
2654
4323
2635
3172
1970
9435
6801
8452
8412
898
9528
10281
4051
4539
358
5389
3723
2332
8666
187
8697
3955
10648
2006
11022
1874
8140
2763
7936
6465
3137
9829
4624
1062
6390
1832
7733
5859
5133
4998
11447
759
3090
3415
11408
11861
3641
11188
4486
5460
5718
4987
6417
1631
652
6816
11767
9236
10359
10284
151
8899
3808
5885
8974
6880
919
6406
2579
3003
8373
5824
11045
3992
2850
6590
10098
9034
8363
6697
3794
5888
3022
9311
2236
3999
11602
8746
1129
5433
3566
6829
9087
11472
7352
841
11607
6413
9024
4513
8537
3163
1441
4870
3866
3450
7499
2997
879
6345
3678
7018
9130
330
5974
4128
11313
9972
10777
2417
1438
1981
6314
4759
9188
6365
8777
5237
7216
1848
12257
3768
2925
7256
11381
7340
8082
2846
10863
2788
5236
8516
11609
2758
11236
10200
8133
4542
4868
11235
7044
5629
11659
6998
3440
4527
8891
9591
6721
7747
7290
378
8275
11923
5622
4224
2523
6278
7315
7974
11034
6287
4307
522
5641
12065
7367
2295
7739
8303
9121
5803
4726
3321
8595
469
3146
12313
3936
8612
6425
10636
12291
7832
7151
11062
4210
6015
8299
4460
8
7300
7421
872
2673
4065
2752
1849
10370
8243
4045
628
3240
3713
6935
5421
12136
2029
6056
6123
11379
5097
4332
9399
10758
11968
2235
8247
6259
340
4628
3826
11703
3534
11413
4835
475
7571
671
10760
5517
10257
8379
8630
5573
7116
1128
2471
8008
5898
2099
6315
11574
7512
1204
615
7129
236
11867
9833
9809
3523
8314
8960
11492
6751
1444
8955
4390
5745
7855
7143
6118
11103
6707
4914
4185
12216
11464
2265
7164
7452
3041
8860
7211
5532
11487
8058
1137
2823
11584
9505
4630
5667
11144
11783
11902
2374
1417
10161
7944
4018
11266
11879
11061
11741
8083
11072
6730
4367
1542
216
1602
3622
11215
6021
10837
4749
3693
11432
1842
6512
9088
4309
8701
64
2066
9069
912
4926
6623
5288
12253
97
5415
3464
10500
460
7144
3183
8459
8753
2873
2971
1521
11690
6913
11898
8227
6378
5399
10007
8193
7626
1752
2761
673
10528
7619
140
7563
3263
4976
7161
11159
1787
9913
7660
3609
7780
3307
10509
12010
11893
8936
6529
6613
10600
7649
5426
1861
5026
4027
7141
11559
6987
5618
2659
11763
1241
2218
8071
12260
5817
7869
4492
12328
11606
6683
3594
8022
9530
1535
11827
8251
4022
290
4629
990
5474
2360
9774
2665
2287
4746
9321
1559
3379
2970
4583
6669
1772
2290
1678
4441
6556
1581
7310
9404
8284
3381
9375
1450
8219
7220
11929
7104
9568
5296
6412
2390
4552
11817
7484
1774
2469
9971
10409
10384
7037
10015
11538
10924
5621
6587
3698
3751
9821
3055
8622
8111
3243
12123
2543
11071
5298
9519
9092
5457
3939
1757
3316
11010
5835
5224
11598
8512
9974
2342
577
4769
7021
6931
10129
8399
6296
10792
6553
6522
6928
6426
983
9720
5771
785
2572
6858
500
3652
7765
1994
363
6213
6397
1361
292
6679
8832
9932
93
4147
1712
10292
7561
4375
10606
7582
7420
12087
3934
9916
938
2135
11770
11264
9180
5759
7247
224
7103
1523
3275
436
11453
3309
10023
5557
4973
6607
5434
6266
7072
5949
768
7959
6175
2596
5319
7114
6934
2104
3043
302
11925
6131
464
7020
568
9605
1526
2988
1964
2279
6467
7685
10160
2101
1143
10706
11099
4121
1823
8494
12035
7889
9390
2447
5861
773
9730
1087
5639
9244
5153
9982
5250
6166
10595
5916
3540
4886
8331
7664
338
4356
11382
11276
2616
253
11863
3892
9427
9509
9792
4007
6714
5801
764
11865
9405
733
6765
2474
8464
8653
3512
2881
8778
5464
4805
1985
12079
10272
1283
1193
3853
6957
7973
12058
2208
6090
8682
7056
3574
6088
11418
4447
2234
3075
9132
12084
8591
1189
1100
341
9679
2024
3060
3805
11610
3113
8613
5497
9201
11795
6885
7307
4361
2535
9560
11807
829
3973
2972
4768
10434
7997
3754
1130
7577
3646
1451
1105
5068
8590
838
10505
5062
4172
7589
5554
8257
1747
4214
11459
4122
3051
8717
3193
9233
9422
10514
6552
5317
8524
6667
9067
3101
598
4014
3154
9966
5555
11842
1415
4572
228
7172
4722
498
4103
6073
902
6109
7475
11623
6384
9017
2365
9533
5020
1237
892
12175
78
10993
4347
8150
4217
11853
10235
11178
6511
1281
6778
2307
2118
5007
4931
11938
6254
3584
6766
8085
158
1708
8070
5032
5208
6756
5643
10873
5050
3155
8475
10448
6849
1978
11044
1792
7938
754
2094
3779
9051
2475
2480
12185
2644
5668
1670
10504
6147
967
11017
9240
11856
8242
5770
7972
9469
2552
4654
10664
2022
1208
1151
9
1707
11549
4127
12227
5962
6092
9879
3444
10135
12245
6219
5907
1672
11325
12197
7716
3635
427
7522
9400
2536
9968
8738
10811
4358
4350
2533
6657
3960
171
5272
1539
10472
10045
10192
1900
8885
11502
4902
9581
6211
10215
7971
4877
12044
9817
541
12225
6658
2678
11297
12152
2728
9074
3288
7051
1446
6732
2838
7518
7288
9061
12119
75
6779
826
11247
9763
6761
3783
2387
2462
9765
10289
945
9768
5852
7112
11632
11536
2872
1115
4218
5688
7425
225
8458
6899
10220
12240
6773
7173
9037
572
10198
3179
3232
3672
154
8668
3710
4087
6225
3087
3951
5786
4374
10131
12074
4681
4478
10449
647
12250
9110
207
11221
11506
3739
7535
9636
4393
5586
4623
7828
10043
9724
9215
10768
6470
6227
6653
3416
1836
7469
2453
3029
167
6104
47
6297
11152
10947
10489
2612
11697
5365
2221
9178
12017
1434
6628
11361
2286
5200
1782
4898
2050
3958
1350
7737
11579
3921
10179
1737
11467
6944
5612
9888
9692
1468
10095
10074
8756
11199
855
8501
1780
4378
11405
3306
8739
9867
11337
3976
720
2931
540
8657
10178
10488
9239
7016
8014
8252
5695
4849
3536
8088
6622
327
6539
8807
8727
12118
9822
908
581
9541
172
12207
7836
3457
9116
5379
5269
3495
5737
11362
10743
9678
1430
5445
1000
1643
4174
8796
1239
10436
8607
49
2810
1164
1779
738
9004
8062
10757
8787
1811
812
12028
3118
5263
9595
12168
5161
6606
12067
5011
10290
2013
10115
12263
8966
4401
11764
439
8905
4550
8415
7253
3549
11307
1082
2727
5784
6389
8926
6310
3256
11482
8368
3378
12199
11491
3255
9517
5706
7618
5315
5700
8549
4475
8722
4731
10470
1093
12075
7521
7402
5081
10859
8188
6621
9990
6904
2337
4081
5498
9757
11998
11786
3503
5384
5069
7514
3131
9686
4711
11936
6660
11371
6364
12167
5391
2424
3620
8606
3586
6867
8376
6615
3557
4827
8700
8348
8019
7029
1781
11295
10651
6703
9743
11496
4639
4319
3685
1609
1402
2818
1872
8633
6232
180
10152
2173
7978
2778
3884
8279
5418
7279
6178
8000
10688
8731
7695
3446
3569
5071
4062
10047
6652
3279
9425
41
5205
11124
3664
7335
8043
4972
2383
1391
7127
4149
7730
11217
8579
5432
1863
1327
10561
5351
11050
497
1801
8972
11649
6100
7987
7551
8939
8956
11356
4155
10040
5599
5957
765
6578
5021
6716
12033
9462
11509
11971
3699
10700
1274
10574
8343
1032
2508
1442
10193
8538
3468
2630
10673
8898
4992
3434
11287
1400
6983
3159
4686
2240
488
5598
4183
521
9675
10248
9771
4595
11705
11873
9393
6231
9467
8776
11857
3466
2224
6831
10874
11739
9334
8202
7041
5087
2964
7628
1181
6392
6981
5941
4665
4633
9959
11298
7283
3573
3366
4070
2276
7817
10867
1667
3387
11520
6797
4672
10671
8115
7197
7881
10964
688
7581
3355
11794
3673
11318
5934
5741
1677
9341
4005
9810
10496
1493
10216
6210
1323
10103
9082
8360
9020
7244
917
9912
11613
4608
6871
3541
3539
7394
8018
3889
707
9873
583
5575
2633
4004
10064
11670
11671
390
10970
9592
5662
11226
11800
5279
11324
10590
9871
7038
7904
5685
4091
7365
6245
1607
5286
8004
5407
3093
1808
6488
6787
499
3684
7411
4213
1411
816
5412
3445
6655
4605
4242
11283
11914
8821
5632
9388
9718
10643
5826
4858
204
6918
3120
3089
7984
6101
8565
5548
2747
6448
1754
5311
1481
8990
4570
8006
6311
5999
979
3528
549
7263
10911
11522
1425
2906
3319
8768
8064
6903
9644
7195
1320
4541
10191
11294
4723
4443
8533
6168
11241
4743
1871
10485
8495
8099
6173
6404
7071
4680
10408
3045
4392
7594
8567
241
11490
5958
1479
11083
10260
786
8362
6632
3266
677
896
9319
1376
6030
4573
1617
1895
2129
12237
2792
8827
4716
10570
5754
6198
11628
621
4773
670
12307
7230
10840
6379
3214
681
4031
11251
4259
6046
11554
1645
10902
4831
4632
9993
1585
11818
11288
8084
1349
7221
866
11316
2799
12176
915
1767
4294
6561
12319
5703
6191
14
8265
7975
7772
6517
7410
5893
10089
7206
7693
5602
835
11240
1744
4263
9385
9412
1194
12217
1698
10681
2476
9976
8128
6851
6286
4466
8677
8323
11121
4616
2454
2281
1943
2816
947
7215
6949
6079
1489
9979
1096
10276
9945
10821
2824
8702
8638
1359
5203
8725
10312
3252
6298
6264
2668
12128
11935
6317
10945
7809
11216
9383
4710
3855
3602
5535
5098
8449
9652
11499
8131
1688
4776
10836
160
10750
8016
2679
1551
6421
11677
10785
6125
8112
2225
2153
9880
4459
7453
6455
6429
614
4187
5740
3837
11410
3970
6060
10927
7062
4690
6497
12210
8334
8135
258
1496
7963
9794
6376
6471
8841
2323
9162
7186
7820
3007
7225
7661
10869
1363
5564
3056
6041
5077
4366
1640
2269
1696
8675
2449
8601
5915
8598
1805
7358
4929
6190
4408
7282
463
1223
11063
7672
7343
5187
4787
3997
4199
4377
9823
4788
8875
11253
7953
10262
1118
12100
5088
11577
6791
6081
3340
6176
199
5348
2121
4419
5909
6768
9767
4775
5010
8557
5162
6437
2071
6769
3226
3031
6263
9580
6841
6521
9773
6929
2062
886
2609
8230
2952
7139
12224
3278
4910
2686
11803
6162
1057
4889
10455
11363
5828
9289
3752
11051
1471
1257
3879
8644
10287
6226
828
11917
10717
11942
722
7559
7717
9787
6972
5964
4860
11755
11272
4430
4750
9632
350
5545
2259
7799
2026
12198
3352
11847
1445
10375
5249
7738
12303
4564
5413
1611
429
3950
5651
5225
7723
1210
9108
4262
10393
6550
2494
9192
5274
56
3020
208
2111
5403
1440
425
8061
8889
9457
1623
4833
7675
1593
2301
4588
5057
5956
7131
10932
9170
9011
5922
7643
11835
10826
9659
11134
8287
8813
9025
5463
7818
1778
336
2642
7261
9275
7496
2607
6961
4024
11333
8582
737
113
1068
937
2299
11823
7791
6979
257
2238
1339
9344
11582
992
1846
5105
3403
6524
132
4131
441
4160
9860
5865
5378
7680
4734
5381
5320
11868
7585
5314
9790
2725
12105
10789
4863
11403
1294
8327
10450
1659
9936
9470
10620
7055
3430
3546
8321
27
6308
491
7947
9426
11688
8335
4043
10682
2125
8651
2466
10690
5843
6050
4457
9996
8394
5030
7621
339
4201
8125
3651
9156
124
6644
3025
2386
1965
2960
7257
9401
8839
969
4308
9949
10525
1588
935
9642
6563
523
1353
6393
3138
1188
8021
7712
6745
8706
11524
877
3294
8144
12187
8258
9673
8437
4832
5942
3429
6879
7845
6299
10136
4756
11726
6897
10626
4384
3542
5872
10586
782
2163
5719
8418
760
514
1605
4279
7013
2891
3930
2152
9100
193
742
10214
8804
1870
2211
7807
3638
8593
5038
9041
6196
3200
9920
8566
10904
6019
9199
12060
12089
409
578
692
9803
6274
11954
4927
8847
5925
10362
10755
1157
7481
10221
3133
590
1575
4574
3129
11460
6250
6752
2396
11009
3124
5040
10063
743
1948
182
3547
4338
2716
5490
1053
10881
653
148
708
369
23
1285
1957
8025
2260
5628
1199
4508
8661
2283
1192
8298
9676
11179
8542
7932
5605
9452
8240
7762
4808
9635
2693
4251
10663
2798
11252
2511
10492
1908
7830
8068
1706
1464
3800
3033
2771
6418
12078
9056
11911
30
2306
7302
1226
2329
3413
11197
173
11885
3241
4955
6068
3742
5920
10313
8066
12188
807
1469
3902
7227
493
6747
1001
2317
10745
11047
972
5404
2380
7804
6585
5791
4707
6861
12141
7913
8576
4110
6738
1663
7334
3345
9893
198
1058
640
7309
9538
319
9378
7431
2662
11498
9308
9908
11030
1920
1952
371
585
2830
7729
11963
12124
76
6334
6862
5093
2368
8817
7644
6145
9599
10097
4735
375
80
7650
8031
2170
12139
2786
7389
2898
7574
6786
5480
189
5611
12080
2892
12226
10803
3170
2059
4449
7177
948
9575
5724
11804
8194
12059
6234
11510
8007
3106
5566
7545
2110
8432
1517
7430
8868
3702
11112
5979
11752
873
9574
1205
7015
809
9219
5115
1816
7201
8938
11500
4795
3965
5579
8820
3070
7238
11819
6719
9484
11342
3150
5713
2826
3852
2614
11766
6963
3617
9824
9846
5456
8332
7605
9781
6581
2496
7329
6533
7375
4037
12251
4916
1076
11389
1069
11511
1136
999
2715
10767
7190
6676
11798
8216
10341
261
3910
3297
6649
1695
8200
9258
10094
6507
1713
3061
400
8795
3250
10186
9731
5277
5627
4134
6388
864
1824
6489
10798
5530
2433
8182
4303
3328
3362
5165
10622
890
5750
8890
7558
8485
4055
4990
2297
5079
4041
1112
631
7009
8404
4054
1838
9801
5970
7100
5383
7086
8390
11706
6357
5370
3781
6762
12229
5538
7665
3182
4619
6373
11415
1934
3535
7795
8762
8166
3141
5895
2631
295
11972
2876
11003
10775
4348
6076
7393
9396
8759
2446
7595
2439
7982
7035
10741
656
2085
2509
6403
7924
10848
11273
9837
6199
8942
9353
4001
5983
2074
277
4254
11888
7235
9338
294
6848
9169
6302
9953
12050
6735
9360
3517
10506
6989
3324
3545
6939
1369
9096
4609
4163
11065
1314
4085
1726
2357
3395
7741
7406
5886
9511
6051
11025
6269
11626
10807
1397
1244
7620
833
149
3647
5268
10540
184
9079
920
1487
2926
5610
5968
3634
11427
8864
10100
10300
5742
2035
5777
10423
264
3299
5419
2504
4692
9603
7566
11903
3030
4505
8401
11932
6792
2250
2395
1378
1500
2291
11015
9276
9459
9301
7074
3454
7761
10730
3437
3966
7203
9001
3254
7428
12173
11838
51
6449
7792
11996
7633
7926
11130
6870
1969
2713
7848
5578
9554
1514
10344
7631
11527
8304
3333
168
2322
4671
424
11504
2602
3494
4256
9437
1354
3758
7237
9349
3537
7907
3156
3326
4000
12277
9307
10675
853
8192
11757
7179
2258
53
6923
11674
2177
6290
6642
11708
3995
4715
3700
5091
11229
5697
2841
7798
1212
7764
10961
11580
3848
3994
12077
11087
3591
8049
6924
515
8263
2709
356
6962
8118
5501
8721
3320
59
9140
5439
10842
281
11869
3348
1629
2782
11537
5148
11376
8643
3575
7325
11545
1276
9475
4047
1530
6991
805
11986
1529
10746
6854
10969
8241
5666
2691
5654
3054
8993
10677
1367
5406
8616
2464
0
11531
4568
6044
5072
10226
9461
176
1022
10833
8704
1286
7063
9654
2409
5908
3008
5951
6543
2384
8958
1348
10674
5416
9246
4275
6674
10647
6440
532
11573
11619
11684
380
10058
11704
3346
7133
2681
10195
930
2626
2526
12270
12322
8611
9672
1059
10162
4176
7090
73
5972
3173
2604
7236
1252
4394
10853
10086
10790
1864
9653
4603
9373
8680
9316
9449
9733
8580
11440
11525
10403
1290
10702
2995
4957
12038
6648
455
6427
815
7614
9278
2920
2638
11256
5672
3130
12174
8036
9471
4700
9621
2777
2222
8544
7097
7544
8159
5280
3719
11456
7523
5751
3873
10274
1203
1405
1699
9897
7823
6163
4718
11785
4878
5927
9466
10399
163
2047
9677
6966
6342
3360
5294
8600
4118
5866
3412
5101
641
10954
6750
1343
4480
888
9749
9277
3927
531
6031
8002
7483
7249
7875
10639
1795
6784
11336
6028
9863
2109
9340
5681
3166
266
3763
811
360
1460
952
2160
1799
7468
9766
8124
7000
9759
3337
11907
5427
10034
10400
7711
8932
8946
9570
6564
9172
2100
8478
6724
9346
5175
9703
11392
4231
11026
2191
8403
3164
8466
11277
88
2324
8490
8012
11900
3776
315
10343
7758
3117
4618
2020
2002
2974
1275
7277
10605
528
6188
4404
9697
3598
5230
3681
1318
6743
7085
5778
3034
6383
10572
4811
11477
10808
1166
4725
11314
11656
12018
11488
6236
1222
11589
6604
4943
4255
6883
1982
11484
4020
8563
3482
7066
10323
1538
12127
2744
1553
7341
2817
11322
7960
8810
2381
5186
4526
3524
2629
7447
4123
11658
2766
1656
4818
7896
9161
7743
1843
6842
3151
12029
3386
5046
9403
4025
9620
11837
426
4094
5574
1923
6223
12309
7054
8596
8683
6177
6898
9016
2542
8185
10982
9183
3515
7031
12138
5807
4969
9980
7019
6387
10379
10337
6156
11512
6548
7241
7363
7476
1841
5400
1209
9166
474
3311
8407
8848
4596
3235
7656
10711
9775
11561
9322
7448
10255
5060
4407
131
5410
1341
2184
11416
8786
6728
9002
7946
247
11249
29
1119
5827
7570
7407
7573
4842
10984
6171
5973
11412
10166
12144
4666
633
8238
8152
11664
4745
11953
868
9512
9641
4923
7165
9735
7613
6119
4129
3559
2503
3567
4693
860
7785
4105
10330
7218
10176
4885
2310
2759
10723
6975
848
1243
4713
5325
6502
6179
1180
3460
6493
2371
2
7174
10381
9947
4011
5572
6959
1048
9610
5034
4491
11979
9054
3863
4810
2551
12261
2431
3797
8184
310
1618
1092
1940
6664
3825
5875
1229
6820
4855
1474
1733
2628
2622
9585
7797
6459
4562
4349
11765
2834
10597
3009
762
7444
5110
3890
6810
11555
11604
9158
3314
3441
8874
6832
4959
10738
991
914
11239
11286
8377
9114
3654
12048
6864
9811
10022
7418
2484
3148
740
31
971
5839
10756
3962
5560
1116
5805
156
7607
2467
831
5454
9027
2825
8694
11905
6460
6694
9181
9115
7368
2044
1980
8441
2683
1346
2077
6687
3653
355
744
7193
12279
9036
723
1976
2955
4340
2214
5394
12037
3870
5842
11254
1258
11180
8277
746
5276
1867
9507
6186
9154
265
12031
2428
11278
3139
10261
7698
4533
9992
10427
3062
10404
12155
213
10177
9563
10314
7826
5223
10249
3947
2058
8086
6451
3711
2904
4922
3838
7382
8306
3136
284
95
1880
10856
11359
9259
10841
7027
7850
7859
2280
5536
2521
3613
9476
7333
11826
2003
5346
10345
10431
3932
4578
8235
5917
4416
10994
11281
6353
3217
10494
11778
4333
10001
1003
10585
6853
9268
11518
10714
6601
5295
8492
11090
2507
9134
1184
10562
1259
10247
2522
7199
11461
11348
4559
4101
9033
10060
8518
2436
11505
11862
9656
4988
11323
10253
7297
4790
4483
10763
3103
7194
603
4418
5963
9057
10082
4042
11799
11724
5561
6659
3367
1280
7728
9022
3149
3799
10096
6216
6401
6358
10242
9494
328
1704
2493
7073
8671
3629
9367
11774
11149
4010
12003
8309
6067
11054
9071
9221
8658
6361
2199
8010
6589
3083
6065
5452
1901
10167
8968
4664
1786
11655
11497
5188
5353
6094
84
9857
3487
2789
7355
10335
10391
511
12223
6532
11401
731
10412
4782
4861
10975
10194
10929
4470
9825
11660
2757
2859
9376
11864
3122
3184
2055
6814
4334
127
4450
164
11995
9702
7461
6415
3199
5986
1319
5587
7642
10732
472
1997
18
11148
10234
5158
2137
1025
8289
5935
3114
7744
6110
11027
3161
5940
11959
7888
449
8742
12002
4372
6362
3744
178
4529
1340
3548
1591
11969
9708
7553
8933
1769
3596
483
3967
11002
10213
6994
12264
10102
2485
780
4644
6997
7229
6059
77
6689
7047
10081
11824
7748
8865
2203
8650
11057
6085
6006
752
8313
3637
699
11116
8142
11596
6942
7184
1492
10140
6328
2086
3365
8223
7207
2154
10950
69
1449
3175
3877
3959
12006
3221
11338
1531
4501
10624
11374
7678
10104
7208
504
6953
8531
3580
7089
11919
6329
798
4840
5074
9786
12165
3795
61
1775
5698
11037
12248
2460
5507
11997
6535
1567
4742
4456
2848
9881
2986
10611
4454
7213
1568
11627
6212
7486
10531
10286
5019
10233
4373
10392
10464
381
6288
2412
3912
9582
5120
928
10144
4162
11107
11648
6172
10534
7794
245
1439
9214
7937
11425
7846
8603
10453
9254
4212
8461
5121
4343
3561
8857
12247
8924
12258
114
2302
10669
11442
8310
10173
2180
8354
8455
5409
775
4871
7360
11731
4676
8843
11701
9362
7286
3760
11203
12268
6677
7006
3874
9238
1368
9089
9120
8206
10740
9159
8055
1106
3425
4336
3968
1254
2648
2923
4780
1639
1133
3519
6515
7725
10070
271
9665
5349
1547
4310
1018
4440
9030
5711
10387
10027
4891
7891
8604
9904
4438
10987
10413
8569
1491
8930
11569
3615
52
5405
10461
5094
3094
1389
11380
7884
3478
11625
4191
5595
10501
3222
10782
1632
11366
5694
11168
7731
467
12249
9095
12011
71
11409
11858
10090
5052
1207
10269
1590
11036
5159
5624
10397
11172
658
7901
8255
10030
6538
5172
3036
8646
5479
6478
402
5085
5541
1472
8869
3356
9808
9443
1983
11617
4918
5059
3843
1033
174
9131
3102
10779
7713
8526
9065
2853
1486
6151
4293
8488
7560
11859
10459
12061
5626
3845
5841
8570
3110
10962
3918
4138
10402
2172
2599
10244
8013
9107
5967
12278
12057
5867
10527
3820
9148
1887
8336
3717
1182
12312
5004
4602
9615
12298
10592
11084
11788
1722
9859
2884
2994
4763
9078
4056
5380
11024
8525
8345
5516
6645
5936
7880
721
373
8186
8023
6734
312
10041
8116
9814
42
7033
10885
7045
7196
8609
4753
11404
2791
8896
732
6594
944
5256
11806
9998
9210
8187
5565
9099
1693
10983
519
814
818
11641
4830
9714
9830
11749
11951
7058
9892
11718
5217
3734
6272
6010
11238
6833
10075
7790
2592
379
2251
4439
2148
3726
10336
2566
6038
1803
12133
7145
3621
6108
1594
7061
4890
9898
7610
8907
10012
10754
2559
4208
5095
7528
1582
2547
8511
7078
4321
5138
6884
11556
6541
1763
6684
6472
2843
4944
11428
10333
8405
4433
11689
8995
8121
6356
5278
7280
4132
105
4946
2806
6509
9657
6825
2953
8757
7519
11754
4345
10716
7802
9666
3236
2829
2502
317
1200
7919
2278
7463
8844
8262
7988
2658
1174
1088
8734
8020
8602
4064
12201
7295
10578
2091
4635
601
5428
7753
11205
2219
10657
5858
9029
11517
624
9819
8998
4978
5580
3115
8829
8615
4823
7111
1996
8090
4472
12220
2486
8342
11301
1580
6045
5870
8818
7125
3002
4601
11988
11673
143
4813
10766
6727
10072
5251
3452
3605
7871
11534
4420
2171
4975
5171
10972
4720
2832
1527
7424
10422
8809
9516
6078
690
2288
3302
5785
9542
6602
10921
5782
5788
4561
1187
1191
8337
6350
3572
6976
11934
9954
11992
1834
12203
9303
10319
7399
5726
10469
11987
2499
6035
10016
10980
4196
3827
10684
878
1455
8583
10475
10906
5371
7955
11150
8667
1694
9487
2092
6932
11242
9329
10264
5331
7788
832
7337
591
5716
11784
5731
109
7498
1052
1311
668
8445
7456
5168
5588
10882
843
4509
11566
11586
9076
4547
5354
4752
10071
5677
5582
1485
5423
10609
2737
2267
11560
6165
2808
869
2468
7493
12085
8642
5656
1979
696
1741
3718
9003
7796
11476
2189
5006
5617
5145
8147
505
12327
3303
8597
7897
3640
6461
183
7264
3082
1876
5813
609
10866
2033
3981
6629
6422
1968
6774
20
10410
7183
10416
8519
3270
2518
10066
5984
7862
9948
2178
4979
3410
12205
489
7740
8798
3212
10656
9930
152
889
12265
6423
11274
269
96
7676
12016
6713
3885
9991
9764
7710
1067
7500
5195
2760
6221
6407
715
4059
12282
4565
1798
461
5373
2944
9987
10061
9537
4791
5271
5848
5024
7470
1214
1372
243
4039
7961
7255
10991
1679
12042
7586
9504
648
11430
10835
4409
155
3428
11645
9495
1150
3047
1046
9832
1306
10119
7906
11631
2244
11328
15
11730
2669
9552
1844
3098
1612
8689
11032
7108
1337
11825
1478
9287
542
4074
431
6771
8920
2561
9529
3606
2877
4415
1031
6121
6285
1110
1888
11742
9719
753
3049
8151
10820
562
6542
8093
4764
3562
8444
2516
2962
5374
5396
9394
3462
10989
7751
4225
144
5056
2895
7813
10955
905
5192
12172
235
