10475
9590
10721
4017
8384
9981
909
668
7695
554
1900
10184
7639
1522
1622
5903
4877
8530
5402
4816
1146
6473
9473
10168
2392
5328
5524
7415
6449
2759
3390
9592
4375
7219
8446
8578
4498
6114
1706
693
170
11857
3306
9910
6269
5693
10523
5449
8903
4476
8526
8250
3921
11215
5282
1168
2864
1851
7878
2720
9692
11511
3734
514
3121
3090
1238
3767
12162
1877
6391
3654
11568
7931
6885
9253
9649
1086
5423
4809
10557
5629
11893
8775
867
12116
2444
6130
1589
5371
9998
7405
11914
3089
4069
8213
9749
2622
4360
585
3176
1047
10578
5864
1035
8587
4274
7657
4238
7112
3361
10764
8280
5287
253
5042
2377
1162
9927
9027
6690
41
10937
11951
11400
4259
573
3643
10333
3025
7804
1614
4109
5670
1296
745
7824
1242
8317
3285
4447
1796
482
8391
1244
11840
1166
4882
8740
11183
999
2158
751
6253
2565
1311
10106
10510
9014
6799
11097
8407
9644
6470
1466
16
2203
10846
11623
610
5546
5312
3054
5823
11904
3414
8148
3926
4110
6280
12119
8949
8013
3783
4521
5075
6014
5618
1727
1277
1626
8141
5853
712
7609
1122
4303
2093
3821
7752
5724
10790
5833
9770
1478
9959
8917
458
1307
292
3961
2017
4650
6968
7871
7651
10911
9598
7602
8318
7268
11633
279
10901
6339
11423
1831
9792
2583
1811
12115
9174
10617
7476
9178
10138
11570
8974
4797
11503
5084
9020
4057
2028
3359
3459
7701
10801
2973
9338
1501
8533
11875
9924
5030
5915
7677
12303
1510
10325
8067
6026
3944
2592
9049
597
8364
8099
8324
7487
2945
6099
2324
12230
2958
5005
6578
11909
6667
4597
9109
6702
7292
12250
5766
6157
3975
10189
1449
2899
3248
7549
6563
4454
11378
10888
6349
1739
8817
7055
1972
5264
10775
11060
8503
9545
10785
1731
3159
7547
6443
9863
5801
7027
2326
2211
8560
1758
1762
8438
10885
9713
6692
2871
3983
2033
10970
9455
9781
10928
4976
7249
2525
2079
8988
10033
6142
9094
8191
8385
7281
2597
12266
4594
5510
1659
6567
11175
10425
8150
419
4300
3531
11004
9292
2368
3713
8072
4121
10856
576
10046
11047
9746
2224
3441
11758
2639
3988
7352
10660
8261
11426
5332
3641
5397
3204
213
8348
7304
8404
9057
10630
4429
2034
8556
1259
2577
8931
1498
8430
4149
6685
7274
11920
241
11685
7275
11123
1062
8983
6642
8020
4820
4674
8555
1576
9147
2526
109
1537
5646
9581
211
3039
10874
2853
12325
10027
2949
4128
1565
6316
8064
3737
6408
1065
7204
4604
1219
1417
2356
2770
980
4987
4198
9905
3773
7699
2379
4950
2337
4034
1792
10957
8421
2567
3529
957
8361
5043
6851
9891
8022
2226
1076
6286
9922
10122
7080
5883
9847
7309
4084
94
5493
6803
9845
3169
8066
1694
790
148
1321
432
8859
1060
5384
8370
5388
4111
1315
10945
11576
5217
5653
3438
7814
12168
11625
3818
6310
7898
4456
1934
4831
7796
4014
1822
160
1341
2101
5995
7015
7807
8383
8065
2409
5973
1615
2889
5615
6537
10486
11439
5386
6267
5722
11011
1087
10725
1236
2679
1992
7280
12008
10269
11413
7014
8861
9360
1134
4514
5110
10180
1012
6274
10380
11172
5127
11291
8529
6523
9452
12151
9053
2985
5165
1685
3738
840
7404
8736
6592
10910
2653
11530
10732
8928
11116
7432
5900
1821
2999
200
8966
9614
7949
1568
1712
5614
381
9532
2146
7534
9332
3682
3689
8651
12208
7207
7893
9596
7142
2029
8221
12155
9654
2849
3883
4593
7232
376
9601
568
7259
9139
8275
7425
7688
1344
76
378
5267
4740
4234
10430
8106
7747
11032
794
1645
10494
5021
10897
6882
4895
8737
7417
3756
10242
10710
6191
5586
748
5223
6970
4134
6392
588
7524
7163
2183
4945
1022
1
586
9522
5010
6265
916
4617
11599
8346
10588
4614
2030
11284
3710
11581
9022
12
8945
7140
9720
696
9235
3508
11076
11666
7843
4005
3937
4825
8466
1789
290
1929
2057
7428
4865
6863
7770
7646
5363
7966
11942
12184
2074
10655
4942
5304
2247
9424
1453
4598
5459
4255
5182
12227
8756
6617
8202
6075
6568
1743
8482
1222
2019
12310
4356
6637
1125
5320
6369
4256
4338
10322
10310
3237
5778
6682
11046
4711
6788
9001
1218
1999
5948
10821
12044
5927
3784
7131
2333
1371
1129
3272
11885
10306
6676
4051
11873
11475
11992
509
11866
5879
1528
10296
1951
8760
793
1064
377
6577
12093
9278
10694
3338
7771
12103
8258
4042
8211
2756
4743
4394
2649
12328
3771
8402
9399
6838
4364
8762
12224
3715
10669
3067
5880
97
4791
10059
2546
35
10113
9940
11249
7048
4041
445
7919
1710
2433
11109
11281
10422
4973
10244
3086
2866
6303
7528
2492
4835
10017
398
8785
11124
2548
9494
11891
8024
1061
10667
3817
7594
803
166
3318
8123
7255
6905
3163
1421
7357
10136
2829
897
3608
1675
248
12313
1042
11477
1841
5643
246
3619
2341
12080
192
7443
8071
6542
1142
2521
12132
9311
7191
3234
6375
519
4461
7940
10756
7315
10818
7583
2602
7033
5392
7041
10908
6616
738
1225
9615
6804
7416
2858
6411
3539
11699
3854
5943
8799
4796
3293
6779
6382
2192
604
3009
10127
12253
7318
9056
1120
9081
4760
3993
6484
2223
8053
2422
5036
11740
348
3636
4665
10476
10828
5023
255
11096
2099
7134
2270
4264
12063
770
3139
2506
9765
8487
2339
3670
9285
7261
9629
5464
3276
993
10929
5383
1842
5367
9226
7692
5220
6580
5049
10926
12192
5593
5633
7773
6318
3425
891
10965
11323
1217
8837
11386
653
1549
9462
11945
7862
2081
12171
5952
6055
10835
5800
9833
5786
9523
9736
600
8623
4315
8793
6284
1434
6703
6308
11674
7681
3692
6337
1089
5642
6108
10224
1649
5171
4288
11391
5490
10050
4221
6169
5164
2932
186
9116
10589
7721
204
6629
4140
1136
6732
5871
9616
10771
7556
1472
8576
8151
12175
2332
6158
5578
2108
1439
11005
11966
2572
5097
6955
7054
8568
852
1252
11388
1426
7684
2041
8154
8795
1108
8668
7910
36
11794
5990
10739
8037
6706
10639
12258
9540
11242
5462
8158
1467
1034
4164
8508
3177
8087
1188
8458
7696
9787
11044
5419
1094
10226
10772
10858
3545
1885
10597
3482
8708
561
1918
10950
697
3540
7209
318
1698
1313
9986
5584
11415
1058
7945
952
8394
11347
6240
4362
2995
2291
2038
10175
9829
10230
11409
5475
1262
9273
8323
4744
5243
8201
10768
9423
11936
5418
2258
11200
6763
8585
4592
1360
4512
4026
11170
1882
252
4440
4455
12079
79
7754
3894
11408
106
6062
5361
7548
3932
4606
469
10598
1794
12126
10470
8174
1705
9906
7217
943
11855
8195
8835
3106
4151
10585
6407
1554
258
3851
11251
827
11087
8711
2783
5704
9519
5179
4113
7845
2870
7999
12146
3840
6227
7306
2620
12215
4002
6418
3427
6262
1848
6585
7103
1014
1862
8853
10453
4313
6965
5810
11373
11420
6431
6657
5523
9270
3313
2150
6332
856
6258
3971
3477
7678
12194
6900
4309
998
5447
1657
4395
11192
5713
10948
8661
2318
12191
4984
4785
11590
9011
4857
3113
918
61
7879
3747
7457
2363
7508
8264
10382
3123
7117
10941
3554
1096
7897
830
9428
7344
8379
2780
8734
8565
10779
7448
5892
11337
892
9958
1156
2689
5231
2269
3065
3668
11236
2976
2810
1454
4938
3057
1289
3284
5302
12152
5461
4160
8347
9993
1550
5241
2530
1380
3404
6317
449
7629
3659
10580
7157
9317
7100
9405
531
9024
8674
836
4730
2111
9164
3805
10458
1306
10340
730
9599
7937
7567
9161
1113
508
5446
1984
9326
6993
2185
1487
2874
8871
6328
7800
2789
10399
9361
4213
5495
4639
9634
1285
11073
10931
10081
11404
5228
8040
9431
4171
971
6644
9661
7426
3227
4064
5194
6911
7490
6172
5123
9666
3458
11275
4397
2023
6260
8794
2917
2662
9674
8014
9790
6892
7313
773
6529
9041
6467
12085
3408
6356
3507
2124
11841
7462
3208
12228
1372
2239
8081
10747
7714
11222
2103
5926
5439
8492
3933
5630
6025
6049
10154
5046
1016
3704
2806
10262
5820
7276
2088
4187
4928
9009
12245
9875
8542
6373
3688
9302
9476
1872
853
3879
2155
3143
5734
2497
3878
1577
276
563
9432
3220
5064
1278
12004
4995
9570
10972
425
5024
4628
4247
9021
5937
3283
1656
10084
8450
10323
2669
10501
5957
4585
7532
4439
9842
4055
10359
4092
5922
7815
369
1276
10034
7746
11421
5558
2375
6558
8405
12084
3189
12299
4568
1701
280
1443
11776
12220
3029
4241
7772
5953
10624
4893
9160
8975
5788
9548
1181
2980
2293
9524
2816
8371
4179
7855
3901
5090
5576
9741
11817
10802
10008
4472
5612
3083
4560
6635
7971
3035
8747
6953
3612
4205
5591
11683
9803
1486
6146
8486
5413
11686
6228
9992
11303
11977
11514
4268
8969
11084
5078
6409
11181
7212
3141
7691
8335
4422
11205
4116
1673
7828
12064
6270
1281
257
10156
10431
9923
5253
501
4484
9751
11333
8169
7343
3004
8235
12286
9663
10282
12176
6232
4680
10072
2344
5103
7414
5105
1490
1495
5
8462
10211
6070
9088
11173
4892
5315
2713
8388
1893
3799
689
9493
4978
3856
7943
375
2939
1180
6107
11083
2582
4207
3032
1540
6937
1201
10337
6737
2573
12260
10171
2640
2007
986
9517
6379
6346
9152
9440
8420
9458
732
10819
3791
8749
11655
2644
2552
2230
7095
7019
5465
9044
3328
2865
7744
2828
10348
6651
5130
4955
551
9700
5485
1409
11593
2053
2449
10408
8890
1777
2469
9322
12031
11569
965
10182
4449
3739
1881
8076
2241
370
2763
283
1241
10691
2073
711
1806
7736
8516
9259
8501
6741
1451
4692
3348
6594
3835
9786
6989
8410
7082
10502
8367
3493
6185
9121
8876
6327
4227
10436
5747
2342
4637
649
7570
7685
3476
737
2772
8846
8752
4652
4654
10564
103
161
9205
6557
4261
7128
6203
10576
2851
8694
12069
7307
11665
2727
9980
7302
1682
7868
11582
4314
11207
11199
9972
9948
3224
2196
7171
6340
9603
11663
8603
3974
2553
4025
3342
5562
6742
3475
8679
7223
527
1933
12182
7644
11800
4600
9667
5369
8577
4076
6939
5126
7682
927
6364
1546
2064
4183
5230
8947
5224
4515
9117
9052
3018
3108
11664
2338
1337
4678
10014
11361
5347
121
4340
6423
2977
9034
6152
2906
8080
3258
10567
9472
6909
2355
3047
1447
2292
8802
11042
4101
9217
4410
8300
6019
4852
1529
6548
4926
22
3844
6997
6802
8943
6144
6960
9318
11465
7495
589
9219
10839
5859
8699
3147
9119
2198
10690
6074
4783
4211
3617
10841
6128
10119
2035
1511
47
6522
7640
5594
10490
10146
5063
6238
10850
525
702
2425
4753
11064
2110
8580
222
10838
11609
3790
575
8536
5960
11808
7836
3377
9353
7164
2036
6780
9469
7282
6477
10543
9559
4421
7661
5680
11497
2115
10164
9822
5451
7523
902
6180
7285
10595
4838
9100
8830
7339
2039
9889
2149
10784
9103
9093
6410
10666
2383
4693
9069
6004
11244
63
1057
1778
6877
596
2881
7366
8537
2164
2459
483
11075
558
3486
2205
304
4412
9102
10195
8544
1004
11567
5690
6251
4974
5210
3136
4603
3118
9243
10065
906
324
2760
11761
9929
2507
5882
5091
8612
2803
6455
8049
8712
11250
1428
1095
1427
1858
8292
10969
6743
9291
5743
4176
10626
6080
8685
8293
11070
5265
2358
5124
10277
3468
2961
5907
5863
7047
9461
2253
8994
4529
11117
1688
2177
212
5071
5852
833
5819
1702
5739
3517
2072
3768
10331
1368
5517
10904
6008
3874
10339
6890
1776
266
8042
2404
10052
5681
3900
8398
9554
1274
5650
4184
835
6300
4524
197
10936
3804
1400
9643
2328
705
4351
10481
12088
3295
3270
2335
2745
11263
6595
8713
6899
10255
11186
9183
1838
1388
9105
11202
95
4644
10594
7363
2330
1802
11476
2218
7229
8836
6405
7899
6600
2940
11485
7995
11551
503
8626
11012
4445
1239
5440
1521
6197
10405
10079
3437
7143
2025
6920
1853
3251
11541
1989
8610
3833
9832
4302
1917
6777
10440
3279
5868
11
10410
3660
9505
8218
456
6306
2171
8027
5039
4666
2728
8567
7375
10795
6491
10546
543
10251
1608
6064
6160
8782
9528
10714
5582
4792
9459
12267
11130
6980
11468
5619
5011
5617
2652
1106
2560
9917
10314
8558
11448
11128
11243
3334
3949
2327
10038
8168
7596
11295
3506
7430
6290
4936
2664
10648
7615
1873
3036
10039
8637
1429
12202
7726
11165
7643
7922
2830
12280
3375
1840
5921
9508
9456
5321
8787
7787
8457
10925
8234
10349
2098
6604
7561
10561
12225
706
3331
3904
557
3011
11798
1410
3151
6591
3826
10286
8690
11999
8777
12095
2801
9312
11392
7667
9796
6752
5521
812
3947
5438
9303
7601
7290
10815
7149
4651
218
5793
1381
10642
9772
2819
11045
9070
5336
11065
3811
2076
3638
1431
7435
639
9686
5117
2290
2129
10697
9445
6478
5644
694
306
10257
2420
3675
6697
8340
7040
4804
4725
5841
6816
10769
269
3140
1100
8870
2128
1671
1890
7409
6733
11348
8448
1625
10562
7852
4871
12040
3478
865
1901
313
10513
11739
52
5400
1030
2678
7658
6619
6141
12187
322
4913
2353
3929
9585
4547
7429
6831
484
8842
10636
11072
9262
10554
2310
9605
1804
11748
1684
5135
485
5934
3881
3749
11917
8666
4659
1666
3762
5212
2645
10283
11762
1810
9233
2042
4989
911
7614
8967
9704
9997
10863
5829
11399
7449
3312
11187
4350
8051
958
5101
3882
11179
476
26
8460
7710
7969
11656
7972
12075
9830
7298
1913
7873
5663
4991
1932
4133
5008
307
6372
10614
5247
9344
7606
12179
5342
3304
8263
8362
6921
6527
11769
3494
6902
4716
352
362
4500
6420
1362
229
4249
5038
8279
4706
5155
2992
7702
7066
807
9169
7979
3841
7203
11293
6053
4353
791
4282
5227
8358
6606
12298
3924
3514
11289
9507
446
12118
4153
9386
10864
10500
2296
785
118
3044
7960
11814
8098
8657
545
5481
1103
7483
303
8952
4808
8497
8879
11763
11376
6768
6829
7123
5160
10701
6236
7427
2994
208
1960
7913
6805
4052
11287
9867
2891
6131
900
1159
12043
8357
781
9060
9333
7332
2571
10270
9281
2794
3985
926
5018
4258
9560
9218
12114
2835
8796
7420
10166
9899
4905
1787
11791
245
8381
9870
9852
9464
10241
9561
1176
5443
1745
11140
2841
6766
923
6643
7238
7781
11235
6525
10861
1714
10577
6956
1854
757
4536
2920
4504
9377
5002
11774
4609
7226
11986
4253
11952
9242
4053
6474
1703
10067
9834
6520
11510
9609
7299
7830
8461
3186
9095
7590
9129
6279
140
2043
6425
11671
7411
5625
6195
6636
541
11220
11969
10887
518
7610
8816
12256
1476
1906
10423
3219
10091
3298
7367
1101
5458
2643
9416
584
8695
5986
6038
9780
6639
5721
12279
10959
5688
9268
249
11294
4383
6988
11471
9670
5387
5966
2600
9412
3997
10101
8573
9438
10599
6709
11631
8351
11365
3576
10218
11961
11006
1005
9435
11852
8241
5965
1489
6196
8829
1491
2144
7839
11443
8744
7346
10487
759
9483
6981
7706
5989
801
6530
746
6207
6931
7075
6394
3803
10295
11708
10956
11491
10695
6503
7180
857
488
261
8349
7178
6776
8437
2259
5543
10738
427
4466
1553
10641
9142
8897
7064
6105
5538
10903
9729
5501
8512
5651
12174
6083
9920
10791
8283
10108
10879
11678
8539
7494
2287
1716
7222
9804
11509
10891
6534
3915
11874
11134
420
232
5652
1735
2758
8689
10824
648
2407
878
6808
1414
2314
5808
8397
1269
5657
7458
10674
11882
1246
1691
1505
3223
1404
1766
8208
1366
10172
8549
8190
5496
2408
10680
11715
622
7050
12217
6153
1010
593
877
7624
9530
6429
6518
10702
1416
85
3814
1641
11440
10808
4704
7286
8934
1279
2611
4844
5362
3267
5938
6003
5816
3048
978
3010
1090
3464
11896
9754
4107
4180
11252
5102
1263
8050
194
7459
9566
250
7996
7580
8844
3594
3642
4125
8559
3895
8823
11947
638
9849
7496
3635
8815
4855
2632
3633
11736
9315
1859
8611
5556
4878
7585
3287
898
1212
3669
4036
7801
3996
6686
11723
4123
3071
9437
9537
10712
4
961
10677
5950
2389
5698
10534
7546
7856
4799
5445
10619
8763
8030
4646
8165
267
10638
11695
11641
1905
6664
11636
9348
5837
4948
2050
9542
11239
6499
6472
2897
2221
12053
5506
10508
9439
9347
10097
3550
2412
10463
7837
6066
9150
4329
11061
5607
1823
8320
9442
274
3369
5460
5483
8115
11845
7711
2184
8363
2716
719
1886
5767
5540
9330
11133
8670
372
6480
8629
5141
8667
8061
9996
221
2685
9844
5782
5236
6413
9928
9401
6390
6399
7004
1083
4496
5497
6024
1420
2738
12241
1956
8866
11319
613
5188
7267
10574
2793
8441
1297
9189
6722
8834
11002
3789
7127
7522
11620
9055
3584
108
10889
10996
11104
10792
5412
6323
1450
4719
9640
3511
1463
1469
11948
6963
4733
6468
3712
5687
3963
8423
11480
9707
8510
487
7739
3959
10668
3627
11412
5041
1348
7398
6748
5232
7242
5294
6654
5235
8288
9460
9750
9031
7356
5752
8471
6893
9078
2490
7111
9228
4934
1457
9725
4475
6326
443
515
9192
11492
11307
8259
5714
9245
9756
1353
9198
8641
4043
7738
6076
726
6309
1329
2012
9951
8489
8442
10552
6556
6521
9810
6837
10590
7374
4953
10560
1128
7330
10947
1240
8499
2868
7239
5780
5673
3280
947
7053
644
8776
8097
8142
6213
2154
11285
11355
3870
8810
709
4956
11316
3061
11981
6942
780
5276
11879
3639
8200
8582
3513
1350
4723
1227
2455
5098
2750
8869
12131
3691
3244
7441
8104
7068
10844
10688
8456
9310
1609
2668
3819
11555
12001
8993
1939
11901
9883
5686
5324
9357
3368
4653
7214
3395
8055
11580
6846
7654
9684
2579
5812
7741
4003
10117
400
3886
10616
7704
11238
1051
10729
8572
9145
3387
3492
7573
511
721
9651
10016
11079
11627
7395
8124
9101
9740
83
3568
7252
843
9737
7671
8345
5225
9301
8180
2852
4286
11766
10977
1584
3891
9035
10031
5104
4994
741
5897
10980
11988
1232
953
8855
3943
6155
2112
3215
1979
3235
10206
2477
7382
6289
9367
2233
3847
2250
1780
11616
9032
8189
10796
7666
1460
1573
9068
5454
1699
7623
10699
1504
11232
6231
8001
10268
10028
5665
6630
6895
7037
10417
9406
11822
11788
3162
317
3942
11467
6492
3060
5025
7387
9977
8684
6190
247
3275
5555
10814
4700
3397
7851
10497
463
11279
2675
9379
3686
876
8002
620
2439
11707
733
10137
4415
11297
10615
7193
6378
9617
6341
7325
12090
11024
10329
4228
5109
7965
2604
1993
504
4385
9608
12232
3973
3580
10811
10369
6507
9635
3685
5980
3850
4897
3839
11264
6412
2479
6554
11166
8075
460
1865
9223
5679
7952
7076
2480
9921
2883
6891
5125
5120
9965
5912
7029
2808
7373
809
9275
7544
3532
5796
3175
8805
7763
2387
2119
10807
3552
1355
7755
6508
6545
5754
9286
8232
9563
7246
7297
5303
6479
8828
2946
1711
8854
2141
333
9785
4181
2362
2130
11669
366
11504
9371
2026
12156
4534
3537
8768
7797
2470
8896
4136
10551
4993
5300
5396
4737
1870
8047
6515
9316
9960
8375
11517
7709
11177
12125
11273
4044
6883
4248
4859
6528
6028
5077
6615
5147
1770
5092
4319
12145
9744
6215
2002
11959
10414
1575
312
9288
150
7251
5463
3911
426
5494
4126
6263
7241
268
11737
2179
7384
9963
5192
7720
6204
8023
5577
4924
6791
7440
3456
11566
7049
8909
4582
1038
9797
6641
11486
3000
5382
206
12113
7057
9637
4727
2
2228
3212
3934
4307
3429
2210
3698
6385
3672
3131
12129
8386
3994
725
8215
6
316
9319
9127
10703
2723
9717
4858
11520
9265
6437
9430
5327
1915
7676
8313
7690
11764
8686
10962
3992
7442
236
10734
6073
9533
10259
8161
3105
7248
4802
10153
4548
12098
9411
9793
6100
10834
6090
12153
4103
945
2837
10360
7790
4311
3607
5640
7553
6834
10312
11694
3119
2659
8134
3764
1752
8118
10482
571
5573
4138
10170
8962
4066
1677
8631
9050
4062
10954
8583
3072
235
8622
1359
10169
1921
6833
8249
80
7012
1009
9249
2066
11877
763
6164
9527
8112
1988
4847
3972
201
11270
8006
183
7176
11101
4517
7303
5345
4469
11382
578
1707
3956
9820
44
1026
4492
10161
645
9728
5675
8329
9392
9076
5263
2482
7867
11577
12223
6111
6192
11596
9414
32
9043
4266
1938
11017
4625
4054
10223
8878
336
11353
6555
2845
2690
6178
4201
6012
3184
5981
972
722
5198
8601
1904
12141
4438
8019
3435
1052
5353
1539
4451
7347
2673
11231
7335
9806
10102
12236
8303
10147
5442
9308
96
11138
3724
1324
438
6380
3518
10571
4511
9106
8412
5660
12314
1011
8205
11690
3950
11784
8436
7877
1483
3233
1518
2708
10231
5299
7046
4065
7734
6296
5033
4912
5826
11531
1987
128
3787
4106
5259
7504
5718
685
546
2009
1631
11041
4027
650
1424
5411
11820
10620
9107
5726
11001
7842
4824
2848
11483
20
8786
9188
708
9783
11534
8791
8322
7533
5128
4312
9321
9947
12005
4884
9324
3813
1725
3243
11578
4392
1543
8927
8374
10893
6109
1178
2656
12295
11825
6459
5910
707
7228
6121
4629
24
4977
3082
9433
2575
9529
1643
4298
1367
3795
1892
10478
844
3164
1749
7389
8291
403
3356
2815
3858
7197
3957
3424
12312
1857
4874
7008
136
7106
6681
9077
9484
10750
9625
4607
4396
10687
9641
7256
2802
4250
5993
3403
4907
10124
3896
8892
5416
7891
10357
7020
4031
5009
8596
2006
3605
6184
10708
8092
11160
1237
5209
5996
2863
9208
3107
919
4310
6509
870
5702
5740
5095
973
8826
11048
5790
10912
3183
3496
2463
4363
1497
1398
9042
11823
10550
10144
687
461
9568
6179
9648
11246
6854
10868
10367
6946
611
8908
7939
6244
9813
6707
1318
2426
1909
6671
7172
5503
11450
8044
2663
10653
1779
2190
595
5487
792
4304
5710
5994
10274
3779
800
6333
10541
5190
2437
12007
2431
12055
7728
8733
2862
8102
9036
10847
7156
5425
9447
1973
134
10875
3473
7479
3755
10907
11038
10531
3732
10558
8956
9943
2170
8954
3024
11888
8750
4552
12203
6607
2243
6773
11533
11724
11499
3380
2817
11228
4516
10216
2876
11930
2811
11997
10547
6858
4756
7907
11937
4736
4119
4896
2161
5112
2489
9066
3005
8991
11257
4265
12169
2419
1205
6835
10093
8788
2308
92
6897
5623
2008
9814
1977
11144
3015
11953
4368
3871
10800
243
8886
5550
2781
10256
5306
663
4900
7283
4923
12216
4922
11705
2706
10689
7876
6797
4188
8725
9451
8703
4414
10048
39
1855
1309
49
8648
3757
1275
172
9287
7434
8302
7279
6084
2743
3719
1319
7355
331
5352
11227
3320
6307
5583
7257
8239
8354
3442
8133
104
9995
7195
2229
287
6156
10392
7759
3869
5270
9204
11304
10457
4435
5437
4233
2703
3583
11137
3559
8443
11435
8310
10032
8933
3286
7368
8496
3980
9421
7505
4328
11548
11230
6176
3962
6765
6512
6826
4030
6756
9393
1301
6088
1943
12023
7431
9851
4572
87
1112
3968
7003
676
1347
11218
10085
6700
10528
10805
5468
8085
2785
5452
8589
7264
1144
11792
9706
5213
2432
4543
7334
1908
3770
11147
2304
2046
11906
2442
938
1902
10338
5715
3479
7043
9941
7038
5329
10362
3201
4925
2402
12326
6148
11978
2747
4619
9547
7838
11583
6744
11416
2166
4372
10290
8773
9075
11743
1184
6200
3831
8972
4086
7766
9335
10204
5768
873
7152
10900
1199
7932
10583
6857
5473
1024
492
10042
5872
1741
11277
3533
11473
7745
11292
5955
819
3278
12243
4642
8772
940
11673
8240
10612
2655
5310
9632
3033
7962
4293
5022
5019
8121
2302
7181
3178
6448
7946
7353
8167
9199
1592
8761
2481
864
9184
4337
7795
70
8765
12059
9653
10726
6728
10341
5845
9755
8990
1611
6056
4588
10070
11018
11025
3288
7234
5727
3596
4681
4453
2894
3586
1224
11881
10074
3302
9087
10940
7107
6027
4361
3978
3160
3488
6125
10611
4557
10194
2970
6388
9487
4929
6658
4384
12101
6081
12133
335
6625
9497
7909
1135
8522
7708
769
4497
1412
9037
11103
5940
10988
11734
5874
11983
4448
9239
10266
8332
4759
7724
4508
4273
10087
11741
7386
10880
2284
797
6984
10135
8395
6209
686
10749
10809
5699
3967
5181
10025
6991
8704
553
4078
7468
5857
1898
7331
10997
9334
1448
4196
9916
7294
9949
5720
2983
2982
273
9969
8413
10227
5979
5254
4378
6894
4738
3736
10353
3214
8599
11296
4818
1364
716
9908
6536
6115
9983
5044
4800
9515
8155
7345
9131
11118
11167
7371
9240
6489
10568
6041
6044
6305
10978
6212
9283
10355
9685
4634
783
616
6299
5751
7173
5729
2605
9210
2411
7518
185
7526
775
2947
2514
11033
8103
2212
5277
2197
2520
4663
12210
6034
2172
7419
1015
3038
1342
11721
2717
464
5559
3081
223
2086
11245
9480
6841
11339
4087
1866
7977
9999
6688
10009
2930
4839
2667
11422
12233
10061
4186
9979
6069
111
8669
10471
673
9090
4699
11775
1121
10133
5131
10527
8579
5331
12288
11826
9967
4671
9216
845
6943
11584
10902
2809
949
1852
441
386
5987
353
7603
4389
6977
8491
7328
7760
4285
10126
1163
12207
3884
7722
6401
11573
3046
6254
7582
11861
820
7071
10676
7122
6336
6381
5032
11142
3815
5390
1734
6252
9826
471
5448
8128
3551
2060
6224
8316
8266
5894
9029
4278
767
4708
5918
9002
1585
7104
9132
4879
2712
9535
8643
11034
12186
4381
3726
11591
570
5813
4491
9364
5964
11151
7964
8804
3335
5887
2447
7812
3168
11887
4155
3094
1265
3273
9155
8551
5581
2405
10922
4787
479
11712
4129
10199
1652
349
8341
6138
8883
9028
6758
4751
6314
10208
6163
359
7101
9612
1077
10403
11345
4226
7451
550
11010
5295
10923
3820
7882
8344
6031
7402
3788
10055
10020
6033
6962
9381
9571
11120
2671
6588
10264
10346
3091
10302
205
9083
7938
11672
2013
8285
1430
4416
1534
10398
7051
8880
11571
2016
5405
4369
7069
8809
4409
2944
8574
10757
612
231
18
7982
3346
526
5238
4050
271
4556
3696
6650
7210
1582
1990
3903
3760
10003
2558
2923
11219
9716
7202
1078
491
3740
10696
7130
5467
10371
6095
524
11839
8731
10799
4632
6329
10220
2702
1333
9933
10285
2638
698
5234
9329
2288
7485
7175
11892
7557
1570
11720
6753
8673
2570
12066
10836
11354
6481
5942
2554
11234
7649
6208
548
9823
7890
3394
6972
11833
9237
5939
3002
4542
4581
5552
1209
5457
10870
1194
12195
11223
5905
2925
10944
1154
11563
11778
1654
10078
5898
5522
325
11176
10381
8043
9280
239
1690
8194
9878
534
3524
4742
11921
2541
4251
3101
11201
7633
2306
8719
11538
2131
1647
9085
133
7942
10920
8540
3644
7715
6906
2934
3703
2323
9467
5053
7507
6864
5478
12147
8021
1633
7670
7848
5246
12071
8091
2005
2238
10495
8219
1045
2294
10720
2049
9925
6018
9499
9660
3232
10727
4024
7904
12102
8721
3577
2063
6632
9185
1883
3521
6147
9607
9478
5065
3621
9694
7525
380
2047
2654
1401
147
6417
11336
101
8352
1152
3
28
8600
3037
3954
9876
2032
112
5949
6046
10459
3193
10142
6119
10162
9297
9356
1964
199
10733
12022
1784
3174
3146
11155
11884
9274
831
7832
1717
8126
8464
1116
1935
2399
8295
10596
1832
7902
5811
3919
8557
9788
6304
12320
8904
4433
1952
6505
4698
6566
10324
9630
2488
9479
4596
9721
4189
3461
10197
9153
6116
1955
4365
8658
466
132
4067
10319
10848
29
11738
7247
2421
3893
1029
11940
4803
6587
11188
11299
3578
9354
2527
7376
8063
3573
1761
3122
1937
9964
11484
854
1484
8382
11865
1785
1982
690
5514
2805
323
7788
3661
7136
4204
1971
8478
8759
11389
1715
2661
5736
11466
3595
994
7270
908
6992
9080
6457
7844
11900
6783
8770
4324
6652
6836
6958
7538
11615
7481
10140
6255
3763
6277
12065
9457
8
1109
10830
9509
8514
9234
2857
3384
3386
1966
662
11195
1048
9263
11545
8754
1517
8590
11330
6426
2319
5899
8272
6910
692
1256
10591
5409
4507
10176
6436
5988
3916
6389
8229
642
2058
2699
6021
863
5297
4081
11122
7605
5759
3867
9988
457
6669
9082
9673
7486
2591
73
5410
3561
1630
281
11535
11335
11274
11171
12034
3217
6048
2757
3125
6551
10236
3829
5641
960
6188
7564
4488
5377
68
10679
11842
9137
7655
4615
11827
11768
10021
10130
9975
10260
10442
3562
750
6143
3743
6801
6549
9398
11374
7947
2549
4643
8304
8856
2366
7337
2774
10765
6793
5784
9893
3793
10096
6440
939
7559
1361
489
9821
5007
6045
7036
6666
5974
9595
6351
10217
10961
11989
4717
11496
11793
10837
57
10859
522
1925
10026
6609
5195
6973
5696
8913
12167
233
1970
11559
4506
11054
10005
7477
2648
5936
3766
9642
2696
5208
8915
7084
11393
12072
10505
4919
1084
2414
6039
321
8910
771
4910
9815
69
2624
7737
9471
9620
154
5040
8867
10806
10606
4367
1871
8636
10064
3723
11431
3014
1179
9894
10012
5554
623
5014
3165
2385
8999
5971
6824
10618
6712
12294
3984
4683
67
434
4322
11418
10107
10165
11542
2160
1850
11206
415
1195
110
8217
651
5255
3345
11442
2126
11554
4891
7819
5111
11456
263
6113
7006
3430
7625
11367
10966
7465
8242
1040
555
2586
8414
4758
11446
9501
699
11807
9745
6985
6940
5216
8252
6386
3428
6246
6598
478
5669
2964
4571
8057
7981
6790
6202
2487
8479
5703
4729
8588
9937
2735
5085
4284
905
6135
8630
3031
8716
2312
1928
6710
1189
8885
145
11478
10723
3173
1415
193
1462
11991
10573
8035
987
2213
9690
3925
925
6564
10219
7289
327
1655
9580
5337
2991
9211
3777
7312
7993
2687
11614
1033
8938
6849
6590
4272
4376
788
8328
1791
8653
406
7850
9203
3520
842
1377
11765
6526
7199
4009
11651
9122
872
12143
2495
6734
10582
10275
138
10754
7751
7091
9271
4080
8889
12058
2585
11745
6363
12193
1343
10276
3465
2767
9325
5606
11572
9828
7262
9900
7896
1080
9213
8665
9498
4194
10160
5563
7540
65
6866
178
6840
12302
6501
7835
7675
12263
1616
9112
7146
1302
6715
5060
4591
4072
3325
5709
608
3802
6137
7978
11662
1182
7905
9760
11016
4782
8480
6446
12036
1402
4494
4967
7974
5737
9482
3680
12246
7358
5004
9848
6181
3582
9099
4657
9526
3982
9657
11247
7221
388
2153
11949
8210
2188
5201
8833
1335
7413
2842
2505
2027
6221
4212
3374
5058
5564
7360
10060
11996
9628
5613
6559
4985
1107
2452
4143
7806
11185
5682
7918
8930
7780
9378
11329
6971
5533
4563
5631
9594
3570
3637
3742
5086
177
1667
11612
1663
10125
10267
11224
1765
10449
10581
5658
11108
7187
2516
12324
1215
1317
6855
766
8532
2686
5505
934
10664
5635
7370
2116
8026
6738
11911
11652
8996
10743
10393
5088
4411
10744
9562
3310
4564
10869
1492
3355
9046
885
11935
8718
12076
7446
581
1591
9857
12237
1197
11429
8223
297
671
9811
8056
10586
1422
5520
11975
428
5152
2483
5628
11828
868
10002
10212
4019
7005
633
1470
436
11907
9679
12061
3074
6611
7350
7659
7118
5189
10492
11521
3362
3695
4001
2191
7620
8652
10395
8764
395
9587
538
8940
2798
2274
6596
4332
3350
11447
3158
2722
9146
11454
1808
3402
2075
7266
2133
4648
6430
4771
3075
141
10203
1186
8452
4068
2457
11007
500
7921
3687
8094
5717
7284
11643
282
7635
9187
1193
5285
437
8477
5020
5749
8248
1235
9289
10320
12003
9047
2102
1502
7935
3410
2011
7679
8616
1604
3296
6634
6374
11638
8093
12238
11092
8243
6589
11013
5765
6562
7574
2152
6764
6344
6219
4006
6729
10812
2898
481
8898
10992
8806
2289
6870
4587
10506
681
1175
9254
6581
1183
2132
4214
4230
12015
12276
7680
12177
6342
10191
8199
453
2609
8415
5779
7400
364
11352
7500
5258
3181
459
5278
6139
7035
2987
4093
1071
5649
9336
6060
10057
1192
4872
2206
7105
3786
10994
1445
7263
8307
3372
774
7689
9861
2677
9503
319
6016
2990
8634
2529
10646
3129
1899
8976
9881
5881
1287
3834
12254
6201
433
804
4486
2089
1603
2428
9675
12002
1270
4400
8166
151
7062
6283
1123
9976
5206
3049
9564
1310
408
9391
11461
1202
11529
1370
9855
3566
8224
8355
2618
4777
10621
5474
10647
11716
9307
3852
4478
2369
6862
6602
1102
912
300
1737
9158
5379
536
4834
7153
2466
11031
813
1387
5469
3611
7351
8997
2222
5307
4060
50
3466
4696
1949
7647
9782
9812
9181
12026
196
11196
10304
2245
5290
6668
2859
4316
5372
11152
9962
3145
7340
1155
9952
7333
11394
3706
9856
2424
3400
882
286
602
4702
590
4290
734
564
3021
6775
11082
10043
3505
10968
728
10373
10758
9229
10955
3824
2751
11946
480
3498
1759
7308
6701
11363
7160
3527
3199
10760
12272
10080
8701
4239
8973
7530
1678
10825
4732
6495
10608
6210
7783
8575
5985
11680
9290
11972
6272
2263
2045
7776
8145
10409
3264
8237
4070
3085
6819
3649
2709
3930
8811
9693
4770
2087
12265
1834
12247
12204
5913
2078
11632
11691
7539
8607
12189
3120
10213
1875
7928
11810
6612
4406
10974
7059
4937
3474
3444
3650
9689
3752
7094
1670
5626
9702
9623
3674
1600
640
577
9200
4127
11658
9448
7509
9622
5349
4705
7478
12226
2071
11642
6011
11162
2168
5350
8308
1081
9683
8535
8939
10826
10451
10004
10628
5560
10273
2371
883
295
5187
2187
3671
7660
5178
2265
2361
9013
5575
10683
4386
12261
2322
3185
3448
7108
2048
11371
634
8086
9079
9678
1208
12110
7391
12296
4117
2784
5274
4223
1868
9868
2658
5694
11785
8455
1597
2795
6687
7992
9655
1942
6930
7454
3195
5574
8434
444
2022
3865
10327
7456
7923
5174
3126
2804
10884
5530
10235
9305
5245
7
9752
3863
12060
10705
4580
5052
9481
7511
3291
11203
291
5398
5354
5814
3322
9135
2305
6301
12185
5444
7607
9284
130
10313
2135
11099
11009
9858
10469
8523
2145
12212
4686
8646
5491
1098
8528
7846
25
4811
9151
10542
11611
8841
7586
2169
1718
1054
3772
1273
6370
7970
6608
4583
10316
7697
1172
11560
3116
6029
12300
6452
184
10849
7378
8864
3522
7044
2732
11635
1588
7558
1895
6624
2921
8406
11919
9446
11359
11027
4483
3393
8231
8018
9901
5648
12067
10539
5252
6366
11709
12013
7859
8992
2636
1352
8921
4185
3079
996
5777
10898
855
6335
4028
11417
10419
3470
6822
5935
646
10845
6079
5519
2823
10918
1500
4032
10000
8832
3588
2700
8299
11934
7888
3179
7113
8424
8751
9973
641
4697
7423
10946
3887
3203
3917
3965
2813
7185
11829
5610
2568
12222
169
11259
3512
8032
12006
11836
5266
4318
8707
3087
7616
8255
10496
8964
4535
8378
529
764
6746
347
5843
11322
10717
10167
5453
10460
7023
5196
2598
7439
8875
9805
5184
7453
10707
2080
881
7190
6631
8778
5659
6217
9970
7598
3585
7258
91
10207
7748
9415
8485
8176
9130
4114
64
1389
11755
6186
2959
2316
2299
7849
1233
754
3843
6450
5157
3382
9723
4660
11927
10288
5479
5172
7098
7253
3016
6736
1304
60
3549
7566
4071
1383
6996
448
9919
3625
6136
10728
5191
6717
4812
4132
4432
6576
3999
10131
5056
3252
2943
10625
7628
717
2997
10383
4911
11918
6735
10200
8678
11088
1332
9407
4762
1131
11369
2055
5394
8470
4434
2721
7265
6990
4033
5284
10748
7215
3231
5809
2199
6404
9382
2201
5406
1254
2107
7406
9304
6504
486
1384
7854
8604
8162
8105
10780
6913
7653
494
396
1764
10657
12011
1509
10532
7159
5430
4814
5316
8132
7397
11055
7554
11602
10375
167
10116
5566
10930
10833
928
9115
12097
5875
970
2878
6517
10356
2448
8979
10622
6827
2942
5070
163
10823
8203
4231
6330
155
8197
5121
7789
2297
4450
988
5037
5357
7740
8638
2105
10
1063
11846
8111
7327
168
8857
11889
1672
4939
12024
4502
7731
9727
9945
4063
7951
7052
10045
7683
5272
979
3137
1444
3647
11298
2916
10981
1598
4968
3329
174
2937
10328
2715
11579
5346
890
995
4146
3890
9775
5116
10566
8877
9221
11344
1629
8743
2697
1833
2535
901
2370
6175
8891
9597
11209
4630
7484
10958
10094
10335
8779
6786
12077
11697
9934
1485
5262
2748
8766
8538
1514
8645
4964
3344
11375
11313
1255
10787
3769
2415
8746
9313
8276
11056
7529
3423
8143
8301
10350
4177
3567
10291
11159
11704
4553
11598
2683
3722
12108
3838
3628
2674
3679
3556
8408
2454
6660
592
512
8901
382
5153
1327
10522
7365
9691
11621
587
1223
8941
157
8628
7316
5000
10706
11902
11684
2875
3422
10751
11411
12307
11700
11290
6353
2151
5799
643
7555
4308
7521
4510
8797
10530
10963
679
3823
5489
11693
3416
6414
7698
2551
6760
9306
8214
7216
8698
6932
9719
11424
10221
12188
2831
1523
2279
4244
1018
1520
4539
6976
3433
7028
3758
2435
10906
1258
9463
86
6546
7026
6415
6772
3681
8333
10100
4174
4236
6461
1173
4795
6901
9645
566
9731
11302
10927
11225
7768
7975
6350
4393
6047
1171
9232
1336
3167
4971
3598
10406
4533
5175
10118
11898
9624
1681
7211
2775
8644
10827
10389
2248
893
4398
4769
368
8745
9837
2969
6082
11020
5604
7463
11127
10363
4267
8977
6009
7968
11026
2255
7170
7756
5904
8120
2231
3413
4158
5203
3109
11462
3499
7782
228
823
8244
1963
4886
5477
9396
7444
5261
7718
8297
1338
7537
2364
9656
6397
11312
6881
8160
10007
4139
6678
4191
2839
723
11528
9557
10272
10634
7784
8850
6704
5432
10540
9176
3171
1527
9018
11564
3923
6483
3558
8985
9141
7437
6444
11455
1117
9403
982
10305
272
3501
10778
10278
285
216
11711
12249
941
3701
9179
3028
11395
9175
1571
328
1719
8048
2838
8270
9489
664
10111
5434
7475
10483
5421
12319
6294
2476
2998
10472
4805
8100
1068
284
6638
5244
8277
9954
6102
8656
5250
3360
6321
11536
5787
4748
8953
9885
796
11962
3569
10462
195
10066
8505
9699
7626
2954
3221
9835
4822
5609
3746
11604
12309
2666
11682
9260
8723
5701
7986
405
946
1023
6059
1563
8655
2935
7929
207
9698
10993
777
1399
40
5873
10186
8534
3970
8838
7348
12035
11645
11148
12117
2122
3008
2340
5334
1249
11730
4982
9376
7081
4166
4490
5804
2365
10441
3909
9474
8108
6785
7732
1406
5527
4570
9368
10385
4549
6662
580
5944
2484
5585
5599
7322
11095
4867
5828
9351
10139
7489
1697
9165
3462
1411
9747
2509
7990
8273
12306
5333
11164
11588
308
12240
2962
3103
2628
517
7894
7392
4906
506
8624
2504
9454
5072
9768
2684
12172
6091
351
1983
11067
12234
8439
2416
338
4608
7182
713
6774
7924
5600
887
5286
11938
9633
11526
10882
384
3616
11647
9586
9709
2576
7664
2850
3810
11844
8615
3194
8338
787
5908
8727
440
1187
4148
8687
12180
7527
4452
7948
1813
11489
1503
8016
10545
8783
3150
11603
1435
11883
1835
2657
6434
11253
10761
7723
2619
5211
7024
6384
10120
9143
5364
6182
3716
3392
11494
4828
5214
4359
8278
6856
626
3324
11780
7595
7693
8157
2752
4200
9668
12281
4371
6513
10753
3300
6242
12315
5486
5289
3830
7764
9413
4037
1396
7959
7577
3321
2051
12028
6338
4931
10143
7011
8814
6198
4159
8417
1773
7120
11102
4695
191
4224
6256
2236
12150
1856
10298
11964
2232
10603
10342
11267
6030
3632
4830
5381
10759
2762
6610
10361
4173
5901
2766
5134
8012
9071
11853
7021
5775
8955
11100
5279
5470
636
6878
8171
10152
6288
9574
450
7139
1050
3876
5769
2538
3907
11146
10391
11043
2532
407
4501
1393
3417
11453
3303
6264
10983
8755
11233
9724
4219
11725
1284
8605
10232
10876
9490
1548
5370
7799
6627
7703
2113
2544
11258
11318
7778
2528
3754
5301
8038
4569
6112
11519
3842
1805
3463
977
5678
11513
2867
7650
1869
3130
9339
1191
8004
2354
11110
5627
966
5968
7864
2345
10569
1640
5351
1658
6068
187
4289
4875
9485
3677
3565
4935
159
10985
9918
1819
7225
932
9023
107
4147
11689
4167
4527
9123
776
11131
4788
11932
956
7550
6620
4197
11629
12045
11557
326
8113
5456
12159
1508
8183
9372
2473
340
5731
1290
8435
9133
3935
7074
3316
6769
9212
11742
11271
3381
8862
8757
4746
240
10205
8693
562
991
8868
6167
3012
1742
11338
8036
10089
11556
758
114
7933
5422
11427
5744
2285
5541
4379
6653
1818
3017
762
2908
11135
5185
8872
6541
11713
8422
1114
669
3301
10374
6868
5034
1206
3664
4992
3077
1613
10952
2502
7973
176
11782
3714
6362
11463
1295
2814
7908
3730
9397
8946
5634
8463
8427
7613
2242
410
10645
14
2434
3383
10464
7473
9784
9404
1680
10309
5233
5408
3536
11168
10934
2869
10933
3589
990
11430
6482
12149
12271
2262
11049
9618
12127
11718
2052
7132
1744
1747
11324
4709
5322
12235
2024
6561
6871
7167
502
5930
2907
8660
11356
10400
2286
605
2336
9374
7201
6223
7686
4459
9932
2705
11835
1897
1247
2562
8571
8500
9769
12106
9846
5537
4131
11770
3190
11157
7515
4576
7887
4405
2986
997
10766
9946
3794
8691
6110
10248
7407
11341
4537
11667
8147
5492
1958
3247
7244
0
4090
7137
5161
3808
11226
2256
2629
825
3073
10516
3966
1738
2474
3940
9974
9991
594
2854
7622
9696
4823
5732
11174
11111
9126
1019
1750
10396
1056
10134
8502
7652
2737
4885
6721
10454
8488
2139
9584
6094
635
11589
8984
5781
296
8468
5096
5920
93
2919
2200
10289
1880
5832
6345
2564
6599
4305
498
11905
10499
5309
3314
11925
9957
1170
11821
628
3798
7488
4620
9246
7779
4420
4755
10434
5834
1216
422
735
8887
1959
9776
8062
1354
3866
11628
10051
4485
7611
8238
4246
2451
4626
4015
9369
8325
5308
4209
4849
1847
4590
1118
2062
8321
7656
8015
11036
270
2215
7552
10426
8548
4162
752
3069
7147
3953
374
10354
9817
7092
2391
2320
435
3899
2095
1437
10867
5167
7300
8959
6723
5441
1226
2186
846
5239
1723
10157
8312
10234
10105
4503
4940
9061
695
2879
2691
8265
4075
3379
4403
11562
10377
8429
8319
11847
5200
9944
3699
12163
6287
8342
6719
2951
10672
7497
5571
8137
8330
12277
1167
2846
8543
12301
11470
9864
6647
7455
5877
9195
8334
11871
5664
1732
3587
9417
4969
8882
9779
9241
5676
10786
1299
2621
431
1799
5156
2993
219
6935
617
10984
8570
3274
3128
3678
10939
4540
10737
3020
9466
5590
11255
11912
3711
2465
11193
2791
1612
361
1936
12148
4902
10692
9091
5067
5145
9966
4870
9167
4458
3600
851
9504
9757
1867
7321
3827
10755
7001
3001
1111
6698
9774
4431
3862
3196
4898
1748
609
6126
9340
4627
647
11280
7224
10673
5645
8449
6926
8029
4713
6693
10517
1957
2884
117
3741
9096
582
12209
8569
9355
2134
10368
9220
6684
10252
3626
11618
1073
2749
661
9388
6170
1693
3534
3317
1043
10587
4287
2004
2902
1513
10190
5159
6322
383
9718
9038
9915
1028
9108
2882
6889
10238
4720
3265
9264
3797
11402
3343
3210
6947
4793
4366
12062
9801
5850
3259
3436
2589
11980
11574
1392
3489
9610
9819
3855
2209
181
5674
9939
3319
1583
11317
10109
2175
343
5667
11321
10412
11398
6795
3733
7412
9809
3487
6506
11377
2688
5107
12042
6104
4673
1620
7141
6259
3538
8181
11637
624
10280
4806
6966
182
3516
1559
9840
12000
9743
8472
11441
9327
5638
4349
5389
4499
4765
2630
8676
11495
8212
4845
2427
8294
4436
11786
1213
7994
3481
4531
9063
4970
1668
4321
5878
9064
7861
1946
5746
6809
9551
4082
9739
48
9726
4813
4373
6670
11706
3548
10548
11028
7672
8114
5998
6626
11351
4208
2123
2820
152
3601
9003
10921
11459
6699
11008
11854
652
5048
10498
6052
2660
11963
11518
6533
7323
6919
6633
10293
8257
2922
9938
9531
7886
7116
11600
346
3084
5824
10915
5822
9162
2574
220
3281
5885
10515
11903
2156
6571
9054
8769
914
417
8965
3401
10711
2307
11869
11760
6096
11908
2771
11074
173
7018
10999
749
4573
6067
11805
6601
8692
12165
2360
10613
10943
9419
350
896
8247
7645
1907
1651
12016
1774
1465
5339
8735
2138
1602
11802
5838
11309
9869
567
11062
10447
5340
3542
5319
2633
2729
11968
2957
4038
1471
1322
7502
9005
4854
8863
4306
1726
11126
11587
6964
3873
7124
1547
399
7565
9789
8125
4000
1914
12321
784
5427
615
3269
2625
1334
2637
7769
5515
497
4574
5870
2380
7097
4232
3443
3455
6097
11161
4801
9138
7319
6974
5132
9799
1091
8139
8627
7944
11795
3938
10798
4399
10731
1746
4357
7482
1578
1419
9331
2832
401
12050
1533
1115
9279
9730
10704
6781
3117
1545
6694
9573
6017
5689
6261
6516
9314
7831
5193
9565
4190
6806
5001
2423
1375
4779
8309
2753
3727
2167
907
8982
3515
632
4856
278
1825
1049
6324
4754
1137
6486
6818
2054
10010
9443
2194
1863
3099
9520
8206
198
8513
4888
8594
10388
6560
618
1830
710
1185
3918
1477
3495
5570
2844
6812
10177
9385
1229
5296
3216
2792
7121
904
475
8812
6077
4085
11098
2880
7168
9734
5982
3928
11091
9748
12200
3003
8517
8339
8271
11419
3958
6751
12181
4523
10991
5636
21
3543
12170
9124
11679
11241
11493
11668
7767
8732
9773
4480
9577
3289
6403
3250
8306
1099
10420
1234
983
37
8822
9045
3062
5433
11197
678
6552
8925
4477
5695
5343
9343
2779
4528
4819
2315
7354
2334
180
11752
6233
544
10407
10629
7599
11069
6730
6896
6161
12019
1160
672
1644
1461
4817
1561
6078
2000
468
6432
11729
142
10519
9328
3373
4229
5498
4946
6023
11944
4661
2515
10521
2963
12304
12248
4237
10433
12323
10258
6867
5972
9712
6015
1954
7013
5360
9227
11505
10439
11379
6159
4115
579
6821
7987
10894
10654
10553
2143
9365
4277
9215
6884
11710
2581
603
7542
10763
9296
4419
11029
9647
1507
8290
1790
4100
6235
9897
6168
10466
11326
3599
1755
499
11081
8377
8284
9800
8045
9639
10878
8506
8140
237
5186
5407
1339
3782
3389
1532
10263
6248
11414
10740
452
4157
7467
8681
442
4004
4202
6281
11357
9575
7158
8245
12078
1634
9555
10019
7320
9521
2847
1753
11779
4647
6120
7967
560
2059
12052
11364
1493
10525
8119
11438
6982
1845
277
4401
6535
5500
11452
11204
10942
4880
729
3510
8899
9582
7593
7503
4206
10210
1662
8986
2929
1133
4262
9207
1300
1260
11922
1323
7000
3618
9619
6313
357
3526
367
3154
10123
2933
7619
802
10650
4963
11824
2193
8401
2227
894
5616
3202
6975
11390
10640
5029
1621
3504
11208
7271
8163
7793
10265
9120
10777
9244
7519
8865
8613
3490
3945
6934
10511
71
9111
6716
6569
9872
9261
4355
9400
7135
9572
11266
8058
5142
8287
5760
1245
701
520
5561
1093
11053
11649
6898
3927
3922
1816
4137
1169
6850
4380
1930
5776
6621
4269
8356
11211
10607
4949
5815
2953
11702
6565
2517
2121
4152
765
11089
10187
1438
10745
3832
3299
9299
8107
10783
1590
6442
2217
5326
9882
3519
8365
4195
9171
937
3363
9794
530
3161
3112
583
12111
10998
5611
6312
7597
2926
10652
8204
4605
7032
7669
11812
8007
8790
6543
5914
2204
6222
2240
4972
5933
10973
5794
3114
1105
9911
2840
1037
358
8192
6357
11607
7579
9880
7817
747
963
2834
2701
9516
2472
11114
8873
8400
7813
10514
2214
9953
1164
4734
1817
4509
1210
2836
7713
2460
9465
10163
9544
9012
1669
9166
1879
5242
2136
5840
2276
3571
4691
8847
1887
6959
294
3662
6220
3166
10284
4339
5835
7775
2872
11260
10810
7034
5122
10237
4297
5118
6292
447
10308
7200
5404
7733
6488
1525
1148
394
11276
9672
1700
11608
10975
8298
12089
11773
7314
5335
1581
3837
3579
10938
11410
75
6360
6789
1876
12255
5057
10722
6398
992
9477
834
1861
9341
9621
8958
10526
11500
12206
1425
2910
7424
5368
2893
10444
1267
7396
2118
10035
6861
607
8825
9841
1646
4118
8595
9097
10909
227
816
6544
10509
3453
4595
11815
5012
6276
8950
11958
2378
8714
1795
5089
4040
5414
8185
5917
1127
3353
8893
6013
11872
5482
7231
1243
1945
1968
1000
7604
2914
4331
4981
10719
1771
3411
4741
11670
9074
1207
5355
72
2603
1820
1760
1580
7278
4218
6311
7342
4323
10572
1436
11254
5654
7716
2596
6655
12213
789
1251
6696
2234
2147
1291
2503
4766
1320
11237
10774
9510
11772
7541
11300
2176
1456
3135
4960
12107
7065
5257
10843
3238
1413
3502
964
11701
6754
7155
10474
829
1557
8173
8494
7641
8632
10605
11985
11107
9072
51
9588
4541
2904
826
7233
9853
7758
9771
2614
2450
799
6787
6002
8963
3058
5273
8511
7727
12070
6645
1293
11803
9987
315
5545
9827
11722
9671
3336
889
4474
3253
8282
6933
7291
4280
1165
3420
5068
2892
363
4763
10854
12083
11229
2523
10782
10279
6936
3700
3889
5395
1036
9913
11434
5802
12068
8820
1211
2418
11744
2877
2157
7730
3023
2321
7841
9366
9422
8944
10840
5455
9248
5821
373
3560
3282
9113
4687
1452
2283
10842
2531
4602
10429
8552
10816
5818
880
9879
11619
2313
11811
4677
1599
10982
209
9098
4890
10018
3230
1687
7393
8372
5893
4947
4636
1768
7875
3655
3440
4348
5683
10491
1541
7725
4701
9539
6811
11458
3206
837
12290
9896
162
2083
7220
10627
7903
9238
4952
62
7984
8392
7883
11971
9567
5380
234
2436
5420
2796
3305
6456
4518
5549
5551
12275
6665
8315
12144
7002
6393
1515
1432
7926
2818
5622
6361
8840
8484
7099
3651
33
4979
7083
10905
10404
4826
4961
3040
10609
9059
3989
171
4550
11481
6949
11973
3658
5435
10311
3213
3553
8819
888
2382
5205
3624
11141
3294
5568
1006
9677
4786
11498
5976
10507
11735
8635
9180
7719
9613
12273
5249
4296
11428
1017
1072
4837
3421
122
7956
6872
1373
9449
3776
9019
10366
7493
1174
3271
2498
1264
126
10011
7627
4088
4908
9714
7480
9224
6211
7177
1542
4058
10656
1378
4623
9886
5861
4094
11777
4712
4670
8697
2941
9871
12094
391
3535
6755
10822
6613
4601
7388
2754
6266
9159
4016
5298
7847
9394
9250
9214
879
3825
9994
12039
8614
11343
1950
8101
6583
6922
4966
3898
1679
9791
3606
9177
8193
3656
10700
9475
8803
4108
2768
3041
3872
9410
9778
424
1751
8390
3592
5466
3849
3096
9004
10890
7587
8553
9638
7757
5684
4481
11094
910
10643
8888
7863
6320
4798
3439
3092
7512
3254
2015
4901
7865
3892
3897
9125
8153
1985
1998
3027
11950
3765
11332
7785
3308
8845
3860
3990
1325
2931
3240
55
11834
3452
11698
8096
2202
7997
8068
12112
1919
4382
4326
4463
5450
3761
11726
11818
1286
7834
3781
6007
8808
6020
11771
10485
2903
8281
9583
3609
12239
10489
4846
3880
11544
6297
7150
3406
6679
7088
10294
1221
5844
11650
922
8481
2773
6524
3080
2707
9636
4728
9427
238
8060
4761
2650
11387
2566
8970
8227
4863
12218
849
2376
10682
10099
5280
8792
43
1815
10892
6695
3144
7421
12140
3068
1280
8251
2608
2182
1292
742
2797
11994
9892
11403
11899
7630
6354
7950
4235
9086
7009
9323
10663
6331
7349
2430
8591
4958
5671
4873
670
627
5260
822
8495
817
3631
11719
11022
9491
5222
8305
753
6573
11813
9257
6460
862
5081
4464
6574
1920
3828
421
11976
10155
8789
31
5106
3153
8951
11575
10049
113
10789
4418
9711
11125
11565
3845
7600
2534
8758
6817
3192
2386
2085
6291
11929
8387
5932
3614
6915
7636
2693
5288
5146
3263
10173
1997
7227
10872
8267
1812
1032
2788
6165
8054
10121
12289
4658
11703
8649
3657
704
6908
3683
7362
5534
9895
4904
10435
11071
11479
5691
1797
1025
9662
11501
342
6745
6103
2159
5735
886
6945
4611
7311
8396
10198
9626
6952
5154
11328
4920
1896
8813
2219
1312
8179
10083
7569
9611
9293
11751
10544
6250
10332
9710
10292
917
1772
4899
12318
5079
10477
3076
7917
6887
4341
8742
11681
10446
6365
11797
3960
5059
8798
2641
10752
1610
12074
8696
11437
10976
2384
5992
7296
935
7390
9380
5168
3471
8728
8563
474
10713
7901
1756
11915
1829
10209
11019
5199
10467
6879
1468
3376
2401
3053
8989
2704
6122
10873
59
2195
12297
4142
4047
2275
10524
2861
5066
5876
2056
4578
3347
11213
5919
3483
8074
8702
7750
1916
4346
4292
11862
10484
215
3365
5366
3268
3564
11432
6475
657
10450
6006
9887
11507
1119
4010
2127
944
2417
7712
1151
8597
6441
4270
11063
12027
718
3986
4843
10860
12161
591
66
9759
4479
11547
1586
6640
409
1642
2267
9761
12138
3673
1145
1911
8129
9534
3591
9154
731
11190
179
10159
11436
3370
10735
7663
1433
7126
4203
3451
3261
1423
9600
3434
9825
7884
1351
2508
11657
5697
1839
11112
5862
11750
1330
10150
4726
11595
4807
6054
314
3019
3449
4120
7822
3721
6944
6727
4829
2021
3859
1596
2905
2237
6876
6646
1587
11804
969
4089
7792
11380
7543
5536
6451
6757
3426
1177
5565
6319
5856
11396
1253
11585
1708
2966
10254
7042
9441
8625
10095
3200
6229
6677
1385
4216
1041
10651
688
9971
6873
7161
1046
11868
2971
5984
4352
4018
8453
8541
2764
6502
11150
5271
8359
9342
11472
3156
11747
3138
5237
11830
2587
11132
11799
11078
2799
3491
8475
10228
7240
1403
516
9961
4141
656
10681
3806
2536
2512
4275
9989
2901
9256
962
3912
9762
9383
10686
10565
11756
12123
9732
3574
3822
11085
1572
3509
7889
12268
808
2680
12122
3412
10174
806
1268
11653
7976
5338
755
4599
3042
9362
1888
4767
7206
4586
565
3646
11077
1440
10040
9695
10563
9968
7840
4172
10448
3630
11015
5484
6177
11646
9267
3205
2955
10149
9795
875
6584
1636
4778
8070
7581
462
11058
3796
5480
10592
2309
2741
4722
677
3055
9352
144
11093
8592
539
4012
11469
2989
11272
7536
7073
2403
11954
10192
6540
12292
9140
1981
4020
4407
976
11955
5762
7762
6747
6226
2833
2606
5275
951
6118
9496
7273
4021
10344
2329
6273
9715
6347
412
5535
5716
10773
2896
12197
311
637
6961
3629
8196
5031
3634
2092
11283
1781
1390
8936
3149
11037
11191
9384
9375
5148
985
11801
5325
5476
10082
3337
3987
1031
8918
414
12166
1374
7154
12293
4334
7338
8198
1524
10240
12057
9936
8726
5268
4039
2956
8849
10570
2397
9859
10110
1648
5207
619
1536
4610
1975
9687
2900
5119
740
5827
2510
6674
5341
6476
6969
3807
11115
7953
3078
3127
8376
11894
9168
6368
12086
743
6421
7816
3222
9909
8010
12109
12190
6334
12262
5348
11035
10661
11407
9682
6888
7631
11910
9309
11732
1418
4690
832
12317
2067
4377
5771
6237
2511
264
10006
5170
11121
10415
4083
12264
1569
2100
3432
1257
5176
8178
8083
10145
10401
9258
8469
5015
3371
214
5956
12270
2670
356
7499
660
1282
1480
6904
7820
2610
10456
8858
3229
11268
9926
2635
6987
8961
11487
815
1965
3450
9495
6918
10556
768
5229
3333
9956
861
5831
9955
8519
5931
4441
2165
2271
9426
10857
116
9408
10247
7798
7060
1967
4772
4327
795
3717
6547
895
11757
9373
10201
2936
4624
1632
5509
2967
10995
365
7562
242
4175
8550
10465
4426
10644
7380
5512
8914
6493
6923
954
3409
4154
11288
8136
5027
4532
5946
3853
3868
7237
5896
9182
6859
7169
2061
10803
4768
9549
6999
1962
10058
6298
10914
7498
7858
5016
11995
3846
8432
5978
2140
12221
1763
4513
5963
5770
8682
10678
4667
6725
2522
7811
8621
4437
10886
505
330
3315
10831
6268
4848
6663
3800
11648
11269
667
9902
4894
1203
11549
2886
5677
5763
9134
9073
1283
11789
6445
1496
4281
10037
1607
7115
6106
6659
4694
6245
3364
6941
5143
6917
7927
2044
6154
9514
2731
7827
11090
7591
9114
4790
1002
6978
2486
4745
6117
2181
10193
5902
4538
950
224
6275
8981
4493
11850
7963
5248
4473
2281
1722
8005
4391
2501
7895
2895
9890
3653
528
9602
12048
7989
6487
119
12198
3447
700
11320
4245
850
621
8236
7277
2090
9500
7401
1369
5923
4413
5314
3157
8827
10881
1161
4077
3399
2776
11860
5889
2539
8547
4707
629
9831
7254
3349
4853
2726
1530
3198
3544
7774
2114
4618
12274
12047
10670
6454
1020
9409
4257
1941
5954
10659
7700
11586
7301
9843
8902
5836
11512
7085
6874
4425
4220
8916
1158
9935
1272
12229
4684
3454
7980
6085
7183
2822
5958
8818
6485
12020
3472
1198
305
1085
9579
5719
2500
5006
9676
4613
3209
11941
4254
4558
1566
10044
1767
2301
10788
5221
2563
98
921
4460
6656
5792
1793
4861
1889
3070
7589
9434
537
11360
4662
2068
143
371
6929
3708
9576
2350
9010
10632
12327
2040
8608
8978
7436
659
3725
2888
11136
8562
4358
942
6124
12128
11052
8009
1894
11956
11540
1345
2359
5798
1754
2393
5755
9898
2651
6869
3022
5685
4169
540
6464
6928
4294
6352
4165
339
4035
4851
6622
11558
8688
8336
9546
7133
1200
11916
77
2410
9518
115
5429
6315
4098
1455
2682
10103
4764
3245
11592
6376
2094
2106
2485
10797
1356
9230
5598
974
2742
7872
3500
7138
4347
2730
8619
523
9650
4965
10949
8700
1783
10698
4505
9764
7853
11537
3034
1220
5436
3485
10504
6439
2343
11767
6825
3110
9733
874
3946
11346
9346
8781
10345
6187
8082
10068
7399
8545
11806
9558
5855
2825
8483
4635
1298
1782
8584
5218
5149
6675
6814
1978
8444
8187
4374
4217
3693
2273
6359
10832
3256
2561
9627
6225
2996
3748
9402
869
4427
6845
1001
3774
3142
4520
2593
9470
11023
5947
10649
8900
720
6343
4325
7179
744
454
1601
7087
11832
7236
6065
2396
5839
6005
7885
8226
6406
12251
11066
8709
1801
10555
27
10053
3939
5269
8507
6832
5888
4124
2456
7070
3902
10397
11886
9536
2542
5848
430
3690
6247
5358
2244
4881
1974
8433
2235
11217
7194
2790
5062
4390
3354
6071
760
5073
6150
9300
1724
299
4612
10461
11613
158
53
11050
2580
5825
1407
11003
1055
8654
3861
2260
5708
9681
7802
7102
778
3528
984
5975
2547
6036
1305
1674
10602
89
1446
165
6387
9930
2300
5080
9798
6463
3750
3955
3977
2537
4074
6531
1828
10243
1230
3684
1878
7517
11308
10518
4916
6914
2441
3311
397
12173
4957
1271
11515
9818
6810
3228
11543
5601
11240
3753
4522
1408
9659
5531
6239
9436
2518
2918
3645
1683
8722
5748
10746
11848
7114
2787
3914
9065
8122
6000
6093
1069
6133
1695
7637
9904
4656
6538
674
2471
6285
8504
12199
11870
2557
8662
9062
10535
5805
4640
11923
1844
4462
547
9015
5662
2374
3172
3652
7803
9912
6839
3257
1798
7829
2225
6998
1494
8262
5789
2065
7914
6844
12219
7235
5637
11119
8647
8476
2612
955
2559
5082
11987
7450
4832
9492
5518
9092
2491
8525
11154
8633
6579
5999
4616
1104
9236
1824
7295
4161
5150
8843
7144
11433
12105
10069
6820
4840
5621
11676
12054
2972
46
11552
8253
9225
6050
6614
3718
2988
9688
1228
10633
6605
6469
11867
11325
7618
120
3751
202
11406
9000
6422
10365
17
1775
772
1969
9067
8220
3098
10520
4868
3378
4222
7881
6086
10076
11490
5806
6938
416
5313
11816
5281
6792
9269
7575
3885
11080
3816
6325
4335
2623
7151
5283
1464
5323
259
1947
9190
1843
10246
10452
10178
9298
7742
3530
3323
390
8739
507
7077
4621
4562
2208
2681
12158
3307
10468
2646
9051
6257
10724
3998
8286
8839
11660
924
5711
8393
11849
78
7707
1605
5772
7174
11897
9578
2351
10455
8078
10987
1003
230
8079
6767
11630
2096
2031
6672
3388
2251
10054
11362
9658
5163
5183
10317
12285
4980
8650
10932
10352
3391
9604
11561
12211
8209
5003
10347
6986
2317
8182
2077
10086
7361
5672
6494
6759
1994
11654
11863
10253
1729
6134
9450
8138
9884
1623
1340
7911
1980
5374
12025
7869
4402
2719
5929
7786
217
838
3602
11106
4007
2698
7571
10883
9860
3262
10480
2948
8767
9277
1736
6731
2617
6553
10202
7022
11790
11610
1730
2734
2348
7920
5026
2388
8581
9862
7166
6189
3225
12130
11605
6796
4917
6807
4776
226
1531
10421
1538
1143
10715
11931
10781
4243
3352
3497
1190
5093
2873
10986
4276
4013
3064
6713
7936
10303
4815
5548
8184
4428
11310
5557
9556
2453
4731
10098
3327
7007
4011
345
2178
7196
2952
10188
8640
10852
8671
1903
3467
3981
5100
11933
2984
968
1665
7096
7900
10336
4551
2303
10075
8059
3541
2885
9337
4301
6907
3239
7086
4073
9429
5977
6295
3277
4104
337
2740
4774
9703
8957
9931
12183
2800
3666
10181
8672
11687
7810
11692
11895
736
3396
3694
920
2357
3563
7372
2755
4045
153
6720
1769
2445
3613
6511
11594
9593
9838
7408
3102
6794
7438
9705
9758
8017
7957
5970
3097
3503
8675
2860
11449
5502
6302
2003
2613
5415
3759
8531
13
10250
1564
5983
11212
10088
4444
11444
4780
11787
2807
2974
11856
23
6151
11759
1720
5847
3593
5197
1837
559
1138
6778
6771
4168
11831
7119
12017
10281
8554
7165
10151
8327
8851
11158
11340
8117
7821
188
7808
5226
5928
4545
7010
10919
805
11385
6983
7991
1075
1346
10343
2014
9589
473
1473
418
839
11506
12029
2347
7857
7592
5909
9418
3877
967
6784
9512
4279
385
11858
915
532
3351
3197
675
4443
10413
5251
5587
8084
4579
10770
2406
6022
5344
10895
2413
12092
2950
8912
6950
3051
1516
4354
533
12160
2584
3620
3920
5869
2493
11334
11781
12038
6570
7916
4983
9030
860
1544
5472
5471
8170
7665
8609
4827
5391
10899
4669
8467
625
11606
10964
10473
714
10233
2856
5592
5094
10917
7826
601
9513
8774
11488
3063
6967
5215
10249
8403
301
6035
354
6865
10024
1836
8025
4465
10112
8188
7461
11974
7791
2266
5173
6924
866
4144
6490
948
1157
9206
959
10394
3367
4915
9370
11383
8932
11843
7809
3523
2468
5588
10378
2588
6162
7958
7551
8515
82
12096
12037
355
8884
8705
1733
3246
11198
1357
11129
4962
8663
9255
6680
4757
2890
10245
11878
5180
4345
9196
6705
9950
7673
12091
11967
10358
1574
139
10071
1996
7030
4023
8428
7608
12073
2174
10662
2394
2440
2268
9506
8077
4862
913
4210
6860
8564
5403
4343
10183
6419
309
6171
11714
2627
2207
11525
5961
4836
6586
9824
4544
5424
2786
6623
6925
3590
8177
5712
786
8509
8606
8409
1721
10129
7433
4102
11733
6532
5700
3155
6058
6691
12142
131
2037
7694
8801
3100
4061
10493
10871
4095
11502
4145
1391
1927
8659
1803
12291
680
9865
8146
2642
4775
7954
1499
10432
5399
3546
1676
1692
4739
3697
7860
265
6979
5365
8473
6032
6205
10604
9753
2631
7925
7198
12205
146
10364
8639
3226
12100
5997
9118
4933
7329
2968
556
9502
7466
9282
1567
3418
6234
3093
4112
3979
3875
8073
6063
6037
5169
9652
2117
3676
3913
11998
7250
8127
310
7072
10379
9389
3848
6572
859
11939
4193
3066
1376
12308
3180
9358
11523
1931
11349
8445
1044
9665
6218
6718
2765
11753
858
2615
4182
11464
8459
3525
10658
8937
1757
9722
4489
7184
1519
1788
3188
9089
1328
125
5054
3720
5508
244
5867
6726
3059
2458
7729
8922
5795
3836
3622
10073
10225
871
3419
8337
2467
2082
10022
9680
5707
11482
10222
5791
1593
189
2928
7915
2555
5375
4271
2599
6358
4430
9148
3249
10321
10529
8034
727
3045
9742
11516
4682
4135
11068
54
7403
9387
7988
19
8164
5356
3572
9136
1728
5945
11728
9209
6761
6127
7572
8730
1479
5906
4883
5108
5991
4794
3948
6371
5055
4631
8246
9553
11508
10370
1059
10579
5655
10730
11727
411
8710
10533
6927
2821
3132
84
9349
2331
5076
5842
11057
4022
12104
8980
10851
684
10693
2912
6465
10671
7058
467
1363
9266
2257
1814
7418
7874
7017
4263
5028
4099
5962
8109
7560
11397
6782
5511
9202
5895
11265
6514
6149
11617
2246
6040
12010
3964
2461
12305
11342
9390
5605
6912
2710
10287
4487
4130
572
1910
6708
1923
7520
6843
3095
10141
4789
1800
262
9156
1638
6815
1204
4163
7317
4903
9320
5866
7506
5378
6173
3469
3292
8617
9669
1441
1082
8230
3575
3809
5846
423
12283
389
8831
2736
3775
7662
8254
5417
5099
99
2594
7192
7866
7359
3326
149
9
9104
3366
598
8971
8256
11221
1922
2395
320
12018
9193
8090
11358
2607
12081
11532
5858
8260
6416
9172
3030
5797
4633
7961
1394
6593
1132
828
8905
4773
2733
2137
814
5925
8296
6800
4342
3744
6089
9816
11990
6241
11282
7870
1126
1149
11796
1294
8172
4866
10989
3013
3555
10384
9631
7213
599
11644
4887
2400
1635
5177
11178
1379
9511
10575
10056
451
4997
8683
455
6471
2911
11030
6618
3995
6057
2533
11553
5758
4645
8923
2855
4784
5526
8343
11182
8942
9420
1021
9170
3385
10063
11384
3148
2282
4944
6183
5544
2264
5860
10709
9735
1627
7825
12033
2924
7743
2261
4046
1628
10030
6711
6092
6428
3547
9839
7109
12284
1948
5830
3951
1382
404
9914
9978
1482
2254
9276
8088
8425
2084
10913
1027
5115
6798
9201
6724
4842
5580
6293
5785
6466
6098
10047
11457
5705
8269
552
10794
4105
1153
251
7061
7471
10437
1807
11169
11809
9144
5668
4999
10179
11184
10776
12137
9110
6051
5202
4225
1365
12099
2826
11327
8426
8518
9157
7287
10062
3610
7474
8069
10297
7452
5756
7765
10387
10559
9538
6271
3266
9808
7230
11749
2692
5553
9701
5317
5035
11890
2390
5757
7045
9247
5083
12244
2252
1288
1953
2372
10862
12012
11425
2543
4122
11597
7243
5401
6462
9040
8527
4714
10196
8419
2761
